~o
<STREAMINFO> 1 25
<VECSIZE> 25<NULLD><MFCC_E_D_N><DIAGC>
~h "jmodel"
<BEGINHMM>
<NUMSTATES> 3
<STATE> 2
<NUMMIXES> 128
<MIXTURE> 1 5.748963e-03
<MEAN> 25
 -2.585998e+00 3.188311e+00 2.316150e+00 8.747967e+00 4.369374e+00 3.434162e+00 4.051085e+00 3.925004e+00 5.834062e+00 5.235085e+00 5.863070e+00 3.088190e+00 -2.001466e+00 -1.629977e+00 -8.623469e-01 1.074195e+00 1.557636e+00 2.230517e+00 2.154095e+00 2.083326e+00 1.689131e+00 1.264247e+00 1.563872e+00 6.150397e-01 -4.687791e-02
<VARIANCE> 25
 1.004060e+01 1.175333e+01 1.492993e+01 1.865923e+01 2.318511e+01 2.218568e+01 2.189829e+01 2.197378e+01 2.098334e+01 2.260029e+01 2.106631e+01 1.707500e+01 1.788567e+00 2.115402e+00 3.019427e+00 3.203456e+00 3.735009e+00 3.349401e+00 3.311910e+00 3.372514e+00 3.520345e+00 3.728380e+00 3.509835e+00 2.828645e+00 3.115229e-03
<GCONST> 8.845172e+01
<MIXTURE> 2 4.549242e-03
<MEAN> 25
 -4.908221e+00 1.345128e+00 1.015125e+00 9.863479e+00 6.723406e+00 7.384565e+00 7.822831e+00 6.950564e+00 8.353089e+00 6.204421e+00 7.537172e+00 3.098675e+00 -6.451921e-02 3.524746e-02 1.402272e-01 2.270229e-01 2.829320e-01 2.791046e-01 2.870035e-01 3.121476e-01 3.345534e-01 3.099357e-01 2.251590e-01 1.086113e-01 -9.007697e-06
<VARIANCE> 25
 6.906729e+00 8.823874e+00 1.052986e+01 1.576858e+01 1.705464e+01 1.540829e+01 1.668534e+01 1.819147e+01 1.641402e+01 1.884750e+01 1.840115e+01 1.413975e+01 1.237074e-01 2.260388e-01 3.318769e-01 4.608434e-01 6.604664e-01 8.022211e-01 9.214977e-01 9.914897e-01 1.059838e+00 1.068951e+00 1.110005e+00 1.054719e+00 9.972019e-07
<GCONST> 5.803591e+01
<MIXTURE> 3 4.549242e-03
<MEAN> 25
 -4.908221e+00 1.345128e+00 1.015125e+00 9.863479e+00 6.723406e+00 7.384565e+00 7.822831e+00 6.950564e+00 8.353089e+00 6.204421e+00 7.537172e+00 3.098675e+00 -6.451921e-02 3.524746e-02 1.402272e-01 2.270229e-01 2.829320e-01 2.791046e-01 2.870035e-01 3.121476e-01 3.345534e-01 3.099357e-01 2.251590e-01 1.086113e-01 -9.007697e-06
<VARIANCE> 25
 6.906729e+00 8.823874e+00 1.052986e+01 1.576858e+01 1.705464e+01 1.540829e+01 1.668534e+01 1.819147e+01 1.641402e+01 1.884750e+01 1.840115e+01 1.413975e+01 1.237074e-01 2.260388e-01 3.318769e-01 4.608434e-01 6.604664e-01 8.022211e-01 9.214977e-01 9.914897e-01 1.059838e+00 1.068951e+00 1.110005e+00 1.054719e+00 9.972019e-07
<GCONST> 5.803591e+01
<MIXTURE> 4 1.671429e-02
<MEAN> 25
 3.272307e+00 1.703188e+00 -4.783960e+00 -6.706137e-01 5.026458e+00 -3.146755e-01 2.190711e+00 -2.304814e-02 2.507178e+00 3.712543e+00 -2.560439e+00 -1.756430e+00 -3.522939e+00 2.063358e+00 9.747797e-01 2.385636e+00 1.169077e+00 -3.919747e-02 1.325792e+00 1.891890e+00 1.683110e+00 -5.336926e-01 1.139982e+00 1.390405e-02 -7.208971e-02
<VARIANCE> 25
 2.418730e+01 2.572176e+01 2.906784e+01 3.794834e+01 3.900457e+01 6.595538e+01 6.499059e+01 5.601500e+01 4.770054e+01 6.326116e+01 3.807080e+01 4.622870e+01 3.252038e+00 4.706722e+00 4.073399e+00 4.194784e+00 5.800316e+00 9.244940e+00 5.106725e+00 7.771203e+00 4.995042e+00 6.796246e+00 5.916865e+00 6.654557e+00 6.948780e-03
<GCONST> 1.063820e+02
<MIXTURE> 5 3.206198e-03
<MEAN> 25
 -3.423368e+00 2.187109e+00 6.113337e-01 9.421537e+00 6.700511e+00 6.309392e+00 7.119246e+00 4.732779e+00 5.501421e+00 3.833963e+00 4.635964e+00 2.613100e+00 -3.239966e-01 7.499967e-01 1.222501e+00 1.032306e+00 3.126204e-01 -9.880702e-02 -8.225371e-02 3.274844e-02 4.489008e-01 6.776326e-01 4.084370e-01 9.138782e-02 -2.830234e-05
<VARIANCE> 25
 1.023325e+01 1.391219e+01 2.341697e+01 2.555864e+01 2.016708e+01 1.938194e+01 2.007291e+01 2.032755e+01 2.136532e+01 2.128993e+01 2.420654e+01 1.632479e+01 1.206579e+00 1.243405e+00 1.354915e+00 1.668670e+00 2.286093e+00 2.369827e+00 2.295609e+00 2.268737e+00 2.337554e+00 2.244933e+00 2.086138e+00 1.872281e+00 9.973521e-07
<GCONST> 7.514220e+01
<MIXTURE> 6 5.475854e-03
<MEAN> 25
 9.329970e+00 -5.330021e-01 -5.869189e+00 -1.048742e+01 -1.737878e+00 7.065010e+00 -5.417814e+00 -5.756315e+00 -4.322991e+00 1.707510e+00 4.619228e+00 -1.460432e+00 4.990794e-01 7.430563e-01 -2.961436e-01 -1.395681e+00 -6.415864e-01 1.243585e+00 1.322427e+00 1.854632e-01 -1.113355e+00 -1.224513e+00 2.719640e-01 1.191540e+00 -7.329163e-03
<VARIANCE> 25
 8.881639e+00 1.538380e+01 2.593371e+01 4.333859e+01 3.439728e+01 2.941850e+01 4.055538e+01 3.643254e+01 3.959984e+01 4.103932e+01 3.912897e+01 2.556361e+01 3.353919e-01 9.939209e-01 8.910201e-01 2.121763e+00 1.568650e+00 1.890385e+00 2.107384e+00 2.233775e+00 2.304320e+00 1.836300e+00 2.151261e+00 1.301240e+00 5.658768e-04
<GCONST> 8.357716e+01
<MIXTURE> 7 5.475854e-03
<MEAN> 25
 9.329970e+00 -5.330021e-01 -5.869189e+00 -1.048742e+01 -1.737878e+00 7.065010e+00 -5.417814e+00 -5.756315e+00 -4.322991e+00 1.707510e+00 4.619228e+00 -1.460432e+00 4.990794e-01 7.430563e-01 -2.961436e-01 -1.395681e+00 -6.415864e-01 1.243585e+00 1.322427e+00 1.854632e-01 -1.113355e+00 -1.224513e+00 2.719640e-01 1.191540e+00 -7.329163e-03
<VARIANCE> 25
 8.881639e+00 1.538380e+01 2.593371e+01 4.333859e+01 3.439728e+01 2.941850e+01 4.055538e+01 3.643254e+01 3.959984e+01 4.103932e+01 3.912897e+01 2.556361e+01 3.353919e-01 9.939209e-01 8.910201e-01 2.121763e+00 1.568650e+00 1.890385e+00 2.107384e+00 2.233775e+00 2.304320e+00 1.836300e+00 2.151261e+00 1.301240e+00 5.658768e-04
<GCONST> 8.357716e+01
<MIXTURE> 8 1.165917e-02
<MEAN> 25
 -4.732907e+00 1.367200e+00 1.295335e+00 9.549607e+00 6.570731e+00 6.247336e+00 6.472789e+00 5.687696e+00 6.663558e+00 5.628572e+00 6.562773e+00 3.162869e+00 -6.283970e-01 -1.421578e+00 -1.068864e+00 -1.730423e+00 -2.310998e-01 -9.438542e-01 -1.793510e-01 -2.896943e-01 -2.503162e-01 -1.718146e-01 -2.145151e-01 8.135651e-02 9.876214e-02
<VARIANCE> 25
 9.344629e+00 9.844029e+00 1.160115e+01 1.607946e+01 1.667613e+01 1.573303e+01 1.812154e+01 1.750994e+01 1.704544e+01 1.735803e+01 1.891027e+01 1.406161e+01 2.756263e+00 2.822103e+00 3.903903e+00 3.755282e+00 3.453038e+00 3.313540e+00 3.129157e+00 3.075665e+00 2.873187e+00 2.655265e+00 2.432205e+00 1.899087e+00 6.678645e-03
<GCONST> 8.629131e+01
<MIXTURE> 9 1.199672e-02
<MEAN> 25
 8.897731e+00 2.709792e+00 -5.205777e+00 -1.075373e+01 -1.901793e+00 6.153271e+00 -1.936035e+00 -2.910202e+00 -5.548547e+00 -7.756029e-01 5.494856e-01 -4.194681e-01 1.515772e+00 -1.967347e-01 -6.351306e-01 -2.572328e+00 -1.806965e+00 8.874581e-01 -1.130382e+00 -3.353283e-01 -2.332613e-01 -4.449618e-01 6.954754e-01 -1.482103e-01 6.435431e-02
<VARIANCE> 25
 1.116007e+01 1.967467e+01 3.186773e+01 4.526366e+01 4.840160e+01 3.913074e+01 3.593295e+01 4.436090e+01 3.615508e+01 4.211246e+01 3.067241e+01 2.323244e+01 2.339540e+00 2.034360e+00 4.720163e+00 4.187219e+00 4.163843e+00 3.380402e+00 3.679254e+00 6.333527e+00 4.868838e+00 3.464835e+00 3.341911e+00 2.407745e+00 2.064227e-03
<GCONST> 9.649499e+01
<MIXTURE> 10 6.596976e-03
<MEAN> 25
 8.426911e-01 7.579666e+00 5.313976e+00 7.077657e+00 1.559568e+00 -2.210415e+00 -6.719664e-01 -1.786611e+00 1.001953e+00 8.964254e-01 7.624981e-01 6.336236e-01 -1.927067e+00 -6.391821e-01 -4.345061e-01 2.995448e+00 2.468275e+00 2.715096e+00 2.365849e+00 2.274256e+00 1.834821e+00 1.475721e+00 2.277727e+00 5.291104e-01 -1.376165e-01
<VARIANCE> 25
 1.927501e+01 2.052153e+01 2.219040e+01 2.887687e+01 3.789759e+01 3.487976e+01 3.616495e+01 3.401207e+01 2.820681e+01 2.868604e+01 2.684989e+01 2.463788e+01 2.197055e+00 3.439744e+00 5.474337e+00 5.142142e+00 5.466218e+00 4.415766e+00 4.629292e+00 4.771624e+00 4.371723e+00 5.205531e+00 4.558033e+00 3.139743e+00 2.670421e-03
<GCONST> 9.738132e+01
<MIXTURE> 11 1.633820e-02
<MEAN> 25
 7.493286e+00 2.409358e+00 3.701859e+00 4.634612e+00 -3.378263e+00 8.030856e-01 -1.404966e+00 -8.104369e+00 -3.356302e+00 -1.101744e+00 -8.178521e-01 -2.698213e+00 -1.668510e-01 6.391087e-01 1.229664e-01 -3.590183e-02 3.327480e-01 2.304614e-01 1.132433e-01 -3.726093e-01 -1.560873e-01 -7.931697e-02 -3.194279e-01 3.492967e-01 -1.502239e-02
<VARIANCE> 25
 7.255415e+00 2.155581e+01 1.960989e+01 2.286127e+01 3.192650e+01 4.218413e+01 3.815486e+01 3.986859e+01 2.872419e+01 2.611867e+01 2.726040e+01 2.024053e+01 6.470332e-01 1.181561e+00 1.175253e+00 2.133832e+00 1.774435e+00 2.285991e+00 2.076183e+00 3.773960e+00 2.236593e+00 1.732933e+00 1.802212e+00 1.404950e+00 7.276337e-04
<GCONST> 8.373891e+01
<MIXTURE> 12 5.904134e-03
<MEAN> 25
 1.030674e+01 2.280811e+00 -4.803118e+00 -1.464466e+01 -8.561360e+00 9.607097e+00 -9.882007e-01 -1.409696e+00 -2.074879e+00 -5.383042e+00 1.411833e+00 -3.839709e-02 1.062790e-01 2.047243e-01 5.725137e-02 -4.878339e-01 -2.819180e-01 2.182960e-02 3.111956e-01 6.146995e-01 1.328669e-01 -3.448172e-01 -3.494026e-01 8.821780e-02 -4.931656e-03
<VARIANCE> 25
 7.937536e+00 2.406759e+01 2.176011e+01 3.641436e+01 3.773147e+01 2.905138e+01 3.397400e+01 4.480168e+01 3.604614e+01 3.360089e+01 3.193342e+01 2.545794e+01 2.213700e-01 6.347523e-01 7.876037e-01 1.119672e+00 1.268135e+00 9.143867e-01 1.011770e+00 1.580871e+00 1.044371e+00 1.131985e+00 1.053727e+00 8.950453e-01 4.980088e-04
<GCONST> 7.703537e+01
<MIXTURE> 13 5.904134e-03
<MEAN> 25
 1.030674e+01 2.280811e+00 -4.803118e+00 -1.464466e+01 -8.561360e+00 9.607097e+00 -9.882007e-01 -1.409696e+00 -2.074879e+00 -5.383042e+00 1.411833e+00 -3.839709e-02 1.062790e-01 2.047243e-01 5.725137e-02 -4.878339e-01 -2.819180e-01 2.182960e-02 3.111956e-01 6.146995e-01 1.328669e-01 -3.448172e-01 -3.494026e-01 8.821780e-02 -4.931656e-03
<VARIANCE> 25
 7.937536e+00 2.406759e+01 2.176011e+01 3.641436e+01 3.773147e+01 2.905138e+01 3.397400e+01 4.480168e+01 3.604614e+01 3.360089e+01 3.193342e+01 2.545794e+01 2.213700e-01 6.347523e-01 7.876037e-01 1.119672e+00 1.268135e+00 9.143867e-01 1.011770e+00 1.580871e+00 1.044371e+00 1.131985e+00 1.053727e+00 8.950453e-01 4.980088e-04
<GCONST> 7.703537e+01
<MIXTURE> 14 6.488954e-03
<MEAN> 25
 -4.348491e+00 -3.384971e-01 -2.949125e-01 8.867128e+00 7.506059e+00 7.317413e+00 7.786082e+00 7.315419e+00 7.301925e+00 5.213348e+00 6.825288e+00 4.182884e+00 -2.729943e-01 1.961964e-01 3.597829e-01 2.917990e-01 -6.706771e-03 5.799758e-02 9.493443e-02 1.741418e-01 3.153218e-01 5.529619e-01 4.844499e-01 7.826094e-02 -9.103028e-03
<VARIANCE> 25
 9.255283e+00 1.384345e+01 1.844419e+01 1.782088e+01 2.071898e+01 1.970614e+01 2.143531e+01 2.041537e+01 2.011430e+01 2.368408e+01 2.131487e+01 1.636956e+01 9.519198e-01 1.624751e+00 1.757321e+00 1.944325e+00 2.241541e+00 2.233754e+00 2.233102e+00 2.217148e+00 2.295225e+00 2.497597e+00 2.215021e+00 1.793410e+00 1.023556e-03
<GCONST> 8.182574e+01
<MIXTURE> 15 2.475190e-03
<MEAN> 25
 -5.432269e+00 -6.031551e-01 -1.836311e-01 7.344696e+00 5.716178e+00 5.669919e+00 6.049804e+00 4.978352e+00 5.209835e+00 4.119519e+00 5.453021e+00 2.583170e+00 -1.229385e-01 -2.862224e-02 7.415733e-02 2.380755e-01 4.810250e-01 7.843415e-01 1.068448e+00 1.177408e+00 1.062526e+00 7.562388e-01 4.119667e-01 1.531519e-01 -6.445498e-05
<VARIANCE> 25
 6.944463e+00 5.776936e+00 9.034656e+00 1.279942e+01 1.402102e+01 1.436612e+01 1.486459e+01 1.478975e+01 1.426891e+01 1.427834e+01 1.530922e+01 1.265843e+01 1.244421e-01 2.060562e-01 3.178586e-01 5.059338e-01 7.070965e-01 7.917174e-01 7.669289e-01 7.940605e-01 9.091439e-01 1.018893e+00 1.078620e+00 1.045480e+00 2.834474e-05
<GCONST> 5.867660e+01
<MIXTURE> 16 2.475190e-03
<MEAN> 25
 -5.432269e+00 -6.031551e-01 -1.836311e-01 7.344696e+00 5.716178e+00 5.669919e+00 6.049804e+00 4.978352e+00 5.209835e+00 4.119519e+00 5.453021e+00 2.583170e+00 -1.229385e-01 -2.862224e-02 7.415733e-02 2.380755e-01 4.810250e-01 7.843415e-01 1.068448e+00 1.177408e+00 1.062526e+00 7.562388e-01 4.119667e-01 1.531519e-01 -6.445498e-05
<VARIANCE> 25
 6.944463e+00 5.776936e+00 9.034656e+00 1.279942e+01 1.402102e+01 1.436612e+01 1.486459e+01 1.478975e+01 1.426891e+01 1.427834e+01 1.530922e+01 1.265843e+01 1.244421e-01 2.060562e-01 3.178586e-01 5.059338e-01 7.070965e-01 7.917174e-01 7.669289e-01 7.940605e-01 9.091439e-01 1.018893e+00 1.078620e+00 1.045480e+00 2.834474e-05
<GCONST> 5.867660e+01
<MIXTURE> 17 9.518312e-03
<MEAN> 25
 3.443772e+00 1.310360e-01 6.591215e+00 1.992261e+00 -5.311690e+00 -6.672060e+00 -3.080389e+00 3.607779e-01 -3.066854e+00 -3.450776e+00 -6.532612e-01 7.669089e-01 -7.776114e-01 -1.219772e+00 1.258995e+00 -1.890666e+00 -2.213134e+00 -4.816598e-01 -5.434255e-02 7.897127e-01 -5.124171e-01 5.730987e-02 1.091723e+00 4.621447e-01 7.938067e-02
<VARIANCE> 25
 1.463776e+01 3.228396e+01 2.618796e+01 3.548434e+01 4.120419e+01 4.372253e+01 3.712561e+01 3.058422e+01 3.097331e+01 2.546833e+01 2.754437e+01 2.727336e+01 1.652732e+00 2.348989e+00 3.439639e+00 2.925065e+00 4.261518e+00 6.068300e+00 4.495473e+00 4.549995e+00 3.884259e+00 3.805523e+00 2.819970e+00 2.431105e+00 1.927515e-03
<GCONST> 9.506590e+01
<MIXTURE> 18 1.221018e-02
<MEAN> 25
 3.394740e+00 4.189361e+00 6.126303e+00 4.854454e+00 -5.127767e+00 -8.188316e+00 -1.456288e+00 -1.138906e+00 -2.105593e+00 -1.197899e+00 -6.330744e-01 8.146172e-01 -9.195925e-01 2.061539e+00 -8.974695e-02 1.799141e+00 2.915399e+00 1.640037e+00 8.510591e-01 5.460480e-02 7.096473e-01 -7.141929e-03 -3.467012e-01 -9.644694e-02 -1.184561e-01
<VARIANCE> 25
 1.515024e+01 2.189572e+01 2.997134e+01 2.340969e+01 4.017541e+01 2.860401e+01 4.499975e+01 3.856687e+01 4.113869e+01 3.442390e+01 2.957117e+01 2.701369e+01 2.200093e+00 2.529858e+00 3.950743e+00 3.475501e+00 3.589141e+00 4.094793e+00 4.212858e+00 4.386817e+00 3.915084e+00 4.530395e+00 3.921247e+00 3.081124e+00 3.630837e-03
<GCONST> 9.643906e+01
<MIXTURE> 19 9.912824e-03
<MEAN> 25
 -9.946596e+00 1.844527e+00 -1.793064e-01 1.181571e+00 4.159084e+00 1.843242e+00 3.393357e+00 1.970576e+00 1.720281e+00 8.648921e-01 4.219628e-01 2.792002e+00 2.186424e+00 1.574024e+00 2.135122e+00 5.557955e-01 -1.112764e+00 -1.133209e+00 -1.105877e+00 -1.021106e+00 -1.548343e+00 -8.582282e-01 -6.683224e-01 -6.041179e-01 8.760056e-03
<VARIANCE> 25
 4.493454e+01 2.639024e+01 5.006839e+01 4.704495e+01 3.506931e+01 2.906780e+01 2.476182e+01 2.699636e+01 2.389336e+01 2.260127e+01 2.463426e+01 1.863648e+01 2.148610e+00 2.074675e+00 1.847295e+00 2.167390e+00 3.104028e+00 2.589113e+00 2.046895e+00 2.382926e+00 1.973152e+00 1.947017e+00 2.392117e+00 1.583368e+00 2.153054e-03
<GCONST> 8.972978e+01
<MIXTURE> 20 6.308331e-03
<MEAN> 25
 -1.417013e+01 7.413727e+00 7.693775e-01 6.131823e+00 4.868089e+00 1.632331e+00 5.228762e+00 8.673493e-01 9.712120e-01 8.102149e-01 2.556599e+00 -3.472965e-01 -3.292613e+00 -8.560997e-01 -1.565255e+00 3.285998e-01 1.532027e+00 2.063047e+00 1.962335e+00 2.047781e+00 2.142811e+00 2.022418e+00 1.686347e+00 9.462503e-01 4.740355e-02
<VARIANCE> 25
 1.962412e+01 2.336245e+01 3.223886e+01 3.710261e+01 3.084970e+01 2.777897e+01 2.990708e+01 3.138883e+01 2.838580e+01 2.812517e+01 2.508508e+01 2.130981e+01 2.098169e+00 2.206158e+00 1.903647e+00 2.534431e+00 2.711975e+00 2.303015e+00 2.367311e+00 2.325908e+00 2.230098e+00 2.710999e+00 2.233805e+00 1.857484e+00 1.882084e-03
<GCONST> 8.931435e+01
<MIXTURE> 21 7.928653e-03
<MEAN> 25
 4.027560e+00 -4.484171e+00 5.826956e+00 -1.445343e+00 -1.054333e+01 -8.604033e+00 -2.576630e+00 4.033081e+00 -2.067655e+00 -3.393609e+00 2.434796e-01 2.963251e-01 -7.074161e-01 1.341579e+00 2.552396e+00 -5.652004e-02 -1.526493e+00 3.453848e-01 6.000846e-01 -1.508745e+00 -1.956263e+00 3.207325e-01 1.311924e+00 2.534561e-01 -1.274004e-02
<VARIANCE> 25
 8.879202e+00 1.857625e+01 2.933604e+01 2.868420e+01 2.819359e+01 3.368636e+01 4.235321e+01 4.002016e+01 4.226539e+01 3.135302e+01 3.353655e+01 2.326828e+01 3.813952e-01 9.393209e-01 1.910055e+00 1.305325e+00 2.218897e+00 2.160161e+00 3.596941e+00 2.474938e+00 2.135797e+00 2.558168e+00 2.007710e+00 2.258573e+00 4.279937e-04
<GCONST> 8.502232e+01
<MIXTURE> 22 8.827789e-03
<MEAN> 25
 -1.765676e+01 7.010449e+00 -5.211328e+00 6.422710e+00 4.933466e+00 2.487201e+00 8.059030e+00 1.958025e+00 5.695959e+00 3.056709e+00 5.093724e+00 1.602961e-01 -4.319414e-01 -3.222159e-01 7.997162e-03 -9.833102e-02 8.758353e-02 1.428020e-01 1.328588e-01 1.828019e-01 -2.057703e-03 1.410551e-01 2.054493e-01 3.004681e-01 7.155647e-03
<VARIANCE> 25
 8.184608e+00 1.642070e+01 2.361905e+01 2.890989e+01 2.248074e+01 2.000718e+01 1.852491e+01 1.741277e+01 1.855057e+01 1.911261e+01 1.969190e+01 1.970544e+01 1.147719e+00 1.390025e+00 1.418523e+00 1.506635e+00 1.680241e+00 1.448106e+00 1.739766e+00 1.571140e+00 1.983688e+00 1.401472e+00 1.314435e+00 1.141584e+00 1.640888e-03
<GCONST> 7.922810e+01
<MIXTURE> 23 6.455497e-03
<MEAN> 25
 7.689175e+00 1.614120e+00 3.473168e+00 2.756601e+00 -4.617217e+00 -2.209611e+00 -3.484751e+00 -6.928340e+00 -2.876179e+00 -1.476027e+00 -3.265892e+00 -2.548178e+00 2.672872e-02 1.751776e-01 6.217450e-02 1.228576e-01 -2.080968e-01 -3.289699e-02 6.722558e-02 -4.920964e-02 3.819954e-02 -6.352257e-02 1.015125e-01 -6.870870e-03 -5.142844e-03
<VARIANCE> 25
 9.008912e+00 2.194845e+01 2.362410e+01 3.629746e+01 3.343592e+01 5.140258e+01 5.355360e+01 4.905616e+01 4.347086e+01 4.200233e+01 4.325504e+01 3.424004e+01 1.140554e-01 2.816751e-01 3.314539e-01 6.142014e-01 8.020212e-01 8.269331e-01 7.880664e-01 9.531696e-01 9.456944e-01 1.090463e+00 8.020456e-01 7.115084e-01 8.406035e-05
<GCONST> 7.248041e+01
<MIXTURE> 24 6.455497e-03
<MEAN> 25
 7.689175e+00 1.614120e+00 3.473168e+00 2.756601e+00 -4.617217e+00 -2.209611e+00 -3.484751e+00 -6.928340e+00 -2.876179e+00 -1.476027e+00 -3.265892e+00 -2.548178e+00 2.672872e-02 1.751776e-01 6.217450e-02 1.228576e-01 -2.080968e-01 -3.289699e-02 6.722558e-02 -4.920964e-02 3.819954e-02 -6.352257e-02 1.015125e-01 -6.870870e-03 -5.142844e-03
<VARIANCE> 25
 9.008912e+00 2.194845e+01 2.362410e+01 3.629746e+01 3.343592e+01 5.140258e+01 5.355360e+01 4.905616e+01 4.347086e+01 4.200233e+01 4.325504e+01 3.424004e+01 1.140554e-01 2.816751e-01 3.314539e-01 6.142014e-01 8.020212e-01 8.269331e-01 7.880664e-01 9.531696e-01 9.456944e-01 1.090463e+00 8.020456e-01 7.115084e-01 8.406035e-05
<GCONST> 7.248041e+01
<MIXTURE> 25 1.118642e-02
<MEAN> 25
 3.286684e-01 2.968483e+00 1.569095e+01 -4.357132e-01 -1.127162e+01 -1.891730e+00 -5.303306e+00 -2.891912e+00 -6.760207e+00 -4.886269e+00 4.233678e+00 -1.305346e+00 -1.146914e-01 2.745643e-01 8.325246e-02 1.801214e-01 3.262968e-02 9.128586e-02 1.561150e-01 -1.018042e-01 -2.865987e-01 2.342964e-01 -8.434485e-02 -8.512681e-02 -9.270841e-03
<VARIANCE> 25
 8.170974e+00 2.218984e+01 2.674396e+01 2.852656e+01 2.912884e+01 3.689741e+01 2.844489e+01 2.774812e+01 2.585070e+01 3.641607e+01 2.030289e+01 2.577760e+01 5.477516e-01 1.597072e+00 1.430771e+00 1.277393e+00 2.431487e+00 1.942137e+00 1.694024e+00 1.587673e+00 1.437657e+00 1.772347e+00 1.326160e+00 1.228075e+00 1.298944e-03
<GCONST> 8.233070e+01
<MIXTURE> 26 7.727677e-03
<MEAN> 25
 2.628020e+00 -6.618565e+00 -1.071530e+01 -7.273923e-01 8.251382e+00 4.719580e+00 4.560186e+00 2.203217e-02 2.037722e+00 -2.633878e-01 -2.618763e+00 -1.810984e+00 -6.744699e-01 8.196422e-01 4.166095e-01 7.462708e-01 1.053507e-01 2.794774e-01 3.705503e-01 2.430604e-01 2.459646e-01 7.920098e-02 3.362147e-01 3.567078e-01 -5.397366e-02
<VARIANCE> 25
 2.669667e+01 3.504787e+01 2.731710e+01 5.829979e+01 3.754628e+01 4.843710e+01 4.699210e+01 4.274811e+01 3.775479e+01 5.899530e+01 3.853700e+01 5.329288e+01 1.681190e+00 2.415393e+00 1.889264e+00 1.939441e+00 2.283540e+00 2.235221e+00 2.508834e+00 2.871871e+00 2.595028e+00 2.205440e+00 2.196559e+00 1.962657e+00 3.129100e-03
<GCONST> 9.435191e+01
<MIXTURE> 27 7.727677e-03
<MEAN> 25
 2.628020e+00 -6.618565e+00 -1.071530e+01 -7.273923e-01 8.251382e+00 4.719580e+00 4.560186e+00 2.203217e-02 2.037722e+00 -2.633878e-01 -2.618763e+00 -1.810984e+00 -6.744699e-01 8.196422e-01 4.166095e-01 7.462708e-01 1.053507e-01 2.794774e-01 3.705503e-01 2.430604e-01 2.459646e-01 7.920098e-02 3.362147e-01 3.567078e-01 -5.397366e-02
<VARIANCE> 25
 2.669667e+01 3.504787e+01 2.731710e+01 5.829979e+01 3.754628e+01 4.843710e+01 4.699210e+01 4.274811e+01 3.775479e+01 5.899530e+01 3.853700e+01 5.329288e+01 1.681190e+00 2.415393e+00 1.889264e+00 1.939441e+00 2.283540e+00 2.235221e+00 2.508834e+00 2.871871e+00 2.595028e+00 2.205440e+00 2.196559e+00 1.962657e+00 3.129100e-03
<GCONST> 9.435191e+01
<MIXTURE> 28 5.036674e-03
<MEAN> 25
 -5.506985e+00 3.201254e-01 -1.369810e+00 6.514265e+00 5.227560e+00 3.503275e+00 5.507433e+00 3.398089e+00 4.299192e+00 2.107691e+00 2.283876e+00 3.270962e+00 -1.176325e-01 1.934239e-01 5.161675e-01 7.931405e-01 8.874218e-01 6.962520e-01 5.354413e-01 3.755834e-01 2.920486e-01 3.882578e-01 4.804390e-01 2.512209e-01 -7.885590e-05
<VARIANCE> 25
 9.732480e+00 8.857880e+00 1.178849e+01 1.436500e+01 1.462916e+01 1.657615e+01 1.721938e+01 1.850210e+01 1.797081e+01 1.668594e+01 2.124159e+01 1.398729e+01 2.379273e-01 3.237530e-01 3.827483e-01 4.431267e-01 6.343464e-01 7.985451e-01 1.017393e+00 1.079177e+00 1.362226e+00 1.108141e+00 1.106323e+00 1.066919e+00 1.021248e-06
<GCONST> 6.004656e+01
<MIXTURE> 29 5.036674e-03
<MEAN> 25
 -5.506985e+00 3.201254e-01 -1.369810e+00 6.514265e+00 5.227560e+00 3.503275e+00 5.507433e+00 3.398089e+00 4.299192e+00 2.107691e+00 2.283876e+00 3.270962e+00 -1.176325e-01 1.934239e-01 5.161675e-01 7.931405e-01 8.874218e-01 6.962520e-01 5.354413e-01 3.755834e-01 2.920486e-01 3.882578e-01 4.804390e-01 2.512209e-01 -7.885590e-05
<VARIANCE> 25
 9.732480e+00 8.857880e+00 1.178849e+01 1.436500e+01 1.462916e+01 1.657615e+01 1.721938e+01 1.850210e+01 1.797081e+01 1.668594e+01 2.124159e+01 1.398729e+01 2.379273e-01 3.237530e-01 3.827483e-01 4.431267e-01 6.343464e-01 7.985451e-01 1.017393e+00 1.079177e+00 1.362226e+00 1.108141e+00 1.106323e+00 1.066919e+00 1.021248e-06
<GCONST> 6.004656e+01
<MIXTURE> 30 8.917812e-03
<MEAN> 25
 -4.749740e+00 1.631014e-01 6.876109e-01 8.605920e+00 7.649090e+00 7.105708e+00 7.349596e+00 6.782923e+00 6.975066e+00 4.612714e+00 6.471591e+00 4.018944e+00 -4.013233e-02 5.215301e-02 5.329160e-02 -1.035525e-02 -1.837253e-02 3.773262e-02 3.040542e-03 -1.680826e-02 1.814062e-01 1.694743e-01 -3.651764e-02 3.876710e-02 4.000078e-04
<VARIANCE> 25
 6.847187e+00 1.007724e+01 9.464467e+00 1.472974e+01 1.463725e+01 1.638602e+01 1.791111e+01 1.656591e+01 1.710480e+01 1.822189e+01 2.243774e+01 1.589627e+01 9.099920e-02 1.893385e-01 2.999086e-01 5.470394e-01 6.997507e-01 6.607455e-01 7.082448e-01 7.398427e-01 1.080371e+00 9.982371e-01 1.016565e+00 8.518162e-01 5.544971e-05
<GCONST> 6.075525e+01
<MIXTURE> 31 4.136493e-03
<MEAN> 25
 -3.308553e+00 -5.676440e+00 6.713532e-02 4.885287e+00 3.684223e+00 1.683305e+00 5.242332e+00 6.649744e+00 2.744437e+00 1.234295e+00 6.523730e+00 3.165612e+00 2.520728e-01 4.754625e-01 -2.114544e-01 3.079611e-01 1.199868e-01 4.255194e-01 1.924969e-01 1.629892e-02 3.814112e-01 3.826347e-01 1.049831e-01 1.173708e-01 -1.839816e-02
<VARIANCE> 25
 7.152492e+00 1.545226e+01 1.750570e+01 1.798115e+01 2.533986e+01 2.385620e+01 2.361769e+01 2.530316e+01 2.598681e+01 2.800357e+01 2.036767e+01 1.874153e+01 1.915579e-01 4.931716e-01 6.020287e-01 7.679033e-01 9.681570e-01 1.091952e+00 1.224259e+00 1.392287e+00 1.344285e+00 1.314785e+00 1.245604e+00 1.133905e+00 2.569762e-04
<GCONST> 7.184212e+01
<MIXTURE> 32 4.136493e-03
<MEAN> 25
 -3.308553e+00 -5.676440e+00 6.713532e-02 4.885287e+00 3.684223e+00 1.683305e+00 5.242332e+00 6.649744e+00 2.744437e+00 1.234295e+00 6.523730e+00 3.165612e+00 2.520728e-01 4.754625e-01 -2.114544e-01 3.079611e-01 1.199868e-01 4.255194e-01 1.924969e-01 1.629892e-02 3.814112e-01 3.826347e-01 1.049831e-01 1.173708e-01 -1.839816e-02
<VARIANCE> 25
 7.152492e+00 1.545226e+01 1.750570e+01 1.798115e+01 2.533986e+01 2.385620e+01 2.361769e+01 2.530316e+01 2.598681e+01 2.800357e+01 2.036767e+01 1.874153e+01 1.915579e-01 4.931716e-01 6.020287e-01 7.679033e-01 9.681570e-01 1.091952e+00 1.224259e+00 1.392287e+00 1.344285e+00 1.314785e+00 1.245604e+00 1.133905e+00 2.569762e-04
<GCONST> 7.184212e+01
<MIXTURE> 33 1.508826e-02
<MEAN> 25
 6.051208e+00 -6.361604e+00 -3.343272e+00 -2.881354e+00 -8.697911e-01 -8.018624e+00 -5.256893e+00 3.919037e+00 2.485803e+00 8.135953e-01 -4.565457e+00 -2.338653e+00 7.266511e-01 -1.345698e+00 -2.448342e+00 -1.563080e+00 1.747190e+00 1.054440e+00 -1.320360e-01 6.216198e-01 1.191814e+00 6.163175e-01 -2.086845e-01 -1.631290e+00 3.351381e-02
<VARIANCE> 25
 8.128051e+00 2.667322e+01 2.748009e+01 2.678825e+01 4.001017e+01 4.931348e+01 4.269031e+01 4.966889e+01 3.469694e+01 3.633695e+01 2.746706e+01 2.451403e+01 8.634229e-01 1.794870e+00 1.780077e+00 1.859064e+00 3.813018e+00 3.262776e+00 4.213362e+00 5.144233e+00 3.423776e+00 3.431800e+00 3.014257e+00 2.172872e+00 1.117445e-03
<GCONST> 9.160423e+01
<MIXTURE> 34 1.588179e-02
<MEAN> 25
 8.787944e+00 -3.209502e-01 -2.096398e-01 1.215154e+00 -2.561389e+00 -1.040372e+00 -5.905813e+00 -4.614407e+00 -1.873030e+00 8.570138e-02 -2.241126e+00 -3.466628e+00 3.793232e-02 1.369835e+00 1.303676e+00 2.225399e+00 1.000551e-01 -8.203240e-02 8.120679e-01 -1.460757e+00 -6.489251e-01 2.614794e-01 -5.262927e-01 9.571186e-02 -6.173498e-02
<VARIANCE> 25
 7.020609e+00 2.970689e+01 2.659225e+01 5.038845e+01 4.080265e+01 5.306969e+01 5.086422e+01 5.345352e+01 4.958957e+01 3.916226e+01 4.444462e+01 2.898868e+01 1.230936e+00 1.789946e+00 3.892348e+00 3.927435e+00 5.261057e+00 5.239969e+00 4.952249e+00 6.785794e+00 5.406710e+00 4.979358e+00 5.105545e+00 3.692874e+00 1.107595e-03
<GCONST> 9.858090e+01
<MIXTURE> 35 1.467755e-02
<MEAN> 25
 -2.066845e+00 -5.291187e+00 -9.982264e+00 1.067361e-01 9.738460e+00 6.540359e-01 1.664400e+00 2.622762e+00 1.688664e+00 4.600797e+00 -1.007689e-01 1.655477e+00 5.404120e-01 -1.098715e+00 -1.444128e+00 -1.323164e+00 4.316109e-01 -7.544920e-01 -6.543664e-01 -1.619500e-01 -1.913881e-01 1.813919e-01 -5.954536e-01 -5.212924e-01 1.050104e-01
<VARIANCE> 25
 2.167289e+01 3.100705e+01 4.314158e+01 6.120204e+01 4.101647e+01 5.851240e+01 4.991183e+01 4.444434e+01 5.027971e+01 3.768378e+01 3.644585e+01 3.227380e+01 3.532161e+00 3.526697e+00 6.620654e+00 5.494414e+00 5.271923e+00 5.780895e+00 5.172965e+00 4.725379e+00 5.000930e+00 4.484518e+00 4.086776e+00 3.880605e+00 5.335843e-03
<GCONST> 1.038107e+02
<MIXTURE> 36 1.093293e-02
<MEAN> 25
 4.162694e+00 -3.618647e+00 6.804328e+00 2.886368e+00 -1.089948e+01 -7.462052e+00 -6.643816e+00 2.657435e+00 -2.792618e+00 -2.665738e+00 2.403523e+00 9.263175e-01 3.003628e-01 1.055635e-01 -8.840526e-01 5.333279e-02 7.353841e-01 2.667048e-01 -1.961244e-01 9.905092e-02 3.760031e-01 4.336408e-01 -5.851879e-01 -3.014907e-01 -1.692573e-02
<VARIANCE> 25
 9.713997e+00 1.449339e+01 1.922021e+01 2.426788e+01 2.630108e+01 3.236493e+01 3.919777e+01 3.000643e+01 3.320023e+01 3.789544e+01 2.334547e+01 2.686980e+01 4.961596e-01 6.870765e-01 1.351908e+00 1.118309e+00 1.850748e+00 1.747067e+00 2.721718e+00 2.225542e+00 1.635302e+00 1.634247e+00 1.466615e+00 1.355524e+00 7.166857e-04
<GCONST> 8.117606e+01
<MIXTURE> 37 1.246826e-02
<MEAN> 25
 5.496679e-01 7.753065e+00 1.203583e+01 -5.530664e+00 -8.026754e+00 -1.068027e+00 -5.074003e+00 -8.308976e+00 -3.698857e+00 -8.903604e-01 -3.663611e+00 -1.277175e+00 1.793604e-01 6.482031e-01 -1.348968e+00 3.576477e+00 1.985503e+00 -2.970797e-01 1.093600e+00 4.398500e-01 5.284174e-01 -3.263238e-01 5.338987e-01 -9.734080e-02 -9.488986e-02
<VARIANCE> 25
 1.591012e+01 2.607743e+01 3.093425e+01 5.112010e+01 3.398005e+01 3.206165e+01 4.396507e+01 3.509316e+01 3.869039e+01 3.601066e+01 3.770922e+01 3.092525e+01 2.953716e+00 3.407323e+00 3.020542e+00 4.098058e+00 4.613377e+00 3.758419e+00 4.205235e+00 3.813434e+00 3.443630e+00 3.618004e+00 3.868676e+00 2.785522e+00 3.920092e-03
<GCONST> 9.778764e+01
<MIXTURE> 38 1.154525e-02
<MEAN> 25
 -4.455877e+00 8.754057e+00 3.808589e+00 2.723341e+00 1.410194e+00 -4.730473e+00 7.187460e-02 -1.718158e+00 -2.074667e+00 -2.755842e+00 -1.423681e+00 -1.202978e+00 -4.612366e+00 1.337461e+00 -3.842737e-01 1.389940e+00 2.573334e+00 1.221146e+00 1.910361e+00 1.110353e+00 8.876150e-01 2.704898e-01 1.056316e+00 1.879017e-01 5.165409e-02
<VARIANCE> 25
 3.031189e+01 2.839490e+01 4.931863e+01 3.467429e+01 5.156969e+01 3.622396e+01 4.183952e+01 5.121628e+01 4.224369e+01 3.174912e+01 2.360254e+01 3.271425e+01 2.549486e+00 4.056505e+00 3.780637e+00 4.952281e+00 4.292670e+00 6.140791e+00 4.750540e+00 5.847781e+00 4.311647e+00 6.568624e+00 4.296340e+00 3.560251e+00 2.077245e-03
<GCONST> 1.009586e+02
<MIXTURE> 39 9.501865e-03
<MEAN> 25
 1.352533e+00 2.621965e+00 1.020543e+01 -9.110072e+00 -1.124739e+01 -9.985444e-01 -2.940569e+00 -6.536507e+00 -4.497497e+00 8.654382e-01 -3.664294e+00 -2.256775e+00 -7.241685e-01 1.516951e+00 1.621330e+00 -1.381620e+00 8.969998e-02 1.223667e+00 -1.186500e+00 -1.255649e+00 4.242882e-01 4.382675e-01 -5.086591e-01 1.208933e-01 1.362465e-03
<VARIANCE> 25
 8.910795e+00 3.026855e+01 3.145970e+01 3.947753e+01 3.722213e+01 4.259114e+01 4.422478e+01 3.379684e+01 3.924669e+01 3.309669e+01 3.616302e+01 2.948273e+01 6.921655e-01 1.542109e+00 1.511268e+00 2.937567e+00 2.423460e+00 2.806140e+00 3.077986e+00 2.735133e+00 2.425021e+00 2.608853e+00 2.107532e+00 2.059023e+00 1.205705e-03
<GCONST> 8.968311e+01
<MIXTURE> 40 1.030800e-02
<MEAN> 25
 -9.396824e+00 2.215242e+00 -1.191430e+00 8.104354e+00 3.867878e+00 5.395744e+00 5.240160e+00 4.253900e+00 4.750340e+00 4.116896e+00 5.577200e+00 1.722867e+00 -1.156980e-01 -2.289976e-01 -2.622350e-02 -2.433515e-01 -1.191846e-01 -1.040332e-01 5.733172e-02 7.556770e-02 4.017380e-03 1.548487e-02 5.959332e-02 3.853891e-02 3.724620e-03
<VARIANCE> 25
 4.149016e+01 2.062796e+01 3.096582e+01 2.723774e+01 2.605598e+01 1.919065e+01 1.936161e+01 1.822245e+01 1.806141e+01 1.861609e+01 1.923413e+01 1.609957e+01 7.625302e-01 7.377473e-01 8.657697e-01 1.093525e+00 1.149415e+00 1.240194e+00 1.348841e+00 1.277891e+00 1.288459e+00 1.221311e+00 1.181722e+00 1.070210e+00 8.549062e-04
<GCONST> 7.696309e+01
<MIXTURE> 41 6.713375e-03
<MEAN> 25
 1.313680e+00 1.806627e+00 1.047421e+01 -6.918391e+00 -1.044246e+01 -3.857375e+00 -2.494620e+00 -5.009969e+00 -4.654833e+00 2.650382e+00 -1.742949e+00 -9.376985e-01 7.615996e-02 -7.626246e-01 1.693289e+00 -3.547545e+00 -2.449216e+00 -1.098441e-01 -5.092179e-01 -3.601214e-01 -8.251433e-01 1.083434e+00 -1.038139e+00 8.280342e-02 8.626290e-02
<VARIANCE> 25
 1.165796e+01 2.980605e+01 3.249994e+01 4.037167e+01 3.881303e+01 4.007335e+01 3.702060e+01 3.004143e+01 3.296569e+01 2.874140e+01 3.175964e+01 2.717261e+01 3.172736e+00 3.303590e+00 3.814930e+00 3.815625e+00 4.956847e+00 5.871493e+00 4.699935e+00 4.556199e+00 3.967858e+00 4.213610e+00 3.840015e+00 3.211299e+00 2.926035e-03
<GCONST> 9.791185e+01
<MIXTURE> 42 1.106211e-02
<MEAN> 25
 -2.058542e+00 4.656190e+00 4.372499e+00 2.490255e+00 1.245435e+00 -5.786612e+00 -1.011219e+00 -1.934207e+00 -1.829754e+00 -1.236085e+00 -2.368556e+00 1.721651e+00 4.101325e+00 -4.566079e-01 1.553988e+00 4.611602e-02 -3.061816e+00 -1.475195e+00 -2.173566e+00 -9.364644e-01 -1.022595e+00 -3.833079e-01 5.258546e-01 -9.248214e-01 1.057016e-02
<VARIANCE> 25
 3.248323e+01 1.751971e+01 4.328315e+01 2.490461e+01 3.755244e+01 3.837353e+01 3.158743e+01 2.383022e+01 2.396812e+01 2.514590e+01 2.016300e+01 1.942747e+01 3.249222e+00 4.378886e+00 5.145971e+00 4.453321e+00 3.872177e+00 6.251411e+00 4.136058e+00 5.011450e+00 4.499993e+00 4.760934e+00 3.804320e+00 2.776560e+00 3.507100e-03
<GCONST> 9.731665e+01
<MIXTURE> 43 7.108249e-03
<MEAN> 25
 3.168902e+00 -6.306375e+00 -2.250286e+00 -5.183324e+00 -7.396992e+00 -3.405054e+00 4.134175e+00 1.307366e+00 -5.059646e+00 -7.090591e+00 -4.322134e+00 -1.248806e+00 2.376056e-01 2.164721e+00 1.912975e+00 -1.331553e-01 -1.428908e+00 -7.943388e-01 -9.688895e-01 -7.787749e-01 8.223814e-01 1.468043e+00 3.424840e-01 2.052266e-02 -4.511172e-02
<VARIANCE> 25
 9.602817e+00 1.970080e+01 2.733471e+01 3.524681e+01 3.840630e+01 3.669157e+01 3.336031e+01 3.983790e+01 3.966114e+01 3.867764e+01 2.653473e+01 2.954000e+01 6.914612e-01 1.249203e+00 1.571431e+00 2.490420e+00 2.379624e+00 2.381956e+00 2.653662e+00 3.030559e+00 2.607571e+00 2.576487e+00 2.330536e+00 1.918958e+00 9.431643e-04
<GCONST> 8.797697e+01
<MIXTURE> 44 7.328289e-03
<MEAN> 25
 -1.546237e+01 1.792846e+00 2.379788e+00 -3.130037e+00 4.168652e+00 1.515629e+00 2.819488e-01 2.633399e+00 2.029650e+00 -7.898607e-01 1.675142e+00 1.363234e+00 -2.513968e-01 -8.403651e-02 2.524719e-01 3.497955e-01 6.565583e-02 2.284264e-01 5.011200e-01 1.827009e-01 6.890246e-02 5.511146e-02 4.899327e-02 2.508081e-01 3.189339e-03
<VARIANCE> 25
 4.066368e+01 2.610620e+01 4.656710e+01 2.968314e+01 3.801517e+01 3.314135e+01 2.396033e+01 3.032323e+01 2.797018e+01 2.572824e+01 2.500388e+01 2.418050e+01 1.229618e+00 1.630531e+00 1.382496e+00 1.316129e+00 2.340029e+00 1.578425e+00 1.496182e+00 1.629558e+00 1.833772e+00 1.449163e+00 1.260618e+00 1.377823e+00 1.272388e-03
<GCONST> 8.521091e+01
<MIXTURE> 45 1.364932e-02
<MEAN> 25
 -1.293565e+01 3.964879e+00 -3.506757e+00 1.381531e+00 8.077066e+00 -4.965304e-01 5.492168e+00 4.602250e+00 4.527802e+00 1.247683e+00 2.152156e+00 1.797386e-01 -3.237776e+00 5.234458e-01 -5.905449e-01 -3.784932e-01 4.531204e-01 -3.890933e-01 -3.507871e-02 -4.392281e-02 -9.795499e-03 -5.322960e-01 4.099833e-01 2.775288e-01 1.066928e-01
<VARIANCE> 25
 2.745954e+01 2.309071e+01 5.007534e+01 3.160166e+01 3.712400e+01 3.265039e+01 2.737024e+01 4.209016e+01 2.288697e+01 2.118138e+01 2.369254e+01 3.032254e+01 2.612580e+00 2.727646e+00 2.297613e+00 2.204898e+00 2.350834e+00 4.347181e+00 2.515727e+00 2.842063e+00 1.936677e+00 2.100795e+00 1.699014e+00 1.419104e+00 3.458838e-03
<GCONST> 9.117020e+01
<MIXTURE> 46 9.336259e-03
<MEAN> 25
 -1.020426e+01 2.611678e+00 6.040572e-01 7.109619e+00 6.726506e+00 2.765658e+00 6.980974e+00 4.768927e+00 5.596598e+00 4.003594e+00 4.718118e+00 2.696363e+00 1.046431e+00 -2.168557e-01 1.308464e-01 1.008614e+00 5.863927e-01 9.890221e-01 4.212274e-01 6.423653e-01 4.057990e-01 4.994076e-01 5.424124e-01 5.452240e-01 -1.022741e-01
<VARIANCE> 25
 3.999532e+01 4.206399e+01 4.087712e+01 4.896267e+01 6.036760e+01 4.223888e+01 3.456211e+01 3.370108e+01 3.125745e+01 3.508185e+01 2.719952e+01 2.082153e+01 3.731259e+00 4.040513e+00 3.699509e+00 3.942788e+00 4.157327e+00 3.462734e+00 3.308488e+00 3.035460e+00 3.092130e+00 2.769902e+00 2.246756e+00 1.763676e+00 7.694922e-03
<GCONST> 9.824407e+01
<MIXTURE> 47 7.116147e-03
<MEAN> 25
 7.329761e+00 -7.503457e+00 -7.789488e+00 -6.421525e+00 1.508466e+00 6.809982e-01 -2.231266e+00 1.368052e+00 3.058077e+00 1.854673e-01 -4.254235e+00 -6.500452e+00 -1.410208e-01 -1.242583e+00 -7.946463e-01 -4.059850e-01 6.418601e-01 8.273536e-01 8.917319e-01 2.767841e-01 1.264208e-01 -8.034989e-01 -4.035188e-01 -5.531700e-01 2.969337e-02
<VARIANCE> 25
 1.040426e+01 2.182825e+01 2.069902e+01 3.183708e+01 3.827917e+01 6.028344e+01 4.416987e+01 4.235929e+01 4.275329e+01 4.699845e+01 4.683998e+01 3.344501e+01 5.425858e-01 7.619423e-01 1.289475e+00 1.618521e+00 2.229054e+00 2.183145e+00 2.371274e+00 2.484318e+00 2.207014e+00 2.205549e+00 2.219189e+00 2.146472e+00 5.286879e-04
<GCONST> 8.691016e+01
<MIXTURE> 48 7.116147e-03
<MEAN> 25
 7.329761e+00 -7.503457e+00 -7.789488e+00 -6.421525e+00 1.508466e+00 6.809982e-01 -2.231266e+00 1.368052e+00 3.058077e+00 1.854673e-01 -4.254235e+00 -6.500452e+00 -1.410208e-01 -1.242583e+00 -7.946463e-01 -4.059850e-01 6.418601e-01 8.273536e-01 8.917319e-01 2.767841e-01 1.264208e-01 -8.034989e-01 -4.035188e-01 -5.531700e-01 2.969337e-02
<VARIANCE> 25
 1.040426e+01 2.182825e+01 2.069902e+01 3.183708e+01 3.827917e+01 6.028344e+01 4.416987e+01 4.235929e+01 4.275329e+01 4.699845e+01 4.683998e+01 3.344501e+01 5.425858e-01 7.619423e-01 1.289475e+00 1.618521e+00 2.229054e+00 2.183145e+00 2.371274e+00 2.484318e+00 2.207014e+00 2.205549e+00 2.219189e+00 2.146472e+00 5.286879e-04
<GCONST> 8.691016e+01
<MIXTURE> 49 5.548473e-03
<MEAN> 25
 -5.088327e+00 3.587206e-01 1.712645e-01 8.451224e+00 6.149837e+00 5.618974e+00 6.071754e+00 4.491313e+00 5.029396e+00 3.719034e+00 4.927094e+00 2.865701e+00 3.655072e-01 6.552110e-01 7.023211e-01 3.535382e-01 -1.951694e-01 -6.685373e-01 -1.007714e+00 -1.120664e+00 -9.567711e-01 -6.808751e-01 -4.911341e-01 -2.704115e-01 -1.787370e-05
<VARIANCE> 25
 9.589415e+00 1.004095e+01 1.424131e+01 1.586720e+01 1.588129e+01 1.712122e+01 1.942530e+01 1.941858e+01 1.822680e+01 1.795136e+01 2.067287e+01 1.428380e+01 2.803841e-01 2.635612e-01 3.592288e-01 6.116502e-01 8.723921e-01 9.740943e-01 9.933713e-01 1.052473e+00 1.138777e+00 1.219727e+00 1.284003e+00 1.209142e+00 1.434890e-05
<GCONST> 6.432934e+01
<MIXTURE> 50 6.234641e-03
<MEAN> 25
 -4.708065e+00 1.814404e-01 -1.379993e+00 6.173854e+00 4.255328e+00 2.268611e+00 3.700055e+00 2.053415e+00 2.908796e+00 1.308565e+00 2.059764e+00 2.887542e+00 4.511200e-02 1.720260e-01 8.935828e-02 -1.959456e-01 -5.040734e-01 -5.957343e-01 -4.249822e-01 -4.011085e-02 4.554305e-01 7.806146e-01 7.224711e-01 4.353785e-01 -2.094926e-05
<VARIANCE> 25
 1.034314e+01 1.117135e+01 1.421340e+01 1.512615e+01 1.523409e+01 1.825976e+01 1.826155e+01 1.918989e+01 1.890124e+01 1.748863e+01 2.184379e+01 1.501344e+01 1.461750e-01 2.355014e-01 3.703714e-01 5.276164e-01 6.031670e-01 7.322026e-01 9.361798e-01 1.105213e+00 1.054935e+00 8.898417e-01 9.372841e-01 1.016820e+00 1.097649e-06
<GCONST> 5.952981e+01
<MIXTURE> 51 6.234641e-03
<MEAN> 25
 -4.708065e+00 1.814404e-01 -1.379993e+00 6.173854e+00 4.255328e+00 2.268611e+00 3.700055e+00 2.053415e+00 2.908796e+00 1.308565e+00 2.059764e+00 2.887542e+00 4.511200e-02 1.720260e-01 8.935828e-02 -1.959456e-01 -5.040734e-01 -5.957343e-01 -4.249822e-01 -4.011085e-02 4.554305e-01 7.806146e-01 7.224711e-01 4.353785e-01 -2.094926e-05
<VARIANCE> 25
 1.034314e+01 1.117135e+01 1.421340e+01 1.512615e+01 1.523409e+01 1.825976e+01 1.826155e+01 1.918989e+01 1.890124e+01 1.748863e+01 2.184379e+01 1.501344e+01 1.461750e-01 2.355014e-01 3.703714e-01 5.276164e-01 6.031670e-01 7.322026e-01 9.361798e-01 1.105213e+00 1.054935e+00 8.898417e-01 9.372841e-01 1.016820e+00 1.097649e-06
<GCONST> 5.952981e+01
<MIXTURE> 52 6.367945e-03
<MEAN> 25
 1.009994e+01 1.074040e+00 -5.791823e+00 -1.390752e+01 -4.013103e+00 9.762394e+00 -2.143561e+00 -3.277005e+00 -4.335956e+00 -2.398531e+00 2.726066e+00 1.018365e+00 -3.741172e-01 -5.368563e-01 4.494466e-02 1.047806e+00 1.264035e+00 -2.816707e-01 -4.803726e-01 -9.970331e-01 1.529312e-01 1.630470e+00 9.171703e-02 -1.441555e-01 -1.371949e-02
<VARIANCE> 25
 8.061024e+00 2.308259e+01 2.239999e+01 3.656116e+01 3.981085e+01 3.634809e+01 4.063912e+01 4.642902e+01 3.678167e+01 4.358801e+01 3.714696e+01 3.038105e+01 4.449452e-01 1.317450e+00 1.253297e+00 2.429803e+00 2.167787e+00 2.450529e+00 2.765464e+00 3.371573e+00 2.597466e+00 4.104996e+00 2.695595e+00 3.146489e+00 1.424570e-03
<GCONST> 8.954234e+01
<MIXTURE> 53 6.367945e-03
<MEAN> 25
 1.009994e+01 1.074040e+00 -5.791823e+00 -1.390752e+01 -4.013103e+00 9.762394e+00 -2.143561e+00 -3.277005e+00 -4.335956e+00 -2.398531e+00 2.726066e+00 1.018365e+00 -3.741172e-01 -5.368563e-01 4.494466e-02 1.047806e+00 1.264035e+00 -2.816707e-01 -4.803726e-01 -9.970331e-01 1.529312e-01 1.630470e+00 9.171703e-02 -1.441555e-01 -1.371949e-02
<VARIANCE> 25
 8.061024e+00 2.308259e+01 2.239999e+01 3.656116e+01 3.981085e+01 3.634809e+01 4.063912e+01 4.642902e+01 3.678167e+01 4.358801e+01 3.714696e+01 3.038105e+01 4.449452e-01 1.317450e+00 1.253297e+00 2.429803e+00 2.167787e+00 2.450529e+00 2.765464e+00 3.371573e+00 2.597466e+00 4.104996e+00 2.695595e+00 3.146489e+00 1.424570e-03
<GCONST> 8.954234e+01
<MIXTURE> 54 7.368620e-03
<MEAN> 25
 -3.725752e+00 1.538523e-01 -7.090955e-01 7.875088e+00 6.396018e+00 4.606359e+00 4.686727e+00 4.656206e+00 4.362846e+00 3.517044e+00 4.227111e+00 2.376594e+00 -9.083100e-04 3.563227e-02 3.145648e-02 4.476754e-02 4.709788e-02 5.954495e-02 5.619305e-02 5.499861e-02 2.964848e-02 4.107729e-02 9.218929e-03 -1.318853e-02 3.423842e-05
<VARIANCE> 25
 9.136560e+00 1.040488e+01 9.073528e+00 1.852613e+01 1.322223e+01 1.315034e+01 1.162552e+01 1.104665e+01 1.416477e+01 1.338969e+01 1.903969e+01 1.224500e+01 3.989773e-02 8.827916e-02 1.497601e-01 2.205255e-01 3.025967e-01 3.903906e-01 4.585234e-01 5.296894e-01 5.265892e-01 5.139667e-01 5.077244e-01 5.188194e-01 1.050338e-06
<GCONST> 4.731891e+01
<MIXTURE> 55 7.368620e-03
<MEAN> 25
 -3.725752e+00 1.538523e-01 -7.090955e-01 7.875088e+00 6.396018e+00 4.606359e+00 4.686727e+00 4.656206e+00 4.362846e+00 3.517044e+00 4.227111e+00 2.376594e+00 -9.083100e-04 3.563227e-02 3.145648e-02 4.476754e-02 4.709788e-02 5.954495e-02 5.619305e-02 5.499861e-02 2.964848e-02 4.107729e-02 9.218929e-03 -1.318853e-02 3.423842e-05
<VARIANCE> 25
 9.136560e+00 1.040488e+01 9.073528e+00 1.852613e+01 1.322223e+01 1.315034e+01 1.162552e+01 1.104665e+01 1.416477e+01 1.338969e+01 1.903969e+01 1.224500e+01 3.989773e-02 8.827916e-02 1.497601e-01 2.205255e-01 3.025967e-01 3.903906e-01 4.585234e-01 5.296894e-01 5.265892e-01 5.139667e-01 5.077244e-01 5.188194e-01 1.050338e-06
<GCONST> 4.731891e+01
<MIXTURE> 56 6.132464e-03
<MEAN> 25
 7.572896e+00 -6.703247e+00 -9.098328e+00 -8.629733e+00 3.849345e+00 4.016019e+00 -2.154289e+00 -1.469647e+00 1.885291e+00 5.728639e-01 -2.446843e+00 -7.103865e+00 -1.015427e-02 2.500609e-02 -8.422714e-02 1.564301e-02 2.507344e-01 6.739367e-02 1.206143e-01 -1.381060e-01 -4.624388e-02 -3.743603e-02 -8.027869e-02 1.947864e-02 -7.031410e-03
<VARIANCE> 25
 9.220851e+00 2.355511e+01 2.019261e+01 4.133286e+01 3.402187e+01 5.113534e+01 6.136888e+01 3.667109e+01 3.887336e+01 3.799297e+01 4.001506e+01 3.091447e+01 2.046530e-01 4.302261e-01 4.553892e-01 7.775145e-01 8.176846e-01 1.106215e+00 9.086665e-01 9.298645e-01 9.048421e-01 9.243240e-01 1.028214e+00 7.892348e-01 2.390581e-04
<GCONST> 7.518993e+01
<MIXTURE> 57 6.132464e-03
<MEAN> 25
 7.572896e+00 -6.703247e+00 -9.098328e+00 -8.629733e+00 3.849345e+00 4.016019e+00 -2.154289e+00 -1.469647e+00 1.885291e+00 5.728639e-01 -2.446843e+00 -7.103865e+00 -1.015427e-02 2.500609e-02 -8.422714e-02 1.564301e-02 2.507344e-01 6.739367e-02 1.206143e-01 -1.381060e-01 -4.624388e-02 -3.743603e-02 -8.027869e-02 1.947864e-02 -7.031410e-03
<VARIANCE> 25
 9.220851e+00 2.355511e+01 2.019261e+01 4.133286e+01 3.402187e+01 5.113534e+01 6.136888e+01 3.667109e+01 3.887336e+01 3.799297e+01 4.001506e+01 3.091447e+01 2.046530e-01 4.302261e-01 4.553892e-01 7.775145e-01 8.176846e-01 1.106215e+00 9.086665e-01 9.298645e-01 9.048421e-01 9.243240e-01 1.028214e+00 7.892348e-01 2.390581e-04
<GCONST> 7.518993e+01
<MIXTURE> 58 6.172147e-03
<MEAN> 25
 2.146796e+00 -2.986594e+00 7.772778e+00 -3.054895e+00 -1.339307e+01 -5.506936e+00 -5.328862e-01 8.644246e-01 -3.236459e+00 2.572449e+00 7.652538e-01 5.899259e-01 -5.494555e-02 -2.679060e-01 -1.006563e-01 -4.142979e-02 -1.215309e-01 3.493595e-01 4.653950e-01 2.617877e-01 5.011655e-02 1.721131e-01 -2.661986e-01 -1.441766e-01 -3.062801e-03
<VARIANCE> 25
 5.643291e+00 1.123313e+01 1.517942e+01 2.827911e+01 1.831632e+01 3.888481e+01 3.438682e+01 2.783807e+01 2.436187e+01 2.546693e+01 2.157392e+01 1.932073e+01 2.352580e-01 7.599188e-01 9.568067e-01 8.999439e-01 8.807423e-01 1.113908e+00 1.300784e+00 1.435717e+00 1.091155e+00 1.287555e+00 9.615205e-01 8.187678e-01 6.296117e-04
<GCONST> 7.351858e+01
<MIXTURE> 59 6.172147e-03
<MEAN> 25
 2.146796e+00 -2.986594e+00 7.772778e+00 -3.054895e+00 -1.339307e+01 -5.506936e+00 -5.328862e-01 8.644246e-01 -3.236459e+00 2.572449e+00 7.652538e-01 5.899259e-01 -5.494555e-02 -2.679060e-01 -1.006563e-01 -4.142979e-02 -1.215309e-01 3.493595e-01 4.653950e-01 2.617877e-01 5.011655e-02 1.721131e-01 -2.661986e-01 -1.441766e-01 -3.062801e-03
<VARIANCE> 25
 5.643291e+00 1.123313e+01 1.517942e+01 2.827911e+01 1.831632e+01 3.888481e+01 3.438682e+01 2.783807e+01 2.436187e+01 2.546693e+01 2.157392e+01 1.932073e+01 2.352580e-01 7.599188e-01 9.568067e-01 8.999439e-01 8.807423e-01 1.113908e+00 1.300784e+00 1.435717e+00 1.091155e+00 1.287555e+00 9.615205e-01 8.187678e-01 6.296117e-04
<GCONST> 7.351858e+01
<MIXTURE> 60 4.479129e-03
<MEAN> 25
 -4.286953e+00 -5.836502e-01 -1.051235e+00 3.691157e+00 1.777332e+00 2.097322e+00 1.652790e+00 1.563905e+00 2.244618e+00 1.217771e+00 2.329799e+00 1.964328e+00 -3.451938e-02 6.034224e-02 1.003504e-01 1.123085e-01 1.165127e-01 1.308143e-01 1.764539e-01 3.249660e-01 5.565436e-01 6.691490e-01 5.465680e-01 3.049599e-01 -4.076390e-04
<VARIANCE> 25
 6.881648e+00 4.894501e+00 1.022550e+01 1.120224e+01 1.365861e+01 1.690281e+01 1.398234e+01 1.178469e+01 1.313929e+01 1.318599e+01 1.602007e+01 1.239462e+01 8.798534e-02 1.691460e-01 2.766789e-01 4.492966e-01 5.906907e-01 7.210600e-01 8.301613e-01 8.944202e-01 9.001411e-01 8.269535e-01 8.390876e-01 8.713846e-01 2.318125e-05
<GCONST> 5.647296e+01
<MIXTURE> 61 4.479129e-03
<MEAN> 25
 -4.286953e+00 -5.836502e-01 -1.051235e+00 3.691157e+00 1.777332e+00 2.097322e+00 1.652790e+00 1.563905e+00 2.244618e+00 1.217771e+00 2.329799e+00 1.964328e+00 -3.451938e-02 6.034224e-02 1.003504e-01 1.123085e-01 1.165127e-01 1.308143e-01 1.764539e-01 3.249660e-01 5.565436e-01 6.691490e-01 5.465680e-01 3.049599e-01 -4.076390e-04
<VARIANCE> 25
 6.881648e+00 4.894501e+00 1.022550e+01 1.120224e+01 1.365861e+01 1.690281e+01 1.398234e+01 1.178469e+01 1.313929e+01 1.318599e+01 1.602007e+01 1.239462e+01 8.798534e-02 1.691460e-01 2.766789e-01 4.492966e-01 5.906907e-01 7.210600e-01 8.301613e-01 8.944202e-01 9.001411e-01 8.269535e-01 8.390876e-01 8.713846e-01 2.318125e-05
<GCONST> 5.647296e+01
<MIXTURE> 62 3.278034e-03
<MEAN> 25
 -5.085329e+00 1.296845e+00 1.049239e+00 8.772777e+00 6.102509e+00 4.979449e+00 5.462104e+00 4.007847e+00 5.024465e+00 3.847818e+00 4.885298e+00 3.010966e+00 -9.968632e-01 -1.157703e+00 -9.450785e-01 -2.679019e-01 4.252002e-01 1.009449e+00 1.390182e+00 1.549364e+00 1.470765e+00 1.226567e+00 1.051565e+00 7.253103e-01 -1.346027e-03
<VARIANCE> 25
 9.761370e+00 1.011667e+01 1.308247e+01 1.670762e+01 1.735361e+01 1.778928e+01 1.970479e+01 1.898767e+01 1.879976e+01 1.889760e+01 2.180434e+01 1.488989e+01 4.001218e-01 4.369718e-01 5.539190e-01 7.811464e-01 1.028105e+00 1.182433e+00 1.248273e+00 1.266970e+00 1.328035e+00 1.373847e+00 1.404325e+00 1.376200e+00 1.670686e-05
<GCONST> 6.757198e+01
<MIXTURE> 63 4.351215e-03
<MEAN> 25
 -4.130560e+00 -1.474622e+00 -3.973106e+00 2.922001e+00 3.343765e+00 -6.310788e-01 2.241867e+00 1.176541e+00 2.874372e+00 -9.167379e-01 -1.192900e+00 2.695040e+00 -1.525288e-01 3.499861e-01 4.075187e-01 4.345240e-01 2.849605e-01 4.585370e-01 5.418696e-01 2.905335e-01 2.206078e-01 2.373282e-01 2.493412e-01 2.853873e-01 -5.425765e-03
<VARIANCE> 25
 7.879056e+00 1.963101e+01 1.923722e+01 1.530640e+01 1.636333e+01 2.536530e+01 2.378692e+01 2.385654e+01 2.484174e+01 1.957318e+01 1.792651e+01 1.628899e+01 2.627243e-01 4.703762e-01 5.896871e-01 7.562954e-01 1.005606e+00 1.098510e+00 1.302824e+00 1.340281e+00 1.291086e+00 1.292502e+00 1.210093e+00 1.269987e+00 1.686566e-04
<GCONST> 7.091917e+01
<MIXTURE> 64 4.351215e-03
<MEAN> 25
 -4.130560e+00 -1.474622e+00 -3.973106e+00 2.922001e+00 3.343765e+00 -6.310788e-01 2.241867e+00 1.176541e+00 2.874372e+00 -9.167379e-01 -1.192900e+00 2.695040e+00 -1.525288e-01 3.499861e-01 4.075187e-01 4.345240e-01 2.849605e-01 4.585370e-01 5.418696e-01 2.905335e-01 2.206078e-01 2.373282e-01 2.493412e-01 2.853873e-01 -5.425765e-03
<VARIANCE> 25
 7.879056e+00 1.963101e+01 1.923722e+01 1.530640e+01 1.636333e+01 2.536530e+01 2.378692e+01 2.385654e+01 2.484174e+01 1.957318e+01 1.792651e+01 1.628899e+01 2.627243e-01 4.703762e-01 5.896871e-01 7.562954e-01 1.005606e+00 1.098510e+00 1.302824e+00 1.340281e+00 1.291086e+00 1.292502e+00 1.210093e+00 1.269987e+00 1.686566e-04
<GCONST> 7.091917e+01
<MIXTURE> 65 1.721197e-02
<MEAN> 25
 7.654161e+00 6.812761e-01 1.835983e+00 1.288827e+00 -3.926132e+00 -1.400029e+00 -4.778548e+00 -8.460515e+00 -3.748266e+00 -2.553843e+00 -3.403589e+00 -2.325981e+00 1.159603e-01 7.635844e-02 -1.054765e-04 -4.949446e-02 -4.126626e-01 1.458094e-01 -9.071355e-02 -2.413706e-01 2.326057e-01 -2.349389e-02 -1.620339e-01 6.184401e-02 -3.701624e-03
<VARIANCE> 25
 7.122715e+00 1.760477e+01 2.269879e+01 2.869820e+01 3.408227e+01 6.529259e+01 5.037828e+01 5.243109e+01 3.968359e+01 4.343818e+01 4.480777e+01 3.532111e+01 4.256948e-01 9.335350e-01 1.257783e+00 2.028516e+00 2.044447e+00 2.370578e+00 2.098313e+00 3.061850e+00 2.123085e+00 2.382380e+00 1.908466e+00 1.743697e+00 3.505521e-04
<GCONST> 8.598293e+01
<MIXTURE> 66 1.191532e-02
<MEAN> 25
 6.679236e+00 -4.039884e+00 -5.587234e+00 -4.523733e+00 1.226649e+00 -5.432764e+00 -6.912672e+00 7.286687e-01 7.296442e-01 -1.598895e+00 -5.744642e+00 -3.392967e+00 -1.023438e-01 1.715698e+00 2.171096e+00 2.207687e+00 -1.226885e+00 -1.213194e+00 6.175897e-02 -4.150558e-01 9.597640e-03 -1.645027e-01 -2.353963e-01 1.007075e+00 -6.454223e-02
<VARIANCE> 25
 8.610156e+00 2.186303e+01 2.696277e+01 3.336258e+01 3.856689e+01 5.617417e+01 5.752102e+01 4.831687e+01 5.222677e+01 6.737844e+01 3.779226e+01 3.610537e+01 1.314551e+00 2.406721e+00 2.325927e+00 2.616222e+00 4.010630e+00 4.141264e+00 4.203321e+00 5.007724e+00 4.533190e+00 4.816229e+00 3.770265e+00 3.129854e+00 1.410315e-03
<GCONST> 9.678382e+01
<MIXTURE> 67 1.559142e-02
<MEAN> 25
 8.878909e+00 8.659931e-01 -5.348834e+00 -8.409808e+00 1.248938e+00 4.333673e+00 -2.561788e+00 -3.448347e+00 -4.299711e+00 1.627947e+00 -5.184616e-01 -8.152807e-01 -1.015068e+00 1.785457e+00 8.326953e-01 2.813660e+00 1.372190e+00 -6.637574e-01 1.355104e+00 5.392256e-01 6.353964e-01 2.892542e-01 -6.555195e-01 3.131804e-01 -1.173724e-01
<VARIANCE> 25
 9.116445e+00 3.685952e+01 2.727913e+01 4.869373e+01 4.227462e+01 6.427128e+01 5.511596e+01 4.705170e+01 5.527767e+01 5.980254e+01 5.146378e+01 4.841150e+01 2.299083e+00 3.068865e+00 2.854045e+00 3.852865e+00 4.161744e+00 4.388716e+00 3.794214e+00 5.262737e+00 4.964928e+00 6.820433e+00 4.910754e+00 3.828449e+00 2.823048e-03
<GCONST> 1.014846e+02
<MIXTURE> 68 1.485092e-02
<MEAN> 25
 -2.105179e+00 -2.148463e+00 -4.095034e+00 1.171185e+00 5.370391e+00 -6.885087e-01 2.125294e+00 1.747470e+00 1.914700e+00 1.678981e+00 4.536450e-01 1.834428e+00 2.794756e+00 5.163221e-01 2.825469e-02 -2.575542e+00 -2.409281e+00 -1.519842e+00 -2.354523e+00 -1.823494e+00 -1.684986e+00 -1.416074e+00 -1.927631e+00 -1.022760e+00 1.012891e-01
<VARIANCE> 25
 2.710052e+01 3.234024e+01 5.767606e+01 5.233237e+01 4.680103e+01 5.409245e+01 4.462546e+01 4.186785e+01 4.037779e+01 4.310257e+01 3.674735e+01 2.570036e+01 1.988208e+00 3.799526e+00 5.869740e+00 5.803860e+00 4.633029e+00 5.753750e+00 5.652481e+00 5.000519e+00 4.928677e+00 5.302639e+00 5.057610e+00 3.410114e+00 6.134987e-03
<GCONST> 1.036094e+02
<MIXTURE> 69 1.204884e-02
<MEAN> 25
 4.456475e+00 -4.244613e+00 -3.198928e+00 -3.298867e+00 -3.485325e+00 -8.350525e+00 -9.718811e-01 2.085502e+00 -6.566443e-01 -3.559691e+00 -5.790991e+00 1.372887e+00 1.746757e+00 -2.464755e+00 -1.355309e+00 -2.161623e+00 -6.773925e-01 -5.911264e-01 -5.699503e-01 8.403571e-01 -5.002662e-01 -1.192504e+00 -1.814594e+00 -3.141028e-01 6.024127e-02
<VARIANCE> 25
 8.248575e+00 2.036709e+01 2.471810e+01 2.368076e+01 3.824624e+01 3.319441e+01 4.442907e+01 2.916259e+01 3.609943e+01 4.297313e+01 2.804905e+01 2.302824e+01 3.294065e+00 2.991451e+00 2.949710e+00 3.326780e+00 5.556072e+00 4.923668e+00 6.462648e+00 5.854393e+00 5.453093e+00 5.700214e+00 4.866291e+00 3.430083e+00 2.196128e-03
<GCONST> 9.721809e+01
<MIXTURE> 70 1.329190e-02
<MEAN> 25
 7.264166e+00 -1.600645e+00 -3.902433e+00 -3.562650e+00 3.723889e-01 -1.214058e+00 -7.996853e+00 -4.484015e+00 1.643033e-01 2.976264e+00 4.479648e-02 -4.479889e+00 1.910861e+00 -1.158037e+00 -7.641124e-01 -2.015198e+00 -1.515748e+00 8.122799e-01 -1.455628e+00 -5.249462e-01 2.991545e-02 -7.551708e-03 6.806768e-01 -1.204629e+00 5.656590e-02
<VARIANCE> 25
 9.383385e+00 2.148518e+01 2.552875e+01 4.557725e+01 3.654577e+01 4.989508e+01 5.200711e+01 4.102506e+01 4.451814e+01 2.988276e+01 4.033344e+01 2.611146e+01 3.475346e+00 2.900964e+00 4.382131e+00 4.898404e+00 4.738143e+00 7.102457e+00 6.216345e+00 8.207197e+00 6.264763e+00 4.805886e+00 5.205056e+00 4.250005e+00 2.296663e-03
<GCONST> 1.008897e+02
<MIXTURE> 71 1.406903e-02
<MEAN> 25
 6.346153e+00 5.453984e+00 4.790364e+00 2.890587e+00 -3.012249e+00 -2.076201e+00 -3.462520e+00 -5.852082e+00 -3.576434e+00 -2.631624e+00 -4.753201e+00 -2.358325e+00 -1.560529e+00 -5.992303e-01 -1.590426e-01 -1.667426e+00 1.347688e+00 -7.763562e-01 -3.004050e-01 1.929667e+00 2.035922e-01 -2.405789e-01 2.597915e-01 4.483515e-01 3.746387e-02
<VARIANCE> 25
 1.633684e+01 2.286926e+01 2.171407e+01 3.661385e+01 3.527575e+01 4.529592e+01 3.432705e+01 4.603969e+01 3.576757e+01 3.650275e+01 3.003852e+01 3.163641e+01 1.488944e+00 2.534522e+00 4.292147e+00 3.978957e+00 4.102809e+00 6.604064e+00 4.456122e+00 7.221291e+00 3.676356e+00 3.386934e+00 3.593917e+00 2.953760e+00 1.672484e-03
<GCONST> 9.674888e+01
<MIXTURE> 72 8.134747e-03
<MEAN> 25
 3.355542e+00 -4.142526e+00 4.630701e+00 -1.232143e+00 -1.111225e+01 -6.959087e+00 -2.395488e+00 3.250369e+00 -4.745588e+00 -2.217551e+00 -1.645310e+00 1.379718e-01 1.051401e+00 -8.349524e-01 -2.458850e+00 5.420489e-01 2.178442e+00 -6.259910e-01 -1.147298e+00 1.278204e+00 1.856447e+00 -8.805321e-01 -1.188919e+00 4.421389e-01 -1.025228e-02
<VARIANCE> 25
 9.586697e+00 1.690815e+01 3.005390e+01 3.718103e+01 3.022155e+01 5.628825e+01 3.387641e+01 3.699287e+01 3.654760e+01 3.677710e+01 3.188457e+01 2.556555e+01 4.774230e-01 8.684453e-01 1.700261e+00 1.301488e+00 2.018321e+00 2.111555e+00 2.817073e+00 2.898305e+00 2.185660e+00 2.852439e+00 1.723326e+00 1.855397e+00 5.257571e-04
<GCONST> 8.543841e+01
<MIXTURE> 73 1.213625e-02
<MEAN> 25
 -5.656897e+00 -7.533577e-01 -1.299664e+00 4.892938e+00 4.221495e+00 2.340370e+00 5.484046e+00 3.452077e+00 4.367676e+00 3.434621e+00 4.219536e+00 3.042600e+00 8.129058e-01 -1.014504e+00 -9.273069e-01 -2.632944e+00 -1.255283e+00 -1.727461e+00 -9.130291e-01 -5.062901e-01 -9.285494e-01 -6.941377e-01 -1.093412e+00 -2.798164e-01 1.538693e-01
<VARIANCE> 25
 1.293737e+01 1.353523e+01 1.551235e+01 2.258779e+01 2.372368e+01 2.472089e+01 2.030425e+01 2.014213e+01 1.761973e+01 1.893445e+01 2.281829e+01 1.547895e+01 4.019008e+00 3.133039e+00 5.947954e+00 4.660262e+00 6.148898e+00 4.607540e+00 4.283432e+00 4.212394e+00 3.888190e+00 4.199308e+00 3.533723e+00 2.659049e+00 4.358405e-03
<GCONST> 9.272567e+01
<MIXTURE> 74 1.756491e-02
<MEAN> 25
 3.784221e+00 -1.699525e+00 4.951008e+00 7.150245e-01 -9.747479e+00 -8.329808e+00 -1.534855e+00 1.587316e+00 -3.295122e+00 -4.809381e-01 -9.505598e-01 1.757200e+00 9.276757e-02 1.856081e+00 -6.394729e-02 1.474195e+00 1.163950e+00 3.637914e-01 4.793026e-01 -8.013055e-01 6.138273e-01 -2.240754e-01 1.301822e-02 -2.943307e-01 -8.107872e-02
<VARIANCE> 25
 1.081746e+01 1.921726e+01 3.064073e+01 3.621151e+01 3.244154e+01 3.551276e+01 5.342229e+01 4.585285e+01 3.939693e+01 5.094332e+01 3.491656e+01 3.212019e+01 1.913884e+00 1.667257e+00 3.025418e+00 2.044245e+00 3.503617e+00 3.508385e+00 5.007136e+00 5.052753e+00 3.839899e+00 3.608921e+00 3.239882e+00 2.436498e+00 1.613106e-03
<GCONST> 9.476295e+01
<MIXTURE> 75 9.711651e-03
<MEAN> 25
 1.984692e+00 -4.668336e-01 1.053720e+01 1.913911e+00 -1.056698e+01 -6.217641e+00 -5.784508e+00 -1.420130e+00 -4.878016e+00 -3.528726e+00 3.748817e+00 1.286560e+00 1.371409e+00 -1.631983e+00 5.484005e-03 2.743245e-02 -2.482289e+00 -5.761453e-01 -1.380426e+00 6.911918e-01 -2.600723e-01 2.103382e-01 1.185531e+00 -5.025744e-01 3.843231e-02
<VARIANCE> 25
 8.399727e+00 1.399772e+01 2.270826e+01 1.881062e+01 2.360578e+01 2.752911e+01 2.421544e+01 2.343901e+01 2.346190e+01 3.039319e+01 1.819104e+01 1.763586e+01 1.973835e+00 1.362582e+00 3.445211e+00 1.767553e+00 2.689236e+00 3.076638e+00 3.019804e+00 2.598813e+00 2.751944e+00 2.903852e+00 2.595835e+00 1.802394e+00 1.105653e-03
<GCONST> 8.571310e+01
<MIXTURE> 76 1.052359e-02
<MEAN> 25
 -7.805021e+00 -8.888616e-01 -3.835954e+00 3.104130e+00 4.869708e+00 2.113626e+00 3.830756e+00 1.885013e+00 3.455348e+00 7.154900e-01 1.553160e+00 1.985377e+00 -8.767203e-02 -6.417297e-01 -1.968730e-01 -7.792335e-01 -7.803462e-01 -6.921429e-01 -6.946669e-01 -3.751319e-01 -7.294462e-01 -3.768004e-01 -1.772236e-01 1.574974e-02 2.231524e-02
<VARIANCE> 25
 3.562321e+01 2.792702e+01 4.030391e+01 2.692340e+01 2.939142e+01 2.974014e+01 2.421148e+01 2.620516e+01 2.716578e+01 2.154404e+01 2.344774e+01 2.451634e+01 1.418153e+00 1.094846e+00 1.310573e+00 1.079624e+00 1.693053e+00 2.013274e+00 1.549043e+00 1.566110e+00 1.890947e+00 1.431250e+00 1.554325e+00 1.306141e+00 1.183432e-03
<GCONST> 8.365510e+01
<MIXTURE> 77 1.244626e-02
<MEAN> 25
 -4.616349e-01 8.564047e+00 1.245088e+01 -1.158977e+01 -7.009783e+00 9.460355e-01 -9.267031e+00 -7.227968e+00 -3.376886e+00 -1.871843e-01 -4.646955e+00 -1.474135e+00 6.757919e-02 1.358128e-01 7.388704e-02 2.529767e-01 -2.337932e-02 7.754387e-02 -6.353982e-02 -6.226453e-02 8.176737e-02 -4.380393e-02 2.532764e-02 1.180959e-01 -9.927996e-03
<VARIANCE> 25
 1.043782e+01 2.023769e+01 2.753141e+01 4.189840e+01 3.317218e+01 3.381159e+01 3.675686e+01 3.177737e+01 3.519875e+01 3.325685e+01 3.760868e+01 3.495053e+01 2.990523e-01 7.795986e-01 6.468185e-01 1.086990e+00 1.239868e+00 9.842449e-01 1.228037e+00 1.072581e+00 1.045528e+00 1.068827e+00 9.739144e-01 9.217184e-01 5.410950e-04
<GCONST> 7.782996e+01
<MIXTURE> 78 9.702551e-03
<MEAN> 25
 -1.449326e+01 3.259958e+00 -3.449133e+00 1.851198e+00 9.914101e+00 -3.087857e+00 4.909743e+00 4.775720e+00 3.880993e+00 -1.233048e+00 -1.194312e-01 2.518392e+00 2.081130e+00 -2.685563e-01 3.784486e-01 5.625619e-01 -3.270131e-01 5.521776e-01 -1.410208e-01 -4.086767e-01 -1.031191e-01 3.377525e-01 -4.730438e-01 -1.098046e-02 -6.284875e-02
<VARIANCE> 25
 4.066219e+01 2.946074e+01 2.709564e+01 2.253044e+01 7.078783e+01 3.030515e+01 2.451653e+01 2.911213e+01 2.516047e+01 2.724365e+01 1.900553e+01 1.694331e+01 3.849967e+00 2.709694e+00 2.353790e+00 2.872858e+00 2.914400e+00 2.964884e+00 2.855320e+00 2.983823e+00 2.771850e+00 1.911409e+00 1.501300e+00 1.983380e+00 4.285021e-03
<GCONST> 9.185672e+01
<MIXTURE> 79 1.156824e-02
<MEAN> 25
 2.375582e+00 6.466346e-01 9.043038e+00 -5.365928e+00 -1.185643e+01 -2.153583e+00 -2.268937e+00 -6.119412e+00 -7.079582e+00 1.417810e+00 -3.218703e+00 -2.117903e+00 1.137246e+00 -5.158195e-01 -1.389941e+00 2.214291e+00 1.904514e-01 -1.450743e+00 5.828359e-01 1.068386e+00 -3.944563e-01 -4.559323e-01 4.928017e-01 2.938645e-01 -3.689515e-02
<VARIANCE> 25
 1.282032e+01 2.726838e+01 3.452583e+01 5.620316e+01 3.199250e+01 4.086941e+01 3.835741e+01 3.420083e+01 3.672029e+01 4.233681e+01 4.074081e+01 3.631456e+01 8.717840e-01 2.044976e+00 1.704522e+00 1.956620e+00 2.408842e+00 2.543853e+00 3.122370e+00 3.612059e+00 2.387574e+00 2.608293e+00 2.286422e+00 1.807554e+00 1.165334e-03
<GCONST> 9.088944e+01
<MIXTURE> 80 7.550998e-03
<MEAN> 25
 -1.443755e+01 3.658458e+00 -1.444816e-01 2.551931e+00 3.680664e+00 1.365294e+00 6.678770e+00 2.955306e+00 2.428556e+00 2.415240e+00 4.558890e+00 7.608652e-01 4.479523e+00 1.134192e-01 1.696371e+00 -1.366858e+00 -2.762664e+00 -2.581461e+00 -2.244787e+00 -2.161424e+00 -2.088996e+00 -1.259132e+00 -1.402379e+00 -4.993829e-01 -4.067222e-02
<VARIANCE> 25
 1.925190e+01 1.877093e+01 3.641103e+01 3.144797e+01 3.720684e+01 2.584071e+01 2.650754e+01 2.707438e+01 2.481511e+01 2.623334e+01 2.549966e+01 1.876704e+01 2.528193e+00 2.489221e+00 2.438878e+00 4.541003e+00 3.185420e+00 3.061353e+00 2.786246e+00 3.431976e+00 2.537659e+00 3.633835e+00 3.054700e+00 1.963491e+00 1.442994e-03
<GCONST> 9.122510e+01
<MIXTURE> 81 8.025434e-03
<MEAN> 25
 -1.117489e+00 4.063837e+00 1.017943e+01 -1.479413e+01 -9.081603e+00 -1.424621e+00 -6.765229e+00 -8.421954e+00 -4.151419e+00 -4.121902e-01 -7.572110e+00 -2.242406e+00 1.337589e-01 -5.873272e-01 -2.553576e-03 -5.553481e-01 -4.641717e-01 3.350587e-01 3.200923e-01 1.367869e-01 -1.408310e-01 1.070206e-01 -4.691306e-01 -1.252134e-01 1.149458e-02
<VARIANCE> 25
 1.014857e+01 3.280616e+01 2.643603e+01 2.942517e+01 3.368957e+01 3.051571e+01 4.543765e+01 2.827247e+01 3.797661e+01 3.190393e+01 2.531141e+01 3.106686e+01 7.719951e-01 2.276543e+00 1.546052e+00 2.873182e+00 2.662821e+00 2.125667e+00 3.281270e+00 2.287369e+00 2.355123e+00 2.538565e+00 2.299146e+00 2.077986e+00 1.183751e-03
<GCONST> 8.868938e+01
<MIXTURE> 82 8.213053e-03
<MEAN> 25
 -9.973590e+00 -3.855910e+00 1.649014e+00 -2.944132e+00 3.167125e+00 7.223131e-01 1.988574e+00 9.295902e-01 2.994092e+00 1.707907e+00 1.713612e+00 3.092145e+00 -1.311223e+00 -1.324897e-01 2.838283e-01 -2.587439e+00 -1.098653e+00 -1.254334e+00 -1.009181e+00 -8.760726e-01 -3.254470e-01 -4.806711e-01 -3.087595e-01 -8.877493e-02 1.774931e-01
<VARIANCE> 25
 1.791578e+01 2.501222e+01 3.253518e+01 3.073943e+01 3.323742e+01 3.253928e+01 3.155374e+01 3.296802e+01 3.064975e+01 2.501141e+01 3.063801e+01 1.742838e+01 3.760763e+00 3.040210e+00 3.299023e+00 3.273996e+00 3.563345e+00 3.300227e+00 2.929709e+00 3.000361e+00 2.797936e+00 2.473710e+00 2.445502e+00 1.858009e+00 3.504430e-03
<GCONST> 9.306463e+01
<MIXTURE> 83 1.167529e-02
<MEAN> 25
 -1.977241e+01 5.248351e+00 -3.961682e+00 -1.565817e+00 9.671407e+00 -2.758924e+00 5.033964e+00 3.886834e+00 2.597991e+00 1.192900e+00 1.219604e+00 7.795770e-01 -3.779472e-01 -4.293209e-01 1.615815e-01 -2.473181e-01 -4.060008e-02 -2.424862e-01 -3.198868e-01 -2.890343e-01 -2.133444e-01 -2.286072e-01 -2.557099e-02 4.007169e-01 5.973144e-03
<VARIANCE> 25
 8.389837e+00 1.391208e+01 3.482033e+01 2.356095e+01 3.498103e+01 2.988463e+01 1.778338e+01 2.051732e+01 2.304541e+01 2.102788e+01 1.873963e+01 2.463360e+01 1.279217e+00 9.405795e-01 1.096839e+00 1.094774e+00 1.897141e+00 1.281396e+00 1.525055e+00 1.816629e+00 1.356503e+00 1.202183e+00 9.972656e-01 1.383492e+00 8.377003e-04
<GCONST> 7.858760e+01
<MIXTURE> 84 1.066614e-02
<MEAN> 25
 1.039252e+00 8.594247e+00 6.885601e+00 7.772716e+00 2.834035e+00 -1.151905e+00 -1.720721e+00 -4.312171e+00 -3.463587e+00 -2.758432e+00 -2.487815e+00 -1.512712e+00 -1.789135e+00 -1.069957e+00 -1.077998e+00 1.255931e+00 2.262073e+00 1.493779e+00 1.373868e+00 1.241271e+00 1.025544e+00 2.081428e-01 3.435850e-01 4.595859e-01 -7.017270e-02
<VARIANCE> 25
 2.197763e+01 1.908664e+01 2.229118e+01 2.315926e+01 2.889502e+01 2.683132e+01 2.796409e+01 2.580391e+01 2.879794e+01 2.344034e+01 2.191752e+01 2.277071e+01 1.943408e+00 2.512747e+00 3.693295e+00 3.119498e+00 3.031119e+00 3.141257e+00 3.141192e+00 3.279087e+00 3.436306e+00 3.381181e+00 3.368243e+00 2.599755e+00 3.594381e-03
<GCONST> 9.180452e+01
<MIXTURE> 85 7.591393e-03
<MEAN> 25
 -2.960529e+00 7.768209e+00 5.522266e+00 9.190599e-01 -2.814338e+00 -4.977770e+00 -2.852172e+00 -5.995312e+00 -3.681012e+00 -2.919664e+00 -3.472641e-01 -1.937070e+00 4.020107e+00 3.376560e-01 1.768097e+00 -2.101008e+00 -3.378220e+00 -2.456821e+00 -2.889826e+00 -2.420639e+00 -2.323499e+00 -1.139860e+00 -2.049466e+00 -6.118763e-01 9.264051e-03
<VARIANCE> 25
 4.062664e+01 2.218084e+01 3.737833e+01 3.887988e+01 4.401785e+01 4.066625e+01 3.092113e+01 2.659028e+01 2.543283e+01 2.700872e+01 2.499591e+01 1.986956e+01 2.838214e+00 4.056248e+00 3.805029e+00 5.241915e+00 4.187454e+00 4.097878e+00 3.631206e+00 4.056633e+00 3.717154e+00 4.194581e+00 4.586550e+00 3.260644e+00 5.094650e-03
<GCONST> 9.811539e+01
<MIXTURE> 86 1.273941e-02
<MEAN> 25
 -5.116261e+00 -8.971535e-01 -6.965071e-01 6.163284e+00 5.109251e+00 4.587014e+00 5.318285e+00 4.642371e+00 5.043634e+00 3.758006e+00 5.059012e+00 3.100252e+00 -2.054776e-02 9.328604e-03 -3.346310e-02 -1.274903e-01 -1.800309e-01 -1.757462e-01 -2.611894e-01 -3.222124e-01 -2.118491e-01 -2.158635e-01 -2.798753e-01 -9.912697e-02 8.478759e-05
<VARIANCE> 25
 7.659451e+00 6.626066e+00 9.501534e+00 1.203618e+01 1.516037e+01 1.358327e+01 1.275628e+01 1.230385e+01 1.511028e+01 1.432015e+01 1.490711e+01 1.444295e+01 9.682129e-02 1.867699e-01 3.022598e-01 5.156464e-01 6.585062e-01 6.923732e-01 7.060270e-01 7.195095e-01 1.062597e+00 9.887398e-01 9.258457e-01 8.859026e-01 5.625108e-05
<GCONST> 5.847705e+01
<MIXTURE> 87 1.100681e-02
<MEAN> 25
 -3.233313e+00 4.954682e+00 4.426281e+00 6.425166e+00 5.581350e+00 1.307134e+00 1.201367e+00 -8.612886e-01 3.969931e-03 -9.528341e-01 -1.112336e+00 1.710641e-01 -2.315278e+00 -2.851982e+00 -2.006245e+00 -2.203182e+00 2.974698e-01 1.810988e-01 6.069255e-01 9.130735e-01 1.394379e+00 8.858367e-01 7.941980e-01 9.984378e-01 1.068688e-01
<VARIANCE> 25
 3.589241e+01 2.749310e+01 3.048537e+01 3.166492e+01 2.712391e+01 2.952457e+01 2.612627e+01 2.561136e+01 2.807544e+01 2.191181e+01 2.272561e+01 2.143318e+01 3.732105e+00 2.554402e+00 3.652465e+00 3.221673e+00 5.010343e+00 4.733479e+00 3.803613e+00 4.416066e+00 3.155982e+00 3.144586e+00 3.099288e+00 2.425328e+00 4.426996e-03
<GCONST> 9.511534e+01
<MIXTURE> 88 1.256585e-02
<MEAN> 25
 -4.222750e+00 -2.530424e-01 -9.027963e-01 5.865697e+00 4.249367e+00 2.967127e+00 4.281590e+00 3.235229e+00 3.354008e+00 1.976677e+00 2.403527e+00 2.797076e+00 -3.436789e-03 3.179255e-01 2.637702e-01 3.450108e-01 3.780390e-01 2.611330e-01 -8.412448e-02 -3.952411e-02 -2.889021e-01 -2.849776e-01 -1.336147e-01 -1.119265e-02 -7.039540e-03
<VARIANCE> 25
 8.865914e+00 1.173425e+01 1.649058e+01 1.659503e+01 2.432484e+01 2.076732e+01 1.885862e+01 1.962038e+01 1.660579e+01 1.795973e+01 2.104063e+01 1.382102e+01 1.354359e+00 1.859725e+00 1.994564e+00 2.092637e+00 2.640970e+00 2.482816e+00 2.789990e+00 2.461920e+00 2.249446e+00 2.309609e+00 2.219669e+00 1.829786e+00 1.507913e-03
<GCONST> 8.242491e+01
<MIXTURE> 89 9.333527e-03
<MEAN> 25
 6.078792e+00 -6.826736e+00 -3.551066e+00 -3.156731e+00 -1.605245e+00 -5.584764e+00 -6.119944e+00 4.076368e+00 3.469094e+00 -2.808056e+00 -6.024821e+00 -3.288787e+00 -5.704865e-01 1.554605e-01 1.987951e+00 9.017424e-01 -1.869306e+00 -1.649697e+00 8.823975e-01 1.262521e+00 -7.868754e-01 -1.314767e+00 4.043915e-01 1.534672e+00 -4.877827e-03
<VARIANCE> 25
 8.983828e+00 2.670778e+01 3.112499e+01 3.025312e+01 3.608787e+01 4.166640e+01 5.960408e+01 4.249002e+01 3.906218e+01 4.236975e+01 3.581088e+01 3.235554e+01 3.538027e-01 8.422279e-01 1.475531e+00 1.315958e+00 1.917188e+00 2.124487e+00 2.577580e+00 2.044125e+00 2.250310e+00 2.131891e+00 2.327692e+00 1.472427e+00 3.664088e-04
<GCONST> 8.530137e+01
<MIXTURE> 90 7.114505e-03
<MEAN> 25
 2.454183e+00 -9.711190e+00 -4.748278e+00 -3.973668e+00 -3.379890e+00 -1.799716e+00 3.363693e+00 1.169982e+00 -7.528930e+00 -1.021082e+01 -3.426500e+00 -7.425148e-01 -1.633806e-01 9.084581e-01 1.167448e+00 -8.543352e-01 -1.612067e+00 -2.113370e-01 6.452960e-01 -2.088419e-01 -1.677447e-01 7.365314e-01 1.825953e-01 -5.494633e-01 -1.114287e-02
<VARIANCE> 25
 8.510643e+00 1.790341e+01 1.983112e+01 2.801576e+01 3.681564e+01 3.232012e+01 3.849489e+01 3.647602e+01 3.518992e+01 2.770048e+01 2.697978e+01 2.611339e+01 2.236838e-01 6.124566e-01 7.874374e-01 1.045289e+00 1.470261e+00 1.590380e+00 1.778512e+00 1.658000e+00 1.809744e+00 1.677337e+00 1.494408e+00 1.308142e+00 2.150545e-04
<GCONST> 7.814625e+01
<MIXTURE> 91 7.852945e-03
<MEAN> 25
 6.538113e+00 -7.899989e+00 -8.952941e+00 -4.940400e+00 4.373823e+00 -5.056443e-01 -1.556267e+00 7.909826e-01 6.902292e-01 -2.403962e+00 -4.531905e+00 -5.544091e+00 2.697780e-01 1.065714e+00 1.481490e-01 5.098484e-01 -4.624783e-02 -4.716792e-01 -2.391356e-01 -1.638673e-01 -2.255898e-01 4.562204e-01 -3.605380e-03 9.795590e-02 -3.535062e-02
<VARIANCE> 25
 9.832892e+00 2.475106e+01 2.310094e+01 3.944266e+01 3.725524e+01 5.612654e+01 5.881787e+01 3.813883e+01 4.909086e+01 6.616592e+01 3.855477e+01 4.209333e+01 4.366718e-01 9.370520e-01 1.141302e+00 1.368948e+00 2.125221e+00 2.378409e+00 2.610216e+00 2.394564e+00 2.510355e+00 2.099759e+00 2.197383e+00 1.933827e+00 5.730245e-04
<GCONST> 8.774513e+01
<MIXTURE> 92 7.852945e-03
<MEAN> 25
 6.538113e+00 -7.899989e+00 -8.952941e+00 -4.940400e+00 4.373823e+00 -5.056443e-01 -1.556267e+00 7.909826e-01 6.902292e-01 -2.403962e+00 -4.531905e+00 -5.544091e+00 2.697780e-01 1.065714e+00 1.481490e-01 5.098484e-01 -4.624783e-02 -4.716792e-01 -2.391356e-01 -1.638673e-01 -2.255898e-01 4.562204e-01 -3.605380e-03 9.795590e-02 -3.535062e-02
<VARIANCE> 25
 9.832892e+00 2.475106e+01 2.310094e+01 3.944266e+01 3.725524e+01 5.612654e+01 5.881787e+01 3.813883e+01 4.909086e+01 6.616592e+01 3.855477e+01 4.209333e+01 4.366718e-01 9.370520e-01 1.141302e+00 1.368948e+00 2.125221e+00 2.378409e+00 2.610216e+00 2.394564e+00 2.510355e+00 2.099759e+00 2.197383e+00 1.933827e+00 5.730245e-04
<GCONST> 8.774513e+01
<MIXTURE> 93 6.122769e-03
<MEAN> 25
 -6.819300e+00 -8.815703e-01 -2.358630e+00 5.766985e+00 5.888342e+00 3.902869e+00 6.090047e+00 3.639510e+00 4.230677e+00 2.448055e+00 1.744759e+00 3.717947e+00 -6.431755e-02 -1.489361e-01 -2.547099e-01 -3.361044e-01 -3.313745e-01 -2.747448e-01 -2.134702e-01 -1.610241e-01 -1.530758e-01 -1.333061e-01 -1.033245e-01 -3.806098e-02 6.078738e-06
<VARIANCE> 25
 8.942568e+00 6.273070e+00 8.203416e+00 1.128574e+01 1.143992e+01 1.580194e+01 1.515314e+01 1.623677e+01 1.549170e+01 1.459305e+01 1.697127e+01 1.328551e+01 8.264208e-02 1.534624e-01 2.596047e-01 3.826691e-01 4.970029e-01 6.376424e-01 7.731008e-01 8.878703e-01 9.224600e-01 8.797654e-01 8.904968e-01 9.245727e-01 1.058010e-06
<GCONST> 5.367942e+01
<MIXTURE> 94 6.122769e-03
<MEAN> 25
 -6.819300e+00 -8.815703e-01 -2.358630e+00 5.766985e+00 5.888342e+00 3.902869e+00 6.090047e+00 3.639510e+00 4.230677e+00 2.448055e+00 1.744759e+00 3.717947e+00 -6.431755e-02 -1.489361e-01 -2.547099e-01 -3.361044e-01 -3.313745e-01 -2.747448e-01 -2.134702e-01 -1.610241e-01 -1.530758e-01 -1.333061e-01 -1.033245e-01 -3.806098e-02 6.078738e-06
<VARIANCE> 25
 8.942568e+00 6.273070e+00 8.203416e+00 1.128574e+01 1.143992e+01 1.580194e+01 1.515314e+01 1.623677e+01 1.549170e+01 1.459305e+01 1.697127e+01 1.328551e+01 8.264208e-02 1.534624e-01 2.596047e-01 3.826691e-01 4.970029e-01 6.376424e-01 7.731008e-01 8.878703e-01 9.224600e-01 8.797654e-01 8.904968e-01 9.245727e-01 1.058010e-06
<GCONST> 5.367942e+01
<MIXTURE> 95 5.258835e-03
<MEAN> 25
 -5.828186e+00 -7.362049e-01 -1.988522e+00 4.896567e+00 4.225061e+00 2.809919e+00 4.173976e+00 1.663782e+00 2.228234e+00 8.707744e-01 1.197052e+00 2.596091e+00 1.452624e-01 1.467306e-01 8.523976e-02 -8.362646e-02 -3.785002e-01 -7.172279e-01 -1.055601e+00 -1.281453e+00 -1.262936e+00 -9.912863e-01 -6.495265e-01 -3.072597e-01 -1.403290e-04
<VARIANCE> 25
 1.023460e+01 6.493878e+00 1.222790e+01 1.277664e+01 1.397629e+01 1.831137e+01 1.790364e+01 1.689569e+01 1.543040e+01 1.542834e+01 1.997334e+01 1.435892e+01 2.094618e-01 2.929333e-01 4.537671e-01 6.297839e-01 8.003787e-01 8.964512e-01 9.119637e-01 9.241248e-01 9.737491e-01 1.077503e+00 1.159942e+00 1.114975e+00 4.195818e-05
<GCONST> 6.326294e+01
<MIXTURE> 96 7.034694e-03
<MEAN> 25
 -5.124971e+00 -3.105729e-01 -2.164670e+00 5.135624e+00 3.872715e+00 1.826562e+00 3.634301e+00 1.956010e+00 2.690163e+00 9.112189e-01 1.000449e+00 2.865798e+00 -3.182342e-02 8.370157e-02 2.189857e-01 4.205888e-01 5.684856e-01 5.060678e-01 2.662586e-01 -1.120571e-01 -5.008165e-01 -6.601261e-01 -5.450141e-01 -3.400303e-01 -3.263517e-05
<VARIANCE> 25
 1.071454e+01 1.008236e+01 1.271823e+01 1.403508e+01 1.487841e+01 1.901373e+01 1.800470e+01 1.946284e+01 1.942988e+01 1.617111e+01 1.985328e+01 1.414686e+01 1.171423e-01 2.131675e-01 3.093894e-01 4.003727e-01 5.248549e-01 6.456467e-01 8.605949e-01 9.805315e-01 1.004794e+00 8.569990e-01 1.004447e+00 9.476873e-01 1.021182e-06
<GCONST> 5.768217e+01
<MIXTURE> 97 7.034694e-03
<MEAN> 25
 -5.124971e+00 -3.105729e-01 -2.164670e+00 5.135624e+00 3.872715e+00 1.826562e+00 3.634301e+00 1.956010e+00 2.690163e+00 9.112189e-01 1.000449e+00 2.865798e+00 -3.182342e-02 8.370157e-02 2.189857e-01 4.205888e-01 5.684856e-01 5.060678e-01 2.662586e-01 -1.120571e-01 -5.008165e-01 -6.601261e-01 -5.450141e-01 -3.400303e-01 -3.263517e-05
<VARIANCE> 25
 1.071454e+01 1.008236e+01 1.271823e+01 1.403508e+01 1.487841e+01 1.901373e+01 1.800470e+01 1.946284e+01 1.942988e+01 1.617111e+01 1.985328e+01 1.414686e+01 1.171423e-01 2.131675e-01 3.093894e-01 4.003727e-01 5.248549e-01 6.456467e-01 8.605949e-01 9.805315e-01 1.004794e+00 8.569990e-01 1.004447e+00 9.476873e-01 1.021182e-06
<GCONST> 5.768217e+01
<MIXTURE> 98 9.917808e-03
<MEAN> 25
 -1.510438e+00 1.117594e+00 -5.268700e-02 4.721954e+00 3.783914e+00 2.420001e+00 2.896165e+00 1.466370e+00 1.735802e+00 7.310129e-01 5.240188e-01 1.110186e+00 -1.792761e+00 -1.397791e+00 -9.760243e-01 1.634956e-01 6.551223e-01 8.266758e-01 1.264775e+00 1.442712e+00 1.565738e+00 1.007529e+00 1.264487e+00 9.567783e-01 -3.617451e-02
<VARIANCE> 25
 1.362749e+01 1.933607e+01 3.041270e+01 3.133529e+01 4.213614e+01 3.581714e+01 3.255233e+01 2.859493e+01 2.677813e+01 2.915015e+01 2.605336e+01 2.305399e+01 1.295436e+00 1.588387e+00 2.273204e+00 2.352305e+00 2.780581e+00 2.776621e+00 2.776876e+00 2.637336e+00 2.736169e+00 3.159555e+00 2.708345e+00 2.036472e+00 2.288554e-03
<GCONST> 8.981188e+01
<MIXTURE> 99 6.696178e-03
<MEAN> 25
 -5.793042e+00 9.920072e+00 7.035783e+00 3.793477e+00 8.616614e-01 -5.141758e+00 -1.919088e+00 -3.801851e+00 -3.245727e+00 -3.753129e+00 -1.534398e+00 5.668861e-01 5.599741e-01 -6.140027e-01 4.261211e-01 -4.651931e-01 -1.013090e+00 -4.145850e-01 -3.974721e-01 -3.239967e-01 -6.811025e-02 -8.861760e-02 2.500421e-01 1.548336e-01 1.424648e-02
<VARIANCE> 25
 3.707239e+01 2.615992e+01 4.606695e+01 3.034179e+01 3.461942e+01 3.275663e+01 2.627845e+01 3.058527e+01 2.564129e+01 2.591376e+01 2.013723e+01 2.677682e+01 2.137251e+00 1.898870e+00 1.470488e+00 1.816460e+00 3.332410e+00 2.296445e+00 1.632651e+00 1.858995e+00 1.537571e+00 1.524259e+00 1.312136e+00 1.237046e+00 1.768168e-03
<GCONST> 8.710538e+01
<MIXTURE> 100 4.498084e-03
<MEAN> 25
 -1.598981e+00 6.343964e+00 1.027805e+01 -7.458375e+00 -1.077738e+01 -5.073715e+00 -4.941548e+00 -9.966485e+00 -4.718678e+00 -8.578122e-01 -2.729537e+00 -2.705616e+00 2.917798e+00 -1.259977e+00 1.299629e+00 -2.184413e+00 -3.419661e+00 -7.848250e-01 -1.219238e+00 -8.199810e-01 -1.475387e+00 3.461124e-01 -1.653808e+00 -2.862355e-01 2.024663e-03
<VARIANCE> 25
 1.362123e+01 2.105257e+01 2.245528e+01 2.645459e+01 2.305816e+01 2.371949e+01 2.909801e+01 2.170862e+01 2.747023e+01 2.266341e+01 2.243635e+01 2.134633e+01 1.798494e+00 3.952549e+00 2.918753e+00 4.289165e+00 4.182598e+00 4.536217e+00 4.014028e+00 4.338515e+00 4.166308e+00 3.895187e+00 3.915351e+00 3.223514e+00 1.674256e-03
<GCONST> 9.256932e+01
<MIXTURE> 101 6.007792e-03
<MEAN> 25
 8.069478e+00 -3.810378e+00 -6.196291e+00 -6.000189e+00 8.019783e-01 -1.057667e+00 -9.866070e+00 -1.704628e+00 1.685504e+00 2.514271e+00 -2.217138e+00 -5.186481e+00 6.987754e-01 7.000045e-01 -1.376060e+00 -1.476224e+00 1.135205e+00 2.277085e+00 2.816109e-01 -1.587551e+00 -1.110541e+00 1.097518e+00 1.451737e+00 -5.647716e-01 -5.916235e-03
<VARIANCE> 25
 8.583509e+00 1.825659e+01 3.080710e+01 5.157816e+01 3.711973e+01 3.755345e+01 4.098851e+01 3.796140e+01 3.712368e+01 4.281128e+01 5.013052e+01 2.308153e+01 2.939226e-01 6.995690e-01 1.323528e+00 1.681845e+00 1.701377e+00 1.972692e+00 2.126406e+00 2.088075e+00 2.226995e+00 2.108824e+00 1.753958e+00 2.097803e+00 3.583170e-04
<GCONST> 8.422207e+01
<MIXTURE> 102 6.007792e-03
<MEAN> 25
 8.069478e+00 -3.810378e+00 -6.196291e+00 -6.000189e+00 8.019783e-01 -1.057667e+00 -9.866070e+00 -1.704628e+00 1.685504e+00 2.514271e+00 -2.217138e+00 -5.186481e+00 6.987754e-01 7.000045e-01 -1.376060e+00 -1.476224e+00 1.135205e+00 2.277085e+00 2.816109e-01 -1.587551e+00 -1.110541e+00 1.097518e+00 1.451737e+00 -5.647716e-01 -5.916235e-03
<VARIANCE> 25
 8.583509e+00 1.825659e+01 3.080710e+01 5.157816e+01 3.711973e+01 3.755345e+01 4.098851e+01 3.796140e+01 3.712368e+01 4.281128e+01 5.013052e+01 2.308153e+01 2.939226e-01 6.995690e-01 1.323528e+00 1.681845e+00 1.701377e+00 1.972692e+00 2.126406e+00 2.088075e+00 2.226995e+00 2.108824e+00 1.753958e+00 2.097803e+00 3.583170e-04
<GCONST> 8.422207e+01
<MIXTURE> 103 5.694618e-03
<MEAN> 25
 3.377323e+00 -9.479472e+00 -6.117672e+00 -3.075933e+00 -1.342411e+00 -1.980988e+00 2.419748e+00 2.536835e+00 -4.581542e+00 -9.226754e+00 -5.054410e+00 3.639301e-01 -1.517922e-01 -1.485888e+00 -9.842500e-01 3.723741e-01 1.218306e+00 1.014712e+00 1.602622e-01 -2.678541e-01 -7.692317e-01 -9.416961e-01 -3.433820e-02 1.132030e-01 2.683303e-02
<VARIANCE> 25
 1.032766e+01 2.029264e+01 2.288621e+01 3.173144e+01 4.801905e+01 3.544290e+01 4.632859e+01 3.677661e+01 4.219868e+01 2.952342e+01 2.996049e+01 2.629668e+01 6.501749e-01 1.252549e+00 1.537177e+00 1.938617e+00 2.940083e+00 2.410060e+00 2.883622e+00 2.589964e+00 2.583524e+00 2.519048e+00 2.091741e+00 2.023835e+00 8.103353e-04
<GCONST> 8.761022e+01
<MIXTURE> 104 5.694618e-03
<MEAN> 25
 3.377323e+00 -9.479472e+00 -6.117672e+00 -3.075933e+00 -1.342411e+00 -1.980988e+00 2.419748e+00 2.536835e+00 -4.581542e+00 -9.226754e+00 -5.054410e+00 3.639301e-01 -1.517922e-01 -1.485888e+00 -9.842500e-01 3.723741e-01 1.218306e+00 1.014712e+00 1.602622e-01 -2.678541e-01 -7.692317e-01 -9.416961e-01 -3.433820e-02 1.132030e-01 2.683303e-02
<VARIANCE> 25
 1.032766e+01 2.029264e+01 2.288621e+01 3.173144e+01 4.801905e+01 3.544290e+01 4.632859e+01 3.677661e+01 4.219868e+01 2.952342e+01 2.996049e+01 2.629668e+01 6.501749e-01 1.252549e+00 1.537177e+00 1.938617e+00 2.940083e+00 2.410060e+00 2.883622e+00 2.589964e+00 2.583524e+00 2.519048e+00 2.091741e+00 2.023835e+00 8.103353e-04
<GCONST> 8.761022e+01
<MIXTURE> 105 4.710235e-03
<MEAN> 25
 2.179688e+00 -1.704539e+00 9.418157e+00 -2.182906e+00 -1.161368e+01 -5.380607e+00 -4.387466e+00 -5.272011e-01 -3.798554e+00 -2.593530e+00 1.718125e+00 -6.275926e-01 -6.548905e-03 3.779219e-02 3.519207e-02 -2.016518e-02 -7.352387e-02 7.263806e-02 8.658501e-02 8.041184e-02 -5.134615e-02 1.133340e-01 -5.973923e-02 -1.928688e-02 -2.005074e-03
<VARIANCE> 25
 1.197554e+01 2.569453e+01 3.671140e+01 4.269309e+01 3.408792e+01 4.957703e+01 3.760563e+01 3.968599e+01 3.574774e+01 4.053785e+01 3.795044e+01 2.980689e+01 7.828645e-02 2.004223e-01 3.234551e-01 2.727035e-01 4.009190e-01 4.416763e-01 5.086365e-01 5.554455e-01 5.223064e-01 4.831696e-01 4.817604e-01 3.831515e-01 8.314248e-05
<GCONST> 6.604414e+01
<MIXTURE> 106 4.710235e-03
<MEAN> 25
 2.179688e+00 -1.704539e+00 9.418157e+00 -2.182906e+00 -1.161368e+01 -5.380607e+00 -4.387466e+00 -5.272011e-01 -3.798554e+00 -2.593530e+00 1.718125e+00 -6.275926e-01 -6.548905e-03 3.779219e-02 3.519207e-02 -2.016518e-02 -7.352387e-02 7.263806e-02 8.658501e-02 8.041184e-02 -5.134615e-02 1.133340e-01 -5.973923e-02 -1.928688e-02 -2.005074e-03
<VARIANCE> 25
 1.197554e+01 2.569453e+01 3.671140e+01 4.269309e+01 3.408792e+01 4.957703e+01 3.760563e+01 3.968599e+01 3.574774e+01 4.053785e+01 3.795044e+01 2.980689e+01 7.828645e-02 2.004223e-01 3.234551e-01 2.727035e-01 4.009190e-01 4.416763e-01 5.086365e-01 5.554455e-01 5.223064e-01 4.831696e-01 4.817604e-01 3.831515e-01 8.314248e-05
<GCONST> 6.604414e+01
<MIXTURE> 107 5.452374e-03
<MEAN> 25
 8.464834e+00 -1.977890e+00 -7.398440e+00 -8.665950e+00 2.033673e+00 3.082060e+00 -7.970861e+00 -4.795876e+00 -8.189803e-01 3.301829e+00 7.362097e-01 -5.179164e+00 -6.098925e-01 -7.851090e-01 7.352416e-01 1.711940e+00 3.129871e-01 -2.071491e+00 -1.203958e+00 6.539556e-01 1.715273e+00 6.702590e-02 -1.506397e+00 -7.148961e-01 -7.160392e-04
<VARIANCE> 25
 9.089207e+00 1.971995e+01 2.965986e+01 4.713325e+01 3.359485e+01 3.711547e+01 5.358889e+01 3.459883e+01 4.361485e+01 3.857116e+01 4.754468e+01 2.778343e+01 3.402049e-01 8.914214e-01 1.445091e+00 2.244615e+00 2.190338e+00 2.861270e+00 3.309761e+00 2.667801e+00 2.189292e+00 2.853329e+00 1.980798e+00 2.195794e+00 6.709965e-04
<GCONST> 8.763837e+01
<MIXTURE> 108 5.452374e-03
<MEAN> 25
 8.464834e+00 -1.977890e+00 -7.398440e+00 -8.665950e+00 2.033673e+00 3.082060e+00 -7.970861e+00 -4.795876e+00 -8.189803e-01 3.301829e+00 7.362097e-01 -5.179164e+00 -6.098925e-01 -7.851090e-01 7.352416e-01 1.711940e+00 3.129871e-01 -2.071491e+00 -1.203958e+00 6.539556e-01 1.715273e+00 6.702590e-02 -1.506397e+00 -7.148961e-01 -7.160392e-04
<VARIANCE> 25
 9.089207e+00 1.971995e+01 2.965986e+01 4.713325e+01 3.359485e+01 3.711547e+01 5.358889e+01 3.459883e+01 4.361485e+01 3.857116e+01 4.754468e+01 2.778343e+01 3.402049e-01 8.914214e-01 1.445091e+00 2.244615e+00 2.190338e+00 2.861270e+00 3.309761e+00 2.667801e+00 2.189292e+00 2.853329e+00 1.980798e+00 2.195794e+00 6.709965e-04
<GCONST> 8.763837e+01
<MIXTURE> 109 6.661064e-03
<MEAN> 25
 4.087648e+00 -1.053954e+01 -8.302815e+00 -1.364488e+00 2.744449e+00 -3.225179e-02 -7.524147e-02 1.449567e+00 -2.571689e+00 -8.376444e+00 -5.374590e+00 5.789998e-02 -3.313815e-02 -1.329529e-01 -3.382363e-02 2.501450e-01 1.947307e-01 1.173283e-01 -1.245452e-01 -1.045780e-01 -4.003331e-02 -1.312822e-01 2.192535e-01 1.176067e-02 -3.511746e-03
<VARIANCE> 25
 9.096778e+00 1.829183e+01 2.003203e+01 3.146694e+01 4.085641e+01 3.687632e+01 4.658931e+01 3.442266e+01 4.600082e+01 3.524229e+01 2.963689e+01 2.816560e+01 1.927567e-01 4.231346e-01 5.400495e-01 6.349590e-01 1.234615e+00 9.950802e-01 1.257227e+00 1.095308e+00 1.116323e+00 9.529277e-01 8.766134e-01 8.854157e-01 1.819758e-04
<GCONST> 7.446922e+01
<MIXTURE> 110 6.661064e-03
<MEAN> 25
 4.087648e+00 -1.053954e+01 -8.302815e+00 -1.364488e+00 2.744449e+00 -3.225179e-02 -7.524147e-02 1.449567e+00 -2.571689e+00 -8.376444e+00 -5.374590e+00 5.789998e-02 -3.313815e-02 -1.329529e-01 -3.382363e-02 2.501450e-01 1.947307e-01 1.173283e-01 -1.245452e-01 -1.045780e-01 -4.003331e-02 -1.312822e-01 2.192535e-01 1.176067e-02 -3.511746e-03
<VARIANCE> 25
 9.096778e+00 1.829183e+01 2.003203e+01 3.146694e+01 4.085641e+01 3.687632e+01 4.658931e+01 3.442266e+01 4.600082e+01 3.524229e+01 2.963689e+01 2.816560e+01 1.927567e-01 4.231346e-01 5.400495e-01 6.349590e-01 1.234615e+00 9.950802e-01 1.257227e+00 1.095308e+00 1.116323e+00 9.529277e-01 8.766134e-01 8.854157e-01 1.819758e-04
<GCONST> 7.446922e+01
<MIXTURE> 111 4.337247e-03
<MEAN> 25
 -4.476019e+00 -8.967226e-01 -1.715176e+00 1.692556e+00 9.693871e-01 9.627131e-01 3.168459e-01 2.172069e-01 1.057895e-01 -5.428670e-01 -6.357889e-01 1.967594e+00 -2.188567e-02 -3.207543e-02 -7.244381e-02 -7.556436e-02 -3.832294e-02 6.996652e-03 -1.198612e-03 -5.764516e-02 -1.377335e-01 -2.006996e-01 -1.908149e-01 -1.074239e-01 -2.179981e-04
<VARIANCE> 25
 6.991506e+00 5.017048e+00 1.021221e+01 9.404530e+00 1.310237e+01 2.380379e+01 1.465096e+01 1.316389e+01 1.173292e+01 1.189327e+01 1.363118e+01 1.157937e+01 7.937618e-02 1.636407e-01 2.749216e-01 4.222141e-01 5.692105e-01 7.043815e-01 7.996882e-01 8.583705e-01 8.951798e-01 8.573002e-01 8.611749e-01 8.485119e-01 2.230501e-05
<GCONST> 5.599734e+01
<MIXTURE> 112 4.337247e-03
<MEAN> 25
 -4.476019e+00 -8.967226e-01 -1.715176e+00 1.692556e+00 9.693871e-01 9.627131e-01 3.168459e-01 2.172069e-01 1.057895e-01 -5.428670e-01 -6.357889e-01 1.967594e+00 -2.188567e-02 -3.207543e-02 -7.244381e-02 -7.556436e-02 -3.832294e-02 6.996652e-03 -1.198612e-03 -5.764516e-02 -1.377335e-01 -2.006996e-01 -1.908149e-01 -1.074239e-01 -2.179981e-04
<VARIANCE> 25
 6.991506e+00 5.017048e+00 1.021221e+01 9.404530e+00 1.310237e+01 2.380379e+01 1.465096e+01 1.316389e+01 1.173292e+01 1.189327e+01 1.363118e+01 1.157937e+01 7.937618e-02 1.636407e-01 2.749216e-01 4.222141e-01 5.692105e-01 7.043815e-01 7.996882e-01 8.583705e-01 8.951798e-01 8.573002e-01 8.611749e-01 8.485119e-01 2.230501e-05
<GCONST> 5.599734e+01
<MIXTURE> 113 5.938666e-03
<MEAN> 25
 9.926572e+00 1.213124e+00 -8.472221e+00 -1.648336e+01 -1.887180e+00 6.543900e+00 -4.955621e+00 -8.922216e-01 -5.438070e+00 -1.311573e+00 2.105981e-01 -5.593967e-01 2.835581e-02 3.194309e-02 -3.609226e-02 -1.847627e-01 2.171931e-01 1.338648e-01 8.804976e-02 5.074731e-02 -9.308606e-02 -1.156576e-01 1.830398e-01 6.515758e-02 -5.693664e-04
<VARIANCE> 25
 7.994165e+00 1.697812e+01 2.749098e+01 3.348226e+01 5.357678e+01 3.630869e+01 3.650744e+01 3.811552e+01 3.422479e+01 4.688316e+01 3.273778e+01 2.665248e+01 1.159850e-01 3.045134e-01 3.146673e-01 6.161439e-01 7.205318e-01 6.024712e-01 7.235495e-01 8.661517e-01 8.770160e-01 8.634547e-01 6.736392e-01 6.909962e-01 1.220067e-04
<GCONST> 7.030601e+01
<MIXTURE> 114 5.938666e-03
<MEAN> 25
 9.926572e+00 1.213124e+00 -8.472221e+00 -1.648336e+01 -1.887180e+00 6.543900e+00 -4.955621e+00 -8.922216e-01 -5.438070e+00 -1.311573e+00 2.105981e-01 -5.593967e-01 2.835581e-02 3.194309e-02 -3.609226e-02 -1.847627e-01 2.171931e-01 1.338648e-01 8.804976e-02 5.074731e-02 -9.308606e-02 -1.156576e-01 1.830398e-01 6.515758e-02 -5.693664e-04
<VARIANCE> 25
 7.994165e+00 1.697812e+01 2.749098e+01 3.348226e+01 5.357678e+01 3.630869e+01 3.650744e+01 3.811552e+01 3.422479e+01 4.688316e+01 3.273778e+01 2.665248e+01 1.159850e-01 3.045134e-01 3.146673e-01 6.161439e-01 7.205318e-01 6.024712e-01 7.235495e-01 8.661517e-01 8.770160e-01 8.634547e-01 6.736392e-01 6.909962e-01 1.220067e-04
<GCONST> 7.030601e+01
<MIXTURE> 115 2.935202e-03
<MEAN> 25
 -4.035023e+00 -7.427480e-01 -3.098328e+00 3.658655e+00 2.414825e+00 -4.272049e-01 2.233003e+00 4.195959e-01 1.405433e+00 -2.177650e-02 2.988212e-02 2.688075e+00 3.061622e-02 -7.159293e-02 -2.306842e-01 -4.404208e-01 -6.333416e-01 -6.682584e-01 -5.912939e-01 -5.065035e-01 -4.828361e-01 -4.533966e-01 -3.446000e-01 -1.669071e-01 -6.770826e-06
<VARIANCE> 25
 9.253641e+00 9.906247e+00 1.355091e+01 1.267917e+01 1.346109e+01 1.752520e+01 1.705094e+01 2.078562e+01 1.803443e+01 1.717949e+01 1.920877e+01 1.463557e+01 2.038161e-01 3.450462e-01 4.844886e-01 5.618749e-01 6.328384e-01 7.984275e-01 1.006286e+00 1.132786e+00 1.079993e+00 9.973249e-01 1.023775e+00 1.064441e+00 1.004808e-06
<GCONST> 6.016230e+01
<MIXTURE> 116 2.935202e-03
<MEAN> 25
 -4.035023e+00 -7.427480e-01 -3.098328e+00 3.658655e+00 2.414825e+00 -4.272049e-01 2.233003e+00 4.195959e-01 1.405433e+00 -2.177650e-02 2.988212e-02 2.688075e+00 3.061622e-02 -7.159293e-02 -2.306842e-01 -4.404208e-01 -6.333416e-01 -6.682584e-01 -5.912939e-01 -5.065035e-01 -4.828361e-01 -4.533966e-01 -3.446000e-01 -1.669071e-01 -6.770826e-06
<VARIANCE> 25
 9.253641e+00 9.906247e+00 1.355091e+01 1.267917e+01 1.346109e+01 1.752520e+01 1.705094e+01 2.078562e+01 1.803443e+01 1.717949e+01 1.920877e+01 1.463557e+01 2.038161e-01 3.450462e-01 4.844886e-01 5.618749e-01 6.328384e-01 7.984275e-01 1.006286e+00 1.132786e+00 1.079993e+00 9.973249e-01 1.023775e+00 1.064441e+00 1.004808e-06
<GCONST> 6.016230e+01
<MIXTURE> 117 6.506003e-03
<MEAN> 25
 -4.655297e+00 1.130468e+00 1.060527e+00 9.747105e+00 6.272406e+00 6.248080e+00 6.464252e+00 5.052760e+00 6.388408e+00 4.883162e+00 6.341030e+00 2.720089e+00 -7.582453e-02 -2.346585e-01 -3.560948e-01 -4.159812e-01 -3.580363e-01 -3.002370e-01 -2.867332e-01 -3.305217e-01 -3.939124e-01 -3.661023e-01 -2.515793e-01 -1.060852e-01 -1.243355e-05
<VARIANCE> 25
 7.172632e+00 8.736049e+00 9.769599e+00 1.426227e+01 1.557274e+01 1.528600e+01 1.765153e+01 1.788131e+01 1.632534e+01 1.669297e+01 1.683761e+01 1.469421e+01 2.155996e-01 3.060704e-01 4.250876e-01 6.179833e-01 8.673691e-01 1.050892e+00 1.172148e+00 1.226814e+00 1.225783e+00 1.194848e+00 1.187469e+00 1.128981e+00 9.993136e-07
<GCONST> 6.044148e+01
<MIXTURE> 118 6.506003e-03
<MEAN> 25
 -4.655297e+00 1.130468e+00 1.060527e+00 9.747105e+00 6.272406e+00 6.248080e+00 6.464252e+00 5.052760e+00 6.388408e+00 4.883162e+00 6.341030e+00 2.720089e+00 -7.582453e-02 -2.346585e-01 -3.560948e-01 -4.159812e-01 -3.580363e-01 -3.002370e-01 -2.867332e-01 -3.305217e-01 -3.939124e-01 -3.661023e-01 -2.515793e-01 -1.060852e-01 -1.243355e-05
<VARIANCE> 25
 7.172632e+00 8.736049e+00 9.769599e+00 1.426227e+01 1.557274e+01 1.528600e+01 1.765153e+01 1.788131e+01 1.632534e+01 1.669297e+01 1.683761e+01 1.469421e+01 2.155996e-01 3.060704e-01 4.250876e-01 6.179833e-01 8.673691e-01 1.050892e+00 1.172148e+00 1.226814e+00 1.225783e+00 1.194848e+00 1.187469e+00 1.128981e+00 9.993136e-07
<GCONST> 6.044148e+01
<MIXTURE> 119 4.297961e-03
<MEAN> 25
 -4.975616e+00 -7.633739e+00 2.231622e+00 2.016851e+00 2.239950e+00 2.079445e-01 5.275048e+00 5.939500e+00 1.166896e+00 9.678013e-01 6.613463e+00 1.570587e+00 -4.998290e-02 -7.928302e-02 3.728798e-02 -5.726682e-02 -1.262441e-01 -1.799262e-01 -6.905940e-02 -1.393565e-02 -9.168638e-02 -1.119929e-01 -5.523425e-02 -5.817710e-02 1.112206e-03
<VARIANCE> 25
 8.502794e+00 9.822115e+00 1.656357e+01 2.018148e+01 2.286640e+01 2.320464e+01 2.499575e+01 2.648625e+01 2.504326e+01 2.807351e+01 2.040360e+01 2.041522e+01 1.604117e-01 2.824739e-01 4.597159e-01 6.329327e-01 8.035113e-01 1.003785e+00 1.099853e+00 1.277686e+00 1.286125e+00 1.245989e+00 1.192428e+00 1.112378e+00 2.316076e-04
<GCONST> 6.972082e+01
<MIXTURE> 120 4.297961e-03
<MEAN> 25
 -4.975616e+00 -7.633739e+00 2.231622e+00 2.016851e+00 2.239950e+00 2.079445e-01 5.275048e+00 5.939500e+00 1.166896e+00 9.678013e-01 6.613463e+00 1.570587e+00 -4.998290e-02 -7.928302e-02 3.728798e-02 -5.726682e-02 -1.262441e-01 -1.799262e-01 -6.905940e-02 -1.393565e-02 -9.168638e-02 -1.119929e-01 -5.523425e-02 -5.817710e-02 1.112206e-03
<VARIANCE> 25
 8.502794e+00 9.822115e+00 1.656357e+01 2.018148e+01 2.286640e+01 2.320464e+01 2.499575e+01 2.648625e+01 2.504326e+01 2.807351e+01 2.040360e+01 2.041522e+01 1.604117e-01 2.824739e-01 4.597159e-01 6.329327e-01 8.035113e-01 1.003785e+00 1.099853e+00 1.277686e+00 1.286125e+00 1.245989e+00 1.192428e+00 1.112378e+00 2.316076e-04
<GCONST> 6.972082e+01
<MIXTURE> 121 4.567511e-03
<MEAN> 25
 2.103815e-01 -2.523124e+00 5.157427e+00 -1.288639e+01 -1.264556e+01 -1.670409e+00 9.921218e-01 -5.104090e+00 -4.198617e+00 -4.778243e-01 -5.503043e+00 -4.299851e+00 2.392845e-02 1.315090e-01 -4.170554e-02 8.021908e-02 1.590443e-01 7.913708e-02 -7.967075e-02 -1.837950e-01 -2.676408e-01 -2.571903e-01 -1.156767e-01 1.183694e-03 -7.448148e-03
<VARIANCE> 25
 7.732376e+00 1.558453e+01 1.726363e+01 2.052780e+01 2.440330e+01 2.924835e+01 2.956612e+01 2.456540e+01 3.523730e+01 2.840864e+01 1.974631e+01 2.128254e+01 1.548886e-01 6.429826e-01 6.236928e-01 7.045705e-01 7.704376e-01 1.148736e+00 1.120064e+00 1.119647e+00 1.219837e+00 1.193175e+00 9.430380e-01 8.717179e-01 2.109061e-04
<GCONST> 7.140778e+01
<MIXTURE> 122 4.567511e-03
<MEAN> 25
 2.103815e-01 -2.523124e+00 5.157427e+00 -1.288639e+01 -1.264556e+01 -1.670409e+00 9.921218e-01 -5.104090e+00 -4.198617e+00 -4.778243e-01 -5.503043e+00 -4.299851e+00 2.392845e-02 1.315090e-01 -4.170554e-02 8.021908e-02 1.590443e-01 7.913708e-02 -7.967075e-02 -1.837950e-01 -2.676408e-01 -2.571903e-01 -1.156767e-01 1.183694e-03 -7.448148e-03
<VARIANCE> 25
 7.732376e+00 1.558453e+01 1.726363e+01 2.052780e+01 2.440330e+01 2.924835e+01 2.956612e+01 2.456540e+01 3.523730e+01 2.840864e+01 1.974631e+01 2.128254e+01 1.548886e-01 6.429826e-01 6.236928e-01 7.045705e-01 7.704376e-01 1.148736e+00 1.120064e+00 1.119647e+00 1.219837e+00 1.193175e+00 9.430380e-01 8.717179e-01 2.109061e-04
<GCONST> 7.140778e+01
<MIXTURE> 123 4.393044e-03
<MEAN> 25
 -4.288465e+00 1.267942e+00 2.107634e-01 6.035065e+00 5.255491e+00 3.286452e+00 3.177490e+00 4.982284e-01 6.786819e-01 -6.379498e-01 -5.144661e-02 1.286873e+00 -4.798383e-01 -7.489207e-01 -8.237880e-01 -5.601333e-01 -2.245061e-01 1.280163e-01 4.476309e-01 6.499259e-01 7.840145e-01 7.150220e-01 6.677302e-01 5.668641e-01 -3.139669e-03
<VARIANCE> 25
 9.906837e+00 1.102335e+01 1.501478e+01 1.652856e+01 2.102439e+01 2.666355e+01 2.133139e+01 1.834105e+01 2.025085e+01 1.673261e+01 2.098936e+01 2.135948e+01 3.480302e-01 3.789226e-01 5.092157e-01 8.116543e-01 9.912975e-01 1.170151e+00 1.315601e+00 1.144652e+00 1.129158e+00 1.192005e+00 1.172597e+00 1.182125e+00 9.526607e-05
<GCONST> 6.939680e+01
<MIXTURE> 124 4.069876e-03
<MEAN> 25
 -6.452189e+00 -6.050609e-01 -2.483168e+00 5.163826e+00 4.963479e+00 3.190343e+00 5.374387e+00 2.714003e+00 3.818413e+00 7.666729e-01 7.940571e-01 3.500670e+00 -2.453999e-01 -3.476687e-01 -3.748897e-01 -2.435353e-01 9.974748e-02 5.243324e-01 7.692624e-01 8.704872e-01 7.347758e-01 3.526730e-01 -1.008273e-02 -1.146736e-01 -2.770952e-04
<VARIANCE> 25
 9.816856e+00 8.432895e+00 1.103038e+01 1.113082e+01 1.168049e+01 1.789200e+01 1.432726e+01 1.525843e+01 1.655678e+01 1.603382e+01 1.792361e+01 1.435034e+01 1.056005e-01 1.857316e-01 2.545001e-01 4.113870e-01 5.678385e-01 6.400387e-01 7.269753e-01 7.809744e-01 9.282840e-01 9.172055e-01 9.461201e-01 9.986672e-01 1.864086e-05
<GCONST> 5.816032e+01
<MIXTURE> 125 4.069876e-03
<MEAN> 25
 -6.452189e+00 -6.050609e-01 -2.483168e+00 5.163826e+00 4.963479e+00 3.190343e+00 5.374387e+00 2.714003e+00 3.818413e+00 7.666729e-01 7.940571e-01 3.500670e+00 -2.453999e-01 -3.476687e-01 -3.748897e-01 -2.435353e-01 9.974748e-02 5.243324e-01 7.692624e-01 8.704872e-01 7.347758e-01 3.526730e-01 -1.008273e-02 -1.146736e-01 -2.770952e-04
<VARIANCE> 25
 9.816856e+00 8.432895e+00 1.103038e+01 1.113082e+01 1.168049e+01 1.789200e+01 1.432726e+01 1.525843e+01 1.655678e+01 1.603382e+01 1.792361e+01 1.435034e+01 1.056005e-01 1.857316e-01 2.545001e-01 4.113870e-01 5.678385e-01 6.400387e-01 7.269753e-01 7.809744e-01 9.282840e-01 9.172055e-01 9.461201e-01 9.986672e-01 1.864086e-05
<GCONST> 5.816032e+01
<MIXTURE> 126 2.402244e-03
<MEAN> 25
 -3.790086e+00 -6.935147e+00 -5.280814e+00 2.320316e+00 4.276648e+00 -3.241790e+00 6.850201e-02 3.552362e+00 3.341356e+00 -2.696897e+00 -1.428743e+00 3.056146e+00 -2.408285e-03 -6.245273e-03 -3.558223e-02 -1.584727e-01 -3.189805e-01 -3.891467e-01 -2.733871e-01 -1.572018e-01 -1.127065e-01 -1.151267e-01 -9.793703e-02 -3.037868e-02 -1.476448e-03
<VARIANCE> 25
 7.427292e+00 1.265060e+01 1.384325e+01 1.512178e+01 2.466229e+01 2.368886e+01 2.274192e+01 2.841830e+01 3.128230e+01 2.623379e+01 2.176006e+01 1.918569e+01 1.707170e-01 3.520295e-01 4.831622e-01 5.669771e-01 7.537265e-01 9.953246e-01 1.122067e+00 1.262607e+00 1.329336e+00 1.310644e+00 1.213588e+00 1.147244e+00 2.108115e-04
<GCONST> 6.979551e+01
<MIXTURE> 127 2.402244e-03
<MEAN> 25
 -3.790086e+00 -6.935147e+00 -5.280814e+00 2.320316e+00 4.276648e+00 -3.241790e+00 6.850201e-02 3.552362e+00 3.341356e+00 -2.696897e+00 -1.428743e+00 3.056146e+00 -2.408285e-03 -6.245273e-03 -3.558223e-02 -1.584727e-01 -3.189805e-01 -3.891467e-01 -2.733871e-01 -1.572018e-01 -1.127065e-01 -1.151267e-01 -9.793703e-02 -3.037868e-02 -1.476448e-03
<VARIANCE> 25
 7.427292e+00 1.265060e+01 1.384325e+01 1.512178e+01 2.466229e+01 2.368886e+01 2.274192e+01 2.841830e+01 3.128230e+01 2.623379e+01 2.176006e+01 1.918569e+01 1.707170e-01 3.520295e-01 4.831622e-01 5.669771e-01 7.537265e-01 9.953246e-01 1.122067e+00 1.262607e+00 1.329336e+00 1.310644e+00 1.213588e+00 1.147244e+00 2.108115e-04
<GCONST> 6.979551e+01
<MIXTURE> 128 3.790457e-03
<MEAN> 25
 -3.947619e+00 1.567742e+00 -3.299591e-01 6.567788e+00 3.644000e+00 1.873326e+00 3.622997e+00 2.418832e+00 4.003895e+00 3.661112e+00 3.702624e+00 3.532947e+00 -3.933005e-01 -1.967895e-01 1.021688e-01 7.294307e-01 1.191515e+00 1.130153e+00 7.178259e-01 1.297657e-01 -4.576293e-01 -7.935670e-01 -6.786863e-01 -3.813490e-01 -4.084120e-05
<VARIANCE> 25
 1.014448e+01 1.165932e+01 1.486017e+01 1.917885e+01 1.999787e+01 2.101452e+01 2.434557e+01 2.468733e+01 2.637357e+01 2.381483e+01 2.704526e+01 1.804617e+01 8.849903e-01 1.135893e+00 1.354644e+00 1.489976e+00 1.571233e+00 1.849593e+00 2.229693e+00 2.305494e+00 2.168246e+00 1.844421e+00 1.788058e+00 1.749624e+00 9.972106e-07
<GCONST> 7.356489e+01
<TRANSP> 3
 0.000000e+00 1.000000e+00 0.000000e+00
 0.000000e+00 9.999990e-01 9.999998e-07
 0.000000e+00 0.000000e+00 0.000000e+00
<ENDHMM>
