~o
<STREAMINFO> 1 25
<VECSIZE> 25<NULLD><MFCC_E_D_N><DIAGC>
~h "jmodel"
<BEGINHMM>
<NUMSTATES> 3
<STATE> 2
<NUMMIXES> 128
<MIXTURE> 1 5.748963e-03
<MEAN> 25
 -2.585768e+00 3.181975e+00 2.314752e+00 8.745847e+00 4.368599e+00 3.447876e+00 4.062113e+00 3.929948e+00 5.827484e+00 5.250970e+00 5.881023e+00 3.073964e+00 -2.005357e+00 -1.636017e+00 -8.644197e-01 1.076082e+00 1.558795e+00 2.230498e+00 2.153339e+00 2.081414e+00 1.691771e+00 1.267371e+00 1.568943e+00 6.165038e-01 -4.678435e-02
<VARIANCE> 25
 1.005893e+01 1.174794e+01 1.493573e+01 1.874188e+01 2.317828e+01 2.214071e+01 2.190482e+01 2.199094e+01 2.099905e+01 2.251891e+01 2.094253e+01 1.709980e+01 1.790772e+00 2.111953e+00 3.026813e+00 3.206794e+00 3.739571e+00 3.356886e+00 3.318177e+00 3.388556e+00 3.521735e+00 3.727777e+00 3.512052e+00 2.843237e+00 3.137719e-03
<GCONST> 8.847574e+01
<MIXTURE> 2 4.549242e-03
<MEAN> 25
 -4.882031e+00 1.317673e+00 9.975772e-01 9.867712e+00 6.680053e+00 7.422300e+00 7.861474e+00 6.959141e+00 8.346844e+00 6.360831e+00 7.615063e+00 3.080664e+00 -6.244314e-02 3.954631e-02 1.413389e-01 2.266624e-01 2.649191e-01 2.822150e-01 2.955809e-01 3.148435e-01 3.429209e-01 3.078025e-01 1.972659e-01 7.973140e-02 6.084383e-06
<VARIANCE> 25
 6.936255e+00 8.887135e+00 1.061463e+01 1.611353e+01 1.722548e+01 1.550580e+01 1.691995e+01 1.842339e+01 1.670413e+01 1.735901e+01 1.806638e+01 1.430809e+01 1.252519e-01 2.272073e-01 3.355840e-01 4.659499e-01 6.476246e-01 8.127132e-01 9.272296e-01 1.006307e+00 1.063044e+00 1.074298e+00 1.071859e+00 1.010251e+00 1.009279e-06
<GCONST> 5.804472e+01
<MIXTURE> 3 4.549242e-03
<MEAN> 25
 -4.882031e+00 1.317673e+00 9.975772e-01 9.867712e+00 6.680053e+00 7.422300e+00 7.861474e+00 6.959141e+00 8.346844e+00 6.360831e+00 7.615063e+00 3.080664e+00 -6.244314e-02 3.954631e-02 1.413389e-01 2.266624e-01 2.649191e-01 2.822150e-01 2.955809e-01 3.148435e-01 3.429209e-01 3.078025e-01 1.972659e-01 7.973140e-02 6.084383e-06
<VARIANCE> 25
 6.936255e+00 8.887135e+00 1.061463e+01 1.611353e+01 1.722548e+01 1.550580e+01 1.691995e+01 1.842339e+01 1.670413e+01 1.735901e+01 1.806638e+01 1.430809e+01 1.252519e-01 2.272073e-01 3.355840e-01 4.659499e-01 6.476246e-01 8.127132e-01 9.272296e-01 1.006307e+00 1.063044e+00 1.074298e+00 1.071859e+00 1.010251e+00 1.009279e-06
<GCONST> 5.804472e+01
<MIXTURE> 4 1.671429e-02
<MEAN> 25
 3.565169e+00 2.579139e+00 -3.520133e+00 -2.190821e-01 3.633464e+00 5.239297e-01 7.493335e-01 -7.577973e-02 1.964434e+00 2.382359e+00 -1.292512e+00 -5.706639e-01 -2.869031e+00 7.726575e-01 1.686387e+00 2.696973e+00 7.648262e-01 3.993011e-02 1.258751e+00 1.152854e+00 8.680490e-01 -6.767698e-02 1.195046e+00 1.205062e+00 -8.316803e-02
<VARIANCE> 25
 1.915559e+01 2.482183e+01 2.638358e+01 3.969027e+01 4.012355e+01 6.633247e+01 6.765801e+01 4.569336e+01 5.271787e+01 5.738012e+01 4.475882e+01 3.224041e+01 2.364336e+00 4.993633e+00 3.164785e+00 4.947717e+00 4.320662e+00 6.400115e+00 5.444943e+00 4.673317e+00 4.932127e+00 6.887379e+00 5.192226e+00 4.922254e+00 7.155064e-03
<GCONST> 1.038797e+02
<MIXTURE> 5 3.206198e-03
<MEAN> 25
 -3.417479e+00 2.181534e+00 6.105168e-01 9.427813e+00 6.696760e+00 6.315874e+00 7.112964e+00 4.723647e+00 5.495590e+00 3.847692e+00 4.658397e+00 2.606124e+00 -3.246087e-01 7.528322e-01 1.224747e+00 1.032619e+00 3.077881e-01 -1.000255e-01 -8.382850e-02 3.353401e-02 4.577781e-01 6.835369e-01 4.038796e-01 8.798936e-02 -2.783618e-05
<VARIANCE> 25
 1.025049e+01 1.394197e+01 2.348398e+01 2.562282e+01 2.022029e+01 1.942391e+01 2.011374e+01 2.035773e+01 2.141822e+01 2.128316e+01 2.409585e+01 1.636159e+01 1.209968e+00 1.244290e+00 1.357066e+00 1.673352e+00 2.284741e+00 2.376327e+00 2.301322e+00 2.275117e+00 2.315866e+00 2.238410e+00 2.085357e+00 1.873758e+00 1.000225e-06
<GCONST> 7.516592e+01
<MIXTURE> 6 5.475854e-03
<MEAN> 25
 9.666496e+00 -3.988731e-01 -6.640392e+00 -1.097800e+01 -2.134032e+00 6.768178e+00 -5.939180e+00 -5.254998e+00 -3.614246e+00 1.804451e+00 4.621556e+00 -1.232977e+00 4.778012e-01 9.005108e-01 -3.520132e-01 -1.458469e+00 -6.279539e-01 1.305938e+00 1.527172e+00 2.427078e-01 -1.212184e+00 -1.217764e+00 3.254235e-01 1.232456e+00 -8.287012e-03
<VARIANCE> 25
 9.078928e+00 1.701476e+01 2.420253e+01 3.953692e+01 3.674832e+01 3.095913e+01 4.449129e+01 3.802122e+01 4.090611e+01 3.951388e+01 4.186397e+01 2.834129e+01 3.173660e-01 8.610303e-01 9.401963e-01 1.988208e+00 1.617957e+00 2.016191e+00 1.932096e+00 2.054728e+00 2.395417e+00 1.950823e+00 2.233101e+00 1.439441e+00 5.873097e-04
<GCONST> 8.394640e+01
<MIXTURE> 7 5.475854e-03
<MEAN> 25
 9.666496e+00 -3.988731e-01 -6.640392e+00 -1.097800e+01 -2.134032e+00 6.768178e+00 -5.939180e+00 -5.254998e+00 -3.614246e+00 1.804451e+00 4.621556e+00 -1.232977e+00 4.778012e-01 9.005108e-01 -3.520132e-01 -1.458469e+00 -6.279539e-01 1.305938e+00 1.527172e+00 2.427078e-01 -1.212184e+00 -1.217764e+00 3.254235e-01 1.232456e+00 -8.287012e-03
<VARIANCE> 25
 9.078928e+00 1.701476e+01 2.420253e+01 3.953692e+01 3.674832e+01 3.095913e+01 4.449129e+01 3.802122e+01 4.090611e+01 3.951388e+01 4.186397e+01 2.834129e+01 3.173660e-01 8.610303e-01 9.401963e-01 1.988208e+00 1.617957e+00 2.016191e+00 1.932096e+00 2.054728e+00 2.395417e+00 1.950823e+00 2.233101e+00 1.439441e+00 5.873097e-04
<GCONST> 8.394640e+01
<MIXTURE> 8 1.165917e-02
<MEAN> 25
 -4.827832e+00 1.759057e+00 1.478532e+00 8.696905e+00 6.042516e+00 6.096143e+00 6.953905e+00 5.351226e+00 6.221632e+00 5.474755e+00 5.901920e+00 2.273039e+00 -6.169416e-01 -1.751084e+00 -7.402908e-01 -1.454444e+00 -3.871265e-01 -6.813112e-01 -2.459001e-01 -3.762389e-01 5.222673e-03 -3.134605e-01 5.076437e-02 2.792948e-01 9.801311e-02
<VARIANCE> 25
 8.178111e+00 9.704555e+00 1.018276e+01 1.807273e+01 1.577020e+01 1.434267e+01 1.673772e+01 1.570790e+01 1.581209e+01 1.534678e+01 1.960630e+01 1.666096e+01 2.403047e+00 3.172050e+00 3.949378e+00 3.636939e+00 3.103973e+00 3.297950e+00 2.744765e+00 2.717703e+00 2.849366e+00 2.440934e+00 2.531646e+00 1.892564e+00 5.850437e-03
<GCONST> 8.520620e+01
<MIXTURE> 9 1.199672e-02
<MEAN> 25
 9.227365e+00 3.809739e+00 -5.107584e+00 -1.108276e+01 -2.428711e+00 5.619460e+00 -2.477010e+00 -2.511879e+00 -4.713073e+00 -1.771245e+00 -3.008909e-01 1.674877e+00 1.660213e+00 5.934697e-02 -2.812274e-01 -2.525995e+00 -2.117920e+00 7.963969e-01 -1.388442e+00 -5.028345e-01 -5.301861e-01 -4.765677e-01 6.028462e-01 1.409381e-01 7.638509e-02
<VARIANCE> 25
 1.038732e+01 1.922353e+01 3.286039e+01 4.765994e+01 4.560601e+01 3.038385e+01 3.760078e+01 4.365507e+01 3.785947e+01 3.573867e+01 3.392008e+01 3.464106e+01 1.995599e+00 2.344453e+00 3.959966e+00 4.188038e+00 5.238536e+00 3.445106e+00 4.342163e+00 5.346759e+00 4.729140e+00 3.516958e+00 3.367564e+00 3.035387e+00 1.883915e-03
<GCONST> 9.676724e+01
<MIXTURE> 10 6.596976e-03
<MEAN> 25
 8.322166e-01 7.621950e+00 5.367436e+00 7.113599e+00 1.595649e+00 -2.102606e+00 -5.213953e-01 -1.698784e+00 8.695483e-01 8.730768e-01 8.310839e-01 6.388444e-01 -1.922272e+00 -6.710773e-01 -4.558007e-01 3.017930e+00 2.457180e+00 2.703142e+00 2.369116e+00 2.275285e+00 1.857881e+00 1.539863e+00 2.332404e+00 5.185744e-01 -1.379252e-01
<VARIANCE> 25
 1.951218e+01 2.068963e+01 2.225695e+01 2.931298e+01 3.820231e+01 3.500197e+01 3.502931e+01 3.382180e+01 2.752677e+01 2.903240e+01 2.697387e+01 2.509705e+01 2.229076e+00 3.418929e+00 5.519263e+00 5.181530e+00 5.548271e+00 4.473091e+00 4.698006e+00 4.828615e+00 4.377971e+00 5.018737e+00 4.431430e+00 3.196881e+00 2.700693e-03
<GCONST> 9.744900e+01
<MIXTURE> 11 1.633820e-02
<MEAN> 25
 6.794151e+00 4.458562e+00 2.707960e+00 3.256835e+00 -2.210459e+00 -2.490737e+00 -2.120230e+00 -6.137323e+00 -3.921678e+00 9.482087e-01 -2.983596e+00 -3.510728e+00 -3.773901e-01 6.593931e-01 2.154840e-01 1.634852e-01 7.881109e-01 7.593162e-02 6.397039e-02 1.454704e-01 6.440457e-01 -1.997586e-01 -2.313638e-01 -9.131505e-02 -3.127144e-02
<VARIANCE> 25
 7.465899e+00 1.624904e+01 1.457332e+01 2.244180e+01 2.920668e+01 3.647545e+01 3.732152e+01 3.033197e+01 4.130014e+01 2.553695e+01 2.567733e+01 2.577523e+01 1.005229e+00 1.211510e+00 1.402487e+00 1.555314e+00 1.877687e+00 1.584373e+00 1.514692e+00 3.018512e+00 2.304401e+00 1.690429e+00 1.711045e+00 1.942114e+00 1.282460e-03
<GCONST> 8.348318e+01
<MIXTURE> 12 5.904134e-03
<MEAN> 25
 1.072644e+01 3.743517e+00 -4.473253e+00 -1.590676e+01 -8.685556e+00 8.670520e+00 -9.689326e-01 -1.903110e+00 -1.698631e+00 -4.892324e+00 1.771920e+00 7.349852e-01 6.674415e-02 2.978877e-01 7.652723e-02 -3.623983e-01 -3.093207e-01 2.510981e-02 3.094488e-01 4.443720e-01 1.355661e-01 -3.870082e-01 -3.758263e-01 5.597746e-02 -6.352565e-03
<VARIANCE> 25
 9.090670e+00 2.088426e+01 2.337532e+01 3.613186e+01 4.190786e+01 3.093926e+01 4.258286e+01 4.878352e+01 4.393182e+01 3.736619e+01 3.778511e+01 2.885815e+01 2.463020e-01 6.914383e-01 6.840290e-01 1.169089e+00 1.184379e+00 1.053260e+00 1.171313e+00 1.385040e+00 1.240700e+00 1.220332e+00 1.233604e+00 9.559932e-01 5.780878e-04
<GCONST> 7.897126e+01
<MIXTURE> 13 5.904134e-03
<MEAN> 25
 1.072644e+01 3.743517e+00 -4.473253e+00 -1.590676e+01 -8.685556e+00 8.670520e+00 -9.689326e-01 -1.903110e+00 -1.698631e+00 -4.892324e+00 1.771920e+00 7.349852e-01 6.674415e-02 2.978877e-01 7.652723e-02 -3.623983e-01 -3.093207e-01 2.510981e-02 3.094488e-01 4.443720e-01 1.355661e-01 -3.870082e-01 -3.758263e-01 5.597746e-02 -6.352565e-03
<VARIANCE> 25
 9.090670e+00 2.088426e+01 2.337532e+01 3.613186e+01 4.190786e+01 3.093926e+01 4.258286e+01 4.878352e+01 4.393182e+01 3.736619e+01 3.778511e+01 2.885815e+01 2.463020e-01 6.914383e-01 6.840290e-01 1.169089e+00 1.184379e+00 1.053260e+00 1.171313e+00 1.385040e+00 1.240700e+00 1.220332e+00 1.233604e+00 9.559932e-01 5.780878e-04
<GCONST> 7.897126e+01
<MIXTURE> 14 6.488954e-03
<MEAN> 25
 -4.372890e+00 -2.910697e-01 -2.537098e-01 8.706381e+00 7.416522e+00 7.319516e+00 7.898478e+00 7.288711e+00 7.172288e+00 5.123643e+00 6.708000e+00 4.011071e+00 -2.615639e-01 1.905922e-01 3.615278e-01 2.984817e-01 -3.062764e-02 3.928304e-02 7.818224e-02 1.676582e-01 2.913266e-01 5.465751e-01 5.195497e-01 9.755322e-02 -8.920656e-03
<VARIANCE> 25
 9.138062e+00 1.387714e+01 1.828895e+01 1.888672e+01 2.088671e+01 1.924172e+01 2.113977e+01 2.027040e+01 2.000462e+01 2.369941e+01 2.185468e+01 1.598650e+01 9.600826e-01 1.619533e+00 1.733379e+00 1.892122e+00 2.270293e+00 2.264516e+00 2.276923e+00 2.229038e+00 2.252811e+00 2.467825e+00 2.165418e+00 1.796334e+00 1.037249e-03
<GCONST> 8.180197e+01
<MIXTURE> 15 2.475190e-03
<MEAN> 25
 -5.470392e+00 -6.054400e-01 -1.806236e-01 7.310583e+00 5.697382e+00 5.665861e+00 6.067570e+00 4.957019e+00 5.155151e+00 4.146034e+00 5.450196e+00 2.531585e+00 -1.186502e-01 -2.545477e-02 7.500929e-02 2.416030e-01 4.925008e-01 7.832159e-01 1.063806e+00 1.169181e+00 1.055901e+00 7.505969e-01 4.054660e-01 1.430979e-01 -1.763514e-04
<VARIANCE> 25
 7.136518e+00 5.679893e+00 8.965374e+00 1.296794e+01 1.397510e+01 1.424181e+01 1.480402e+01 1.478935e+01 1.399277e+01 1.413581e+01 1.519348e+01 1.243905e+01 1.239857e-01 2.062550e-01 3.217049e-01 5.007730e-01 6.947468e-01 7.877005e-01 7.626694e-01 8.006378e-01 9.004189e-01 1.023901e+00 1.080438e+00 1.040216e+00 2.848619e-05
<GCONST> 5.859752e+01
<MIXTURE> 16 2.475190e-03
<MEAN> 25
 -5.470392e+00 -6.054400e-01 -1.806236e-01 7.310583e+00 5.697382e+00 5.665861e+00 6.067570e+00 4.957019e+00 5.155151e+00 4.146034e+00 5.450196e+00 2.531585e+00 -1.186502e-01 -2.545477e-02 7.500929e-02 2.416030e-01 4.925008e-01 7.832159e-01 1.063806e+00 1.169181e+00 1.055901e+00 7.505969e-01 4.054660e-01 1.430979e-01 -1.763514e-04
<VARIANCE> 25
 7.136518e+00 5.679893e+00 8.965374e+00 1.296794e+01 1.397510e+01 1.424181e+01 1.480402e+01 1.478935e+01 1.399277e+01 1.413581e+01 1.519348e+01 1.243905e+01 1.239857e-01 2.062550e-01 3.217049e-01 5.007730e-01 6.947468e-01 7.877005e-01 7.626694e-01 8.006378e-01 9.004189e-01 1.023901e+00 1.080438e+00 1.040216e+00 2.848619e-05
<GCONST> 5.859752e+01
<MIXTURE> 17 9.518312e-03
<MEAN> 25
 3.113119e+00 5.168306e-01 6.787308e+00 1.169319e+00 -5.933708e+00 -3.764775e+00 -4.022099e+00 -5.571923e-01 -1.431664e+00 -4.113111e+00 8.536828e-01 9.822938e-01 -6.812959e-01 -1.486753e+00 9.608373e-01 -1.518072e+00 -2.054800e+00 -7.213247e-01 2.344276e-01 9.036943e-01 -8.461620e-01 -4.847332e-01 1.419461e+00 1.145238e+00 8.254326e-02
<VARIANCE> 25
 1.489396e+01 3.580371e+01 2.785639e+01 3.287690e+01 3.865326e+01 6.524886e+01 3.411997e+01 2.524061e+01 3.170796e+01 2.462477e+01 3.282729e+01 2.561382e+01 1.615880e+00 2.581313e+00 3.277375e+00 3.144863e+00 3.254483e+00 5.553417e+00 5.437546e+00 3.769939e+00 3.682413e+00 3.143603e+00 2.650341e+00 3.393646e+00 2.010711e-03
<GCONST> 9.514374e+01
<MIXTURE> 18 1.221018e-02
<MEAN> 25
 4.052131e+00 4.493176e+00 6.390796e+00 4.590890e+00 -4.499138e+00 -8.243301e+00 -1.902073e+00 -1.321533e+00 -3.580903e+00 -2.133173e+00 -7.550583e-01 3.803152e-01 -7.437980e-01 2.097039e+00 -2.041811e-01 1.928062e+00 3.083373e+00 1.489519e+00 8.232599e-01 -1.763143e-01 5.475979e-01 5.630527e-01 -3.297431e-01 -1.516497e-01 -1.221828e-01
<VARIANCE> 25
 1.580514e+01 2.486518e+01 3.509171e+01 2.602258e+01 3.978954e+01 3.349835e+01 3.857650e+01 3.499006e+01 4.059353e+01 3.595377e+01 3.285646e+01 3.134007e+01 2.481537e+00 3.013078e+00 4.588889e+00 4.116443e+00 4.036369e+00 4.546480e+00 4.516887e+00 4.372864e+00 4.538832e+00 4.350357e+00 4.448883e+00 3.722848e+00 4.033076e-03
<GCONST> 9.848360e+01
<MIXTURE> 19 9.912824e-03
<MEAN> 25
 -9.089960e+00 1.592292e+00 3.166139e-01 9.496206e-01 3.536328e+00 1.222848e+00 3.588454e+00 1.063359e+00 2.025999e+00 1.227565e+00 6.475329e-01 2.026867e+00 2.222733e+00 1.674398e+00 1.982620e+00 6.580589e-01 -1.078231e+00 -9.581152e-01 -1.123881e+00 -1.685284e+00 -1.453522e+00 -1.069610e+00 -1.004549e+00 -6.697099e-01 1.012262e-02
<VARIANCE> 25
 5.489195e+01 2.731008e+01 4.508552e+01 4.838228e+01 3.191922e+01 3.480794e+01 2.894932e+01 2.943829e+01 2.589568e+01 2.604356e+01 2.869692e+01 1.742932e+01 2.280328e+00 2.042851e+00 2.179686e+00 2.167930e+00 2.340702e+00 2.314437e+00 2.262360e+00 2.767200e+00 1.889258e+00 1.841070e+00 2.552249e+00 1.914095e+00 2.742784e-03
<GCONST> 9.098637e+01
<MIXTURE> 20 6.308331e-03
<MEAN> 25
 -1.417020e+01 7.389899e+00 8.408688e-01 6.137302e+00 4.838354e+00 1.632613e+00 5.206753e+00 8.367120e-01 9.076458e-01 7.906727e-01 2.584569e+00 -2.864599e-01 -3.286482e+00 -8.655471e-01 -1.568191e+00 3.395226e-01 1.538713e+00 2.056874e+00 1.979333e+00 2.049792e+00 2.137674e+00 2.032272e+00 1.680728e+00 9.495703e-01 4.747773e-02
<VARIANCE> 25
 1.969189e+01 2.363966e+01 3.091081e+01 3.717770e+01 3.078013e+01 2.781967e+01 2.987030e+01 3.148261e+01 2.798279e+01 2.816760e+01 2.522359e+01 2.098003e+01 2.088828e+00 2.180674e+00 1.908470e+00 2.551572e+00 2.697546e+00 2.319315e+00 2.305089e+00 2.328198e+00 2.247502e+00 2.667336e+00 2.253510e+00 1.874478e+00 1.891040e-03
<GCONST> 8.925105e+01
<MIXTURE> 21 7.928653e-03
<MEAN> 25
 4.005874e+00 -4.630651e+00 5.998879e+00 -1.411386e+00 -1.036648e+01 -8.006660e+00 -3.336425e+00 4.562788e+00 -2.399417e+00 -3.916735e+00 8.664802e-01 9.532837e-01 -6.792203e-01 1.407815e+00 2.272326e+00 -1.291899e-01 -1.642586e+00 5.140847e-01 6.168064e-01 -1.336716e+00 -1.918470e+00 5.194408e-01 1.222068e+00 2.977046e-01 -1.040015e-02
<VARIANCE> 25
 7.915105e+00 1.780117e+01 3.358607e+01 2.537191e+01 2.613626e+01 3.881749e+01 4.058178e+01 4.029465e+01 4.096974e+01 2.892037e+01 3.230460e+01 2.619541e+01 3.440936e-01 9.747907e-01 2.622488e+00 1.197041e+00 2.099994e+00 2.347289e+00 4.263811e+00 2.787874e+00 2.753651e+00 2.883437e+00 1.871530e+00 2.071836e+00 5.396585e-04
<GCONST> 8.580740e+01
<MIXTURE> 22 8.827789e-03
<MEAN> 25
 -1.788563e+01 6.768157e+00 -4.227784e+00 7.568696e+00 5.193224e+00 2.417257e+00 8.198214e+00 1.337847e+00 5.135363e+00 3.048659e+00 5.158798e+00 1.258654e+00 -2.555282e-01 -2.025633e-01 -1.796749e-01 -1.351628e-01 9.476902e-02 1.070010e-02 1.119056e-01 1.813849e-01 2.949152e-01 3.728979e-01 1.274597e-01 9.758840e-02 8.338752e-03
<VARIANCE> 25
 7.418022e+00 1.738928e+01 1.595172e+01 2.308188e+01 2.377415e+01 2.058796e+01 1.877605e+01 1.838261e+01 1.737585e+01 2.007091e+01 2.029409e+01 1.265222e+01 1.299331e+00 1.272766e+00 1.256509e+00 1.445355e+00 1.437080e+00 1.594484e+00 1.413107e+00 1.391341e+00 1.523473e+00 2.047881e+00 1.823701e+00 1.183009e+00 1.992681e-03
<GCONST> 7.844852e+01
<MIXTURE> 23 6.455497e-03
<MEAN> 25
 7.524092e+00 2.346065e+00 2.590858e+00 1.671437e+00 -5.189299e+00 -1.857473e+00 -4.147882e+00 -6.624324e+00 -3.905887e+00 -1.204618e+00 -4.152594e+00 -1.268225e+00 9.157659e-05 3.042066e-01 7.092936e-03 7.933348e-02 -8.197198e-02 -1.746439e-02 6.114100e-02 -8.596294e-02 -5.258563e-02 3.209226e-03 9.459713e-02 -2.401496e-02 -6.220211e-03
<VARIANCE> 25
 8.875422e+00 1.749068e+01 1.971114e+01 3.182514e+01 2.923754e+01 5.846632e+01 5.725470e+01 4.993284e+01 4.405469e+01 3.999592e+01 4.056108e+01 3.445727e+01 9.720974e-02 4.171684e-01 3.723087e-01 4.314169e-01 5.973548e-01 6.555408e-01 9.373220e-01 7.230985e-01 8.728887e-01 7.607012e-01 9.656813e-01 7.996023e-01 8.177574e-05
<GCONST> 7.111226e+01
<MIXTURE> 24 6.455497e-03
<MEAN> 25
 7.524092e+00 2.346065e+00 2.590858e+00 1.671437e+00 -5.189299e+00 -1.857473e+00 -4.147882e+00 -6.624324e+00 -3.905887e+00 -1.204618e+00 -4.152594e+00 -1.268225e+00 9.157659e-05 3.042066e-01 7.092936e-03 7.933348e-02 -8.197198e-02 -1.746439e-02 6.114100e-02 -8.596294e-02 -5.258563e-02 3.209226e-03 9.459713e-02 -2.401496e-02 -6.220211e-03
<VARIANCE> 25
 8.875422e+00 1.749068e+01 1.971114e+01 3.182514e+01 2.923754e+01 5.846632e+01 5.725470e+01 4.993284e+01 4.405469e+01 3.999592e+01 4.056108e+01 3.445727e+01 9.720974e-02 4.171684e-01 3.723087e-01 4.314169e-01 5.973548e-01 6.555408e-01 9.373220e-01 7.230985e-01 8.728887e-01 7.607012e-01 9.656813e-01 7.996023e-01 8.177574e-05
<GCONST> 7.111226e+01
<MIXTURE> 25 1.118642e-02
<MEAN> 25
 3.822837e-01 3.332020e+00 1.667267e+01 -1.058599e+00 -1.124186e+01 -1.901344e+00 -5.076911e+00 -2.822434e+00 -6.870587e+00 -5.479560e+00 4.128727e+00 -1.435876e+00 -1.341148e-01 4.457512e-01 1.546100e-01 1.393582e-01 1.787088e-01 1.324671e-01 2.336541e-01 -1.494407e-01 -3.057450e-01 1.204578e-01 -6.207186e-02 -9.864751e-02 -1.243762e-02
<VARIANCE> 25
 8.955036e+00 2.259071e+01 2.099713e+01 2.801200e+01 3.120502e+01 4.131855e+01 2.713743e+01 2.993923e+01 2.841820e+01 3.587818e+01 2.068999e+01 2.885877e+01 5.837482e-01 1.430775e+00 1.402620e+00 1.356798e+00 2.304393e+00 2.040840e+00 1.827540e+00 1.635943e+00 1.685511e+00 1.741852e+00 1.340958e+00 1.329730e+00 1.314679e-03
<GCONST> 8.294287e+01
<MIXTURE> 26 7.727677e-03
<MEAN> 25
 2.438573e+00 -5.323889e+00 -9.075067e+00 -1.473352e+00 7.652633e+00 5.848102e+00 4.035525e+00 9.625950e-01 2.436166e+00 -1.463815e-01 -2.989319e+00 -1.897258e+00 -7.632954e-01 6.856939e-01 3.693735e-01 2.168055e-01 3.708746e-01 2.512282e-01 5.813436e-01 1.659990e-01 2.875709e-01 -2.340404e-01 1.212766e-01 4.469079e-01 -5.583481e-02
<VARIANCE> 25
 2.262611e+01 3.266081e+01 2.534473e+01 5.788081e+01 3.206660e+01 3.833685e+01 3.921126e+01 4.389475e+01 3.653983e+01 5.083737e+01 3.508931e+01 4.022101e+01 1.579202e+00 1.566053e+00 1.575338e+00 2.616841e+00 2.540163e+00 2.016773e+00 2.516353e+00 3.019804e+00 2.002551e+00 2.458379e+00 2.183696e+00 2.138372e+00 2.748690e-03
<GCONST> 9.240948e+01
<MIXTURE> 27 7.727677e-03
<MEAN> 25
 2.438573e+00 -5.323889e+00 -9.075067e+00 -1.473352e+00 7.652633e+00 5.848102e+00 4.035525e+00 9.625950e-01 2.436166e+00 -1.463815e-01 -2.989319e+00 -1.897258e+00 -7.632954e-01 6.856939e-01 3.693735e-01 2.168055e-01 3.708746e-01 2.512282e-01 5.813436e-01 1.659990e-01 2.875709e-01 -2.340404e-01 1.212766e-01 4.469079e-01 -5.583481e-02
<VARIANCE> 25
 2.262611e+01 3.266081e+01 2.534473e+01 5.788081e+01 3.206660e+01 3.833685e+01 3.921126e+01 4.389475e+01 3.653983e+01 5.083737e+01 3.508931e+01 4.022101e+01 1.579202e+00 1.566053e+00 1.575338e+00 2.616841e+00 2.540163e+00 2.016773e+00 2.516353e+00 3.019804e+00 2.002551e+00 2.458379e+00 2.183696e+00 2.138372e+00 2.748690e-03
<GCONST> 9.240948e+01
<MIXTURE> 28 5.036674e-03
<MEAN> 25
 -5.460033e+00 4.149709e-02 -1.549452e+00 6.574052e+00 5.219602e+00 3.521365e+00 5.460361e+00 3.154292e+00 3.906818e+00 2.372498e+00 2.634330e+00 3.189839e+00 -1.146265e-01 2.229612e-01 5.276361e-01 7.838104e-01 8.255280e-01 7.065735e-01 5.165973e-01 3.876916e-01 4.295695e-01 4.715561e-01 3.709663e-01 1.871223e-01 -1.973078e-05
<VARIANCE> 25
 1.036771e+01 8.418530e+00 1.212800e+01 1.498218e+01 1.465912e+01 1.766315e+01 1.818230e+01 1.897450e+01 1.709918e+01 1.672179e+01 2.049436e+01 1.511444e+01 2.549239e-01 3.354114e-01 4.047450e-01 4.610800e-01 6.219298e-01 8.453744e-01 1.056652e+00 1.140679e+00 1.132550e+00 1.045392e+00 1.029758e+00 1.061155e+00 1.019626e-06
<GCONST> 6.027750e+01
<MIXTURE> 29 5.036674e-03
<MEAN> 25
 -5.460033e+00 4.149709e-02 -1.549452e+00 6.574052e+00 5.219602e+00 3.521365e+00 5.460361e+00 3.154292e+00 3.906818e+00 2.372498e+00 2.634330e+00 3.189839e+00 -1.146265e-01 2.229612e-01 5.276361e-01 7.838104e-01 8.255280e-01 7.065735e-01 5.165973e-01 3.876916e-01 4.295695e-01 4.715561e-01 3.709663e-01 1.871223e-01 -1.973078e-05
<VARIANCE> 25
 1.036771e+01 8.418530e+00 1.212800e+01 1.498218e+01 1.465912e+01 1.766315e+01 1.818230e+01 1.897450e+01 1.709918e+01 1.672179e+01 2.049436e+01 1.511444e+01 2.549239e-01 3.354114e-01 4.047450e-01 4.610800e-01 6.219298e-01 8.453744e-01 1.056652e+00 1.140679e+00 1.132550e+00 1.045392e+00 1.029758e+00 1.061155e+00 1.019626e-06
<GCONST> 6.027750e+01
<MIXTURE> 30 8.917812e-03
<MEAN> 25
 -4.675922e+00 3.143251e-02 7.461303e-01 8.627112e+00 7.627671e+00 7.371772e+00 7.814093e+00 6.677895e+00 6.182158e+00 4.644652e+00 6.453029e+00 3.262965e+00 -1.904860e-02 2.364865e-02 4.781820e-02 9.877779e-02 7.347628e-02 3.524809e-02 -2.444813e-02 -2.583097e-02 1.074653e-02 8.416881e-02 6.535523e-02 8.963642e-03 -5.343652e-04
<VARIANCE> 25
 6.872522e+00 9.900487e+00 9.850366e+00 1.546604e+01 1.537472e+01 1.584836e+01 1.869142e+01 1.786826e+01 1.685102e+01 1.825721e+01 2.423765e+01 1.462518e+01 9.482861e-02 2.066976e-01 3.075507e-01 4.722014e-01 6.253365e-01 6.997501e-01 7.857128e-01 8.139349e-01 9.023131e-01 9.042721e-01 9.504871e-01 8.408712e-01 5.088617e-05
<GCONST> 6.065108e+01
<MIXTURE> 31 4.136493e-03
<MEAN> 25
 -3.368524e+00 -5.553990e+00 8.620650e-02 4.811959e+00 3.696766e+00 1.733642e+00 5.323259e+00 6.652904e+00 2.811565e+00 1.210151e+00 6.419549e+00 3.113797e+00 2.556245e-01 4.788884e-01 -2.076196e-01 3.030363e-01 1.183920e-01 4.129354e-01 1.958642e-01 1.917691e-02 3.665868e-01 3.790160e-01 1.151366e-01 1.216054e-01 -1.851766e-02
<VARIANCE> 25
 7.281025e+00 1.635176e+01 1.730019e+01 1.803391e+01 2.498902e+01 2.364953e+01 2.363409e+01 2.501394e+01 2.609130e+01 2.769024e+01 2.090368e+01 1.859291e+01 1.918691e-01 4.923740e-01 5.975685e-01 7.590306e-01 9.584199e-01 1.126790e+00 1.225884e+00 1.383307e+00 1.343216e+00 1.301732e+00 1.236099e+00 1.120652e+00 2.570682e-04
<GCONST> 7.185225e+01
<MIXTURE> 32 4.136493e-03
<MEAN> 25
 -3.368524e+00 -5.553990e+00 8.620650e-02 4.811959e+00 3.696766e+00 1.733642e+00 5.323259e+00 6.652904e+00 2.811565e+00 1.210151e+00 6.419549e+00 3.113797e+00 2.556245e-01 4.788884e-01 -2.076196e-01 3.030363e-01 1.183920e-01 4.129354e-01 1.958642e-01 1.917691e-02 3.665868e-01 3.790160e-01 1.151366e-01 1.216054e-01 -1.851766e-02
<VARIANCE> 25
 7.281025e+00 1.635176e+01 1.730019e+01 1.803391e+01 2.498902e+01 2.364953e+01 2.363409e+01 2.501394e+01 2.609130e+01 2.769024e+01 2.090368e+01 1.859291e+01 1.918691e-01 4.923740e-01 5.975685e-01 7.590306e-01 9.584199e-01 1.126790e+00 1.225884e+00 1.383307e+00 1.343216e+00 1.301732e+00 1.236099e+00 1.120652e+00 2.570682e-04
<GCONST> 7.185225e+01
<MIXTURE> 33 1.508826e-02
<MEAN> 25
 6.305344e+00 -4.300560e+00 -2.641557e+00 -6.224774e-01 -3.163681e+00 -5.765287e+00 -7.312526e+00 2.598061e+00 2.595687e+00 -1.147178e+00 -3.355927e+00 -2.247164e+00 7.806953e-01 -8.101307e-01 -2.231814e+00 -1.764285e+00 1.634236e+00 1.415407e+00 -6.791300e-01 3.250163e-01 6.162485e-01 1.283116e+00 -4.856692e-01 -1.582597e+00 2.500616e-02
<VARIANCE> 25
 7.626372e+00 1.996142e+01 2.227035e+01 3.992124e+01 3.440294e+01 5.180294e+01 3.684925e+01 5.986740e+01 3.330856e+01 3.694921e+01 3.843570e+01 2.333098e+01 9.973564e-01 1.962000e+00 2.066204e+00 1.817233e+00 3.940523e+00 2.720870e+00 3.349435e+00 5.137904e+00 3.282572e+00 4.848853e+00 3.530776e+00 2.266600e+00 1.984388e-03
<GCONST> 9.269797e+01
<MIXTURE> 34 1.588179e-02
<MEAN> 25
 8.080760e+00 -1.057037e-01 -3.186597e-01 9.241800e-01 -2.127550e+00 -2.912314e+00 -6.804955e+00 -5.260058e+00 -1.772418e+00 1.386738e+00 -1.759477e+00 -4.591239e+00 -8.003356e-02 1.151128e+00 1.101002e+00 1.694486e+00 3.531377e-01 3.055580e-01 8.835154e-01 -1.068609e+00 -7.422206e-01 8.023319e-01 -7.021133e-01 -4.488112e-01 -7.060758e-02
<VARIANCE> 25
 7.717335e+00 2.487259e+01 2.375557e+01 4.022376e+01 3.782545e+01 5.720461e+01 4.586619e+01 5.613132e+01 5.334178e+01 4.338919e+01 4.217173e+01 3.275392e+01 9.663106e-01 1.665381e+00 3.594752e+00 4.100520e+00 5.254296e+00 5.003937e+00 4.511508e+00 5.652955e+00 4.692425e+00 5.258040e+00 3.966543e+00 4.788488e+00 1.158018e-03
<GCONST> 9.764040e+01
<MIXTURE> 35 1.467755e-02
<MEAN> 25
 -2.887105e+00 -4.637401e+00 -1.100380e+01 -6.539090e-01 1.066694e+01 1.913757e+00 6.138266e-01 9.625676e-01 -4.647714e-01 3.886213e+00 1.303768e-02 2.319645e+00 4.735932e-01 -1.186095e+00 -1.321640e+00 -1.385150e+00 4.379692e-01 -5.513774e-01 -8.580494e-01 -1.608439e-01 -5.507344e-01 -1.107082e-01 -2.352276e-01 -3.716407e-01 1.032397e-01
<VARIANCE> 25
 2.183622e+01 2.492288e+01 3.855060e+01 6.263549e+01 3.523750e+01 7.453561e+01 4.031596e+01 3.900186e+01 5.634554e+01 3.423158e+01 3.720518e+01 2.891176e+01 3.658414e+00 2.739004e+00 5.966764e+00 4.265278e+00 5.291622e+00 8.253454e+00 3.785725e+00 3.826052e+00 4.324837e+00 4.193843e+00 3.554215e+00 3.894777e+00 3.992936e-03
<GCONST> 1.018084e+02
<MIXTURE> 36 1.093293e-02
<MEAN> 25
 4.974085e+00 -2.968165e+00 7.490295e+00 1.972080e+00 -9.643236e+00 -9.285439e+00 -6.402879e+00 2.352944e+00 -1.401971e+00 -4.548607e+00 2.340837e+00 8.036110e-01 4.005709e-01 5.461213e-02 -6.720979e-01 -1.626016e-01 7.377098e-01 5.316471e-01 -3.868781e-01 -5.837949e-02 3.201906e-01 7.120131e-01 -5.328376e-01 -7.033543e-01 -2.365992e-02
<VARIANCE> 25
 8.018731e+00 1.472850e+01 2.136228e+01 2.462979e+01 2.624688e+01 2.892893e+01 3.784262e+01 3.233884e+01 3.551986e+01 2.788642e+01 2.483610e+01 2.868988e+01 4.145889e-01 6.906409e-01 1.496017e+00 1.153678e+00 1.451224e+00 2.219434e+00 1.928398e+00 1.501230e+00 1.795066e+00 1.685906e+00 1.240579e+00 1.744317e+00 9.043104e-04
<GCONST> 8.059199e+01
<MIXTURE> 37 1.246826e-02
<MEAN> 25
 5.692186e-01 7.755038e+00 1.201337e+01 -5.537185e+00 -8.005505e+00 -1.044099e+00 -5.046444e+00 -8.303912e+00 -3.718403e+00 -8.861856e-01 -3.665642e+00 -1.296355e+00 1.811659e-01 6.487509e-01 -1.349537e+00 3.567889e+00 1.987967e+00 -2.994052e-01 1.087544e+00 4.336894e-01 5.281440e-01 -3.226196e-01 5.355204e-01 -1.080000e-01 -9.475019e-02
<VARIANCE> 25
 1.597265e+01 2.594620e+01 3.106089e+01 5.086435e+01 3.404775e+01 3.201679e+01 4.403417e+01 3.499926e+01 3.862806e+01 3.595251e+01 3.768505e+01 3.080691e+01 2.950424e+00 3.405711e+00 3.017000e+00 4.120153e+00 4.606530e+00 3.737141e+00 4.203412e+00 3.822427e+00 3.438573e+00 3.612916e+00 3.861026e+00 2.805952e+00 3.918968e-03
<GCONST> 9.777691e+01
<MIXTURE> 38 1.154525e-02
<MEAN> 25
 -4.451175e+00 8.739640e+00 4.591030e+00 3.106851e+00 8.363577e-01 -4.983398e+00 -5.306502e-01 -2.746876e+00 -2.738641e+00 -2.936876e+00 -1.322510e+00 -5.496702e-01 -4.487026e+00 1.145298e+00 -3.603922e-01 1.458308e+00 2.480619e+00 1.318142e+00 2.011459e+00 8.937311e-01 7.469781e-01 5.759628e-01 1.047490e+00 4.500986e-01 4.963483e-02
<VARIANCE> 25
 3.084648e+01 2.979683e+01 3.785428e+01 3.274391e+01 4.701093e+01 3.579302e+01 3.567176e+01 4.017066e+01 3.390245e+01 3.201230e+01 2.450036e+01 2.784422e+01 2.316943e+00 4.146023e+00 3.933768e+00 5.002487e+00 4.247069e+00 5.047292e+00 4.697104e+00 4.625494e+00 4.344805e+00 4.868965e+00 4.518548e+00 3.667114e+00 2.025542e-03
<GCONST> 9.914643e+01
<MIXTURE> 39 9.501865e-03
<MEAN> 25
 1.728640e+00 1.908928e+00 9.228250e+00 -8.305037e+00 -1.153666e+01 5.793219e-01 -3.989558e+00 -5.072701e+00 -3.327201e+00 2.168117e-01 -3.220353e+00 -2.352243e+00 -6.871442e-01 1.675181e+00 1.581710e+00 -1.319335e+00 2.439723e-01 1.331357e+00 -1.340487e+00 -1.521798e+00 4.859332e-01 4.579498e-01 -4.818021e-01 2.796196e-01 -1.573364e-03
<VARIANCE> 25
 8.863653e+00 3.052145e+01 3.406558e+01 3.903625e+01 3.431531e+01 5.421785e+01 4.682608e+01 4.528838e+01 4.399676e+01 3.220504e+01 3.339157e+01 2.652918e+01 6.253839e-01 1.518269e+00 1.414073e+00 2.646676e+00 2.370236e+00 2.599557e+00 2.844431e+00 3.145795e+00 2.221974e+00 2.348998e+00 1.899713e+00 2.045457e+00 1.100917e-03
<GCONST> 8.944678e+01
<MIXTURE> 40 1.030800e-02
<MEAN> 25
 -8.891538e+00 2.479329e+00 -4.556655e-01 6.894769e+00 3.853690e+00 5.390239e+00 6.052856e+00 4.645261e+00 4.596682e+00 3.679998e+00 4.971545e+00 1.673766e+00 9.207381e-04 -1.545774e-01 4.492151e-02 -2.064572e-01 -1.950240e-01 -5.939705e-02 1.037402e-01 6.689465e-02 -2.446107e-02 4.696947e-02 1.406979e-01 1.149134e-01 1.885596e-03
<VARIANCE> 25
 3.497242e+01 1.853145e+01 2.578602e+01 2.821532e+01 2.230226e+01 1.629399e+01 1.842816e+01 1.736687e+01 1.530496e+01 1.688242e+01 1.856516e+01 1.295272e+01 7.742961e-01 6.591938e-01 7.571184e-01 9.466317e-01 1.221398e+00 1.369533e+00 1.526304e+00 1.344257e+00 1.234066e+00 1.117248e+00 1.063051e+00 9.682302e-01 9.038405e-04
<GCONST> 7.528034e+01
<MIXTURE> 41 6.713375e-03
<MEAN> 25
 1.289675e+00 1.785130e+00 1.042287e+01 -6.929390e+00 -1.039386e+01 -3.878778e+00 -2.521904e+00 -5.045586e+00 -4.579899e+00 2.645569e+00 -1.740071e+00 -9.157505e-01 6.219155e-02 -7.664291e-01 1.684907e+00 -3.534470e+00 -2.446119e+00 -1.239364e-01 -4.983078e-01 -3.612779e-01 -8.453966e-01 1.066545e+00 -1.018806e+00 1.192116e-01 8.635891e-02
<VARIANCE> 25
 1.182949e+01 2.955848e+01 3.269351e+01 3.988824e+01 3.897753e+01 4.045218e+01 3.696547e+01 2.972274e+01 3.377580e+01 2.878022e+01 3.164468e+01 2.735812e+01 3.208390e+00 3.306768e+00 3.823460e+00 3.832631e+00 4.887470e+00 5.877618e+00 4.702860e+00 4.535178e+00 3.976341e+00 4.228768e+00 3.878378e+00 3.371038e+00 2.912209e-03
<GCONST> 9.800354e+01
<MIXTURE> 42 1.106211e-02
<MEAN> 25
 -1.874986e+00 3.761737e+00 3.197288e+00 3.399101e+00 1.089455e+00 -8.286016e+00 -2.104021e+00 -2.109766e+00 -1.812624e-01 -2.410643e+00 -2.137672e+00 1.402629e+00 4.024034e+00 1.468586e-01 1.825939e+00 1.060417e-02 -2.989263e+00 -1.058087e+00 -2.315751e+00 -1.208904e+00 -4.027289e-01 -7.873616e-01 6.020174e-01 -7.750957e-01 1.742549e-02
<VARIANCE> 25
 3.102284e+01 1.941301e+01 4.826078e+01 2.420819e+01 3.489250e+01 4.737458e+01 3.722554e+01 2.861000e+01 2.986268e+01 2.748972e+01 1.891096e+01 1.429671e+01 2.756620e+00 4.574589e+00 5.204326e+00 3.897439e+00 3.553727e+00 5.520867e+00 3.784535e+00 4.433877e+00 4.301152e+00 3.640542e+00 3.926642e+00 2.894414e+00 3.654136e-03
<GCONST> 9.701296e+01
<MIXTURE> 43 7.108249e-03
<MEAN> 25
 3.588258e+00 -6.934795e+00 -2.408213e+00 -4.002229e+00 -8.047319e+00 -1.916950e+00 2.388286e+00 3.539976e+00 -4.102551e+00 -6.945278e+00 -3.359293e+00 -1.539645e+00 9.836717e-02 2.286760e+00 1.977693e+00 -2.579122e-01 -1.653425e+00 -1.024636e-01 -1.329984e+00 -9.616144e-01 9.657011e-01 1.198892e+00 4.257835e-01 1.379666e-01 -4.346690e-02
<VARIANCE> 25
 9.010027e+00 1.990195e+01 2.429697e+01 3.610023e+01 3.639920e+01 4.213963e+01 4.244195e+01 5.754312e+01 3.775378e+01 3.267356e+01 2.715923e+01 2.576074e+01 6.798110e-01 1.143918e+00 1.361364e+00 2.330701e+00 2.739262e+00 4.094148e+00 2.841125e+00 3.410219e+00 2.298520e+00 2.548331e+00 2.091979e+00 1.693198e+00 8.038771e-04
<GCONST> 8.821494e+01
<MIXTURE> 44 7.328289e-03
<MEAN> 25
 -1.490842e+01 1.475693e+00 3.519450e+00 -3.435881e+00 3.225228e+00 1.795558e+00 4.037164e-02 1.928327e+00 1.469055e+00 -6.519152e-01 1.841798e+00 2.139409e+00 -1.142952e-01 3.435098e-02 1.269816e-01 2.497844e-01 -1.634109e-01 2.372404e-01 5.012821e-01 3.220684e-02 2.055695e-01 1.043313e-01 9.029300e-02 1.007166e-01 6.202110e-03
<VARIANCE> 25
 4.406394e+01 2.711190e+01 3.338107e+01 3.031298e+01 2.889642e+01 3.162700e+01 2.512029e+01 3.776547e+01 2.704676e+01 2.643058e+01 2.632018e+01 1.945037e+01 1.223749e+00 1.541918e+00 1.368749e+00 1.321821e+00 2.122347e+00 1.660477e+00 1.493451e+00 1.720203e+00 1.541432e+00 1.472081e+00 1.329338e+00 1.197405e+00 1.338639e-03
<GCONST> 8.453434e+01
<MIXTURE> 45 1.364932e-02
<MEAN> 25
 -1.244343e+01 2.549914e+00 -1.564697e+00 3.324690e+00 5.157198e+00 4.763368e-01 5.233323e+00 1.181652e+00 1.924385e+00 9.610066e-01 3.068875e+00 3.176520e+00 -2.953351e+00 5.878632e-01 -7.744650e-01 2.136915e-01 4.877178e-01 -1.553843e-01 5.786795e-01 1.479958e-01 1.708280e-01 -2.874082e-01 -3.163404e-01 1.987964e-01 1.138013e-01
<VARIANCE> 25
 2.830526e+01 2.773825e+01 2.506072e+01 3.388592e+01 2.502636e+01 2.354043e+01 2.379041e+01 2.735980e+01 2.573007e+01 2.117344e+01 2.912116e+01 1.412146e+01 2.058843e+00 2.878776e+00 2.779972e+00 3.538312e+00 2.237331e+00 2.374432e+00 2.228977e+00 1.784786e+00 2.085206e+00 1.812562e+00 3.268694e+00 2.003871e+00 3.198726e-03
<GCONST> 8.911423e+01
<MIXTURE> 46 9.336259e-03
<MEAN> 25
 -9.698061e+00 1.350185e+00 1.361776e+00 7.290946e+00 5.818830e+00 3.708217e+00 7.055717e+00 4.014174e+00 5.778493e+00 4.386033e+00 4.963589e+00 3.122310e+00 1.023004e+00 -2.316141e-01 -1.437963e-02 8.335084e-01 4.796289e-01 7.974458e-01 4.118686e-01 6.797275e-01 5.032446e-01 5.916168e-01 5.236769e-01 4.743385e-01 -9.721881e-02
<VARIANCE> 25
 3.327227e+01 4.995036e+01 3.938838e+01 4.658362e+01 4.848435e+01 3.900793e+01 3.429021e+01 3.396714e+01 3.112052e+01 2.955937e+01 2.682505e+01 1.941426e+01 3.656406e+00 4.697557e+00 3.693893e+00 3.964967e+00 3.853680e+00 3.606783e+00 3.365952e+00 2.837130e+00 2.811597e+00 3.089589e+00 3.039016e+00 2.266377e+00 8.296357e-03
<GCONST> 9.827789e+01
<MIXTURE> 47 7.116147e-03
<MEAN> 25
 7.155470e+00 -7.970022e+00 -7.925384e+00 -6.523420e+00 1.534921e+00 1.080875e+00 -2.085842e+00 1.192399e+00 2.284332e+00 2.508429e-01 -3.286399e+00 -6.653862e+00 -2.422399e-01 -1.343435e+00 -6.581298e-01 -3.293183e-01 6.427287e-01 7.293876e-01 9.720161e-01 4.064198e-01 2.272917e-01 -8.463700e-01 -6.789749e-01 -4.980513e-01 3.226870e-02
<VARIANCE> 25
 1.022126e+01 2.304260e+01 1.913755e+01 3.056016e+01 3.358141e+01 4.938403e+01 4.264016e+01 3.810879e+01 4.554108e+01 4.338343e+01 5.530483e+01 3.099865e+01 5.208376e-01 8.753375e-01 1.062050e+00 1.656612e+00 1.827855e+00 2.311284e+00 2.229609e+00 2.422493e+00 2.148364e+00 1.998236e+00 2.604629e+00 1.893001e+00 7.081431e-04
<GCONST> 8.632909e+01
<MIXTURE> 48 7.116147e-03
<MEAN> 25
 7.155470e+00 -7.970022e+00 -7.925384e+00 -6.523420e+00 1.534921e+00 1.080875e+00 -2.085842e+00 1.192399e+00 2.284332e+00 2.508429e-01 -3.286399e+00 -6.653862e+00 -2.422399e-01 -1.343435e+00 -6.581298e-01 -3.293183e-01 6.427287e-01 7.293876e-01 9.720161e-01 4.064198e-01 2.272917e-01 -8.463700e-01 -6.789749e-01 -4.980513e-01 3.226870e-02
<VARIANCE> 25
 1.022126e+01 2.304260e+01 1.913755e+01 3.056016e+01 3.358141e+01 4.938403e+01 4.264016e+01 3.810879e+01 4.554108e+01 4.338343e+01 5.530483e+01 3.099865e+01 5.208376e-01 8.753375e-01 1.062050e+00 1.656612e+00 1.827855e+00 2.311284e+00 2.229609e+00 2.422493e+00 2.148364e+00 1.998236e+00 2.604629e+00 1.893001e+00 7.081431e-04
<GCONST> 8.632909e+01
<MIXTURE> 49 5.548473e-03
<MEAN> 25
 -5.148315e+00 4.292398e-01 2.312010e-01 8.308022e+00 6.123782e+00 5.630756e+00 6.233452e+00 4.408986e+00 4.932776e+00 3.672959e+00 4.784019e+00 2.759795e+00 3.566414e-01 6.375182e-01 6.859467e-01 3.595100e-01 -1.715305e-01 -6.656116e-01 -1.011824e+00 -1.105568e+00 -9.430525e-01 -6.527758e-01 -4.944891e-01 -2.896256e-01 -1.356105e-04
<VARIANCE> 25
 9.457004e+00 9.945620e+00 1.401150e+01 1.616988e+01 1.565607e+01 1.701178e+01 1.983430e+01 1.918506e+01 1.818636e+01 1.755645e+01 2.083992e+01 1.426851e+01 2.755869e-01 2.746993e-01 3.590398e-01 6.008451e-01 8.730776e-01 9.511755e-01 9.830238e-01 1.043029e+00 1.125858e+00 1.215755e+00 1.282891e+00 1.189321e+00 1.471184e-05
<GCONST> 6.423528e+01
<MIXTURE> 50 6.234641e-03
<MEAN> 25
 -4.705408e+00 1.410356e-01 -1.385553e+00 6.117624e+00 4.306416e+00 2.363006e+00 3.726027e+00 2.036079e+00 2.755584e+00 1.448766e+00 2.196268e+00 2.823490e+00 6.706790e-02 1.754075e-01 9.110033e-02 -1.756160e-01 -5.154912e-01 -6.123727e-01 -4.300832e-01 -4.339200e-02 4.468057e-01 7.694079e-01 7.366297e-01 4.281260e-01 -3.845586e-05
<VARIANCE> 25
 1.041039e+01 1.107711e+01 1.429170e+01 1.547100e+01 1.543059e+01 1.860212e+01 1.827356e+01 1.924112e+01 1.822658e+01 1.727308e+01 2.132288e+01 1.494705e+01 1.482192e-01 2.349517e-01 3.722351e-01 5.079817e-01 5.896437e-01 7.217235e-01 9.400194e-01 1.100208e+00 1.042427e+00 8.935892e-01 9.021410e-01 9.853565e-01 1.016253e-06
<GCONST> 5.929995e+01
<MIXTURE> 51 6.234641e-03
<MEAN> 25
 -4.705408e+00 1.410356e-01 -1.385553e+00 6.117624e+00 4.306416e+00 2.363006e+00 3.726027e+00 2.036079e+00 2.755584e+00 1.448766e+00 2.196268e+00 2.823490e+00 6.706790e-02 1.754075e-01 9.110033e-02 -1.756160e-01 -5.154912e-01 -6.123727e-01 -4.300832e-01 -4.339200e-02 4.468057e-01 7.694079e-01 7.366297e-01 4.281260e-01 -3.845586e-05
<VARIANCE> 25
 1.041039e+01 1.107711e+01 1.429170e+01 1.547100e+01 1.543059e+01 1.860212e+01 1.827356e+01 1.924112e+01 1.822658e+01 1.727308e+01 2.132288e+01 1.494705e+01 1.482192e-01 2.349517e-01 3.722351e-01 5.079817e-01 5.896437e-01 7.217235e-01 9.400194e-01 1.100208e+00 1.042427e+00 8.935892e-01 9.021410e-01 9.853565e-01 1.016253e-06
<GCONST> 5.929995e+01
<MIXTURE> 52 6.367945e-03
<MEAN> 25
 9.974681e+00 2.067611e+00 -5.456073e+00 -1.422426e+01 -4.195060e+00 9.071545e+00 -3.119300e+00 -3.446413e+00 -4.141537e+00 -1.336522e+00 2.481304e+00 1.370306e+00 -4.256716e-01 -5.568511e-01 -2.992020e-02 1.169536e+00 1.501696e+00 -4.631840e-01 -3.739539e-01 -7.412018e-01 1.608058e-01 1.463583e+00 5.263864e-01 -8.269370e-01 -1.608745e-02
<VARIANCE> 25
 8.478707e+00 1.804360e+01 2.488298e+01 3.561464e+01 4.337308e+01 2.861282e+01 4.151785e+01 4.521785e+01 3.813448e+01 4.476228e+01 3.980089e+01 2.948894e+01 4.330523e-01 1.403757e+00 1.170660e+00 2.630572e+00 2.537498e+00 1.996109e+00 3.141469e+00 2.610155e+00 2.779900e+00 2.628928e+00 2.350082e+00 2.466830e+00 1.747454e-03
<GCONST> 8.868620e+01
<MIXTURE> 53 6.367945e-03
<MEAN> 25
 9.974681e+00 2.067611e+00 -5.456073e+00 -1.422426e+01 -4.195060e+00 9.071545e+00 -3.119300e+00 -3.446413e+00 -4.141537e+00 -1.336522e+00 2.481304e+00 1.370306e+00 -4.256716e-01 -5.568511e-01 -2.992020e-02 1.169536e+00 1.501696e+00 -4.631840e-01 -3.739539e-01 -7.412018e-01 1.608058e-01 1.463583e+00 5.263864e-01 -8.269370e-01 -1.608745e-02
<VARIANCE> 25
 8.478707e+00 1.804360e+01 2.488298e+01 3.561464e+01 4.337308e+01 2.861282e+01 4.151785e+01 4.521785e+01 3.813448e+01 4.476228e+01 3.980089e+01 2.948894e+01 4.330523e-01 1.403757e+00 1.170660e+00 2.630572e+00 2.537498e+00 1.996109e+00 3.141469e+00 2.610155e+00 2.779900e+00 2.628928e+00 2.350082e+00 2.466830e+00 1.747454e-03
<GCONST> 8.868620e+01
<MIXTURE> 54 7.368620e-03
<MEAN> 25
 -3.699816e+00 1.077096e-01 -6.249763e-01 7.906381e+00 6.512603e+00 4.672597e+00 4.709789e+00 4.600842e+00 3.995590e+00 3.592661e+00 4.446803e+00 2.314757e+00 8.185800e-03 2.711632e-02 3.077777e-02 4.676257e-02 4.010831e-02 3.832342e-02 2.556485e-02 3.147002e-02 3.890246e-02 3.421328e-02 2.448159e-02 -7.389009e-03 -3.586316e-05
<VARIANCE> 25
 9.135298e+00 1.029580e+01 9.247725e+00 1.855416e+01 1.316428e+01 1.334128e+01 1.201058e+01 1.110174e+01 1.124945e+01 1.327710e+01 1.747355e+01 1.232328e+01 4.718809e-02 8.682010e-02 1.513666e-01 2.229455e-01 3.141844e-01 3.950209e-01 4.651571e-01 5.161799e-01 5.481817e-01 5.145199e-01 5.113124e-01 5.103798e-01 1.033976e-06
<GCONST> 4.728484e+01
<MIXTURE> 55 7.368620e-03
<MEAN> 25
 -3.699816e+00 1.077096e-01 -6.249763e-01 7.906381e+00 6.512603e+00 4.672597e+00 4.709789e+00 4.600842e+00 3.995590e+00 3.592661e+00 4.446803e+00 2.314757e+00 8.185800e-03 2.711632e-02 3.077777e-02 4.676257e-02 4.010831e-02 3.832342e-02 2.556485e-02 3.147002e-02 3.890246e-02 3.421328e-02 2.448159e-02 -7.389009e-03 -3.586316e-05
<VARIANCE> 25
 9.135298e+00 1.029580e+01 9.247725e+00 1.855416e+01 1.316428e+01 1.334128e+01 1.201058e+01 1.110174e+01 1.124945e+01 1.327710e+01 1.747355e+01 1.232328e+01 4.718809e-02 8.682010e-02 1.513666e-01 2.229455e-01 3.141844e-01 3.950209e-01 4.651571e-01 5.161799e-01 5.481817e-01 5.145199e-01 5.113124e-01 5.103798e-01 1.033976e-06
<GCONST> 4.728484e+01
<MIXTURE> 56 6.132464e-03
<MEAN> 25
 7.560199e+00 -6.776461e+00 -9.156753e+00 -8.662327e+00 3.960174e+00 3.933619e+00 -2.180030e+00 -1.478230e+00 1.956766e+00 6.556613e-01 -2.484881e+00 -7.144889e+00 -1.047909e-02 2.606450e-02 -8.576001e-02 2.187718e-02 2.584204e-01 6.600252e-02 1.148905e-01 -1.376570e-01 -4.644207e-02 -3.685764e-02 -8.246598e-02 1.875412e-02 -7.064935e-03
<VARIANCE> 25
 9.320674e+00 2.328288e+01 2.001710e+01 4.125158e+01 3.317892e+01 5.103498e+01 6.198265e+01 3.682848e+01 3.895856e+01 3.769822e+01 4.026440e+01 3.116601e+01 2.060934e-01 4.326358e-01 4.531071e-01 7.721914e-01 7.973048e-01 1.113021e+00 9.099903e-01 9.073833e-01 9.089169e-01 9.267521e-01 1.035338e+00 7.850221e-01 2.391875e-04
<GCONST> 7.514207e+01
<MIXTURE> 57 6.132464e-03
<MEAN> 25
 7.560199e+00 -6.776461e+00 -9.156753e+00 -8.662327e+00 3.960174e+00 3.933619e+00 -2.180030e+00 -1.478230e+00 1.956766e+00 6.556613e-01 -2.484881e+00 -7.144889e+00 -1.047909e-02 2.606450e-02 -8.576001e-02 2.187718e-02 2.584204e-01 6.600252e-02 1.148905e-01 -1.376570e-01 -4.644207e-02 -3.685764e-02 -8.246598e-02 1.875412e-02 -7.064935e-03
<VARIANCE> 25
 9.320674e+00 2.328288e+01 2.001710e+01 4.125158e+01 3.317892e+01 5.103498e+01 6.198265e+01 3.682848e+01 3.895856e+01 3.769822e+01 4.026440e+01 3.116601e+01 2.060934e-01 4.326358e-01 4.531071e-01 7.721914e-01 7.973048e-01 1.113021e+00 9.099903e-01 9.073833e-01 9.089169e-01 9.267521e-01 1.035338e+00 7.850221e-01 2.391875e-04
<GCONST> 7.514207e+01
<MIXTURE> 58 6.172147e-03
<MEAN> 25
 2.647824e+00 -3.010427e+00 7.459312e+00 -5.119493e+00 -1.326384e+01 -5.615331e+00 1.342428e+00 6.984804e-01 -2.192560e+00 1.797368e+00 3.655162e-01 -9.034556e-01 -3.157612e-02 -1.541657e-01 -6.164169e-02 -1.614762e-01 -6.414288e-03 2.784916e-01 3.378859e-01 1.959765e-01 3.169129e-02 3.952359e-03 -8.303133e-02 -1.797950e-01 -4.395557e-03
<VARIANCE> 25
 7.327624e+00 1.487936e+01 1.993590e+01 2.696800e+01 2.365363e+01 4.500714e+01 3.454365e+01 3.423184e+01 3.282490e+01 3.065738e+01 2.321274e+01 2.008009e+01 2.992253e-01 7.953385e-01 7.297863e-01 9.842394e-01 8.647660e-01 1.242342e+00 1.164214e+00 1.281756e+00 1.064075e+00 1.040338e+00 9.027426e-01 9.151515e-01 7.907518e-04
<GCONST> 7.550361e+01
<MIXTURE> 59 6.172147e-03
<MEAN> 25
 2.647824e+00 -3.010427e+00 7.459312e+00 -5.119493e+00 -1.326384e+01 -5.615331e+00 1.342428e+00 6.984804e-01 -2.192560e+00 1.797368e+00 3.655162e-01 -9.034556e-01 -3.157612e-02 -1.541657e-01 -6.164169e-02 -1.614762e-01 -6.414288e-03 2.784916e-01 3.378859e-01 1.959765e-01 3.169129e-02 3.952359e-03 -8.303133e-02 -1.797950e-01 -4.395557e-03
<VARIANCE> 25
 7.327624e+00 1.487936e+01 1.993590e+01 2.696800e+01 2.365363e+01 4.500714e+01 3.454365e+01 3.423184e+01 3.282490e+01 3.065738e+01 2.321274e+01 2.008009e+01 2.992253e-01 7.953385e-01 7.297863e-01 9.842394e-01 8.647660e-01 1.242342e+00 1.164214e+00 1.281756e+00 1.064075e+00 1.040338e+00 9.027426e-01 9.151515e-01 7.907518e-04
<GCONST> 7.550361e+01
<MIXTURE> 60 4.479129e-03
<MEAN> 25
 -4.547829e+00 -3.272141e-01 -8.060741e-01 3.685854e+00 2.053170e+00 2.221668e+00 2.238247e+00 1.742005e+00 2.068702e+00 1.050135e+00 2.113577e+00 1.811779e+00 -2.464728e-02 7.740884e-02 1.032333e-01 1.299626e-01 1.381594e-01 1.453048e-01 1.079356e-01 2.893416e-01 5.593510e-01 6.879376e-01 5.221499e-01 2.773766e-01 -7.582589e-04
<VARIANCE> 25
 7.301746e+00 5.252236e+00 1.020159e+01 1.055828e+01 1.366611e+01 1.581311e+01 1.650141e+01 1.143258e+01 1.223755e+01 1.461068e+01 1.578792e+01 1.222867e+01 8.360136e-02 1.677265e-01 2.644868e-01 4.142434e-01 5.800138e-01 7.057009e-01 8.366073e-01 8.646007e-01 8.571917e-01 8.015083e-01 8.563023e-01 8.417899e-01 2.475627e-05
<GCONST> 5.633344e+01
<MIXTURE> 61 4.479129e-03
<MEAN> 25
 -4.547829e+00 -3.272141e-01 -8.060741e-01 3.685854e+00 2.053170e+00 2.221668e+00 2.238247e+00 1.742005e+00 2.068702e+00 1.050135e+00 2.113577e+00 1.811779e+00 -2.464728e-02 7.740884e-02 1.032333e-01 1.299626e-01 1.381594e-01 1.453048e-01 1.079356e-01 2.893416e-01 5.593510e-01 6.879376e-01 5.221499e-01 2.773766e-01 -7.582589e-04
<VARIANCE> 25
 7.301746e+00 5.252236e+00 1.020159e+01 1.055828e+01 1.366611e+01 1.581311e+01 1.650141e+01 1.143258e+01 1.223755e+01 1.461068e+01 1.578792e+01 1.222867e+01 8.360136e-02 1.677265e-01 2.644868e-01 4.142434e-01 5.800138e-01 7.057009e-01 8.366073e-01 8.646007e-01 8.571917e-01 8.015083e-01 8.563023e-01 8.417899e-01 2.475627e-05
<GCONST> 5.633344e+01
<MIXTURE> 62 3.278034e-03
<MEAN> 25
 -5.091129e+00 1.241321e+00 1.026317e+00 8.818399e+00 6.130800e+00 5.050628e+00 5.499674e+00 4.033872e+00 4.986082e+00 3.917884e+00 4.966305e+00 2.951073e+00 -1.003275e+00 -1.166656e+00 -9.532200e-01 -2.767762e-01 4.276017e-01 1.005169e+00 1.384642e+00 1.552167e+00 1.478737e+00 1.243483e+00 1.067039e+00 7.260514e-01 -1.265127e-03
<VARIANCE> 25
 9.872840e+00 9.958783e+00 1.311532e+01 1.673509e+01 1.741383e+01 1.752429e+01 1.970069e+01 1.911201e+01 1.885969e+01 1.872733e+01 2.156161e+01 1.479616e+01 4.017642e-01 4.320816e-01 5.541420e-01 7.793315e-01 1.034998e+00 1.192175e+00 1.252362e+00 1.279169e+00 1.329625e+00 1.363796e+00 1.400204e+00 1.371368e+00 1.632378e-05
<GCONST> 6.752602e+01
<MIXTURE> 63 4.351215e-03
<MEAN> 25
 -4.392202e+00 -2.202683e+00 -4.456218e+00 2.716940e+00 3.400849e+00 -1.097139e-01 3.206894e+00 1.662888e+00 2.728121e+00 -8.223541e-01 -1.148801e+00 2.377590e+00 -9.112683e-02 3.679668e-01 3.962520e-01 4.965387e-01 3.715153e-01 3.229414e-01 3.530089e-01 1.422943e-01 1.126041e-01 2.594959e-01 2.738842e-01 1.398697e-01 -4.982400e-03
<VARIANCE> 25
 8.958177e+00 1.489227e+01 1.690736e+01 1.575441e+01 1.750301e+01 2.608354e+01 2.368605e+01 2.368998e+01 2.636434e+01 2.118096e+01 1.909662e+01 1.620280e+01 2.593752e-01 4.488055e-01 5.977642e-01 6.696316e-01 8.834360e-01 1.277303e+00 1.236854e+00 1.318939e+00 1.363409e+00 1.344136e+00 1.316719e+00 1.187789e+00 1.827988e-04
<GCONST> 7.092847e+01
<MIXTURE> 64 4.351215e-03
<MEAN> 25
 -4.392202e+00 -2.202683e+00 -4.456218e+00 2.716940e+00 3.400849e+00 -1.097139e-01 3.206894e+00 1.662888e+00 2.728121e+00 -8.223541e-01 -1.148801e+00 2.377590e+00 -9.112683e-02 3.679668e-01 3.962520e-01 4.965387e-01 3.715153e-01 3.229414e-01 3.530089e-01 1.422943e-01 1.126041e-01 2.594959e-01 2.738842e-01 1.398697e-01 -4.982400e-03
<VARIANCE> 25
 8.958177e+00 1.489227e+01 1.690736e+01 1.575441e+01 1.750301e+01 2.608354e+01 2.368605e+01 2.368998e+01 2.636434e+01 2.118096e+01 1.909662e+01 1.620280e+01 2.593752e-01 4.488055e-01 5.977642e-01 6.696316e-01 8.834360e-01 1.277303e+00 1.236854e+00 1.318939e+00 1.363409e+00 1.344136e+00 1.316719e+00 1.187789e+00 1.827988e-04
<GCONST> 7.092847e+01
<MIXTURE> 65 1.721197e-02
<MEAN> 25
 7.312744e+00 2.062051e+00 1.375106e+00 6.079032e-01 -5.291711e+00 -2.995431e+00 -6.821644e+00 -6.127012e+00 -3.179413e+00 -2.465018e+00 -3.512970e+00 -1.232092e+00 1.318331e-01 6.994547e-02 -1.238572e-01 3.789662e-02 -1.411825e-01 1.251647e-01 1.070893e-01 -3.929191e-01 1.895413e-01 3.151826e-02 5.795347e-02 -8.788374e-02 -7.079833e-03
<VARIANCE> 25
 8.273369e+00 1.467039e+01 2.014096e+01 2.586426e+01 3.006305e+01 7.925813e+01 5.328177e+01 5.011517e+01 5.861903e+01 4.305600e+01 5.070834e+01 3.956507e+01 4.768822e-01 1.165545e+00 1.293283e+00 1.726308e+00 1.933062e+00 1.961961e+00 2.407267e+00 2.380581e+00 2.337830e+00 2.230731e+00 2.751638e+00 2.723005e+00 4.158080e-04
<GCONST> 8.727990e+01
<MIXTURE> 66 1.191532e-02
<MEAN> 25
 6.628981e+00 -4.872502e+00 -5.558848e+00 -3.937926e+00 9.485456e-01 -4.893058e+00 -6.329206e+00 2.040571e+00 6.849211e-01 -1.865281e+00 -5.616464e+00 -4.156045e+00 -6.220911e-02 1.619064e+00 2.070574e+00 2.118388e+00 -1.500483e+00 -8.148152e-01 -2.156827e-01 -2.084813e-01 4.611538e-02 -2.748083e-01 -9.476175e-02 1.050872e+00 -6.166809e-02
<VARIANCE> 25
 8.112479e+00 3.101161e+01 2.477720e+01 3.372782e+01 3.687176e+01 5.000980e+01 5.456682e+01 5.749339e+01 4.995336e+01 6.132730e+01 3.392220e+01 3.683600e+01 1.172849e+00 2.220846e+00 2.251622e+00 2.604868e+00 4.677297e+00 5.111075e+00 4.768092e+00 4.997096e+00 3.929158e+00 4.569481e+00 3.712847e+00 3.203135e+00 1.399691e-03
<GCONST> 9.679510e+01
<MIXTURE> 67 1.559142e-02
<MEAN> 25
 8.505770e+00 1.919373e+00 -5.553335e+00 -7.182349e+00 1.163279e+00 2.967472e+00 -3.069084e+00 -2.596003e+00 -3.859426e+00 2.687641e+00 5.974135e-01 -2.005541e+00 -1.002198e+00 1.575176e+00 7.637610e-01 2.618693e+00 1.512837e+00 -3.590755e-01 1.533445e+00 4.434061e-01 1.338712e-01 3.356762e-01 -2.507602e-01 9.086408e-02 -1.258474e-01
<VARIANCE> 25
 1.003781e+01 3.134927e+01 3.075312e+01 5.500985e+01 4.150684e+01 5.633637e+01 5.348911e+01 4.584340e+01 6.146445e+01 5.879904e+01 4.799678e+01 4.042605e+01 1.805097e+00 3.014472e+00 3.054934e+00 4.362010e+00 4.276262e+00 3.885267e+00 4.128577e+00 4.547124e+00 4.804104e+00 4.175791e+00 4.475367e+00 4.037395e+00 2.553387e-03
<GCONST> 1.004061e+02
<MIXTURE> 68 1.485092e-02
<MEAN> 25
 -2.782621e+00 -2.311355e+00 -4.616394e+00 8.596806e-01 5.425626e+00 -9.883280e-01 2.350228e+00 1.628109e+00 2.338461e+00 9.946977e-01 -5.305492e-01 1.941113e+00 2.813816e+00 7.710041e-01 2.470952e-01 -2.012134e+00 -2.370608e+00 -1.642328e+00 -2.418242e+00 -1.919816e+00 -1.382759e+00 -1.418467e+00 -1.482144e+00 -4.286813e-01 9.057144e-02
<VARIANCE> 25
 2.673680e+01 2.912330e+01 6.257259e+01 5.203838e+01 3.928934e+01 8.596918e+01 4.466497e+01 3.592733e+01 3.291130e+01 3.667499e+01 3.269881e+01 2.071153e+01 1.711581e+00 3.492972e+00 4.986611e+00 5.435262e+00 3.905956e+00 5.356411e+00 4.786101e+00 4.671828e+00 4.121233e+00 4.182429e+00 6.001435e+00 4.263610e+00 5.447944e-03
<GCONST> 1.019249e+02
<MIXTURE> 69 1.204884e-02
<MEAN> 25
 4.635697e+00 -4.219059e+00 -3.508499e+00 -3.507423e+00 -3.652535e+00 -7.733210e+00 -1.096521e+00 2.229116e+00 -3.362575e-01 -4.787579e+00 -5.419682e+00 1.020902e+00 1.655302e+00 -2.251270e+00 -1.328872e+00 -2.185833e+00 -5.046437e-01 -3.700621e-01 -4.538682e-01 6.627823e-01 -6.249607e-01 -1.424776e+00 -2.211771e+00 -1.778105e-01 6.205028e-02
<VARIANCE> 25
 8.826233e+00 2.157902e+01 2.655713e+01 2.637184e+01 4.378733e+01 3.643179e+01 4.843127e+01 3.150569e+01 3.951113e+01 3.759549e+01 3.404913e+01 2.452405e+01 3.522839e+00 2.899466e+00 3.305317e+00 3.829570e+00 5.753067e+00 4.965684e+00 7.004125e+00 6.133594e+00 5.818725e+00 5.825007e+00 4.385409e+00 3.685336e+00 2.430947e-03
<GCONST> 9.874504e+01
<MIXTURE> 70 1.329190e-02
<MEAN> 25
 7.458108e+00 -2.637794e+00 -4.380490e+00 -4.021673e+00 1.191529e-01 -1.463940e+00 -7.232208e+00 -3.269673e+00 -9.025446e-01 2.276286e+00 1.413104e+00 -4.504377e+00 1.941370e+00 -1.508786e+00 -4.245369e-01 -1.848577e+00 -1.810914e+00 6.948178e-01 -9.497362e-01 1.317381e-01 4.800159e-01 -1.860045e-01 8.520546e-01 -1.587861e+00 6.685195e-02
<VARIANCE> 25
 8.624501e+00 2.480212e+01 2.492663e+01 4.326933e+01 3.167907e+01 4.348978e+01 4.412606e+01 4.197520e+01 5.527861e+01 2.949325e+01 4.900040e+01 2.410095e+01 3.012920e+00 3.408562e+00 4.674230e+00 4.700055e+00 4.837087e+00 6.475261e+00 6.268756e+00 6.678035e+00 5.348481e+00 4.635850e+00 4.972626e+00 3.888507e+00 2.580931e-03
<GCONST> 1.003293e+02
<MIXTURE> 71 1.406903e-02
<MEAN> 25
 5.842402e+00 5.498656e+00 4.227408e+00 2.895216e+00 -3.091560e+00 -3.381303e+00 -3.159772e+00 -6.163360e+00 -3.475602e+00 -1.797559e+00 -4.935749e+00 -3.279536e+00 -1.643120e+00 -6.598995e-01 -4.486813e-02 -1.762179e+00 9.760709e-01 -3.876377e-02 -1.279677e-02 1.348148e+00 1.498802e-01 -3.550723e-01 8.667712e-01 6.701943e-01 4.320739e-02
<VARIANCE> 25
 1.758753e+01 2.509307e+01 2.403778e+01 3.925576e+01 3.654208e+01 3.847020e+01 3.944723e+01 3.693801e+01 4.423915e+01 4.135445e+01 3.321928e+01 2.971126e+01 1.708165e+00 3.023050e+00 5.139092e+00 4.368040e+00 4.179485e+00 4.525055e+00 4.415061e+00 5.138411e+00 4.342388e+00 3.622284e+00 3.331367e+00 4.739509e+00 1.616288e-03
<GCONST> 9.772712e+01
<MIXTURE> 72 8.134747e-03
<MEAN> 25
 3.680928e+00 -4.122924e+00 4.682941e+00 -1.311061e+00 -1.081931e+01 -7.947997e+00 -2.072991e+00 2.821903e+00 -4.276046e+00 -3.102476e+00 -7.879019e-01 1.306407e+00 8.941772e-01 -1.066748e+00 -2.424560e+00 4.880014e-01 2.139381e+00 -7.171532e-01 -1.210594e+00 1.808346e+00 1.652558e+00 -3.765238e-01 -1.772982e+00 1.936077e-01 -3.639032e-03
<VARIANCE> 25
 9.576756e+00 1.970814e+01 3.109820e+01 3.999040e+01 2.938184e+01 4.211450e+01 3.614100e+01 3.877941e+01 4.120120e+01 3.992707e+01 4.029927e+01 2.748707e+01 3.897412e-01 1.372691e+00 1.832705e+00 1.330501e+00 1.910206e+00 2.094787e+00 2.842797e+00 3.075078e+00 2.384647e+00 2.871109e+00 2.998477e+00 2.120967e+00 5.572783e-04
<GCONST> 8.719664e+01
<MIXTURE> 73 1.213625e-02
<MEAN> 25
 -5.993660e+00 -1.024602e+00 -7.664312e-01 4.155967e+00 4.035029e+00 1.709596e+00 5.193655e+00 3.543529e+00 4.323520e+00 2.923851e+00 4.068904e+00 2.925818e+00 4.855212e-01 -1.050769e+00 -6.823164e-01 -1.941350e+00 -1.159638e+00 -2.071976e+00 -1.146945e+00 -3.922457e-01 -8.238661e-01 -1.031707e+00 -1.248563e+00 -1.326940e-01 1.452380e-01
<VARIANCE> 25
 1.350981e+01 1.308662e+01 1.559712e+01 2.378950e+01 2.089406e+01 2.629749e+01 1.969732e+01 1.783503e+01 1.574228e+01 1.886024e+01 2.308014e+01 1.451253e+01 5.100430e+00 2.932257e+00 5.531025e+00 6.704200e+00 5.535729e+00 4.994071e+00 4.154016e+00 4.250174e+00 3.467940e+00 4.429035e+00 3.370704e+00 2.483341e+00 4.237222e-03
<GCONST> 9.261757e+01
<MIXTURE> 74 1.756491e-02
<MEAN> 25
 4.508245e+00 -9.428819e-01 5.114384e+00 -1.478078e+00 -9.060424e+00 -7.178936e+00 -2.375747e+00 5.541004e-01 -5.157957e+00 -1.253335e+00 -1.193596e+00 4.108143e-01 4.090017e-01 1.849589e+00 -3.490150e-01 1.237373e+00 1.254532e+00 5.736018e-01 3.936381e-01 -1.407490e+00 -1.441992e-01 6.590101e-01 -5.989633e-01 -7.488393e-01 -7.069484e-02
<VARIANCE> 25
 9.202318e+00 1.901871e+01 3.274197e+01 2.979610e+01 3.657846e+01 4.041450e+01 4.626573e+01 4.208375e+01 4.711142e+01 4.234883e+01 3.331467e+01 3.388087e+01 1.692277e+00 1.782464e+00 3.629170e+00 2.502609e+00 3.653967e+00 3.186049e+00 5.109494e+00 3.618379e+00 3.610117e+00 4.434947e+00 3.163268e+00 3.828544e+00 1.647557e-03
<GCONST> 9.503588e+01
<MIXTURE> 75 9.711651e-03
<MEAN> 25
 2.679743e+00 -9.785147e-01 9.533103e+00 2.435303e+00 -1.113843e+01 -8.851107e+00 -5.344923e+00 1.557837e-01 -3.495596e+00 -5.385358e+00 3.825017e+00 2.217846e+00 1.737284e+00 -1.515749e+00 -1.337940e-01 2.386234e-01 -2.145745e+00 -1.376866e+00 -1.140137e+00 6.225485e-01 -2.222693e-01 1.070242e-01 1.192814e+00 -2.938111e-01 5.075830e-02
<VARIANCE> 25
 8.003585e+00 1.278475e+01 2.836127e+01 2.545714e+01 2.073740e+01 4.638579e+01 2.594305e+01 2.432906e+01 3.228563e+01 2.203032e+01 2.145127e+01 2.105555e+01 2.233385e+00 2.194251e+00 5.211717e+00 3.493790e+00 3.035360e+00 6.324998e+00 4.135002e+00 3.341385e+00 3.325287e+00 3.014219e+00 2.638032e+00 2.842046e+00 1.512469e-03
<GCONST> 9.105100e+01
<MIXTURE> 76 1.052359e-02
<MEAN> 25
 -7.301489e+00 -1.268359e+00 -2.724025e+00 4.012301e+00 4.656010e+00 1.744622e+00 4.747780e+00 2.328534e+00 2.697913e+00 9.929799e-01 1.050722e+00 2.024161e+00 1.041914e-02 -5.989406e-01 -3.615645e-01 -7.303395e-01 -6.638811e-01 -1.063134e+00 -7.389799e-01 -3.027212e-01 -3.747236e-01 -5.344197e-01 -3.265913e-01 -4.611088e-02 2.202743e-02
<VARIANCE> 25
 3.257720e+01 2.689673e+01 2.887458e+01 2.719245e+01 3.046961e+01 3.051508e+01 2.687126e+01 2.692201e+01 2.149849e+01 2.473455e+01 3.117989e+01 2.050995e+01 1.092424e+00 1.342416e+00 1.433599e+00 1.092628e+00 1.491710e+00 1.838337e+00 1.646688e+00 1.571187e+00 1.495430e+00 2.198377e+00 1.841343e+00 1.375125e+00 1.253635e-03
<GCONST> 8.377276e+01
<MIXTURE> 77 1.244626e-02
<MEAN> 25
 -4.151020e-01 8.493074e+00 1.234099e+01 -1.148273e+01 -6.998932e+00 1.016047e+00 -9.296435e+00 -7.179185e+00 -3.315605e+00 -2.287020e-01 -4.597695e+00 -1.435346e+00 6.790571e-02 1.488470e-01 6.858225e-02 2.506519e-01 -1.877850e-02 8.174158e-02 -6.154023e-02 -7.039429e-02 7.864809e-02 -5.553733e-02 3.470663e-02 1.189380e-01 -9.972194e-03
<VARIANCE> 25
 1.061210e+01 2.047569e+01 2.838985e+01 4.247618e+01 3.281200e+01 3.494106e+01 3.670003e+01 3.188230e+01 3.535267e+01 3.306858e+01 3.747660e+01 3.485818e+01 2.970817e-01 7.940681e-01 6.405643e-01 1.074559e+00 1.236238e+00 9.876760e-01 1.220210e+00 1.070034e+00 1.048943e+00 1.062005e+00 9.754715e-01 9.336479e-01 5.473219e-04
<GCONST> 7.792391e+01
<MIXTURE> 78 9.702551e-03
<MEAN> 25
 -1.159077e+01 4.713987e-01 -2.156027e+00 2.982165e+00 4.982295e+00 -1.657216e+00 4.559783e+00 1.968567e+00 3.189904e+00 1.753795e+00 -3.063018e-01 2.589225e+00 2.113916e+00 -4.992158e-02 -1.357287e-01 4.019375e-01 -1.294820e-02 -3.329340e-01 -2.306762e-01 1.702178e-01 3.423981e-01 2.421604e-01 -7.812439e-01 -7.021261e-01 -6.384821e-02
<VARIANCE> 25
 3.508752e+01 2.718299e+01 3.413181e+01 3.146301e+01 3.849504e+01 3.657917e+01 3.310667e+01 2.995205e+01 2.342936e+01 2.889131e+01 2.505413e+01 1.950873e+01 4.068272e+00 3.049873e+00 2.548995e+00 2.535883e+00 2.241091e+00 3.202279e+00 3.125277e+00 2.430148e+00 1.978988e+00 2.909578e+00 3.166146e+00 1.988368e+00 3.919862e-03
<GCONST> 9.307677e+01
<MIXTURE> 79 1.156824e-02
<MEAN> 25
 2.525259e+00 1.627390e+00 9.012220e+00 -6.448260e+00 -1.197317e+01 -1.788159e+00 -1.799604e+00 -6.339775e+00 -6.668867e+00 3.342335e-01 -3.346496e+00 -3.195435e+00 1.209008e+00 -5.277705e-01 -1.433704e+00 2.304772e+00 4.433397e-01 -1.450181e+00 5.227892e-01 8.154091e-01 -4.335018e-01 -5.510905e-01 3.095453e-01 2.187090e-01 -3.598106e-02
<VARIANCE> 25
 1.420432e+01 2.352483e+01 3.770131e+01 4.912617e+01 3.325475e+01 4.265222e+01 4.223664e+01 3.629622e+01 3.909765e+01 3.947019e+01 4.481473e+01 3.033271e+01 9.370834e-01 2.271760e+00 1.850867e+00 2.092753e+00 2.629555e+00 2.774904e+00 3.221105e+00 3.752749e+00 2.443941e+00 2.671200e+00 2.340633e+00 2.153948e+00 1.247671e-03
<GCONST> 9.182800e+01
<MIXTURE> 80 7.550998e-03
<MEAN> 25
 -1.460160e+01 3.976606e+00 6.768430e-01 2.873751e+00 2.459527e+00 1.402485e+00 6.396791e+00 2.492266e+00 2.719531e+00 2.381334e+00 4.833286e+00 1.176360e+00 4.280790e+00 -1.894274e-02 1.632671e+00 -1.133662e+00 -2.885007e+00 -2.778151e+00 -2.322957e+00 -2.016957e+00 -1.972302e+00 -1.687614e+00 -1.653087e+00 -6.019590e-01 -4.411852e-02
<VARIANCE> 25
 2.094697e+01 1.983736e+01 3.448736e+01 3.469036e+01 3.019972e+01 2.921088e+01 2.825253e+01 2.852749e+01 2.670631e+01 2.885914e+01 2.704024e+01 1.816482e+01 2.370521e+00 2.670369e+00 2.685626e+00 4.115309e+00 3.400395e+00 2.701662e+00 3.021444e+00 3.211772e+00 2.748989e+00 2.703340e+00 2.781028e+00 2.143078e+00 1.519382e-03
<GCONST> 9.142172e+01
<MIXTURE> 81 8.025434e-03
<MEAN> 25
 -1.183397e+00 3.977052e+00 1.002063e+01 -1.467858e+01 -8.912462e+00 -1.533822e+00 -6.654813e+00 -8.497006e+00 -4.093011e+00 -3.564630e-01 -7.348732e+00 -2.057140e+00 1.517427e-01 -5.551896e-01 -1.838527e-02 -5.611216e-01 -4.820955e-01 3.584884e-01 3.438003e-01 9.502301e-02 -1.541934e-01 8.662582e-02 -4.442764e-01 -1.228115e-01 1.237610e-02
<VARIANCE> 25
 1.014437e+01 3.248908e+01 2.705252e+01 2.937295e+01 3.428386e+01 3.045564e+01 4.507861e+01 2.789808e+01 3.735271e+01 3.138192e+01 2.709815e+01 3.204432e+01 7.718977e-01 2.276973e+00 1.524767e+00 2.813345e+00 2.622403e+00 2.105900e+00 3.237980e+00 2.319560e+00 2.315806e+00 2.504031e+00 2.279513e+00 2.036614e+00 1.194385e-03
<GCONST> 8.865185e+01
<MIXTURE> 82 8.213053e-03
<MEAN> 25
 -9.621905e+00 -4.221726e+00 2.393354e+00 -3.149593e+00 3.015857e+00 -7.742001e-01 9.007339e-01 1.767490e-02 2.885020e+00 1.804527e+00 1.996261e+00 3.739012e+00 -1.411258e+00 -3.901820e-01 3.971058e-01 -2.254707e+00 -9.135476e-01 -1.126573e+00 -7.374365e-01 -9.652297e-01 -6.783757e-01 -7.622452e-01 -6.938392e-02 4.441970e-01 1.637160e-01
<VARIANCE> 25
 1.542551e+01 2.406288e+01 2.812889e+01 2.911136e+01 2.751389e+01 4.702308e+01 3.273179e+01 3.402834e+01 2.811598e+01 2.434015e+01 2.764106e+01 1.579845e+01 3.272803e+00 2.898501e+00 2.773528e+00 3.658640e+00 3.008808e+00 3.600100e+00 3.196072e+00 2.935846e+00 3.591409e+00 2.489077e+00 2.632961e+00 2.616617e+00 3.442460e-03
<GCONST> 9.299744e+01
<MIXTURE> 83 1.167529e-02
<MEAN> 25
 -1.991026e+01 4.986095e+00 -2.554090e+00 7.342610e-01 8.115032e+00 -1.640790e+00 5.384473e+00 1.836327e+00 9.815800e-01 1.112186e+00 -2.975051e-01 2.581453e+00 -6.373101e-02 -5.925759e-01 -1.019861e-01 -3.211809e-01 -2.130978e-01 -1.196080e-01 -5.806439e-02 -9.754409e-02 -7.134322e-02 2.452973e-01 1.101793e-01 -6.173175e-02 8.913582e-03
<VARIANCE> 25
 7.901712e+00 1.509626e+01 2.623872e+01 2.422810e+01 1.848865e+01 2.188347e+01 1.845441e+01 2.569693e+01 1.770338e+01 2.549609e+01 2.612073e+01 1.259290e+01 9.835262e-01 9.094572e-01 1.081293e+00 9.474481e-01 1.519069e+00 1.163828e+00 1.107993e+00 1.159682e+00 1.133848e+00 1.569327e+00 1.357389e+00 9.470606e-01 8.935771e-04
<GCONST> 7.579622e+01
<MIXTURE> 84 1.066614e-02
<MEAN> 25
 1.341267e+00 8.798216e+00 6.900280e+00 7.070647e+00 2.884336e+00 -1.168072e+00 -1.537150e+00 -4.408893e+00 -3.723910e+00 -2.166055e+00 -2.765418e+00 -2.175184e+00 -1.772881e+00 -1.082139e+00 -9.452380e-01 1.071989e+00 2.046666e+00 1.498901e+00 1.243685e+00 1.338437e+00 1.065197e+00 2.346100e-01 5.281755e-01 3.528160e-01 -7.014646e-02
<VARIANCE> 25
 2.100265e+01 1.668287e+01 2.010908e+01 2.682495e+01 2.673112e+01 2.642745e+01 2.509063e+01 2.450449e+01 2.361275e+01 2.700560e+01 2.243809e+01 2.437591e+01 1.872186e+00 2.548553e+00 3.860985e+00 3.201904e+00 3.319647e+00 3.074586e+00 3.247953e+00 3.142681e+00 3.170907e+00 3.112347e+00 3.382647e+00 2.677649e+00 3.230545e-03
<GCONST> 9.132153e+01
<MIXTURE> 85 7.591393e-03
<MEAN> 25
 -3.025343e+00 7.761455e+00 5.672050e+00 1.296784e+00 -3.399830e+00 -5.291255e+00 -2.851210e+00 -6.003449e+00 -3.427845e+00 -3.223717e+00 -5.476665e-01 -1.815813e+00 3.932793e+00 3.399878e-01 1.741085e+00 -2.027294e+00 -3.380459e+00 -2.532695e+00 -2.864533e+00 -2.375075e+00 -2.207767e+00 -1.255750e+00 -2.292368e+00 -6.021727e-01 1.108940e-02
<VARIANCE> 25
 4.208534e+01 2.355993e+01 3.573802e+01 3.733908e+01 3.911914e+01 4.187595e+01 3.338919e+01 2.867095e+01 2.672917e+01 2.626831e+01 2.601878e+01 2.036405e+01 2.642574e+00 4.219141e+00 3.971044e+00 5.201466e+00 4.370578e+00 3.957788e+00 3.772118e+00 4.005066e+00 3.822208e+00 3.936897e+00 3.951183e+00 3.423623e+00 5.443921e-03
<GCONST> 9.824238e+01
<MIXTURE> 86 1.273941e-02
<MEAN> 25
 -5.764614e+00 -1.820952e-01 -2.285391e-01 5.292980e+00 4.923252e+00 4.551756e+00 6.320531e+00 4.205142e+00 4.192698e+00 3.611095e+00 4.158217e+00 2.226607e+00 -1.859545e-02 3.672441e-02 2.413820e-02 6.404038e-02 -3.991551e-02 -1.915821e-01 -3.032581e-01 -3.909293e-01 -2.175024e-01 -1.240046e-01 -2.500102e-01 -2.417111e-01 -6.657958e-04
<VARIANCE> 25
 7.858541e+00 6.466475e+00 8.407387e+00 1.180321e+01 1.383182e+01 1.334572e+01 1.465281e+01 1.140375e+01 1.179167e+01 1.194409e+01 1.506844e+01 1.118755e+01 9.167331e-02 2.279455e-01 2.917730e-01 4.686848e-01 6.741700e-01 6.268963e-01 7.205575e-01 7.889141e-01 1.018467e+00 8.309531e-01 1.003579e+00 7.917590e-01 6.138754e-05
<GCONST> 5.750545e+01
<MIXTURE> 87 1.100681e-02
<MEAN> 25
 -2.615357e+00 4.355943e+00 3.288626e+00 5.762801e+00 4.829005e+00 7.730450e-01 1.560022e+00 -1.046074e+00 -2.403602e-01 -3.015175e-01 -4.892745e-01 -3.706408e-01 -2.253627e+00 -2.663744e+00 -2.013559e+00 -1.981535e+00 7.995296e-02 9.807185e-02 5.507283e-01 9.149228e-01 1.187501e+00 6.643430e-01 1.163690e+00 1.542442e+00 9.944911e-02
<VARIANCE> 25
 3.600272e+01 2.747128e+01 2.838827e+01 3.431409e+01 2.580540e+01 2.885658e+01 2.526542e+01 2.321095e+01 2.208758e+01 2.323671e+01 2.254096e+01 2.084139e+01 3.503347e+00 2.429303e+00 4.066273e+00 4.407997e+00 4.257744e+00 4.768824e+00 3.706130e+00 3.909344e+00 3.271844e+00 3.348866e+00 3.221519e+00 3.380353e+00 4.268371e-03
<GCONST> 9.514217e+01
<MIXTURE> 88 1.256585e-02
<MEAN> 25
 -4.790142e+00 -3.492591e-01 -7.470845e-01 4.184007e+00 4.153377e+00 3.794440e+00 6.107792e+00 3.840600e+00 3.774719e+00 2.073105e+00 1.976083e+00 1.970417e+00 1.325816e-01 3.319778e-01 1.232836e-01 2.158356e-01 -5.494179e-02 -1.221706e-01 -7.696205e-02 -1.510115e-01 -2.111104e-01 -1.185956e-01 -4.473956e-02 8.233743e-02 -8.571075e-03
<VARIANCE> 25
 7.949350e+00 9.896781e+00 1.375584e+01 1.817492e+01 1.845565e+01 1.693068e+01 2.174400e+01 1.628372e+01 1.529624e+01 1.532301e+01 2.230101e+01 1.465742e+01 1.170361e+00 1.807825e+00 1.962175e+00 1.868656e+00 2.613084e+00 2.677805e+00 2.531356e+00 2.364608e+00 2.016167e+00 2.243392e+00 2.379655e+00 2.278760e+00 1.602491e-03
<GCONST> 8.124147e+01
<MIXTURE> 89 9.333527e-03
<MEAN> 25
 6.055331e+00 -7.200429e+00 -3.742424e+00 -3.068846e+00 -1.383834e+00 -5.505550e+00 -5.652396e+00 4.300673e+00 3.206267e+00 -2.779903e+00 -5.842838e+00 -3.435247e+00 -5.128434e-01 1.627828e-01 1.918612e+00 9.709661e-01 -1.911618e+00 -1.557597e+00 7.908394e-01 1.349876e+00 -6.860512e-01 -1.319147e+00 3.416905e-01 1.503507e+00 -5.832258e-03
<VARIANCE> 25
 8.668061e+00 2.976726e+01 3.056402e+01 2.934939e+01 3.618528e+01 4.030612e+01 6.164633e+01 4.185983e+01 3.897734e+01 4.061160e+01 3.489407e+01 3.179603e+01 4.180911e-01 8.333205e-01 1.480617e+00 1.403059e+00 2.045876e+00 2.360538e+00 2.783406e+00 2.097242e+00 2.321579e+00 2.020614e+00 2.472441e+00 1.465491e+00 3.799271e-04
<GCONST> 8.579191e+01
<MIXTURE> 90 7.114505e-03
<MEAN> 25
 2.449241e+00 -9.723832e+00 -4.754701e+00 -3.977552e+00 -3.384292e+00 -1.813456e+00 3.365628e+00 1.181797e+00 -7.532454e+00 -1.021583e+01 -3.429828e+00 -7.393993e-01 -1.636498e-01 9.091311e-01 1.168861e+00 -8.537561e-01 -1.613224e+00 -2.115672e-01 6.445246e-01 -2.098705e-01 -1.686942e-01 7.369605e-01 1.830207e-01 -5.500289e-01 -1.115146e-02
<VARIANCE> 25
 8.494699e+00 1.778939e+01 1.981221e+01 2.802079e+01 3.683774e+01 3.217295e+01 3.852196e+01 3.643184e+01 3.521207e+01 2.769965e+01 2.700007e+01 2.613495e+01 2.237605e-01 6.128997e-01 7.866597e-01 1.043249e+00 1.470535e+00 1.592577e+00 1.781637e+00 1.654856e+00 1.810284e+00 1.678404e+00 1.495406e+00 1.308537e+00 2.149952e-04
<GCONST> 7.813608e+01
<MIXTURE> 91 7.852945e-03
<MEAN> 25
 6.229421e+00 -8.006333e+00 -8.262391e+00 -4.697432e+00 3.831055e+00 -3.306068e-01 -1.739084e+00 1.679220e+00 5.672508e-01 -2.385770e+00 -4.670899e+00 -5.336449e+00 2.667738e-01 9.357746e-01 2.086649e-01 5.334626e-01 -1.142389e-01 -4.493087e-01 -2.867317e-01 1.499784e-01 6.698173e-02 3.093560e-01 -2.227551e-01 2.317015e-01 -3.564462e-02
<VARIANCE> 25
 9.214112e+00 2.701110e+01 1.876993e+01 3.778310e+01 3.261877e+01 5.285448e+01 5.178787e+01 4.347581e+01 4.743634e+01 5.982670e+01 3.387562e+01 3.827995e+01 4.474677e-01 8.707139e-01 1.010771e+00 1.699265e+00 3.057710e+00 2.629823e+00 2.534568e+00 2.899565e+00 2.134833e+00 2.416833e+00 2.202219e+00 1.841096e+00 5.968522e-04
<GCONST> 8.761260e+01
<MIXTURE> 92 7.852945e-03
<MEAN> 25
 6.229421e+00 -8.006333e+00 -8.262391e+00 -4.697432e+00 3.831055e+00 -3.306068e-01 -1.739084e+00 1.679220e+00 5.672508e-01 -2.385770e+00 -4.670899e+00 -5.336449e+00 2.667738e-01 9.357746e-01 2.086649e-01 5.334626e-01 -1.142389e-01 -4.493087e-01 -2.867317e-01 1.499784e-01 6.698173e-02 3.093560e-01 -2.227551e-01 2.317015e-01 -3.564462e-02
<VARIANCE> 25
 9.214112e+00 2.701110e+01 1.876993e+01 3.778310e+01 3.261877e+01 5.285448e+01 5.178787e+01 4.347581e+01 4.743634e+01 5.982670e+01 3.387562e+01 3.827995e+01 4.474677e-01 8.707139e-01 1.010771e+00 1.699265e+00 3.057710e+00 2.629823e+00 2.534568e+00 2.899565e+00 2.134833e+00 2.416833e+00 2.202219e+00 1.841096e+00 5.968522e-04
<GCONST> 8.761260e+01
<MIXTURE> 93 6.122769e-03
<MEAN> 25
 -6.824020e+00 -9.024763e-01 -2.330873e+00 5.738256e+00 5.897089e+00 3.970809e+00 6.182829e+00 3.640104e+00 4.076460e+00 2.520658e+00 1.856880e+00 3.696746e+00 -5.963082e-02 -1.561869e-01 -2.554072e-01 -3.222183e-01 -3.283299e-01 -2.788075e-01 -2.172929e-01 -1.791630e-01 -1.740270e-01 -1.448756e-01 -9.983584e-02 -3.894019e-02 -3.871391e-06
<VARIANCE> 25
 8.953467e+00 6.189951e+00 8.374461e+00 1.141822e+01 1.144588e+01 1.587366e+01 1.549711e+01 1.635356e+01 1.465316e+01 1.432825e+01 1.668017e+01 1.334248e+01 8.472832e-02 1.533541e-01 2.598833e-01 3.825087e-01 4.978828e-01 6.396968e-01 7.785609e-01 8.829644e-01 9.288473e-01 8.653212e-01 8.837509e-01 9.063649e-01 1.044561e-06
<GCONST> 5.362870e+01
<MIXTURE> 94 6.122769e-03
<MEAN> 25
 -6.824020e+00 -9.024763e-01 -2.330873e+00 5.738256e+00 5.897089e+00 3.970809e+00 6.182829e+00 3.640104e+00 4.076460e+00 2.520658e+00 1.856880e+00 3.696746e+00 -5.963082e-02 -1.561869e-01 -2.554072e-01 -3.222183e-01 -3.283299e-01 -2.788075e-01 -2.172929e-01 -1.791630e-01 -1.740270e-01 -1.448756e-01 -9.983584e-02 -3.894019e-02 -3.871391e-06
<VARIANCE> 25
 8.953467e+00 6.189951e+00 8.374461e+00 1.141822e+01 1.144588e+01 1.587366e+01 1.549711e+01 1.635356e+01 1.465316e+01 1.432825e+01 1.668017e+01 1.334248e+01 8.472832e-02 1.533541e-01 2.598833e-01 3.825087e-01 4.978828e-01 6.396968e-01 7.785609e-01 8.829644e-01 9.288473e-01 8.653212e-01 8.837509e-01 9.063649e-01 1.044561e-06
<GCONST> 5.362870e+01
<MIXTURE> 95 5.258835e-03
<MEAN> 25
 -5.934121e+00 -4.363802e-01 -1.699023e+00 4.684920e+00 4.291042e+00 2.966222e+00 4.775210e+00 1.739556e+00 2.301266e+00 9.667746e-01 1.049946e+00 2.324207e+00 1.348115e-01 1.433657e-01 9.291963e-02 -1.889323e-02 -3.174319e-01 -7.069706e-01 -1.028055e+00 -1.228658e+00 -1.220026e+00 -8.738687e-01 -5.986541e-01 -3.398142e-01 -3.726689e-04
<VARIANCE> 25
 9.469067e+00 6.824263e+00 1.215353e+01 1.220973e+01 1.411277e+01 1.872292e+01 1.997907e+01 1.583152e+01 1.501578e+01 1.439991e+01 1.861573e+01 1.391545e+01 1.944892e-01 3.088162e-01 4.170670e-01 6.334172e-01 8.177198e-01 8.241859e-01 8.785709e-01 9.228929e-01 9.927125e-01 1.129525e+00 1.281896e+00 1.062671e+00 4.387984e-05
<GCONST> 6.302386e+01
<MIXTURE> 96 7.034694e-03
<MEAN> 25
 -5.237878e+00 -1.075782e-01 -1.918435e+00 4.695837e+00 3.644987e+00 1.710462e+00 4.272015e+00 2.195092e+00 2.405341e+00 8.047568e-01 1.068558e+00 2.401159e+00 -2.585852e-02 1.244273e-01 2.396056e-01 4.351377e-01 6.155348e-01 5.584388e-01 2.018315e-01 -1.262900e-01 -6.373544e-01 -7.221654e-01 -5.002193e-01 -3.347743e-01 -6.561175e-05
<VARIANCE> 25
 1.019533e+01 1.013064e+01 1.272548e+01 1.503405e+01 1.470004e+01 1.925700e+01 2.126565e+01 1.907301e+01 1.640040e+01 1.540063e+01 1.857412e+01 1.535174e+01 1.102736e-01 2.238122e-01 2.974434e-01 3.700740e-01 5.190940e-01 6.544658e-01 8.218133e-01 9.152743e-01 1.194634e+00 8.509133e-01 9.230981e-01 8.804516e-01 1.060129e-06
<GCONST> 5.745338e+01
<MIXTURE> 97 7.034694e-03
<MEAN> 25
 -5.237878e+00 -1.075782e-01 -1.918435e+00 4.695837e+00 3.644987e+00 1.710462e+00 4.272015e+00 2.195092e+00 2.405341e+00 8.047568e-01 1.068558e+00 2.401159e+00 -2.585852e-02 1.244273e-01 2.396056e-01 4.351377e-01 6.155348e-01 5.584388e-01 2.018315e-01 -1.262900e-01 -6.373544e-01 -7.221654e-01 -5.002193e-01 -3.347743e-01 -6.561175e-05
<VARIANCE> 25
 1.019533e+01 1.013064e+01 1.272548e+01 1.503405e+01 1.470004e+01 1.925700e+01 2.126565e+01 1.907301e+01 1.640040e+01 1.540063e+01 1.857412e+01 1.535174e+01 1.102736e-01 2.238122e-01 2.974434e-01 3.700740e-01 5.190940e-01 6.544658e-01 8.218133e-01 9.152743e-01 1.194634e+00 8.509133e-01 9.230981e-01 8.804516e-01 1.060129e-06
<GCONST> 5.745338e+01
<MIXTURE> 98 9.917808e-03
<MEAN> 25
 -1.152696e+00 1.357001e+00 4.123734e-01 3.642233e+00 3.286019e+00 2.334199e+00 2.446779e+00 1.249164e+00 1.598557e+00 8.994368e-01 3.437311e-01 -1.745332e-01 -1.891528e+00 -1.506781e+00 -8.799761e-01 9.631118e-02 4.617931e-01 8.388410e-01 1.240037e+00 1.247409e+00 1.424487e+00 8.246449e-01 1.498280e+00 1.189536e+00 -3.390488e-02
<VARIANCE> 25
 1.331734e+01 1.836783e+01 3.013430e+01 3.218633e+01 3.861036e+01 3.407050e+01 3.124421e+01 2.759655e+01 2.796297e+01 2.923866e+01 2.560378e+01 2.846366e+01 1.329062e+00 1.425139e+00 2.325355e+00 2.187935e+00 2.774578e+00 2.652018e+00 2.530387e+00 2.715607e+00 2.608470e+00 3.112860e+00 2.746400e+00 2.769447e+00 2.410203e-03
<GCONST> 8.984698e+01
<MIXTURE> 99 6.696178e-03
<MEAN> 25
 -6.324585e+00 9.757353e+00 6.731622e+00 3.186255e+00 9.035698e-01 -5.349356e+00 -1.719156e+00 -4.314551e+00 -3.416872e+00 -3.592590e+00 -1.545974e+00 4.541933e-01 5.634355e-01 -6.945289e-01 3.028812e-01 -4.031601e-01 -1.150607e+00 -4.474741e-01 -2.905836e-01 -2.799444e-01 -1.182863e-01 -8.071110e-02 2.700496e-01 1.684706e-01 1.100024e-02
<VARIANCE> 25
 3.576523e+01 2.692333e+01 4.588956e+01 3.410831e+01 3.577763e+01 3.471564e+01 2.709849e+01 3.015935e+01 2.633769e+01 2.821107e+01 2.068392e+01 2.993239e+01 2.193856e+00 1.898662e+00 1.433390e+00 1.705889e+00 2.609656e+00 2.177168e+00 1.635584e+00 1.690866e+00 1.533308e+00 1.565236e+00 1.326835e+00 1.253940e+00 1.634844e-03
<GCONST> 8.708594e+01
<MIXTURE> 100 4.498084e-03
<MEAN> 25
 -1.598922e+00 6.343808e+00 1.027577e+01 -7.462423e+00 -1.078041e+01 -5.075603e+00 -4.941171e+00 -9.968976e+00 -4.717593e+00 -8.547866e-01 -2.732530e+00 -2.706737e+00 2.917642e+00 -1.260077e+00 1.299393e+00 -2.185674e+00 -3.419145e+00 -7.837858e-01 -1.218453e+00 -8.199760e-01 -1.475344e+00 3.465014e-01 -1.655268e+00 -2.861987e-01 2.024689e-03
<VARIANCE> 25
 1.362739e+01 2.106178e+01 2.246711e+01 2.642887e+01 2.303071e+01 2.372222e+01 2.910934e+01 2.170461e+01 2.748081e+01 2.265095e+01 2.241319e+01 2.135130e+01 1.799299e+00 3.953896e+00 2.920043e+00 4.286012e+00 4.184464e+00 4.537177e+00 4.015743e+00 4.339847e+00 4.167292e+00 3.895638e+00 3.910666e+00 3.224554e+00 1.675032e-03
<GCONST> 9.256975e+01
<MIXTURE> 101 6.007792e-03
<MEAN> 25
 8.097977e+00 -3.371930e+00 -6.155809e+00 -6.204440e+00 4.821062e-01 -1.579128e+00 -1.033235e+01 -1.933169e+00 1.423882e+00 2.687974e+00 -2.063549e+00 -4.869098e+00 6.712233e-01 6.694381e-01 -1.504304e+00 -1.648721e+00 1.127338e+00 2.392132e+00 2.611947e-01 -1.449139e+00 -1.115546e+00 1.219619e+00 1.267907e+00 -5.015755e-01 -7.192688e-03
<VARIANCE> 25
 8.879292e+00 1.608564e+01 2.840510e+01 4.693277e+01 3.611184e+01 3.700475e+01 3.644384e+01 3.660784e+01 3.632518e+01 4.153699e+01 5.100980e+01 2.406733e+01 2.805544e-01 6.405813e-01 1.195422e+00 1.501397e+00 1.734355e+00 2.074941e+00 2.039425e+00 1.877891e+00 2.353568e+00 2.610502e+00 1.865361e+00 1.945974e+00 4.200141e-04
<GCONST> 8.375092e+01
<MIXTURE> 102 6.007792e-03
<MEAN> 25
 8.097977e+00 -3.371930e+00 -6.155809e+00 -6.204440e+00 4.821062e-01 -1.579128e+00 -1.033235e+01 -1.933169e+00 1.423882e+00 2.687974e+00 -2.063549e+00 -4.869098e+00 6.712233e-01 6.694381e-01 -1.504304e+00 -1.648721e+00 1.127338e+00 2.392132e+00 2.611947e-01 -1.449139e+00 -1.115546e+00 1.219619e+00 1.267907e+00 -5.015755e-01 -7.192688e-03
<VARIANCE> 25
 8.879292e+00 1.608564e+01 2.840510e+01 4.693277e+01 3.611184e+01 3.700475e+01 3.644384e+01 3.660784e+01 3.632518e+01 4.153699e+01 5.100980e+01 2.406733e+01 2.805544e-01 6.405813e-01 1.195422e+00 1.501397e+00 1.734355e+00 2.074941e+00 2.039425e+00 1.877891e+00 2.353568e+00 2.610502e+00 1.865361e+00 1.945974e+00 4.200141e-04
<GCONST> 8.375092e+01
<MIXTURE> 103 5.694618e-03
<MEAN> 25
 3.367912e+00 -9.480908e+00 -6.125185e+00 -3.083106e+00 -1.348164e+00 -1.959638e+00 2.439255e+00 2.523876e+00 -4.602010e+00 -9.237862e+00 -5.014323e+00 3.586503e-01 -1.565284e-01 -1.492522e+00 -9.789203e-01 3.803631e-01 1.210079e+00 1.010217e+00 1.625583e-01 -2.526118e-01 -7.743043e-01 -9.441094e-01 -4.798194e-02 1.191361e-01 2.694670e-02
<VARIANCE> 25
 1.030866e+01 2.040765e+01 2.292815e+01 3.165637e+01 4.830419e+01 3.494795e+01 4.622001e+01 3.659947e+01 4.200860e+01 2.937360e+01 3.060252e+01 2.645295e+01 6.433148e-01 1.259846e+00 1.535074e+00 1.941655e+00 2.928187e+00 2.432122e+00 2.887023e+00 2.618839e+00 2.564691e+00 2.517819e+00 2.133130e+00 2.010988e+00 8.104454e-04
<GCONST> 8.763400e+01
<MIXTURE> 104 5.694618e-03
<MEAN> 25
 3.367912e+00 -9.480908e+00 -6.125185e+00 -3.083106e+00 -1.348164e+00 -1.959638e+00 2.439255e+00 2.523876e+00 -4.602010e+00 -9.237862e+00 -5.014323e+00 3.586503e-01 -1.565284e-01 -1.492522e+00 -9.789203e-01 3.803631e-01 1.210079e+00 1.010217e+00 1.625583e-01 -2.526118e-01 -7.743043e-01 -9.441094e-01 -4.798194e-02 1.191361e-01 2.694670e-02
<VARIANCE> 25
 1.030866e+01 2.040765e+01 2.292815e+01 3.165637e+01 4.830419e+01 3.494795e+01 4.622001e+01 3.659947e+01 4.200860e+01 2.937360e+01 3.060252e+01 2.645295e+01 6.433148e-01 1.259846e+00 1.535074e+00 1.941655e+00 2.928187e+00 2.432122e+00 2.887023e+00 2.618839e+00 2.564691e+00 2.517819e+00 2.133130e+00 2.010988e+00 8.104454e-04
<GCONST> 8.763400e+01
<MIXTURE> 105 4.710235e-03
<MEAN> 25
 2.293792e+00 -1.529488e+00 9.137081e+00 -2.648409e+00 -1.143468e+01 -4.946170e+00 -4.378212e+00 -8.894241e-01 -3.663865e+00 -3.281942e+00 1.429328e+00 -1.039210e+00 -2.864234e-03 1.077772e-02 5.763232e-02 -4.583272e-02 8.570998e-03 5.225916e-02 -4.288157e-02 5.986213e-02 -7.624131e-02 -1.097527e-02 7.334212e-02 -1.194123e-02 -2.209548e-03
<VARIANCE> 25
 1.299611e+01 2.777080e+01 3.989552e+01 4.326410e+01 3.709263e+01 5.273554e+01 4.145354e+01 4.244415e+01 3.946069e+01 4.090992e+01 4.072657e+01 2.998840e+01 8.489670e-02 2.027873e-01 3.371572e-01 2.840571e-01 3.641072e-01 4.190105e-01 5.033754e-01 4.768104e-01 5.158644e-01 4.752202e-01 4.596358e-01 4.006119e-01 8.686200e-05
<GCONST> 6.667090e+01
<MIXTURE> 106 4.710235e-03
<MEAN> 25
 2.293792e+00 -1.529488e+00 9.137081e+00 -2.648409e+00 -1.143468e+01 -4.946170e+00 -4.378212e+00 -8.894241e-01 -3.663865e+00 -3.281942e+00 1.429328e+00 -1.039210e+00 -2.864234e-03 1.077772e-02 5.763232e-02 -4.583272e-02 8.570998e-03 5.225916e-02 -4.288157e-02 5.986213e-02 -7.624131e-02 -1.097527e-02 7.334212e-02 -1.194123e-02 -2.209548e-03
<VARIANCE> 25
 1.299611e+01 2.777080e+01 3.989552e+01 4.326410e+01 3.709263e+01 5.273554e+01 4.145354e+01 4.244415e+01 3.946069e+01 4.090992e+01 4.072657e+01 2.998840e+01 8.489670e-02 2.027873e-01 3.371572e-01 2.840571e-01 3.641072e-01 4.190105e-01 5.033754e-01 4.768104e-01 5.158644e-01 4.752202e-01 4.596358e-01 4.006119e-01 8.686200e-05
<GCONST> 6.667090e+01
<MIXTURE> 107 5.452374e-03
<MEAN> 25
 8.552542e+00 -2.562126e+00 -8.068137e+00 -9.514595e+00 2.010943e+00 2.930137e+00 -8.431708e+00 -4.386785e+00 -9.795863e-01 3.354083e+00 9.100691e-01 -5.121501e+00 -6.102750e-01 -7.736398e-01 8.249319e-01 1.768487e+00 2.373195e-01 -2.015026e+00 -8.654431e-01 8.770697e-01 1.755191e+00 2.891169e-02 -1.708732e+00 -8.087757e-01 -1.697677e-03
<VARIANCE> 25
 9.459871e+00 2.332989e+01 2.786585e+01 4.210734e+01 3.527686e+01 3.793623e+01 5.238664e+01 3.703011e+01 4.541335e+01 4.104239e+01 5.064450e+01 2.990335e+01 3.569968e-01 9.537300e-01 1.439935e+00 2.372962e+00 2.253432e+00 2.774853e+00 2.723702e+00 2.536215e+00 2.260922e+00 2.991937e+00 2.044197e+00 2.174577e+00 6.948619e-04
<GCONST> 8.808286e+01
<MIXTURE> 108 5.452374e-03
<MEAN> 25
 8.552542e+00 -2.562126e+00 -8.068137e+00 -9.514595e+00 2.010943e+00 2.930137e+00 -8.431708e+00 -4.386785e+00 -9.795863e-01 3.354083e+00 9.100691e-01 -5.121501e+00 -6.102750e-01 -7.736398e-01 8.249319e-01 1.768487e+00 2.373195e-01 -2.015026e+00 -8.654431e-01 8.770697e-01 1.755191e+00 2.891169e-02 -1.708732e+00 -8.087757e-01 -1.697677e-03
<VARIANCE> 25
 9.459871e+00 2.332989e+01 2.786585e+01 4.210734e+01 3.527686e+01 3.793623e+01 5.238664e+01 3.703011e+01 4.541335e+01 4.104239e+01 5.064450e+01 2.990335e+01 3.569968e-01 9.537300e-01 1.439935e+00 2.372962e+00 2.253432e+00 2.774853e+00 2.723702e+00 2.536215e+00 2.260922e+00 2.991937e+00 2.044197e+00 2.174577e+00 6.948619e-04
<GCONST> 8.808286e+01
<MIXTURE> 109 6.661064e-03
<MEAN> 25
 4.081826e+00 -1.055239e+01 -8.304976e+00 -1.358612e+00 2.753429e+00 -4.505610e-02 -7.266339e-02 1.457348e+00 -2.571192e+00 -8.375919e+00 -5.385341e+00 6.508902e-02 -3.316525e-02 -1.322276e-01 -3.284675e-02 2.507543e-01 1.968290e-01 1.185300e-01 -1.253626e-01 -1.053493e-01 -4.044784e-02 -1.313212e-01 2.192017e-01 1.217090e-02 -3.519912e-03
<VARIANCE> 25
 9.086605e+00 1.820435e+01 2.001336e+01 3.142308e+01 4.083115e+01 3.678832e+01 4.665046e+01 3.437806e+01 4.606731e+01 3.524731e+01 2.957981e+01 2.817578e+01 1.930022e-01 4.231122e-01 5.384145e-01 6.347569e-01 1.231281e+00 9.940800e-01 1.258157e+00 1.093335e+00 1.117511e+00 9.524210e-01 8.779210e-01 8.855110e-01 1.819979e-04
<GCONST> 7.445335e+01
<MIXTURE> 110 6.661064e-03
<MEAN> 25
 4.081826e+00 -1.055239e+01 -8.304976e+00 -1.358612e+00 2.753429e+00 -4.505610e-02 -7.266339e-02 1.457348e+00 -2.571192e+00 -8.375919e+00 -5.385341e+00 6.508902e-02 -3.316525e-02 -1.322276e-01 -3.284675e-02 2.507543e-01 1.968290e-01 1.185300e-01 -1.253626e-01 -1.053493e-01 -4.044784e-02 -1.313212e-01 2.192017e-01 1.217090e-02 -3.519912e-03
<VARIANCE> 25
 9.086605e+00 1.820435e+01 2.001336e+01 3.142308e+01 4.083115e+01 3.678832e+01 4.665046e+01 3.437806e+01 4.606731e+01 3.524731e+01 2.957981e+01 2.817578e+01 1.930022e-01 4.231122e-01 5.384145e-01 6.347569e-01 1.231281e+00 9.940800e-01 1.258157e+00 1.093335e+00 1.117511e+00 9.524210e-01 8.779210e-01 8.855110e-01 1.819979e-04
<GCONST> 7.445335e+01
<MIXTURE> 111 4.337247e-03
<MEAN> 25
 -4.513061e+00 -8.424199e-01 -1.664970e+00 1.700992e+00 1.029728e+00 1.011087e+00 4.552144e-01 2.670317e-01 1.118698e-01 -5.505685e-01 -6.376883e-01 1.912720e+00 -2.033318e-02 -3.233821e-02 -7.034928e-02 -7.110731e-02 -3.248437e-02 1.048511e-02 -5.464688e-03 -6.199016e-02 -1.290095e-01 -1.892715e-01 -1.942350e-01 -1.039913e-01 -2.605920e-04
<VARIANCE> 25
 7.025715e+00 5.170534e+00 1.027692e+01 9.319613e+00 1.324827e+01 2.370217e+01 1.580302e+01 1.322092e+01 1.157121e+01 1.193317e+01 1.351673e+01 1.177775e+01 7.833591e-02 1.635949e-01 2.730343e-01 4.185555e-01 5.671612e-01 7.007579e-01 7.975515e-01 8.495748e-01 9.001263e-01 8.624279e-01 8.676223e-01 8.417528e-01 2.268114e-05
<GCONST> 5.609130e+01
<MIXTURE> 112 4.337247e-03
<MEAN> 25
 -4.513061e+00 -8.424199e-01 -1.664970e+00 1.700992e+00 1.029728e+00 1.011087e+00 4.552144e-01 2.670317e-01 1.118698e-01 -5.505685e-01 -6.376883e-01 1.912720e+00 -2.033318e-02 -3.233821e-02 -7.034928e-02 -7.110731e-02 -3.248437e-02 1.048511e-02 -5.464688e-03 -6.199016e-02 -1.290095e-01 -1.892715e-01 -1.942350e-01 -1.039913e-01 -2.605920e-04
<VARIANCE> 25
 7.025715e+00 5.170534e+00 1.027692e+01 9.319613e+00 1.324827e+01 2.370217e+01 1.580302e+01 1.322092e+01 1.157121e+01 1.193317e+01 1.351673e+01 1.177775e+01 7.833591e-02 1.635949e-01 2.730343e-01 4.185555e-01 5.671612e-01 7.007579e-01 7.975515e-01 8.495748e-01 9.001263e-01 8.624279e-01 8.676223e-01 8.417528e-01 2.268114e-05
<GCONST> 5.609130e+01
<MIXTURE> 113 5.938666e-03
<MEAN> 25
 9.973409e+00 1.756829e+00 -8.773438e+00 -1.703399e+01 -1.039936e+00 5.664469e+00 -5.287411e+00 -1.464045e+00 -5.689966e+00 -4.998136e-01 2.993704e-01 -1.940663e-01 4.832861e-03 1.457079e-02 -5.983419e-02 -1.127603e-01 1.038944e-01 1.497854e-01 6.016266e-02 3.582004e-02 -5.755764e-02 -5.169551e-02 1.805795e-01 3.538724e-02 -1.417938e-03
<VARIANCE> 25
 8.893389e+00 1.638224e+01 2.972674e+01 3.439555e+01 5.273414e+01 3.389397e+01 3.974437e+01 3.913216e+01 3.739973e+01 4.641866e+01 3.627412e+01 2.843614e+01 1.217106e-01 3.213383e-01 3.161251e-01 6.314713e-01 6.130048e-01 6.542318e-01 7.770645e-01 8.446296e-01 9.594083e-01 9.049768e-01 7.254964e-01 7.133253e-01 1.247665e-04
<GCONST> 7.111793e+01
<MIXTURE> 114 5.938666e-03
<MEAN> 25
 9.973409e+00 1.756829e+00 -8.773438e+00 -1.703399e+01 -1.039936e+00 5.664469e+00 -5.287411e+00 -1.464045e+00 -5.689966e+00 -4.998136e-01 2.993704e-01 -1.940663e-01 4.832861e-03 1.457079e-02 -5.983419e-02 -1.127603e-01 1.038944e-01 1.497854e-01 6.016266e-02 3.582004e-02 -5.755764e-02 -5.169551e-02 1.805795e-01 3.538724e-02 -1.417938e-03
<VARIANCE> 25
 8.893389e+00 1.638224e+01 2.972674e+01 3.439555e+01 5.273414e+01 3.389397e+01 3.974437e+01 3.913216e+01 3.739973e+01 4.641866e+01 3.627412e+01 2.843614e+01 1.217106e-01 3.213383e-01 3.161251e-01 6.314713e-01 6.130048e-01 6.542318e-01 7.770645e-01 8.446296e-01 9.594083e-01 9.049768e-01 7.254964e-01 7.133253e-01 1.247665e-04
<GCONST> 7.111793e+01
<MIXTURE> 115 2.935202e-03
<MEAN> 25
 -4.032085e+00 -7.518716e-01 -3.107223e+00 3.656443e+00 2.413743e+00 -4.271167e-01 2.236312e+00 4.135860e-01 1.388344e+00 -1.950856e-02 4.072035e-02 2.687334e+00 3.164754e-02 -7.204065e-02 -2.307045e-01 -4.385652e-01 -6.332706e-01 -6.702074e-01 -5.920956e-01 -5.094219e-01 -4.868089e-01 -4.566526e-01 -3.435902e-01 -1.649405e-01 -3.287859e-06
<VARIANCE> 25
 9.267243e+00 9.884807e+00 1.353557e+01 1.270374e+01 1.348952e+01 1.756554e+01 1.709181e+01 2.080699e+01 1.792797e+01 1.721146e+01 1.919467e+01 1.466507e+01 2.037524e-01 3.456470e-01 4.854587e-01 5.616683e-01 6.343612e-01 7.980474e-01 1.007936e+00 1.130703e+00 1.075648e+00 9.943263e-01 1.025568e+00 1.064634e+00 1.000190e-06
<GCONST> 6.016251e+01
<MIXTURE> 116 2.935202e-03
<MEAN> 25
 -4.032085e+00 -7.518716e-01 -3.107223e+00 3.656443e+00 2.413743e+00 -4.271167e-01 2.236312e+00 4.135860e-01 1.388344e+00 -1.950856e-02 4.072035e-02 2.687334e+00 3.164754e-02 -7.204065e-02 -2.307045e-01 -4.385652e-01 -6.332706e-01 -6.702074e-01 -5.920956e-01 -5.094219e-01 -4.868089e-01 -4.566526e-01 -3.435902e-01 -1.649405e-01 -3.287859e-06
<VARIANCE> 25
 9.267243e+00 9.884807e+00 1.353557e+01 1.270374e+01 1.348952e+01 1.756554e+01 1.709181e+01 2.080699e+01 1.792797e+01 1.721146e+01 1.919467e+01 1.466507e+01 2.037524e-01 3.456470e-01 4.854587e-01 5.616683e-01 6.343612e-01 7.980474e-01 1.007936e+00 1.130703e+00 1.075648e+00 9.943263e-01 1.025568e+00 1.064634e+00 1.000190e-06
<GCONST> 6.016251e+01
<MIXTURE> 117 6.506003e-03
<MEAN> 25
 -4.668832e+00 1.123347e+00 1.069319e+00 9.668595e+00 6.231202e+00 6.267753e+00 6.511471e+00 5.061243e+00 6.338132e+00 4.908368e+00 6.355558e+00 2.731624e+00 -7.595613e-02 -2.366847e-01 -3.560932e-01 -4.127941e-01 -3.631187e-01 -2.949998e-01 -2.808073e-01 -3.359023e-01 -3.997540e-01 -3.642219e-01 -2.596787e-01 -1.154491e-01 2.367937e-07
<VARIANCE> 25
 7.166360e+00 8.839402e+00 9.749490e+00 1.485365e+01 1.557873e+01 1.520719e+01 1.786187e+01 1.783719e+01 1.646731e+01 1.623332e+01 1.659035e+01 1.467238e+01 2.157098e-01 3.056545e-01 4.218671e-01 6.198472e-01 8.489406e-01 1.051252e+00 1.171863e+00 1.226203e+00 1.229954e+00 1.184131e+00 1.159471e+00 1.102153e+00 1.026709e-06
<GCONST> 6.040617e+01
<MIXTURE> 118 6.506003e-03
<MEAN> 25
 -4.668832e+00 1.123347e+00 1.069319e+00 9.668595e+00 6.231202e+00 6.267753e+00 6.511471e+00 5.061243e+00 6.338132e+00 4.908368e+00 6.355558e+00 2.731624e+00 -7.595613e-02 -2.366847e-01 -3.560932e-01 -4.127941e-01 -3.631187e-01 -2.949998e-01 -2.808073e-01 -3.359023e-01 -3.997540e-01 -3.642219e-01 -2.596787e-01 -1.154491e-01 2.367937e-07
<VARIANCE> 25
 7.166360e+00 8.839402e+00 9.749490e+00 1.485365e+01 1.557873e+01 1.520719e+01 1.786187e+01 1.783719e+01 1.646731e+01 1.623332e+01 1.659035e+01 1.467238e+01 2.157098e-01 3.056545e-01 4.218671e-01 6.198472e-01 8.489406e-01 1.051252e+00 1.171863e+00 1.226203e+00 1.229954e+00 1.184131e+00 1.159471e+00 1.102153e+00 1.026709e-06
<GCONST> 6.040617e+01
<MIXTURE> 119 4.297961e-03
<MEAN> 25
 -5.160714e+00 -7.713259e+00 2.432646e+00 2.020149e+00 2.236514e+00 6.698007e-01 5.324955e+00 5.811938e+00 1.470852e+00 9.705048e-01 6.656031e+00 1.782879e+00 -6.466804e-02 -9.235256e-02 3.342522e-02 -1.225933e-01 -1.612839e-01 -1.655352e-01 -3.959408e-02 -2.985170e-04 -6.439131e-02 -1.131883e-01 -1.146636e-01 -6.468641e-02 1.016449e-03
<VARIANCE> 25
 8.840549e+00 9.782464e+00 1.676557e+01 1.929181e+01 2.191657e+01 2.666487e+01 2.398574e+01 2.568295e+01 2.595528e+01 2.684047e+01 1.967698e+01 2.052133e+01 1.579276e-01 2.765877e-01 4.398273e-01 6.977543e-01 7.958641e-01 9.672771e-01 1.076317e+00 1.229979e+00 1.246682e+00 1.194589e+00 1.224542e+00 1.065622e+00 2.220397e-04
<GCONST> 6.948556e+01
<MIXTURE> 120 4.297961e-03
<MEAN> 25
 -5.160714e+00 -7.713259e+00 2.432646e+00 2.020149e+00 2.236514e+00 6.698007e-01 5.324955e+00 5.811938e+00 1.470852e+00 9.705048e-01 6.656031e+00 1.782879e+00 -6.466804e-02 -9.235256e-02 3.342522e-02 -1.225933e-01 -1.612839e-01 -1.655352e-01 -3.959408e-02 -2.985170e-04 -6.439131e-02 -1.131883e-01 -1.146636e-01 -6.468641e-02 1.016449e-03
<VARIANCE> 25
 8.840549e+00 9.782464e+00 1.676557e+01 1.929181e+01 2.191657e+01 2.666487e+01 2.398574e+01 2.568295e+01 2.595528e+01 2.684047e+01 1.967698e+01 2.052133e+01 1.579276e-01 2.765877e-01 4.398273e-01 6.977543e-01 7.958641e-01 9.672771e-01 1.076317e+00 1.229979e+00 1.246682e+00 1.194589e+00 1.224542e+00 1.065622e+00 2.220397e-04
<GCONST> 6.948556e+01
<MIXTURE> 121 4.567511e-03
<MEAN> 25
 2.178084e-01 -2.517943e+00 5.151244e+00 -1.288327e+01 -1.263361e+01 -1.668410e+00 9.897203e-01 -5.111035e+00 -4.205614e+00 -4.897542e-01 -5.504872e+00 -4.306196e+00 2.390514e-02 1.339730e-01 -4.137979e-02 7.974269e-02 1.589294e-01 7.814798e-02 -8.001886e-02 -1.825571e-01 -2.666785e-01 -2.586734e-01 -1.124153e-01 2.007568e-04 -7.451484e-03
<VARIANCE> 25
 7.780170e+00 1.560887e+01 1.725643e+01 2.053906e+01 2.446394e+01 2.920735e+01 2.956617e+01 2.454708e+01 3.530280e+01 2.830667e+01 1.972418e+01 2.117689e+01 1.548035e-01 6.456714e-01 6.221284e-01 7.036766e-01 7.694579e-01 1.148133e+00 1.116883e+00 1.119202e+00 1.220309e+00 1.191510e+00 9.426260e-01 8.713234e-01 2.108224e-04
<GCONST> 7.140064e+01
<MIXTURE> 122 4.567511e-03
<MEAN> 25
 2.178084e-01 -2.517943e+00 5.151244e+00 -1.288327e+01 -1.263361e+01 -1.668410e+00 9.897203e-01 -5.111035e+00 -4.205614e+00 -4.897542e-01 -5.504872e+00 -4.306196e+00 2.390514e-02 1.339730e-01 -4.137979e-02 7.974269e-02 1.589294e-01 7.814798e-02 -8.001886e-02 -1.825571e-01 -2.666785e-01 -2.586734e-01 -1.124153e-01 2.007568e-04 -7.451484e-03
<VARIANCE> 25
 7.780170e+00 1.560887e+01 1.725643e+01 2.053906e+01 2.446394e+01 2.920735e+01 2.956617e+01 2.454708e+01 3.530280e+01 2.830667e+01 1.972418e+01 2.117689e+01 1.548035e-01 6.456714e-01 6.221284e-01 7.036766e-01 7.694579e-01 1.148133e+00 1.116883e+00 1.119202e+00 1.220309e+00 1.191510e+00 9.426260e-01 8.713234e-01 2.108224e-04
<GCONST> 7.140064e+01
<MIXTURE> 123 4.393044e-03
<MEAN> 25
 -4.415018e+00 1.104899e+00 1.295273e-01 5.976313e+00 5.543248e+00 3.695518e+00 3.689207e+00 5.709876e-01 3.165817e-01 -5.859613e-01 -1.482024e-01 5.806482e-01 -4.354342e-01 -7.550783e-01 -8.028035e-01 -5.578240e-01 -2.790125e-01 4.106748e-02 3.267901e-01 6.404760e-01 7.155367e-01 7.411768e-01 7.410860e-01 5.214304e-01 -2.307643e-03
<VARIANCE> 25
 1.020833e+01 9.995043e+00 1.478767e+01 1.687218e+01 2.207043e+01 2.630581e+01 2.285114e+01 1.834020e+01 1.814726e+01 1.669184e+01 2.138654e+01 1.949997e+01 3.810445e-01 3.561102e-01 5.335016e-01 7.564949e-01 9.407996e-01 1.096575e+00 1.178573e+00 1.145209e+00 1.272571e+00 1.142509e+00 1.241567e+00 1.137803e+00 1.011457e-04
<GCONST> 6.918756e+01
<MIXTURE> 124 4.069876e-03
<MEAN> 25
 -6.583469e+00 -8.150055e-01 -2.521082e+00 4.749687e+00 4.938876e+00 3.484422e+00 5.810240e+00 2.750506e+00 3.254677e+00 1.182498e+00 8.313263e-01 2.701578e+00 -1.804312e-01 -3.104369e-01 -3.584358e-01 -2.059341e-01 1.469156e-01 5.291117e-01 7.594429e-01 7.515690e-01 6.704817e-01 3.528701e-01 1.059575e-02 -2.273254e-02 -5.107943e-05
<VARIANCE> 25
 1.015532e+01 8.043423e+00 1.183761e+01 1.286058e+01 1.129771e+01 1.852138e+01 1.640949e+01 1.603864e+01 1.486224e+01 1.609222e+01 1.928936e+01 1.550164e+01 1.026562e-01 1.597822e-01 2.576785e-01 3.993226e-01 5.639693e-01 6.574098e-01 7.237248e-01 8.673244e-01 8.517299e-01 9.370384e-01 1.018574e+00 9.438819e-01 2.046675e-05
<GCONST> 5.856547e+01
<MIXTURE> 125 4.069876e-03
<MEAN> 25
 -6.583469e+00 -8.150055e-01 -2.521082e+00 4.749687e+00 4.938876e+00 3.484422e+00 5.810240e+00 2.750506e+00 3.254677e+00 1.182498e+00 8.313263e-01 2.701578e+00 -1.804312e-01 -3.104369e-01 -3.584358e-01 -2.059341e-01 1.469156e-01 5.291117e-01 7.594429e-01 7.515690e-01 6.704817e-01 3.528701e-01 1.059575e-02 -2.273254e-02 -5.107943e-05
<VARIANCE> 25
 1.015532e+01 8.043423e+00 1.183761e+01 1.286058e+01 1.129771e+01 1.852138e+01 1.640949e+01 1.603864e+01 1.486224e+01 1.609222e+01 1.928936e+01 1.550164e+01 1.026562e-01 1.597822e-01 2.576785e-01 3.993226e-01 5.639693e-01 6.574098e-01 7.237248e-01 8.673244e-01 8.517299e-01 9.370384e-01 1.018574e+00 9.438819e-01 2.046675e-05
<GCONST> 5.856547e+01
<MIXTURE> 126 2.402244e-03
<MEAN> 25
 -3.796473e+00 -6.926085e+00 -5.274092e+00 2.315060e+00 4.275711e+00 -3.231200e+00 8.441010e-02 3.557912e+00 3.351107e+00 -2.695409e+00 -1.429574e+00 3.051578e+00 -2.255298e-03 -4.646949e-03 -3.590038e-02 -1.575894e-01 -3.186241e-01 -3.917879e-01 -2.741907e-01 -1.578405e-01 -1.134337e-01 -1.141454e-01 -9.589937e-02 -2.962969e-02 -1.497825e-03
<VARIANCE> 25
 7.442443e+00 1.269013e+01 1.385862e+01 1.511336e+01 2.463717e+01 2.372371e+01 2.284012e+01 2.837487e+01 3.133308e+01 2.620124e+01 2.173132e+01 1.916672e+01 1.703759e-01 3.535497e-01 4.823525e-01 5.663609e-01 7.531329e-01 9.981562e-01 1.120514e+00 1.260713e+00 1.327554e+00 1.309706e+00 1.214398e+00 1.145944e+00 2.110563e-04
<GCONST> 6.979985e+01
<MIXTURE> 127 2.402244e-03
<MEAN> 25
 -3.796473e+00 -6.926085e+00 -5.274092e+00 2.315060e+00 4.275711e+00 -3.231200e+00 8.441010e-02 3.557912e+00 3.351107e+00 -2.695409e+00 -1.429574e+00 3.051578e+00 -2.255298e-03 -4.646949e-03 -3.590038e-02 -1.575894e-01 -3.186241e-01 -3.917879e-01 -2.741907e-01 -1.578405e-01 -1.134337e-01 -1.141454e-01 -9.589937e-02 -2.962969e-02 -1.497825e-03
<VARIANCE> 25
 7.442443e+00 1.269013e+01 1.385862e+01 1.511336e+01 2.463717e+01 2.372371e+01 2.284012e+01 2.837487e+01 3.133308e+01 2.620124e+01 2.173132e+01 1.916672e+01 1.703759e-01 3.535497e-01 4.823525e-01 5.663609e-01 7.531329e-01 9.981562e-01 1.120514e+00 1.260713e+00 1.327554e+00 1.309706e+00 1.214398e+00 1.145944e+00 2.110563e-04
<GCONST> 6.979985e+01
<MIXTURE> 128 3.790457e-03
<MEAN> 25
 -3.937573e+00 1.546270e+00 -3.367337e-01 6.561219e+00 3.617041e+00 1.857713e+00 3.594485e+00 2.379580e+00 3.959164e+00 3.691334e+00 3.764720e+00 3.513952e+00 -3.951389e-01 -1.958256e-01 9.939867e-02 7.267023e-01 1.185268e+00 1.135900e+00 7.158814e-01 1.306688e-01 -4.430161e-01 -7.895422e-01 -6.998671e-01 -3.931105e-01 -3.769223e-05
<VARIANCE> 25
 1.020545e+01 1.168836e+01 1.496435e+01 1.936429e+01 2.002276e+01 2.116545e+01 2.438673e+01 2.465540e+01 2.636699e+01 2.386649e+01 2.677530e+01 1.824206e+01 8.910486e-01 1.145307e+00 1.363545e+00 1.499643e+00 1.577754e+00 1.859403e+00 2.246642e+00 2.320905e+00 2.151366e+00 1.854900e+00 1.744079e+00 1.745382e+00 1.001555e-06
<GCONST> 7.362809e+01
<TRANSP> 3
 0.000000e+00 1.000000e+00 0.000000e+00
 0.000000e+00 9.999990e-01 9.999998e-07
 0.000000e+00 0.000000e+00 0.000000e+00
<ENDHMM>
