~o
<STREAMINFO> 1 25
<VECSIZE> 25<NULLD><MFCC_E_D_N><DIAGC>
~h "jmodel"
<BEGINHMM>
<NUMSTATES> 3
<STATE> 2
<NUMMIXES> 128
<MIXTURE> 1 5.748963e-03
<MEAN> 25
 -2.548173e+00 3.259664e+00 2.255453e+00 8.665304e+00 4.332994e+00 3.444455e+00 4.017518e+00 3.879205e+00 5.801533e+00 5.124510e+00 5.718888e+00 3.036798e+00 -1.965293e+00 -1.609576e+00 -8.657678e-01 1.070544e+00 1.540096e+00 2.165695e+00 2.189661e+00 2.054956e+00 1.669875e+00 1.217196e+00 1.538405e+00 6.143345e-01 -4.580263e-02
<VARIANCE> 25
 1.012669e+01 1.169584e+01 1.530684e+01 1.856171e+01 2.371585e+01 2.202385e+01 2.170540e+01 2.189412e+01 2.113902e+01 2.267884e+01 2.144651e+01 1.759335e+01 1.815005e+00 2.123285e+00 3.004023e+00 3.294995e+00 3.692745e+00 3.430023e+00 3.481793e+00 3.355145e+00 3.546374e+00 3.769456e+00 3.562748e+00 2.795783e+00 3.206443e-03
<GCONST> 8.868572e+01
<MIXTURE> 2 4.549242e-03
<MEAN> 25
 -4.860280e+00 1.333295e+00 9.789898e-01 9.894235e+00 6.709569e+00 7.414996e+00 7.844519e+00 6.942894e+00 8.366426e+00 6.347049e+00 7.594928e+00 3.064700e+00 -6.241610e-02 4.214209e-02 1.397642e-01 2.236852e-01 2.685584e-01 2.838468e-01 2.941957e-01 3.218371e-01 3.504661e-01 3.081383e-01 1.972966e-01 8.567882e-02 4.221026e-06
<VARIANCE> 25
 7.002829e+00 9.018021e+00 1.069224e+01 1.587254e+01 1.727688e+01 1.554360e+01 1.684711e+01 1.850015e+01 1.655230e+01 1.753958e+01 1.831895e+01 1.433143e+01 1.249096e-01 2.260416e-01 3.378246e-01 4.670978e-01 6.516131e-01 8.150906e-01 9.275250e-01 1.001704e+00 1.048476e+00 1.074488e+00 1.072361e+00 1.021312e+00 1.000438e-06
<GCONST> 5.807806e+01
<MIXTURE> 3 4.549242e-03
<MEAN> 25
 -4.860280e+00 1.333295e+00 9.789898e-01 9.894235e+00 6.709569e+00 7.414996e+00 7.844519e+00 6.942894e+00 8.366426e+00 6.347049e+00 7.594928e+00 3.064700e+00 -6.241610e-02 4.214209e-02 1.397642e-01 2.236852e-01 2.685584e-01 2.838468e-01 2.941957e-01 3.218371e-01 3.504661e-01 3.081383e-01 1.972966e-01 8.567882e-02 4.221026e-06
<VARIANCE> 25
 7.002829e+00 9.018021e+00 1.069224e+01 1.587254e+01 1.727688e+01 1.554360e+01 1.684711e+01 1.850015e+01 1.655230e+01 1.753958e+01 1.831895e+01 1.433143e+01 1.249096e-01 2.260416e-01 3.378246e-01 4.670978e-01 6.516131e-01 8.150906e-01 9.275250e-01 1.001704e+00 1.048476e+00 1.074488e+00 1.072361e+00 1.021312e+00 1.000438e-06
<GCONST> 5.807806e+01
<MIXTURE> 4 1.671429e-02
<MEAN> 25
 3.544009e+00 2.523732e+00 -4.039263e+00 1.245694e+00 4.622068e+00 -3.152864e-02 4.507098e-01 2.083022e-01 1.731499e+00 2.295707e+00 -2.962732e+00 -1.406441e-02 -2.315569e+00 1.061565e+00 1.445481e+00 2.870677e+00 5.855312e-01 3.025496e-02 1.823454e+00 1.046300e+00 1.610722e+00 -2.614753e-01 2.549015e-01 1.094536e+00 -9.283610e-02
<VARIANCE> 25
 1.515057e+01 2.273141e+01 2.455350e+01 3.355015e+01 3.744117e+01 5.384363e+01 5.233957e+01 4.647641e+01 4.641754e+01 5.404971e+01 4.668700e+01 3.518743e+01 2.100367e+00 3.794940e+00 3.058785e+00 4.335205e+00 4.028190e+00 5.098829e+00 5.009539e+00 5.086496e+00 5.798162e+00 5.618452e+00 6.844007e+00 3.983614e+00 5.363908e-03
<GCONST> 1.016218e+02
<MIXTURE> 5 3.206198e-03
<MEAN> 25
 -3.412025e+00 2.192567e+00 6.025468e-01 9.426033e+00 6.706188e+00 6.311330e+00 7.112164e+00 4.717284e+00 5.497572e+00 3.837493e+00 4.645898e+00 2.602382e+00 -3.244411e-01 7.520484e-01 1.220861e+00 1.029676e+00 3.096588e-01 -9.771518e-02 -8.367082e-02 3.538511e-02 4.583651e-01 6.821832e-01 4.033598e-01 9.141281e-02 -2.586316e-05
<VARIANCE> 25
 1.026907e+01 1.397999e+01 2.347581e+01 2.556997e+01 2.024668e+01 1.940255e+01 2.007311e+01 2.034342e+01 2.137992e+01 2.130654e+01 2.413004e+01 1.634900e+01 1.207643e+00 1.242534e+00 1.362089e+00 1.674384e+00 2.282707e+00 2.374613e+00 2.297050e+00 2.273211e+00 2.310960e+00 2.235232e+00 2.081587e+00 1.876466e+00 1.001172e-06
<GCONST> 7.515919e+01
<MIXTURE> 6 5.475854e-03
<MEAN> 25
 9.368356e+00 -1.457566e+00 -6.488922e+00 -1.204302e+01 -2.607690e+00 8.034640e+00 -5.454271e+00 -5.875107e+00 -3.003792e+00 2.775748e+00 4.290087e+00 -6.579495e-01 4.633554e-01 9.602498e-01 -2.841237e-01 -1.656265e+00 -6.760827e-01 1.445842e+00 1.630210e+00 3.715516e-01 -1.313435e+00 -1.342327e+00 2.044070e-01 1.309899e+00 -8.026914e-03
<VARIANCE> 25
 7.660564e+00 1.814894e+01 2.141889e+01 3.931074e+01 3.152573e+01 3.411226e+01 4.782965e+01 3.319110e+01 3.483324e+01 3.621199e+01 3.678695e+01 2.636239e+01 2.832489e-01 8.076168e-01 8.090190e-01 2.149669e+00 1.443535e+00 2.070223e+00 1.739399e+00 1.732228e+00 2.127987e+00 1.771828e+00 1.870321e+00 1.503100e+00 4.995438e-04
<GCONST> 8.201984e+01
<MIXTURE> 7 5.475854e-03
<MEAN> 25
 9.368356e+00 -1.457566e+00 -6.488922e+00 -1.204302e+01 -2.607690e+00 8.034640e+00 -5.454271e+00 -5.875107e+00 -3.003792e+00 2.775748e+00 4.290087e+00 -6.579495e-01 4.633554e-01 9.602498e-01 -2.841237e-01 -1.656265e+00 -6.760827e-01 1.445842e+00 1.630210e+00 3.715516e-01 -1.313435e+00 -1.342327e+00 2.044070e-01 1.309899e+00 -8.026914e-03
<VARIANCE> 25
 7.660564e+00 1.814894e+01 2.141889e+01 3.931074e+01 3.152573e+01 3.411226e+01 4.782965e+01 3.319110e+01 3.483324e+01 3.621199e+01 3.678695e+01 2.636239e+01 2.832489e-01 8.076168e-01 8.090190e-01 2.149669e+00 1.443535e+00 2.070223e+00 1.739399e+00 1.732228e+00 2.127987e+00 1.771828e+00 1.870321e+00 1.503100e+00 4.995438e-04
<GCONST> 8.201984e+01
<MIXTURE> 8 1.165917e-02
<MEAN> 25
 -4.125471e+00 1.964367e+00 5.433009e-01 9.429438e+00 7.358338e+00 6.051896e+00 6.443239e+00 5.342233e+00 7.012524e+00 4.968348e+00 5.675379e+00 3.376089e+00 -7.835715e-01 -1.135159e+00 -6.941203e-01 -1.752789e+00 -2.564267e-01 -8.013191e-01 -3.081178e-01 -2.040552e-01 -3.586664e-01 8.848017e-02 -2.238068e-01 -5.495333e-02 9.512075e-02
<VARIANCE> 25
 1.006212e+01 1.001903e+01 1.215008e+01 1.565196e+01 1.838375e+01 1.428217e+01 1.654048e+01 1.742838e+01 1.691060e+01 1.663874e+01 2.102697e+01 1.345718e+01 2.644799e+00 3.132902e+00 4.057061e+00 3.382191e+00 3.810766e+00 3.125870e+00 3.339317e+00 2.983145e+00 2.894577e+00 2.872479e+00 2.212693e+00 1.843289e+00 5.843699e-03
<GCONST> 8.621870e+01
<MIXTURE> 9 1.199672e-02
<MEAN> 25
 7.416856e+00 3.993041e+00 -7.114791e+00 -1.229358e+01 -1.491772e+00 5.238366e+00 -2.694267e-01 -1.904776e-01 -5.178607e+00 -7.363839e-01 5.834644e-01 -1.142467e+00 1.723727e+00 -2.803868e-01 8.005861e-02 -2.674170e+00 -1.691547e+00 6.488495e-01 -1.225915e+00 -5.867049e-01 -3.473203e-01 -3.351448e-01 9.020434e-01 -1.325066e-01 6.524335e-02
<VARIANCE> 25
 1.456247e+01 2.062318e+01 3.498315e+01 5.124600e+01 5.580357e+01 2.454512e+01 5.129058e+01 7.267655e+01 3.007752e+01 4.013832e+01 2.810437e+01 2.801803e+01 2.186432e+00 2.242104e+00 4.940083e+00 4.541780e+00 4.083506e+00 3.220867e+00 4.837387e+00 5.289962e+00 4.280329e+00 3.995540e+00 3.506900e+00 2.274063e+00 1.890407e-03
<GCONST> 9.751778e+01
<MIXTURE> 10 6.596976e-03
<MEAN> 25
 3.533528e-01 7.528313e+00 5.428695e+00 7.070318e+00 1.462461e+00 -1.775090e+00 -3.539308e-01 -1.154999e+00 8.762182e-01 9.373046e-01 9.442566e-01 1.779340e-01 -1.752362e+00 -5.808102e-01 -6.385611e-01 3.079501e+00 2.299290e+00 2.440650e+00 2.510804e+00 2.176062e+00 1.927472e+00 1.220524e+00 2.209227e+00 5.407382e-01 -1.349670e-01
<VARIANCE> 25
 2.066220e+01 1.923384e+01 2.070467e+01 2.702524e+01 3.712638e+01 3.453371e+01 3.348737e+01 3.430917e+01 2.591313e+01 2.696769e+01 2.536588e+01 2.597980e+01 2.386781e+00 3.374786e+00 5.463632e+00 4.864688e+00 5.541435e+00 4.896417e+00 4.954264e+00 4.585689e+00 4.280085e+00 5.851555e+00 4.485730e+00 2.948140e+00 2.650857e-03
<GCONST> 9.716222e+01
<MIXTURE> 11 1.633820e-02
<MEAN> 25
 6.829443e+00 2.829136e+00 2.785839e+00 5.995341e+00 -2.191743e+00 -2.361359e+00 -2.327876e+00 -4.867947e+00 -2.386765e+00 -1.944884e+00 -2.213560e+00 -2.752426e+00 -4.373327e-01 6.985438e-01 -3.722247e-02 3.104774e-02 7.869729e-01 1.044846e-01 2.304907e-01 -2.469996e-02 -1.930821e-01 1.281021e-01 -2.904069e-01 1.964235e-01 -1.355567e-02
<VARIANCE> 25
 9.240560e+00 2.104896e+01 1.478169e+01 2.299159e+01 3.048425e+01 3.149017e+01 3.301732e+01 4.062118e+01 3.359426e+01 2.755101e+01 2.397389e+01 3.103401e+01 9.903690e-01 1.022418e+00 1.262069e+00 2.217924e+00 1.930795e+00 1.961393e+00 2.385397e+00 2.080362e+00 2.331542e+00 1.516764e+00 1.327889e+00 1.259618e+00 8.104822e-04
<GCONST> 8.319149e+01
<MIXTURE> 12 5.904134e-03
<MEAN> 25
 1.042568e+01 3.262227e+00 -4.751152e+00 -1.629218e+01 -8.563831e+00 9.351857e+00 -9.834046e-02 -2.545380e+00 -1.370838e+00 -4.016878e+00 1.563198e+00 1.516834e+00 3.912408e-02 3.494506e-01 8.729649e-02 -3.909257e-01 -2.771710e-01 6.265362e-02 2.564420e-01 3.929606e-01 1.897556e-01 -4.729872e-01 -3.562528e-01 2.399558e-02 -5.964852e-03
<VARIANCE> 25
 8.508243e+00 2.029475e+01 2.076032e+01 3.452290e+01 4.027779e+01 3.030149e+01 4.398998e+01 4.462195e+01 3.969963e+01 3.704253e+01 3.411950e+01 2.873135e+01 2.314963e-01 6.823199e-01 6.138307e-01 1.135628e+00 1.179011e+00 1.040009e+00 1.160929e+00 1.246946e+00 1.152290e+00 1.199561e+00 1.143682e+00 8.438711e-01 5.110862e-04
<GCONST> 7.762020e+01
<MIXTURE> 13 5.904134e-03
<MEAN> 25
 1.042568e+01 3.262227e+00 -4.751152e+00 -1.629218e+01 -8.563831e+00 9.351857e+00 -9.834046e-02 -2.545380e+00 -1.370838e+00 -4.016878e+00 1.563198e+00 1.516834e+00 3.912408e-02 3.494506e-01 8.729649e-02 -3.909257e-01 -2.771710e-01 6.265362e-02 2.564420e-01 3.929606e-01 1.897556e-01 -4.729872e-01 -3.562528e-01 2.399558e-02 -5.964852e-03
<VARIANCE> 25
 8.508243e+00 2.029475e+01 2.076032e+01 3.452290e+01 4.027779e+01 3.030149e+01 4.398998e+01 4.462195e+01 3.969963e+01 3.704253e+01 3.411950e+01 2.873135e+01 2.314963e-01 6.823199e-01 6.138307e-01 1.135628e+00 1.179011e+00 1.040009e+00 1.160929e+00 1.246946e+00 1.152290e+00 1.199561e+00 1.143682e+00 8.438711e-01 5.110862e-04
<GCONST> 7.762020e+01
<MIXTURE> 14 6.488954e-03
<MEAN> 25
 -3.909292e+00 1.754481e-01 -6.816782e-01 8.735031e+00 7.746702e+00 7.079340e+00 7.910573e+00 7.214482e+00 7.567553e+00 4.828564e+00 6.174030e+00 4.032063e+00 -2.568363e-01 1.608913e-01 3.532243e-01 2.773972e-01 -5.040005e-03 5.204511e-02 1.935969e-02 1.597505e-01 2.718989e-01 5.084499e-01 4.405198e-01 5.479550e-02 -8.095751e-03
<VARIANCE> 25
 1.022216e+01 1.547208e+01 1.950535e+01 1.680811e+01 2.055574e+01 1.972444e+01 2.167234e+01 1.962623e+01 2.104859e+01 2.344156e+01 2.477704e+01 1.534310e+01 9.443058e-01 1.536122e+00 1.738774e+00 1.856798e+00 2.144305e+00 2.174995e+00 2.220157e+00 2.189063e+00 2.266575e+00 2.409831e+00 2.226881e+00 1.751276e+00 1.040052e-03
<GCONST> 8.185806e+01
<MIXTURE> 15 2.475190e-03
<MEAN> 25
 -5.368509e+00 -5.957199e-01 -2.599588e-01 7.358628e+00 5.757571e+00 5.691593e+00 6.093187e+00 4.996913e+00 5.195483e+00 4.122806e+00 5.441321e+00 2.576676e+00 -1.237132e-01 -3.377659e-02 7.329541e-02 2.476881e-01 4.901900e-01 7.881071e-01 1.079514e+00 1.177108e+00 1.051075e+00 7.451349e-01 4.203236e-01 1.621591e-01 -1.171996e-04
<VARIANCE> 25
 7.221796e+00 5.787388e+00 9.326843e+00 1.270074e+01 1.408567e+01 1.420393e+01 1.490419e+01 1.486446e+01 1.409509e+01 1.418693e+01 1.534528e+01 1.262441e+01 1.246220e-01 2.067056e-01 3.174245e-01 5.006078e-01 6.930385e-01 7.898695e-01 7.669241e-01 7.891815e-01 9.081968e-01 1.027068e+00 1.063069e+00 1.041440e+00 2.799774e-05
<GCONST> 5.866388e+01
<MIXTURE> 16 2.475190e-03
<MEAN> 25
 -5.368509e+00 -5.957199e-01 -2.599588e-01 7.358628e+00 5.757571e+00 5.691593e+00 6.093187e+00 4.996913e+00 5.195483e+00 4.122806e+00 5.441321e+00 2.576676e+00 -1.237132e-01 -3.377659e-02 7.329541e-02 2.476881e-01 4.901900e-01 7.881071e-01 1.079514e+00 1.177108e+00 1.051075e+00 7.451349e-01 4.203236e-01 1.621591e-01 -1.171996e-04
<VARIANCE> 25
 7.221796e+00 5.787388e+00 9.326843e+00 1.270074e+01 1.408567e+01 1.420393e+01 1.490419e+01 1.486446e+01 1.409509e+01 1.418693e+01 1.534528e+01 1.262441e+01 1.246220e-01 2.067056e-01 3.174245e-01 5.006078e-01 6.930385e-01 7.898695e-01 7.669241e-01 7.891815e-01 9.081968e-01 1.027068e+00 1.063069e+00 1.041440e+00 2.799774e-05
<GCONST> 5.866388e+01
<MIXTURE> 17 9.518312e-03
<MEAN> 25
 3.336215e+00 -3.183053e+00 5.521992e+00 3.261608e+00 -5.770053e+00 -5.884747e+00 -2.365053e+00 4.823015e-01 -1.116409e+00 -3.862633e+00 -5.727863e-01 7.063100e-01 -6.001177e-01 -1.634078e+00 1.526820e+00 -1.543913e+00 -2.844787e+00 -7.698364e-02 -6.351290e-01 5.172633e-01 -5.576456e-01 1.070853e-01 1.626602e+00 1.139814e+00 8.025806e-02
<VARIANCE> 25
 1.032949e+01 3.844036e+01 2.624177e+01 3.151440e+01 4.402615e+01 3.910890e+01 3.795856e+01 2.819483e+01 2.611519e+01 2.148347e+01 2.546505e+01 2.694119e+01 1.459417e+00 2.714788e+00 2.852668e+00 2.577181e+00 4.579479e+00 3.729652e+00 3.609595e+00 3.738550e+00 3.055238e+00 2.640943e+00 3.300028e+00 2.867715e+00 1.601771e-03
<GCONST> 9.264705e+01
<MIXTURE> 18 1.221018e-02
<MEAN> 25
 1.778029e+00 3.888304e+00 5.958136e+00 6.114469e+00 -5.545398e+00 -7.345649e+00 7.040986e-01 -8.530249e-01 -3.487485e+00 -2.988835e+00 -8.831193e-01 1.156402e+00 -4.966840e-01 1.968448e+00 -3.999125e-01 1.101807e+00 2.794875e+00 9.844176e-01 1.365602e+00 -9.383883e-02 1.081857e+00 5.519382e-01 -9.513106e-01 4.162383e-01 -1.080624e-01
<VARIANCE> 25
 1.907410e+01 2.056930e+01 2.596580e+01 2.001201e+01 3.762375e+01 2.867947e+01 5.886834e+01 2.812608e+01 7.929192e+01 2.580777e+01 2.674028e+01 3.052516e+01 1.967034e+00 2.161704e+00 3.705952e+00 3.617879e+00 3.231730e+00 3.834568e+00 5.873937e+00 3.738546e+00 5.488010e+00 3.661411e+00 3.554086e+00 3.043249e+00 3.239091e-03
<GCONST> 9.619505e+01
<MIXTURE> 19 9.912824e-03
<MEAN> 25
 -1.125516e+01 3.176171e+00 5.561497e-01 1.212039e+00 4.511352e+00 1.886365e+00 5.145636e+00 8.351552e-02 2.337394e+00 3.310826e-01 -7.927907e-01 2.351196e+00 1.794670e+00 1.379057e+00 2.397342e+00 6.288017e-01 -1.444143e+00 -9.752826e-01 -1.040902e+00 -1.309393e+00 -1.795304e+00 -1.032536e+00 -4.917676e-01 -1.119305e+00 -5.126688e-05
<VARIANCE> 25
 4.632862e+01 2.980828e+01 3.960209e+01 4.580178e+01 3.498088e+01 2.587709e+01 3.281559e+01 2.789883e+01 2.562126e+01 2.473467e+01 3.833363e+01 2.032997e+01 2.274890e+00 2.451064e+00 2.123604e+00 2.363811e+00 2.556531e+00 1.820549e+00 2.324422e+00 2.063580e+00 2.305954e+00 1.698604e+00 2.237861e+00 2.668261e+00 1.977018e-03
<GCONST> 9.078199e+01
<MIXTURE> 20 6.308331e-03
<MEAN> 25
 -1.383122e+01 8.121690e+00 1.102597e+00 5.207766e+00 5.331574e+00 1.316598e+00 5.310668e+00 2.442247e-01 1.095078e+00 9.438416e-01 2.389450e+00 -1.034299e-01 -3.154214e+00 -7.711390e-01 -1.629431e+00 4.616632e-01 1.691167e+00 1.757807e+00 2.026776e+00 1.994670e+00 2.049597e+00 1.783311e+00 1.518826e+00 8.982986e-01 4.342098e-02
<VARIANCE> 25
 1.951892e+01 2.799419e+01 2.869762e+01 4.054722e+01 3.001291e+01 2.714193e+01 2.908304e+01 3.180174e+01 2.633368e+01 2.803000e+01 2.505169e+01 2.005044e+01 2.019469e+00 2.075636e+00 1.759678e+00 2.423560e+00 2.808119e+00 2.848198e+00 2.208768e+00 2.175682e+00 2.164166e+00 2.969073e+00 2.268523e+00 1.747442e+00 1.883835e-03
<GCONST> 8.916087e+01
<MIXTURE> 21 7.928653e-03
<MEAN> 25
 3.530241e+00 -5.761958e+00 6.789382e+00 -1.832413e-01 -1.027926e+01 -8.314253e+00 -3.148679e+00 4.218546e+00 -3.528206e+00 -3.117835e+00 7.741941e-01 1.154961e+00 -6.438473e-01 1.077807e+00 2.344003e+00 2.674893e-01 -1.601261e+00 4.518140e-01 8.056834e-01 -1.337041e+00 -2.188711e+00 -2.620043e-01 1.344895e+00 2.064465e-01 -8.026778e-03
<VARIANCE> 25
 7.072674e+00 1.694969e+01 2.785414e+01 2.529426e+01 2.599852e+01 3.697111e+01 3.172686e+01 3.465302e+01 4.144651e+01 2.488364e+01 2.784004e+01 2.866771e+01 3.422685e-01 8.932996e-01 1.815565e+00 1.409789e+00 2.098928e+00 1.896009e+00 3.173224e+00 2.549711e+00 2.192719e+00 3.071889e+00 1.654047e+00 1.821202e+00 3.983078e-04
<GCONST> 8.319118e+01
<MIXTURE> 22 8.827789e-03
<MEAN> 25
 -1.708247e+01 7.693302e+00 -3.447647e+00 5.728800e+00 4.506873e+00 2.034798e+00 8.422550e+00 7.599666e-01 5.684803e+00 2.790862e+00 4.591132e+00 1.384113e+00 -3.948914e-01 2.486648e-02 -5.733662e-02 -1.277757e-02 1.004573e-01 1.433324e-01 2.801219e-01 1.259467e-01 1.878054e-01 1.559641e-02 6.161244e-02 4.755567e-02 5.350944e-03
<VARIANCE> 25
 8.462650e+00 1.684839e+01 1.599869e+01 2.569571e+01 2.527842e+01 2.110899e+01 1.670414e+01 2.000609e+01 1.794122e+01 2.051299e+01 1.765524e+01 1.560753e+01 9.835270e-01 1.383741e+00 1.232090e+00 1.399278e+00 1.438228e+00 1.206271e+00 1.300937e+00 1.472907e+00 1.633780e+00 1.436748e+00 1.135804e+00 1.144754e+00 1.626404e-03
<GCONST> 7.729250e+01
<MIXTURE> 23 6.455497e-03
<MEAN> 25
 7.169300e+00 1.151814e+00 3.023717e+00 3.312110e+00 -4.097872e+00 -3.965751e+00 -3.809460e+00 -5.663593e+00 -3.588362e+00 -1.201954e+00 -3.580043e+00 -1.091527e+00 3.017384e-02 2.257417e-01 -1.175761e-01 6.351618e-02 8.815448e-02 9.427487e-02 2.430745e-02 2.540932e-02 2.676835e-02 9.701036e-02 1.638494e-02 -5.020987e-02 -4.829939e-03
<VARIANCE> 25
 1.066832e+01 2.633703e+01 2.104111e+01 3.844760e+01 3.600558e+01 6.450938e+01 4.811291e+01 4.658948e+01 4.125965e+01 3.668035e+01 3.974711e+01 4.746165e+01 1.199576e-01 2.631401e-01 4.165326e-01 4.881419e-01 6.128450e-01 7.449796e-01 8.098142e-01 7.958040e-01 8.691155e-01 9.339736e-01 7.964996e-01 7.500679e-01 8.096892e-05
<GCONST> 7.219379e+01
<MIXTURE> 24 6.455497e-03
<MEAN> 25
 7.169300e+00 1.151814e+00 3.023717e+00 3.312110e+00 -4.097872e+00 -3.965751e+00 -3.809460e+00 -5.663593e+00 -3.588362e+00 -1.201954e+00 -3.580043e+00 -1.091527e+00 3.017384e-02 2.257417e-01 -1.175761e-01 6.351618e-02 8.815448e-02 9.427487e-02 2.430745e-02 2.540932e-02 2.676835e-02 9.701036e-02 1.638494e-02 -5.020987e-02 -4.829939e-03
<VARIANCE> 25
 1.066832e+01 2.633703e+01 2.104111e+01 3.844760e+01 3.600558e+01 6.450938e+01 4.811291e+01 4.658948e+01 4.125965e+01 3.668035e+01 3.974711e+01 4.746165e+01 1.199576e-01 2.631401e-01 4.165326e-01 4.881419e-01 6.128450e-01 7.449796e-01 8.098142e-01 7.958040e-01 8.691155e-01 9.339736e-01 7.964996e-01 7.500679e-01 8.096892e-05
<GCONST> 7.219379e+01
<MIXTURE> 25 1.118642e-02
<MEAN> 25
 -8.056780e-01 1.243383e+00 1.270842e+01 3.601508e-01 -1.221289e+01 -4.047193e-01 -6.215041e+00 -2.908409e+00 -7.731207e+00 -6.850078e+00 4.998138e+00 -2.593920e+00 -1.543140e-01 3.735096e-01 1.213025e-01 3.075096e-01 2.731564e-01 1.838790e-02 4.358391e-01 4.157067e-02 -1.065617e-01 2.179669e-01 -3.606221e-01 5.589494e-02 -1.141465e-02
<VARIANCE> 25
 6.539778e+00 1.614281e+01 2.304323e+01 3.138865e+01 2.898308e+01 4.627685e+01 2.047570e+01 2.163119e+01 2.839117e+01 3.683291e+01 1.563460e+01 1.842832e+01 4.783331e-01 1.054566e+00 1.036409e+00 1.374310e+00 2.560390e+00 1.359453e+00 2.386416e+00 1.804248e+00 3.420400e+00 2.160156e+00 1.353943e+00 1.177858e+00 9.600043e-04
<GCONST> 8.099535e+01
<MIXTURE> 26 7.727677e-03
<MEAN> 25
 2.108478e+00 -4.896301e+00 -9.876340e+00 -7.451012e-01 7.608069e+00 5.117922e+00 4.087389e+00 2.026617e-01 2.691289e+00 6.440199e-02 -2.538853e+00 -1.107900e+00 -6.978003e-01 6.174424e-01 2.750813e-01 8.570805e-01 4.788169e-02 5.621280e-02 3.013355e-01 3.568299e-01 5.385806e-01 -8.379513e-02 8.254164e-02 4.833485e-01 -4.851168e-02
<VARIANCE> 25
 2.406679e+01 3.932780e+01 2.475714e+01 5.930639e+01 3.395380e+01 3.561694e+01 4.303954e+01 4.343555e+01 3.725770e+01 5.144044e+01 4.133785e+01 5.199834e+01 1.563133e+00 1.758536e+00 1.822538e+00 2.034785e+00 2.207310e+00 2.399122e+00 2.505762e+00 2.528634e+00 2.388733e+00 2.442141e+00 3.199874e+00 1.941656e+00 3.385764e-03
<GCONST> 9.369106e+01
<MIXTURE> 27 7.727677e-03
<MEAN> 25
 2.108478e+00 -4.896301e+00 -9.876340e+00 -7.451012e-01 7.608069e+00 5.117922e+00 4.087389e+00 2.026617e-01 2.691289e+00 6.440199e-02 -2.538853e+00 -1.107900e+00 -6.978003e-01 6.174424e-01 2.750813e-01 8.570805e-01 4.788169e-02 5.621280e-02 3.013355e-01 3.568299e-01 5.385806e-01 -8.379513e-02 8.254164e-02 4.833485e-01 -4.851168e-02
<VARIANCE> 25
 2.406679e+01 3.932780e+01 2.475714e+01 5.930639e+01 3.395380e+01 3.561694e+01 4.303954e+01 4.343555e+01 3.725770e+01 5.144044e+01 4.133785e+01 5.199834e+01 1.563133e+00 1.758536e+00 1.822538e+00 2.034785e+00 2.207310e+00 2.399122e+00 2.505762e+00 2.528634e+00 2.388733e+00 2.442141e+00 3.199874e+00 1.941656e+00 3.385764e-03
<GCONST> 9.369106e+01
<MIXTURE> 28 5.036674e-03
<MEAN> 25
 -5.283594e+00 2.161093e-01 -1.562868e+00 6.656710e+00 5.404951e+00 3.359950e+00 5.434424e+00 2.921068e+00 3.937413e+00 2.266679e+00 2.585663e+00 3.370231e+00 -1.292222e-01 2.046873e-01 4.907066e-01 7.512522e-01 8.234116e-01 7.456028e-01 5.352562e-01 3.808940e-01 4.655019e-01 4.826435e-01 3.971155e-01 1.832705e-01 3.210038e-05
<VARIANCE> 25
 1.074390e+01 9.144924e+00 1.181604e+01 1.429792e+01 1.496526e+01 1.802946e+01 1.735589e+01 1.965123e+01 1.659346e+01 1.649107e+01 2.014761e+01 1.601455e+01 2.524994e-01 3.401021e-01 4.268941e-01 4.744468e-01 6.061667e-01 8.726199e-01 1.035399e+00 1.131248e+00 1.072375e+00 9.974151e-01 1.035303e+00 1.096325e+00 1.040055e-06
<GCONST> 6.036954e+01
<MIXTURE> 29 5.036674e-03
<MEAN> 25
 -5.283594e+00 2.161093e-01 -1.562868e+00 6.656710e+00 5.404951e+00 3.359950e+00 5.434424e+00 2.921068e+00 3.937413e+00 2.266679e+00 2.585663e+00 3.370231e+00 -1.292222e-01 2.046873e-01 4.907066e-01 7.512522e-01 8.234116e-01 7.456028e-01 5.352562e-01 3.808940e-01 4.655019e-01 4.826435e-01 3.971155e-01 1.832705e-01 3.210038e-05
<VARIANCE> 25
 1.074390e+01 9.144924e+00 1.181604e+01 1.429792e+01 1.496526e+01 1.802946e+01 1.735589e+01 1.965123e+01 1.659346e+01 1.649107e+01 2.014761e+01 1.601455e+01 2.524994e-01 3.401021e-01 4.268941e-01 4.744468e-01 6.061667e-01 8.726199e-01 1.035399e+00 1.131248e+00 1.072375e+00 9.974151e-01 1.035303e+00 1.096325e+00 1.040055e-06
<GCONST> 6.036954e+01
<MIXTURE> 30 8.917812e-03
<MEAN> 25
 -3.533576e+00 1.038775e+00 -2.877585e-01 8.871964e+00 8.266384e+00 7.165103e+00 7.761235e+00 7.045888e+00 7.091588e+00 3.511393e+00 5.158291e+00 3.246719e+00 -2.241327e-03 1.299714e-02 3.430337e-02 8.275581e-02 1.376945e-01 5.480294e-02 -5.699360e-02 -7.411354e-02 5.722383e-02 6.161591e-02 1.704790e-01 1.225070e-01 8.239975e-04
<VARIANCE> 25
 8.402878e+00 1.252588e+01 1.138722e+01 1.157369e+01 1.444915e+01 1.533457e+01 1.910426e+01 1.550935e+01 1.715617e+01 2.231103e+01 2.844080e+01 1.323129e+01 1.071062e-01 1.858037e-01 3.712289e-01 4.251609e-01 5.485609e-01 7.737417e-01 8.093331e-01 9.276735e-01 9.555591e-01 7.723224e-01 9.153028e-01 9.437363e-01 5.554066e-05
<GCONST> 6.129905e+01
<MIXTURE> 31 4.136493e-03
<MEAN> 25
 -3.205515e+00 -5.475973e+00 3.976738e-02 4.911545e+00 3.714688e+00 1.614610e+00 5.230752e+00 6.611139e+00 2.780931e+00 1.172334e+00 6.414237e+00 3.140009e+00 2.477385e-01 4.699433e-01 -2.258807e-01 3.136527e-01 1.422719e-01 4.361654e-01 1.845587e-01 2.179619e-02 3.578684e-01 3.578532e-01 1.044795e-01 1.124215e-01 -1.842500e-02
<VARIANCE> 25
 7.487295e+00 1.714207e+01 1.729202e+01 1.778942e+01 2.511633e+01 2.455420e+01 2.366817e+01 2.493134e+01 2.582533e+01 2.793479e+01 2.059880e+01 1.851684e+01 1.903213e-01 4.899397e-01 6.093029e-01 7.542694e-01 9.794652e-01 1.085417e+00 1.204437e+00 1.387872e+00 1.360925e+00 1.328259e+00 1.235234e+00 1.149799e+00 2.547598e-04
<GCONST> 7.195304e+01
<MIXTURE> 32 4.136493e-03
<MEAN> 25
 -3.205515e+00 -5.475973e+00 3.976738e-02 4.911545e+00 3.714688e+00 1.614610e+00 5.230752e+00 6.611139e+00 2.780931e+00 1.172334e+00 6.414237e+00 3.140009e+00 2.477385e-01 4.699433e-01 -2.258807e-01 3.136527e-01 1.422719e-01 4.361654e-01 1.845587e-01 2.179619e-02 3.578684e-01 3.578532e-01 1.044795e-01 1.124215e-01 -1.842500e-02
<VARIANCE> 25
 7.487295e+00 1.714207e+01 1.729202e+01 1.778942e+01 2.511633e+01 2.455420e+01 2.366817e+01 2.493134e+01 2.582533e+01 2.793479e+01 2.059880e+01 1.851684e+01 1.903213e-01 4.899397e-01 6.093029e-01 7.542694e-01 9.794652e-01 1.085417e+00 1.204437e+00 1.387872e+00 1.360925e+00 1.328259e+00 1.235234e+00 1.149799e+00 2.547598e-04
<GCONST> 7.195304e+01
<MIXTURE> 33 1.508826e-02
<MEAN> 25
 6.116942e+00 -4.894226e+00 -1.737893e+00 -2.377004e+00 -3.499302e+00 -5.600639e+00 -7.615211e+00 1.830863e+00 1.903553e+00 6.053440e-01 -2.791911e+00 -2.670147e+00 7.676570e-01 -8.635739e-01 -2.873540e+00 -2.098379e+00 1.562074e+00 1.608627e+00 -6.218188e-01 -2.362173e-01 1.335552e+00 1.328929e+00 -3.549805e-01 -1.684189e+00 2.683382e-02
<VARIANCE> 25
 9.108896e+00 1.736620e+01 2.684841e+01 3.189491e+01 4.542754e+01 3.662029e+01 3.715234e+01 3.939855e+01 3.694589e+01 4.061130e+01 3.326342e+01 2.558291e+01 1.044556e+00 1.930964e+00 2.431074e+00 1.746544e+00 3.558678e+00 3.153402e+00 3.439809e+00 7.004287e+00 3.392920e+00 4.455840e+00 3.107865e+00 2.373200e+00 1.630359e-03
<GCONST> 9.257125e+01
<MIXTURE> 34 1.588179e-02
<MEAN> 25
 8.552862e+00 -4.142644e-01 -3.029357e-01 6.765075e-01 -2.590310e+00 -1.137229e+00 -5.699213e+00 -3.959973e+00 -1.507019e+00 5.265563e-01 -2.666345e+00 -3.891850e+00 -4.002063e-02 1.343689e+00 1.396263e+00 2.409953e+00 1.246660e-01 -1.911261e-01 7.953115e-01 -1.593384e+00 -6.436172e-01 1.012375e-01 -7.364436e-01 3.875419e-01 -6.352704e-02
<VARIANCE> 25
 7.771060e+00 3.324858e+01 2.828713e+01 5.208154e+01 4.407718e+01 4.681980e+01 5.357567e+01 5.637221e+01 5.347806e+01 4.904879e+01 4.914485e+01 3.145386e+01 1.287683e+00 1.898004e+00 3.858558e+00 3.757901e+00 5.184921e+00 5.392811e+00 5.344305e+00 6.502885e+00 5.748751e+00 4.632289e+00 5.360070e+00 3.622663e+00 1.108145e-03
<GCONST> 9.954733e+01
<MIXTURE> 35 1.467755e-02
<MEAN> 25
 -1.369670e+00 -3.738237e+00 -9.698764e+00 -2.660841e-01 7.708158e+00 2.020015e+00 5.358909e+00 3.168352e+00 1.125401e+00 2.303377e+00 -1.280578e+00 1.168421e-01 2.557056e-01 -1.004971e+00 -1.381780e+00 -1.998847e+00 2.878554e-01 -4.887061e-01 -1.710817e-01 4.256721e-01 -4.595820e-01 4.165455e-01 1.223852e-01 -1.346225e+00 9.382880e-02
<VARIANCE> 25
 1.712053e+01 3.306845e+01 3.881604e+01 7.186605e+01 3.524678e+01 4.378345e+01 5.319878e+01 4.322768e+01 4.220919e+01 3.247286e+01 4.050234e+01 2.477565e+01 2.884723e+00 3.276575e+00 5.173497e+00 5.240727e+00 4.449879e+00 4.698952e+00 5.921408e+00 4.194595e+00 4.965929e+00 3.012287e+00 4.689788e+00 4.696524e+00 4.137913e-03
<GCONST> 1.015446e+02
<MIXTURE> 36 1.093293e-02
<MEAN> 25
 3.992068e+00 -6.355597e+00 6.031775e+00 4.554370e+00 -8.782924e+00 -1.131966e+01 -4.189960e+00 2.509130e+00 -4.531328e+00 -4.087749e+00 2.559262e+00 4.281096e+00 1.995791e-01 3.556411e-01 -7.741590e-01 5.467787e-02 6.682521e-01 -2.250209e-01 -1.669771e-01 3.031308e-01 4.477047e-01 5.578461e-01 -1.714330e-01 -1.286058e-01 -1.429479e-02
<VARIANCE> 25
 6.099350e+00 1.511606e+01 1.851322e+01 2.237949e+01 2.918276e+01 5.171269e+01 2.252505e+01 2.527299e+01 3.811715e+01 2.224800e+01 1.801264e+01 3.086209e+01 2.498208e-01 5.618302e-01 1.023248e+00 1.494893e+00 1.218574e+00 2.054073e+00 1.146873e+00 1.931671e+00 1.696236e+00 1.681625e+00 1.494364e+00 1.635059e+00 5.254916e-04
<GCONST> 7.778943e+01
<MIXTURE> 37 1.246826e-02
<MEAN> 25
 -5.248498e-01 7.043208e+00 1.159469e+01 -5.331505e+00 -5.901113e+00 1.009076e+00 -5.568304e+00 -6.072865e+00 -4.411406e+00 2.992844e-01 -2.556058e+00 -1.953368e+00 -1.895267e-01 8.865060e-01 -1.500512e+00 3.190088e+00 1.811838e+00 -6.337075e-01 2.087200e+00 6.174725e-01 8.457148e-01 -4.553719e-01 2.783839e-01 1.862386e-01 -8.588475e-02
<VARIANCE> 25
 1.476696e+01 2.777161e+01 2.804414e+01 4.345073e+01 4.357937e+01 3.676195e+01 3.770770e+01 3.804346e+01 3.474739e+01 3.659284e+01 3.130843e+01 2.695134e+01 2.610100e+00 2.997833e+00 2.577327e+00 4.001513e+00 3.806263e+00 3.202375e+00 6.239410e+00 3.445933e+00 3.501878e+00 3.247510e+00 3.130307e+00 2.364159e+00 3.192160e-03
<GCONST> 9.624728e+01
<MIXTURE> 38 1.154525e-02
<MEAN> 25
 -4.539639e+00 8.327250e+00 4.547417e+00 2.269785e+00 8.839108e-01 -4.947974e+00 -1.024082e+00 -2.105508e+00 -1.563590e+00 -3.509549e+00 -1.918300e+00 5.705293e-01 -4.176674e+00 1.365124e+00 -5.784606e-01 6.421044e-01 3.350979e+00 5.190709e-01 1.959139e+00 6.612971e-01 7.005363e-01 7.801641e-01 6.999279e-01 3.262286e-01 4.023013e-02
<VARIANCE> 25
 2.867086e+01 3.333567e+01 2.863760e+01 3.065831e+01 4.825241e+01 3.344065e+01 3.160443e+01 3.538659e+01 3.162292e+01 2.708713e+01 2.003449e+01 2.446925e+01 2.226207e+00 4.120977e+00 3.240222e+00 5.423880e+00 5.166729e+00 6.746950e+00 4.985783e+00 3.601466e+00 3.878467e+00 3.886681e+00 3.730416e+00 2.569857e+00 2.227491e-03
<GCONST> 9.732931e+01
<MIXTURE> 39 9.501865e-03
<MEAN> 25
 1.413117e+00 1.016208e+00 9.496543e+00 -5.794960e+00 -9.599996e+00 2.316364e+00 -5.059440e+00 -5.258611e+00 -4.383531e+00 3.939650e-01 -2.128972e+00 -3.606340e+00 -7.976194e-01 1.260942e+00 1.470422e+00 -1.519528e+00 1.347732e-02 1.807714e+00 -1.311764e+00 -1.080468e+00 3.945159e-01 5.373495e-01 -3.527733e-01 -7.409394e-02 4.315317e-03
<VARIANCE> 25
 5.924835e+00 2.588112e+01 2.523613e+01 3.841100e+01 4.479692e+01 4.641176e+01 3.847297e+01 2.873878e+01 2.727118e+01 2.469309e+01 3.181700e+01 2.429686e+01 5.918641e-01 1.295307e+00 1.174595e+00 2.078864e+00 3.697450e+00 3.013091e+00 2.703454e+00 4.007520e+00 2.166767e+00 2.077326e+00 1.572091e+00 1.694240e+00 9.240546e-04
<GCONST> 8.658436e+01
<MIXTURE> 40 1.030800e-02
<MEAN> 25
 -6.395074e+00 3.406929e+00 -6.324316e-01 6.805064e+00 4.777353e+00 5.135641e+00 4.750860e+00 3.975219e+00 5.839824e+00 3.249771e+00 3.992037e+00 1.737547e+00 4.886367e-02 -2.073263e-01 -3.742170e-02 -8.687621e-02 -1.160481e-01 -2.929679e-02 -8.910410e-02 -3.785436e-02 -3.531170e-02 -6.845874e-02 -8.244278e-02 1.908362e-02 -1.447607e-03
<VARIANCE> 25
 4.404313e+01 1.748973e+01 3.346611e+01 2.283880e+01 2.894168e+01 1.709906e+01 1.879731e+01 1.702017e+01 1.884616e+01 1.825035e+01 2.417850e+01 1.339268e+01 8.717017e-01 6.909440e-01 9.453295e-01 8.740673e-01 1.188478e+00 1.280293e+00 1.206421e+00 1.252153e+00 1.395991e+00 1.169353e+00 1.038969e+00 9.010169e-01 7.912099e-04
<GCONST> 7.624235e+01
<MIXTURE> 41 6.713375e-03
<MEAN> 25
 7.252598e-01 2.364045e+00 1.074372e+01 -6.365550e+00 -8.872341e+00 -2.626953e+00 -3.902531e+00 -4.819486e+00 -5.083509e+00 2.535240e+00 -1.637541e+00 -1.175217e+00 -6.869266e-02 -5.497938e-01 1.896260e+00 -3.470637e+00 -2.418862e+00 6.602629e-02 -9.121528e-01 -4.633549e-01 -1.093229e+00 9.902688e-01 -7.905539e-01 -1.519264e-01 9.250747e-02
<VARIANCE> 25
 1.268803e+01 2.933124e+01 3.157878e+01 3.739924e+01 4.954648e+01 4.557962e+01 4.727105e+01 2.741860e+01 3.071459e+01 2.652170e+01 2.966515e+01 2.519360e+01 2.952330e+00 3.282922e+00 3.754405e+00 3.514552e+00 4.402694e+00 5.339169e+00 5.305048e+00 4.119312e+00 4.131948e+00 3.775645e+00 3.909265e+00 3.313200e+00 3.074525e-03
<GCONST> 9.776590e+01
<MIXTURE> 42 1.106211e-02
<MEAN> 25
 -4.015576e+00 5.082982e+00 4.910589e+00 2.510438e+00 1.420284e+00 -5.439701e+00 4.534473e-01 -3.922919e+00 -1.050069e+00 -2.138240e+00 -2.846658e+00 1.574074e+00 3.927938e+00 -1.308749e+00 1.741093e+00 2.317507e-01 -3.920680e+00 -1.127061e+00 -2.607178e+00 -1.046738e+00 -1.627574e+00 -6.985888e-01 9.188870e-01 -8.835449e-01 1.932180e-02
<VARIANCE> 25
 3.695985e+01 1.726618e+01 4.069357e+01 2.249655e+01 4.572142e+01 3.209285e+01 2.880769e+01 3.703107e+01 3.476159e+01 2.721669e+01 2.191030e+01 1.614124e+01 3.089371e+00 5.579450e+00 4.898957e+00 4.886177e+00 4.891968e+00 5.034523e+00 3.681258e+00 3.692488e+00 5.763324e+00 3.404891e+00 6.149604e+00 5.226970e+00 3.341512e-03
<GCONST> 9.879079e+01
<MIXTURE> 43 7.108249e-03
<MEAN> 25
 3.156708e+00 -6.313299e+00 -2.250276e+00 -5.178623e+00 -7.383722e+00 -3.402241e+00 4.145304e+00 1.332569e+00 -5.019555e+00 -7.069036e+00 -4.332878e+00 -1.263901e+00 2.390480e-01 2.157147e+00 1.912061e+00 -1.256431e-01 -1.429688e+00 -7.968650e-01 -9.684615e-01 -7.783663e-01 8.237460e-01 1.459733e+00 3.312097e-01 2.594672e-02 -4.506592e-02
<VARIANCE> 25
 9.624577e+00 1.966709e+01 2.754965e+01 3.528885e+01 3.840736e+01 3.656969e+01 3.345503e+01 3.980015e+01 4.008084e+01 3.872639e+01 2.663683e+01 2.966016e+01 6.922742e-01 1.261896e+00 1.574504e+00 2.503869e+00 2.391485e+00 2.383215e+00 2.645385e+00 3.023214e+00 2.608436e+00 2.587986e+00 2.371602e+00 1.922632e+00 9.438114e-04
<GCONST> 8.804824e+01
<MIXTURE> 44 7.328289e-03
<MEAN> 25
 -1.446913e+01 3.860954e+00 2.654753e+00 -2.850658e+00 4.379872e+00 1.179888e+00 8.008165e-01 1.419947e+00 2.281496e+00 -9.484274e-01 1.694687e+00 2.265939e+00 -3.365136e-01 3.227330e-02 -3.819081e-04 4.279321e-01 -6.768834e-02 1.358157e-01 6.325185e-01 7.561873e-02 3.559754e-01 9.608762e-02 8.055587e-02 -5.481352e-02 5.208913e-03
<VARIANCE> 25
 4.157674e+01 3.526566e+01 3.204939e+01 2.742781e+01 3.986719e+01 3.059314e+01 2.501303e+01 2.842444e+01 3.004322e+01 2.818590e+01 2.180468e+01 1.893961e+01 1.212476e+00 1.554008e+00 1.369306e+00 1.247739e+00 2.228640e+00 1.467634e+00 1.459877e+00 1.505902e+00 1.667674e+00 1.426876e+00 1.220620e+00 1.206957e+00 1.202883e-03
<GCONST> 8.412729e+01
<MIXTURE> 45 1.364932e-02
<MEAN> 25
 -1.091496e+01 4.632750e+00 -1.087866e+00 7.253652e-01 6.851923e+00 -2.125144e-01 4.984011e+00 1.529597e+00 5.299049e+00 2.437642e+00 5.807041e-01 3.535618e+00 -2.935607e+00 9.155449e-01 -1.665154e-01 -9.518440e-01 7.029445e-01 3.425875e-01 8.226957e-01 9.023443e-02 -3.851169e-01 -6.137298e-02 4.170671e-01 9.057300e-02 9.588978e-02
<VARIANCE> 25
 3.515515e+01 3.173043e+01 1.816481e+01 3.875108e+01 5.717865e+01 2.446000e+01 2.507374e+01 2.196384e+01 2.213987e+01 2.253615e+01 1.868438e+01 1.522444e+01 1.705819e+00 2.806875e+00 2.153006e+00 2.262494e+00 4.065169e+00 2.483237e+00 1.416512e+00 2.014922e+00 2.163784e+00 1.514037e+00 1.895869e+00 2.232493e+00 2.831867e-03
<GCONST> 8.821101e+01
<MIXTURE> 46 9.336259e-03
<MEAN> 25
 -9.561958e+00 3.565278e+00 6.600338e-01 6.400014e+00 5.698716e+00 2.952503e+00 7.116953e+00 3.835178e+00 6.315503e+00 4.119298e+00 3.489883e+00 2.954973e+00 1.191586e+00 -2.340138e-01 -1.908917e-01 1.064361e+00 7.254264e-01 6.925241e-01 3.188297e-01 5.983435e-01 5.825326e-01 1.776590e-01 4.875659e-01 5.054989e-01 -9.943659e-02
<VARIANCE> 25
 3.349072e+01 3.855261e+01 3.203858e+01 4.545756e+01 5.643438e+01 3.503984e+01 3.109104e+01 4.226601e+01 3.465618e+01 2.774674e+01 3.022051e+01 1.923950e+01 3.507267e+00 3.654227e+00 3.559552e+00 3.442868e+00 4.004759e+00 3.278301e+00 3.146504e+00 2.788843e+00 2.690248e+00 2.674093e+00 2.430458e+00 1.603080e+00 7.244219e-03
<GCONST> 9.660757e+01
<MIXTURE> 47 7.116147e-03
<MEAN> 25
 7.085855e+00 -7.453025e+00 -7.841765e+00 -6.927150e+00 1.323208e+00 2.045218e+00 -2.977926e+00 1.348015e+00 2.370551e+00 1.873330e+00 -2.691165e+00 -7.758038e+00 -1.015113e-01 -1.323351e+00 -6.919466e-01 -5.463890e-01 3.898128e-01 8.428091e-01 7.288786e-01 4.049251e-01 5.669185e-02 -5.801989e-01 -4.704207e-01 -5.190110e-01 3.327637e-02
<VARIANCE> 25
 9.469884e+00 1.926409e+01 1.814015e+01 3.236650e+01 3.422007e+01 6.009320e+01 3.949560e+01 3.825812e+01 4.160115e+01 6.674304e+01 5.342776e+01 3.964351e+01 4.969324e-01 8.742747e-01 1.101635e+00 1.503550e+00 1.942612e+00 2.091494e+00 2.111439e+00 2.348542e+00 2.169147e+00 2.539291e+00 2.164490e+00 2.149695e+00 5.575491e-04
<GCONST> 8.649084e+01
<MIXTURE> 48 7.116147e-03
<MEAN> 25
 7.085855e+00 -7.453025e+00 -7.841765e+00 -6.927150e+00 1.323208e+00 2.045218e+00 -2.977926e+00 1.348015e+00 2.370551e+00 1.873330e+00 -2.691165e+00 -7.758038e+00 -1.015113e-01 -1.323351e+00 -6.919466e-01 -5.463890e-01 3.898128e-01 8.428091e-01 7.288786e-01 4.049251e-01 5.669185e-02 -5.801989e-01 -4.704207e-01 -5.190110e-01 3.327637e-02
<VARIANCE> 25
 9.469884e+00 1.926409e+01 1.814015e+01 3.236650e+01 3.422007e+01 6.009320e+01 3.949560e+01 3.825812e+01 4.160115e+01 6.674304e+01 5.342776e+01 3.964351e+01 4.969324e-01 8.742747e-01 1.101635e+00 1.503550e+00 1.942612e+00 2.091494e+00 2.111439e+00 2.348542e+00 2.169147e+00 2.539291e+00 2.164490e+00 2.149695e+00 5.575491e-04
<GCONST> 8.649084e+01
<MIXTURE> 49 5.548473e-03
<MEAN> 25
 -4.812119e+00 6.274585e-01 -4.467766e-02 8.421914e+00 6.472718e+00 5.717987e+00 6.392160e+00 4.715853e+00 5.405514e+00 3.572319e+00 4.652232e+00 2.903299e+00 3.327369e-01 6.381263e-01 7.085649e-01 3.133156e-01 -1.827691e-01 -6.499690e-01 -9.783843e-01 -1.144174e+00 -9.606596e-01 -6.277520e-01 -4.607255e-01 -3.052817e-01 2.624356e-04
<VARIANCE> 25
 1.056427e+01 1.088421e+01 1.455623e+01 1.512046e+01 1.721416e+01 1.761875e+01 2.165008e+01 1.951253e+01 2.048686e+01 1.778391e+01 2.110372e+01 1.394139e+01 2.937014e-01 2.601524e-01 3.640239e-01 6.184340e-01 8.328424e-01 9.395192e-01 9.690068e-01 1.018740e+00 1.088253e+00 1.210824e+00 1.236600e+00 1.200421e+00 1.516938e-05
<GCONST> 6.468262e+01
<MIXTURE> 50 6.234641e-03
<MEAN> 25
 -4.522680e+00 2.999158e-01 -1.617815e+00 6.145004e+00 4.337790e+00 2.321122e+00 3.910850e+00 2.001947e+00 2.947927e+00 1.370283e+00 2.066325e+00 2.783507e+00 4.904232e-02 1.652612e-01 9.083256e-02 -1.788993e-01 -5.195475e-01 -6.102298e-01 -4.065376e-01 -3.783527e-02 4.281128e-01 7.552948e-01 7.255366e-01 4.470885e-01 -3.299811e-05
<VARIANCE> 25
 1.068395e+01 1.180442e+01 1.463530e+01 1.498322e+01 1.522076e+01 1.806413e+01 1.901551e+01 1.903802e+01 1.939005e+01 1.707443e+01 2.107693e+01 1.499038e+01 1.408913e-01 2.342614e-01 3.677336e-01 5.095345e-01 6.005412e-01 7.296256e-01 9.480296e-01 1.114896e+00 1.025213e+00 8.864132e-01 9.014599e-01 9.699780e-01 9.880780e-07
<GCONST> 5.932785e+01
<MIXTURE> 51 6.234641e-03
<MEAN> 25
 -4.522680e+00 2.999158e-01 -1.617815e+00 6.145004e+00 4.337790e+00 2.321122e+00 3.910850e+00 2.001947e+00 2.947927e+00 1.370283e+00 2.066325e+00 2.783507e+00 4.904232e-02 1.652612e-01 9.083256e-02 -1.788993e-01 -5.195475e-01 -6.102298e-01 -4.065376e-01 -3.783527e-02 4.281128e-01 7.552948e-01 7.255366e-01 4.470885e-01 -3.299811e-05
<VARIANCE> 25
 1.068395e+01 1.180442e+01 1.463530e+01 1.498322e+01 1.522076e+01 1.806413e+01 1.901551e+01 1.903802e+01 1.939005e+01 1.707443e+01 2.107693e+01 1.499038e+01 1.408913e-01 2.342614e-01 3.677336e-01 5.095345e-01 6.005412e-01 7.296256e-01 9.480296e-01 1.114896e+00 1.025213e+00 8.864132e-01 9.014599e-01 9.699780e-01 9.880780e-07
<GCONST> 5.932785e+01
<MIXTURE> 52 6.367945e-03
<MEAN> 25
 9.219748e+00 1.285232e+00 -5.828916e+00 -1.497439e+01 -3.831797e+00 9.518819e+00 -2.469013e+00 -4.164043e+00 -2.951086e+00 -7.691676e-01 3.445005e+00 1.454109e+00 -2.582150e-01 -4.977376e-01 1.558705e-02 1.246162e+00 1.173193e+00 -4.578216e-01 -7.550544e-01 -7.558187e-01 2.337844e-01 1.330756e+00 3.417549e-01 -5.543867e-01 -1.315200e-02
<VARIANCE> 25
 9.098530e+00 1.951570e+01 1.987783e+01 3.594440e+01 4.083650e+01 2.955951e+01 4.240690e+01 5.095873e+01 4.391627e+01 4.464283e+01 3.406446e+01 2.891367e+01 4.834641e-01 1.247015e+00 1.248437e+00 2.687655e+00 1.997949e+00 1.682023e+00 2.774213e+00 2.288624e+00 2.788391e+00 2.896726e+00 2.470208e+00 1.994513e+00 1.429943e-03
<GCONST> 8.784430e+01
<MIXTURE> 53 6.367945e-03
<MEAN> 25
 9.219748e+00 1.285232e+00 -5.828916e+00 -1.497439e+01 -3.831797e+00 9.518819e+00 -2.469013e+00 -4.164043e+00 -2.951086e+00 -7.691676e-01 3.445005e+00 1.454109e+00 -2.582150e-01 -4.977376e-01 1.558705e-02 1.246162e+00 1.173193e+00 -4.578216e-01 -7.550544e-01 -7.558187e-01 2.337844e-01 1.330756e+00 3.417549e-01 -5.543867e-01 -1.315200e-02
<VARIANCE> 25
 9.098530e+00 1.951570e+01 1.987783e+01 3.594440e+01 4.083650e+01 2.955951e+01 4.240690e+01 5.095873e+01 4.391627e+01 4.464283e+01 3.406446e+01 2.891367e+01 4.834641e-01 1.247015e+00 1.248437e+00 2.687655e+00 1.997949e+00 1.682023e+00 2.774213e+00 2.288624e+00 2.788391e+00 2.896726e+00 2.470208e+00 1.994513e+00 1.429943e-03
<GCONST> 8.784430e+01
<MIXTURE> 54 7.368620e-03
<MEAN> 25
 -3.438732e+00 3.875191e-01 -8.728819e-01 7.915480e+00 6.560140e+00 4.510077e+00 4.946168e+00 4.581296e+00 4.035623e+00 3.315689e+00 4.192454e+00 2.150051e+00 -1.238057e-02 2.386410e-02 2.783907e-02 5.086737e-02 3.892604e-02 5.498235e-02 1.538884e-02 1.983940e-02 4.078376e-02 4.570488e-02 1.826283e-02 6.477243e-02 -2.078030e-05
<VARIANCE> 25
 9.279137e+00 1.174036e+01 9.483276e+00 1.758704e+01 1.314935e+01 1.319937e+01 1.270186e+01 1.093924e+01 1.152903e+01 1.421728e+01 1.800405e+01 1.254887e+01 4.053218e-02 8.429754e-02 1.571808e-01 2.303106e-01 3.522557e-01 4.049723e-01 4.560890e-01 5.463213e-01 5.171989e-01 5.040049e-01 4.936608e-01 5.739608e-01 9.808525e-07
<GCONST> 4.758949e+01
<MIXTURE> 55 7.368620e-03
<MEAN> 25
 -3.438732e+00 3.875191e-01 -8.728819e-01 7.915480e+00 6.560140e+00 4.510077e+00 4.946168e+00 4.581296e+00 4.035623e+00 3.315689e+00 4.192454e+00 2.150051e+00 -1.238057e-02 2.386410e-02 2.783907e-02 5.086737e-02 3.892604e-02 5.498235e-02 1.538884e-02 1.983940e-02 4.078376e-02 4.570488e-02 1.826283e-02 6.477243e-02 -2.078030e-05
<VARIANCE> 25
 9.279137e+00 1.174036e+01 9.483276e+00 1.758704e+01 1.314935e+01 1.319937e+01 1.270186e+01 1.093924e+01 1.152903e+01 1.421728e+01 1.800405e+01 1.254887e+01 4.053218e-02 8.429754e-02 1.571808e-01 2.303106e-01 3.522557e-01 4.049723e-01 4.560890e-01 5.463213e-01 5.171989e-01 5.040049e-01 4.936608e-01 5.739608e-01 9.808525e-07
<GCONST> 4.758949e+01
<MIXTURE> 56 6.132464e-03
<MEAN> 25
 7.305733e+00 -6.720785e+00 -8.888281e+00 -8.779730e+00 3.394149e+00 4.098394e+00 -2.717614e+00 -1.894171e+00 1.985320e+00 2.135287e+00 -1.269179e+00 -6.851043e+00 -6.686453e-03 2.029680e-03 -2.181728e-02 -3.118576e-02 3.003443e-01 4.895203e-02 1.180276e-01 -6.462758e-02 9.375560e-03 1.436525e-02 -1.284487e-01 -1.787233e-02 -5.724876e-03
<VARIANCE> 25
 8.551079e+00 2.780823e+01 1.867150e+01 3.852164e+01 3.170772e+01 4.545107e+01 5.523473e+01 3.479430e+01 3.625976e+01 5.299584e+01 4.648284e+01 3.173506e+01 2.057853e-01 4.390702e-01 4.230739e-01 8.148962e-01 7.344831e-01 1.063188e+00 8.474964e-01 8.553523e-01 9.371898e-01 9.414551e-01 9.840146e-01 7.302596e-01 2.735597e-04
<GCONST> 7.499059e+01
<MIXTURE> 57 6.132464e-03
<MEAN> 25
 7.305733e+00 -6.720785e+00 -8.888281e+00 -8.779730e+00 3.394149e+00 4.098394e+00 -2.717614e+00 -1.894171e+00 1.985320e+00 2.135287e+00 -1.269179e+00 -6.851043e+00 -6.686453e-03 2.029680e-03 -2.181728e-02 -3.118576e-02 3.003443e-01 4.895203e-02 1.180276e-01 -6.462758e-02 9.375560e-03 1.436525e-02 -1.284487e-01 -1.787233e-02 -5.724876e-03
<VARIANCE> 25
 8.551079e+00 2.780823e+01 1.867150e+01 3.852164e+01 3.170772e+01 4.545107e+01 5.523473e+01 3.479430e+01 3.625976e+01 5.299584e+01 4.648284e+01 3.173506e+01 2.057853e-01 4.390702e-01 4.230739e-01 8.148962e-01 7.344831e-01 1.063188e+00 8.474964e-01 8.553523e-01 9.371898e-01 9.414551e-01 9.840146e-01 7.302596e-01 2.735597e-04
<GCONST> 7.499059e+01
<MIXTURE> 58 6.172147e-03
<MEAN> 25
 2.419219e+00 -4.734591e+00 6.797681e+00 -3.743476e+00 -1.296965e+01 -5.801753e+00 2.318570e-02 1.902805e+00 -2.466123e+00 6.776122e-01 1.146142e+00 -3.156036e-01 -1.193199e-02 -1.582586e-01 1.532799e-01 -1.641931e-01 -1.081779e-01 2.175548e-01 2.938191e-01 4.508994e-01 -1.666244e-01 -1.028253e-01 5.954614e-02 5.930795e-02 -8.747478e-04
<VARIANCE> 25
 6.180712e+00 1.920190e+01 1.788541e+01 2.496538e+01 2.079593e+01 3.865237e+01 2.975744e+01 3.237350e+01 2.859826e+01 2.764732e+01 1.992383e+01 2.400312e+01 2.390601e-01 7.131198e-01 9.414847e-01 8.237107e-01 1.000452e+00 1.171497e+00 1.104404e+00 1.331351e+00 1.127463e+00 9.371971e-01 8.273622e-01 1.007146e+00 6.169853e-04
<GCONST> 7.423050e+01
<MIXTURE> 59 6.172147e-03
<MEAN> 25
 2.419219e+00 -4.734591e+00 6.797681e+00 -3.743476e+00 -1.296965e+01 -5.801753e+00 2.318570e-02 1.902805e+00 -2.466123e+00 6.776122e-01 1.146142e+00 -3.156036e-01 -1.193199e-02 -1.582586e-01 1.532799e-01 -1.641931e-01 -1.081779e-01 2.175548e-01 2.938191e-01 4.508994e-01 -1.666244e-01 -1.028253e-01 5.954614e-02 5.930795e-02 -8.747478e-04
<VARIANCE> 25
 6.180712e+00 1.920190e+01 1.788541e+01 2.496538e+01 2.079593e+01 3.865237e+01 2.975744e+01 3.237350e+01 2.859826e+01 2.764732e+01 1.992383e+01 2.400312e+01 2.390601e-01 7.131198e-01 9.414847e-01 8.237107e-01 1.000452e+00 1.171497e+00 1.104404e+00 1.331351e+00 1.127463e+00 9.371971e-01 8.273622e-01 1.007146e+00 6.169853e-04
<GCONST> 7.423050e+01
<MIXTURE> 60 4.479129e-03
<MEAN> 25
 -4.230584e+00 -6.230738e-01 -1.126151e+00 3.717173e+00 1.778248e+00 2.109403e+00 1.668674e+00 1.522036e+00 2.152466e+00 1.219562e+00 2.323059e+00 1.928526e+00 -3.078086e-02 5.336173e-02 1.076981e-01 1.413954e-01 1.198866e-01 1.195824e-01 1.795697e-01 3.246325e-01 5.522389e-01 6.704661e-01 5.594219e-01 3.070582e-01 -3.202761e-04
<VARIANCE> 25
 6.977669e+00 4.659338e+00 1.037722e+01 1.127357e+01 1.370853e+01 1.687473e+01 1.395965e+01 1.184122e+01 1.268981e+01 1.326819e+01 1.620451e+01 1.222287e+01 8.699430e-02 1.682111e-01 2.852789e-01 4.436438e-01 5.999542e-01 7.450414e-01 8.251716e-01 8.964538e-01 9.039871e-01 8.379942e-01 8.367519e-01 8.592982e-01 2.338891e-05
<GCONST> 5.648799e+01
<MIXTURE> 61 4.479129e-03
<MEAN> 25
 -4.230584e+00 -6.230738e-01 -1.126151e+00 3.717173e+00 1.778248e+00 2.109403e+00 1.668674e+00 1.522036e+00 2.152466e+00 1.219562e+00 2.323059e+00 1.928526e+00 -3.078086e-02 5.336173e-02 1.076981e-01 1.413954e-01 1.198866e-01 1.195824e-01 1.795697e-01 3.246325e-01 5.522389e-01 6.704661e-01 5.594219e-01 3.070582e-01 -3.202761e-04
<VARIANCE> 25
 6.977669e+00 4.659338e+00 1.037722e+01 1.127357e+01 1.370853e+01 1.687473e+01 1.395965e+01 1.184122e+01 1.268981e+01 1.326819e+01 1.620451e+01 1.222287e+01 8.699430e-02 1.682111e-01 2.852789e-01 4.436438e-01 5.999542e-01 7.450414e-01 8.251716e-01 8.964538e-01 9.039871e-01 8.379942e-01 8.367519e-01 8.592982e-01 2.338891e-05
<GCONST> 5.648799e+01
<MIXTURE> 62 3.278034e-03
<MEAN> 25
 -4.809884e+00 1.412643e+00 8.519901e-01 8.773893e+00 6.107942e+00 4.792091e+00 5.464933e+00 4.073871e+00 5.079382e+00 3.706334e+00 4.668406e+00 3.184387e+00 -1.000532e+00 -1.145331e+00 -9.198725e-01 -2.748118e-01 3.999352e-01 1.052099e+00 1.402096e+00 1.503106e+00 1.541255e+00 1.213297e+00 1.117297e+00 7.085121e-01 -1.341889e-03
<VARIANCE> 25
 1.170277e+01 1.041008e+01 1.351146e+01 1.620113e+01 1.694666e+01 1.890573e+01 1.911500e+01 1.873594e+01 1.849759e+01 1.928784e+01 2.328599e+01 1.591540e+01 3.902127e-01 4.293725e-01 5.653162e-01 7.549282e-01 1.025757e+00 1.222054e+00 1.224356e+00 1.300564e+00 1.432247e+00 1.341799e+00 1.434711e+00 1.338793e+00 1.603906e-05
<GCONST> 6.789954e+01
<MIXTURE> 63 4.351215e-03
<MEAN> 25
 -2.871148e+00 -9.658392e-02 -4.531117e+00 3.554389e+00 4.580857e+00 2.824695e-02 3.380158e+00 2.090004e+00 3.185601e+00 -1.185550e+00 -1.716582e+00 2.265708e+00 -8.224247e-02 3.405718e-01 2.634932e-01 5.378386e-01 4.971581e-01 5.145828e-01 4.682872e-01 2.672966e-01 1.118101e-01 8.809552e-02 1.333216e-01 2.889570e-01 -3.107553e-03
<VARIANCE> 25
 1.027246e+01 2.040810e+01 1.348157e+01 1.582895e+01 1.772146e+01 2.236550e+01 2.424018e+01 2.134839e+01 2.396874e+01 1.974170e+01 2.264600e+01 1.467415e+01 2.256698e-01 3.996051e-01 6.025283e-01 6.009159e-01 1.022475e+00 1.187137e+00 1.149871e+00 1.394591e+00 1.320031e+00 1.267074e+00 1.239305e+00 1.190465e+00 1.928300e-04
<GCONST> 7.044602e+01
<MIXTURE> 64 4.351215e-03
<MEAN> 25
 -2.871148e+00 -9.658392e-02 -4.531117e+00 3.554389e+00 4.580857e+00 2.824695e-02 3.380158e+00 2.090004e+00 3.185601e+00 -1.185550e+00 -1.716582e+00 2.265708e+00 -8.224247e-02 3.405718e-01 2.634932e-01 5.378386e-01 4.971581e-01 5.145828e-01 4.682872e-01 2.672966e-01 1.118101e-01 8.809552e-02 1.333216e-01 2.889570e-01 -3.107553e-03
<VARIANCE> 25
 1.027246e+01 2.040810e+01 1.348157e+01 1.582895e+01 1.772146e+01 2.236550e+01 2.424018e+01 2.134839e+01 2.396874e+01 1.974170e+01 2.264600e+01 1.467415e+01 2.256698e-01 3.996051e-01 6.025283e-01 6.009159e-01 1.022475e+00 1.187137e+00 1.149871e+00 1.394591e+00 1.320031e+00 1.267074e+00 1.239305e+00 1.190465e+00 1.928300e-04
<GCONST> 7.044602e+01
<MIXTURE> 65 1.721197e-02
<MEAN> 25
 7.004288e+00 8.285790e-01 2.054784e+00 1.400056e+00 -4.647806e+00 -4.498398e+00 -5.552587e+00 -5.946349e+00 -3.528592e+00 -1.877504e+00 -4.490458e+00 -9.039093e-01 1.416853e-01 2.321591e-01 4.625093e-03 1.320168e-01 -1.267087e-01 3.476984e-01 -8.031000e-02 -4.175697e-02 2.591581e-01 7.195199e-02 9.501723e-02 -1.446305e-01 -5.918187e-03
<VARIANCE> 25
 1.071974e+01 2.393886e+01 2.353005e+01 3.492089e+01 3.875962e+01 7.040717e+01 4.657402e+01 5.325508e+01 4.604348e+01 4.764503e+01 4.816150e+01 6.389972e+01 5.476900e-01 8.245603e-01 1.349073e+00 1.713008e+00 1.959443e+00 2.369678e+00 2.089976e+00 3.306468e+00 2.614643e+00 2.184561e+00 2.166378e+00 1.914698e+00 3.799885e-04
<GCONST> 8.845989e+01
<MIXTURE> 66 1.191532e-02
<MEAN> 25
 5.615097e+00 -4.625221e+00 -5.661797e+00 -5.193113e+00 1.038252e+00 -3.580123e+00 -4.277194e+00 1.466257e+00 1.744673e+00 6.878973e-01 -5.845026e+00 -4.492362e+00 1.786141e-01 1.396353e+00 2.163288e+00 2.411371e+00 -1.030717e+00 -1.151896e+00 -9.735427e-03 -5.286635e-01 2.774166e-01 -6.101663e-01 -7.554390e-01 1.162688e+00 -6.599803e-02
<VARIANCE> 25
 1.132021e+01 2.466565e+01 2.146589e+01 2.953466e+01 4.183126e+01 4.571410e+01 7.481947e+01 3.968087e+01 6.470257e+01 7.271606e+01 4.485365e+01 3.544436e+01 1.524718e+00 2.268518e+00 1.825288e+00 2.025407e+00 4.532033e+00 3.604395e+00 4.136819e+00 6.051172e+00 4.577654e+00 4.143744e+00 4.526925e+00 2.597890e+00 1.285880e-03
<GCONST> 9.672385e+01
<MIXTURE> 67 1.559142e-02
<MEAN> 25
 7.283305e+00 1.271355e+00 -6.017485e+00 -9.573871e+00 2.513074e+00 4.606882e+00 -3.450578e+00 -1.085561e+00 -3.111873e+00 4.162112e+00 1.323765e+00 -4.751518e+00 -8.660328e-01 1.944569e+00 6.967734e-01 3.152907e+00 1.332780e+00 -7.557597e-01 1.534866e+00 -1.765427e-01 9.435213e-01 -4.131426e-01 -1.317834e+00 1.213006e+00 -1.187206e-01
<VARIANCE> 25
 7.643275e+00 3.088842e+01 2.196873e+01 4.933998e+01 4.132356e+01 4.197411e+01 4.754900e+01 4.760180e+01 4.522770e+01 7.546636e+01 5.539344e+01 5.105053e+01 1.157941e+00 2.360214e+00 2.214826e+00 3.027836e+00 2.816396e+00 3.664412e+00 2.932651e+00 4.348807e+00 3.812742e+00 3.220843e+00 4.488993e+00 3.091306e+00 1.851465e-03
<GCONST> 9.630005e+01
<MIXTURE> 68 1.485092e-02
<MEAN> 25
 -2.123210e+00 9.758732e-02 -5.111349e+00 3.140733e-02 5.638613e+00 -4.658204e-01 2.618934e+00 1.577438e+00 1.555967e+00 1.969093e+00 -5.025731e-01 1.234222e+00 2.602272e+00 2.925250e-01 5.266504e-01 -3.085029e+00 -2.164434e+00 -4.823923e-01 -2.786876e+00 -2.158168e+00 -1.776928e+00 -9.073036e-01 -9.545918e-01 -9.966969e-01 9.649528e-02
<VARIANCE> 25
 2.111942e+01 3.203381e+01 5.142086e+01 4.814186e+01 3.352544e+01 4.333687e+01 4.573168e+01 4.128238e+01 3.522348e+01 3.824728e+01 3.225901e+01 3.173899e+01 2.821465e+00 3.428988e+00 6.101608e+00 5.665860e+00 4.170223e+00 6.426676e+00 5.398043e+00 4.186961e+00 4.672971e+00 4.453213e+00 5.691389e+00 2.967862e+00 5.984482e-03
<GCONST> 1.022024e+02
<MIXTURE> 69 1.204884e-02
<MEAN> 25
 4.437130e+00 -4.199142e+00 -3.487914e+00 -3.147684e+00 -3.394051e+00 -7.987058e+00 -9.074894e-01 1.972946e+00 -1.273978e-01 -4.547525e+00 -5.658308e+00 8.554806e-01 1.745934e+00 -2.320498e+00 -1.214927e+00 -2.103125e+00 -7.912449e-01 -3.247361e-01 -5.885776e-01 5.998113e-01 -6.620980e-01 -1.283613e+00 -1.954319e+00 -2.942000e-01 6.215735e-02
<VARIANCE> 25
 8.840526e+00 2.103024e+01 2.828091e+01 2.699993e+01 4.033009e+01 3.492834e+01 4.762886e+01 3.475634e+01 3.840493e+01 3.603459e+01 3.040123e+01 2.892249e+01 3.484754e+00 2.831952e+00 3.314471e+00 3.640356e+00 6.507365e+00 4.617929e+00 6.732052e+00 5.582233e+00 5.492445e+00 5.674754e+00 4.719192e+00 4.179444e+00 2.325855e-03
<GCONST> 9.865086e+01
<MIXTURE> 70 1.329190e-02
<MEAN> 25
 6.254906e+00 -3.177193e+00 -6.058442e+00 -5.811749e+00 1.407629e+00 1.175950e+00 -5.751288e+00 -3.244557e+00 -5.358090e-01 4.821917e+00 1.840503e+00 -6.632524e+00 1.877734e+00 -1.583287e+00 -5.672998e-01 -2.547894e+00 -1.613886e+00 1.609450e+00 -2.167289e+00 2.284810e-01 -1.541078e-01 5.674486e-01 1.428819e+00 -2.101960e+00 6.717644e-02
<VARIANCE> 25
 7.041031e+00 1.820905e+01 2.988822e+01 5.224919e+01 3.169704e+01 5.433592e+01 5.665873e+01 6.408833e+01 3.932616e+01 4.196104e+01 3.472236e+01 3.892538e+01 2.760089e+00 2.944031e+00 4.287577e+00 4.154924e+00 3.767697e+00 7.575499e+00 5.429588e+00 6.263661e+00 4.065006e+00 4.050214e+00 5.366972e+00 5.164936e+00 1.885005e-03
<GCONST> 1.001231e+02
<MIXTURE> 71 1.406903e-02
<MEAN> 25
 5.350587e+00 4.365108e+00 4.026761e+00 3.669609e+00 -2.840779e+00 -3.128897e+00 -2.971137e+00 -5.241271e+00 -3.985871e+00 -2.949717e+00 -4.599987e+00 -2.399905e+00 -1.652254e+00 -6.568189e-01 -7.871953e-02 -1.783577e+00 1.164459e+00 3.815891e-01 -5.443845e-01 9.358819e-01 2.349717e-01 2.159415e-01 4.506777e-01 3.321022e-01 4.130749e-02
<VARIANCE> 25
 1.895287e+01 2.316713e+01 2.181180e+01 3.704066e+01 3.580226e+01 3.973972e+01 4.396812e+01 4.014063e+01 3.482408e+01 3.453626e+01 3.253308e+01 3.899703e+01 1.534783e+00 2.839914e+00 4.381601e+00 3.979291e+00 4.649017e+00 4.730515e+00 5.506328e+00 5.627389e+00 3.595673e+00 3.563030e+00 3.586930e+00 2.725289e+00 1.209225e-03
<GCONST> 9.666771e+01
<MIXTURE> 72 8.134747e-03
<MEAN> 25
 3.453760e+00 -4.205029e+00 5.631248e+00 -1.571480e+00 -1.061625e+01 -9.881203e+00 -2.883836e+00 1.932314e+00 -5.070242e+00 -2.498953e+00 -1.305312e+00 1.458833e+00 1.003296e+00 -7.917596e-01 -2.693812e+00 2.074126e-01 2.046782e+00 -6.319664e-01 -1.280362e+00 1.375840e+00 1.796841e+00 -1.769397e-01 -1.156807e+00 2.772816e-01 -7.868091e-03
<VARIANCE> 25
 1.058051e+01 1.862923e+01 2.856245e+01 3.809953e+01 2.970447e+01 3.293704e+01 3.819605e+01 3.318136e+01 3.948164e+01 3.673107e+01 3.722254e+01 3.070659e+01 5.491030e-01 1.033932e+00 2.379478e+00 1.962850e+00 2.060372e+00 2.217513e+00 2.935321e+00 2.529063e+00 2.382097e+00 3.586613e+00 1.924567e+00 2.086268e+00 4.976895e-04
<GCONST> 8.700327e+01
<MIXTURE> 73 1.213625e-02
<MEAN> 25
 -5.538217e+00 -9.686097e-02 -1.661726e+00 4.883211e+00 5.131368e+00 2.183525e+00 5.546910e+00 3.564624e+00 4.208732e+00 3.767690e+00 2.427986e+00 2.656135e+00 5.435776e-01 -1.135090e+00 -6.485472e-01 -2.608589e+00 -1.492899e+00 -1.458779e+00 -1.160809e+00 -7.000601e-01 -9.626024e-01 -1.246677e-01 -5.638107e-01 -4.621693e-01 1.464187e-01
<VARIANCE> 25
 1.417776e+01 1.395865e+01 1.364625e+01 1.858733e+01 2.090636e+01 2.363651e+01 1.776352e+01 2.121628e+01 1.696819e+01 2.629932e+01 2.935076e+01 1.439354e+01 3.680738e+00 2.698586e+00 5.721481e+00 4.365838e+00 5.267247e+00 4.685368e+00 4.716362e+00 3.805609e+00 3.480933e+00 4.209751e+00 3.639981e+00 3.762915e+00 4.178482e-03
<GCONST> 9.248380e+01
<MIXTURE> 74 1.756491e-02
<MEAN> 25
 3.687017e+00 -4.181242e+00 5.668458e+00 1.677065e+00 -7.794784e+00 -6.987138e+00 -2.697626e+00 2.056465e+00 -2.325063e+00 -4.005042e+00 -1.695500e+00 1.216188e+00 3.043414e-01 1.945207e+00 -4.167256e-01 1.568367e+00 1.390573e+00 3.918549e-01 2.603288e-01 -1.326504e+00 7.185606e-01 -4.358247e-01 -8.741369e-01 -6.783309e-01 -8.032995e-02
<VARIANCE> 25
 8.478978e+00 2.572540e+01 2.537092e+01 3.063425e+01 2.426535e+01 3.146839e+01 3.611335e+01 3.423151e+01 4.798077e+01 2.705088e+01 2.889691e+01 2.730377e+01 1.278198e+00 1.197330e+00 2.261575e+00 2.000458e+00 2.677794e+00 2.801062e+00 3.189809e+00 3.404069e+00 3.215734e+00 2.784851e+00 2.858313e+00 2.992121e+00 1.144379e-03
<GCONST> 8.948531e+01
<MIXTURE> 75 9.711651e-03
<MEAN> 25
 8.465667e-01 -2.588464e+00 1.060983e+01 2.924036e+00 -1.314718e+01 -5.761661e+00 -4.601003e+00 -2.227327e+00 -6.414388e+00 -5.949138e+00 4.562131e+00 4.278823e-01 1.624191e+00 -2.108558e+00 2.446960e-01 -3.398288e-01 -2.678868e+00 -5.644081e-01 -1.928322e+00 1.429858e+00 -4.579533e-01 -4.650669e-01 1.408450e+00 -1.633769e-01 4.703292e-02
<VARIANCE> 25
 1.382477e+01 2.645858e+01 1.925558e+01 1.936243e+01 2.182125e+01 2.675212e+01 1.791469e+01 2.880722e+01 3.655088e+01 2.042626e+01 2.521648e+01 2.999331e+01 1.997154e+00 1.798689e+00 3.287579e+00 1.539417e+00 3.692556e+00 2.643108e+00 3.068408e+00 3.115774e+00 3.036977e+00 3.112934e+00 3.209326e+00 2.180489e+00 1.111347e-03
<GCONST> 8.845596e+01
<MIXTURE> 76 1.052359e-02
<MEAN> 25
 -5.139901e+00 7.691934e-01 -3.931682e+00 3.719063e+00 5.374660e+00 1.740702e+00 4.966632e+00 2.047894e+00 3.853434e+00 2.112820e-01 1.658244e-02 2.294926e+00 -1.988874e-01 -4.647564e-01 -4.442541e-01 -4.545857e-01 -4.436773e-01 -7.550774e-01 -5.103914e-01 -3.409320e-01 -6.323459e-01 -4.712438e-01 -3.688067e-01 -2.174706e-02 1.657898e-02
<VARIANCE> 25
 3.820049e+01 2.837155e+01 2.549583e+01 2.345040e+01 3.130963e+01 2.510551e+01 2.906838e+01 2.253256e+01 2.216686e+01 1.875959e+01 3.058628e+01 1.855906e+01 1.012596e+00 9.597026e-01 1.365636e+00 1.068901e+00 1.519579e+00 1.986961e+00 1.455032e+00 1.524390e+00 1.583172e+00 1.495134e+00 1.376662e+00 1.314339e+00 1.218533e-03
<GCONST> 8.184783e+01
<MIXTURE> 77 1.244626e-02
<MEAN> 25
 -4.355868e-01 7.075582e+00 1.167459e+01 -1.004424e+01 -5.687354e+00 2.899590e+00 -9.900126e+00 -6.499019e+00 -4.340447e+00 -1.948288e-01 -4.029942e+00 -2.794045e+00 -7.039763e-02 2.355991e-01 1.125075e-01 8.650364e-02 1.450836e-02 -8.034463e-02 1.626402e-01 5.832983e-03 5.317830e-02 1.853555e-01 2.506534e-01 1.998216e-02 -3.931222e-03
<VARIANCE> 25
 1.005624e+01 2.330578e+01 2.291074e+01 3.769420e+01 3.280794e+01 3.550829e+01 2.878582e+01 2.801162e+01 3.021056e+01 2.840214e+01 3.044495e+01 3.104591e+01 2.920428e-01 9.097459e-01 6.110237e-01 9.971921e-01 1.008752e+00 8.995541e-01 1.625346e+00 1.043256e+00 1.004846e+00 1.143356e+00 1.002567e+00 9.345257e-01 5.338805e-04
<GCONST> 7.667225e+01
<MIXTURE> 78 9.702551e-03
<MEAN> 25
 -1.104700e+01 4.173744e+00 -1.489728e+00 2.892603e+00 5.247542e+00 -1.221652e+00 5.075834e+00 1.510461e+00 4.503848e+00 5.472596e-01 -9.544265e-01 3.699407e+00 2.546527e+00 -4.614966e-01 -2.542610e-01 7.364191e-01 3.217774e-01 2.131951e-01 -3.941974e-01 -8.010770e-02 3.339862e-01 -8.186220e-02 -7.433656e-01 -4.992642e-01 -7.439229e-02
<VARIANCE> 25
 3.569997e+01 2.596047e+01 1.926183e+01 2.422028e+01 4.535667e+01 3.844977e+01 2.434644e+01 3.587926e+01 2.943706e+01 2.133301e+01 2.367639e+01 1.677465e+01 4.011623e+00 2.501548e+00 2.264642e+00 2.508000e+00 3.175617e+00 2.597652e+00 2.522732e+00 2.219105e+00 1.672184e+00 1.840761e+00 2.342520e+00 2.035030e+00 3.541584e-03
<GCONST> 9.050571e+01
<MIXTURE> 79 1.156824e-02
<MEAN> 25
 2.379604e+00 7.103128e-01 8.980459e+00 -4.431168e+00 -9.941970e+00 2.683348e-02 -3.263995e+00 -5.053425e+00 -6.184800e+00 -1.017364e+00 -2.340198e+00 -4.465408e+00 1.218672e+00 -4.074097e-01 -1.587341e+00 2.376222e+00 7.072602e-01 -1.947070e+00 1.199399e+00 8.477109e-01 -4.607449e-01 -6.445172e-01 1.033088e-01 2.977437e-01 -3.870082e-02
<VARIANCE> 25
 1.378355e+01 2.237232e+01 3.092369e+01 4.877841e+01 4.422725e+01 4.941525e+01 4.119443e+01 3.324956e+01 3.213873e+01 3.794066e+01 3.691208e+01 2.938930e+01 9.282070e-01 1.769803e+00 1.658962e+00 1.665954e+00 2.646860e+00 3.505621e+00 4.318577e+00 2.737644e+00 2.070101e+00 2.454968e+00 2.083031e+00 1.735935e+00 1.050122e-03
<GCONST> 9.026720e+01
<MIXTURE> 80 7.550998e-03
<MEAN> 25
 -1.478023e+01 4.294113e+00 1.406489e+00 2.194754e+00 3.446538e+00 1.603800e+00 7.182111e+00 1.996144e+00 2.916081e+00 1.359819e+00 3.397593e+00 1.339531e+00 4.210742e+00 -2.634476e-01 1.724790e+00 -6.324472e-01 -3.248446e+00 -2.728367e+00 -2.322105e+00 -1.948339e+00 -2.044192e+00 -1.567621e+00 -1.176463e+00 -7.225747e-01 -4.118779e-02
<VARIANCE> 25
 1.769077e+01 2.009352e+01 3.133835e+01 3.458123e+01 4.240301e+01 2.675515e+01 3.153834e+01 2.513154e+01 2.323561e+01 3.229397e+01 3.140778e+01 1.582737e+01 2.065143e+00 2.938163e+00 2.371733e+00 4.678646e+00 3.439520e+00 2.396346e+00 2.781935e+00 2.702204e+00 2.965312e+00 2.318160e+00 4.125629e+00 2.230679e+00 1.459175e-03
<GCONST> 9.130065e+01
<MIXTURE> 81 8.025434e-03
<MEAN> 25
 -1.052516e+00 3.892485e+00 1.010231e+01 -1.434202e+01 -8.952288e+00 -1.077758e+00 -6.958686e+00 -8.303502e+00 -4.163820e+00 -4.616561e-01 -7.314553e+00 -2.297042e+00 1.174576e-01 -5.609961e-01 3.396700e-02 -5.696626e-01 -4.575050e-01 3.513634e-01 3.084627e-01 1.631074e-01 -1.499266e-01 1.604848e-01 -4.604483e-01 -1.254286e-01 1.166677e-02
<VARIANCE> 25
 1.010051e+01 3.252971e+01 2.564037e+01 3.287901e+01 3.435357e+01 3.244704e+01 4.448127e+01 2.764535e+01 3.686420e+01 3.166274e+01 2.632511e+01 3.032635e+01 7.622954e-01 2.230398e+00 1.532757e+00 2.859612e+00 2.611521e+00 2.129744e+00 3.261482e+00 2.243609e+00 2.329305e+00 2.525639e+00 2.279795e+00 2.092752e+00 1.141486e-03
<GCONST> 8.862835e+01
<MIXTURE> 82 8.213053e-03
<MEAN> 25
 -9.720479e+00 -3.124785e+00 2.159019e+00 -3.075516e+00 4.741205e+00 2.287432e-01 1.756924e+00 5.515155e-01 2.997968e+00 1.754794e+00 1.393121e+00 3.939827e+00 -1.828869e+00 8.306921e-04 2.580739e-01 -2.832394e+00 -4.073022e-01 -1.076591e+00 -6.846604e-01 -1.172610e+00 -5.413103e-01 -3.741513e-01 -1.006483e-01 1.284556e-01 1.752099e-01
<VARIANCE> 25
 1.728499e+01 2.431760e+01 3.036546e+01 2.702591e+01 4.088208e+01 2.953862e+01 3.123606e+01 3.210078e+01 2.944777e+01 2.498883e+01 2.655640e+01 1.853434e+01 4.796446e+00 3.076012e+00 2.808476e+00 3.271061e+00 6.604757e+00 3.044836e+00 3.203769e+00 2.908396e+00 2.677029e+00 2.168306e+00 2.275352e+00 1.901511e+00 3.055136e-03
<GCONST> 9.307980e+01
<MIXTURE> 83 1.167529e-02
<MEAN> 25
 -1.863291e+01 7.794035e+00 -1.720943e+00 -9.182337e-01 8.743890e+00 -1.857365e+00 5.633583e+00 1.926133e+00 2.329358e+00 4.489167e-01 6.922716e-01 2.649904e+00 -1.338210e-01 -3.955736e-01 1.057961e-01 1.019385e-01 -4.232966e-01 -1.283363e-01 -4.865882e-02 2.456412e-02 -3.764848e-02 -2.275159e-01 -5.026997e-02 -7.046621e-02 1.314572e-03
<VARIANCE> 25
 1.005430e+01 1.970862e+01 1.956505e+01 1.913597e+01 3.728704e+01 3.422964e+01 1.801255e+01 2.158751e+01 1.995873e+01 2.021373e+01 1.946431e+01 1.658190e+01 9.292440e-01 9.000430e-01 1.436276e+00 1.565024e+00 1.410133e+00 1.083609e+00 1.364256e+00 1.317619e+00 1.462764e+00 1.304941e+00 1.016506e+00 1.260241e+00 8.911260e-04
<GCONST> 7.756593e+01
<MIXTURE> 84 1.066614e-02
<MEAN> 25
 6.424611e-01 8.869314e+00 6.790674e+00 7.508142e+00 2.557221e+00 -1.585496e-01 -7.568125e-01 -3.690347e+00 -3.763523e+00 -2.720654e+00 -2.291327e+00 -1.462891e+00 -1.577978e+00 -1.027498e+00 -1.260512e+00 1.296526e+00 2.225836e+00 1.197087e+00 1.796389e+00 1.054125e+00 1.144306e+00 3.108526e-01 1.277010e-01 4.427636e-01 -6.620549e-02
<VARIANCE> 25
 2.280274e+01 1.758225e+01 2.064540e+01 2.543141e+01 3.428920e+01 3.092415e+01 3.130889e+01 2.786239e+01 2.423098e+01 2.324229e+01 2.154651e+01 2.266435e+01 2.063553e+00 2.692845e+00 3.499958e+00 3.051543e+00 2.927082e+00 3.661292e+00 6.011111e+00 3.414854e+00 3.392201e+00 3.044754e+00 3.781352e+00 2.616775e+00 3.346096e-03
<GCONST> 9.287029e+01
<MIXTURE> 85 7.591393e-03
<MEAN> 25
 -3.610177e+00 7.874775e+00 6.042079e+00 1.295624e+00 -3.126647e+00 -4.842084e+00 -2.758264e+00 -6.493557e+00 -3.720755e+00 -3.275455e+00 -5.212146e-01 -1.627705e+00 3.801675e+00 4.338346e-02 1.946492e+00 -1.933576e+00 -3.617030e+00 -2.395120e+00 -2.994489e+00 -2.228366e+00 -2.440331e+00 -1.221295e+00 -1.907881e+00 -6.313218e-01 1.649318e-02
<VARIANCE> 25
 4.172882e+01 2.154870e+01 3.473845e+01 3.548905e+01 4.097393e+01 4.066772e+01 3.141273e+01 3.035820e+01 2.673748e+01 2.486548e+01 2.575407e+01 1.983791e+01 3.101143e+00 5.151288e+00 4.225238e+00 5.546203e+00 4.614153e+00 4.008531e+00 3.731467e+00 3.770101e+00 3.985911e+00 3.745710e+00 5.507962e+00 3.596566e+00 5.711198e-03
<GCONST> 9.889077e+01
<MIXTURE> 86 1.273941e-02
<MEAN> 25
 -4.700289e+00 -8.915305e-01 -9.190305e-01 6.420482e+00 5.240877e+00 4.533918e+00 5.293660e+00 4.654676e+00 4.789441e+00 3.598730e+00 5.047946e+00 2.620961e+00 4.215316e-03 -1.127961e-02 -4.864667e-02 -5.040427e-02 -9.472132e-02 -1.864531e-01 -2.667377e-01 -3.583220e-01 -3.666492e-01 -3.041446e-01 -2.213061e-01 -7.227850e-02 -2.904722e-04
<VARIANCE> 25
 9.061591e+00 7.373288e+00 9.931458e+00 1.202497e+01 1.649884e+01 1.437283e+01 1.303489e+01 1.265933e+01 1.311439e+01 1.572315e+01 1.545859e+01 1.253667e+01 9.902720e-02 1.881841e-01 3.082278e-01 4.681904e-01 6.300011e-01 7.353058e-01 7.408862e-01 7.733445e-01 8.994423e-01 8.623609e-01 8.838174e-01 9.018711e-01 5.518048e-05
<GCONST> 5.857114e+01
<MIXTURE> 87 1.100681e-02
<MEAN> 25
 -3.027844e+00 4.341318e+00 2.166215e+00 5.492039e+00 5.340674e+00 1.499703e+00 2.170826e+00 -1.769923e+00 -1.702048e-01 -1.069107e-01 -2.807603e+00 5.849313e-01 -1.961163e+00 -2.869438e+00 -1.922917e+00 -1.585782e+00 3.036076e-02 1.198098e-01 4.364664e-01 2.169496e-01 1.055417e+00 1.089881e+00 9.865389e-01 1.396353e+00 9.968193e-02
<VARIANCE> 25
 3.624984e+01 2.314937e+01 2.904796e+01 2.860255e+01 2.968321e+01 2.769811e+01 2.592780e+01 3.301963e+01 2.818204e+01 2.224386e+01 2.813016e+01 2.184015e+01 2.938777e+00 2.494927e+00 3.776210e+00 3.428211e+00 5.230077e+00 3.561182e+00 3.486855e+00 4.579727e+00 2.948906e+00 2.578336e+00 4.474188e+00 2.512287e+00 3.702247e-03
<GCONST> 9.482494e+01
<MIXTURE> 88 1.256585e-02
<MEAN> 25
 -2.503001e+00 1.489794e+00 -1.596639e+00 5.647855e+00 6.058863e+00 3.281826e+00 4.759102e+00 2.776479e+00 3.787108e+00 1.270363e+00 7.821622e-01 2.349508e+00 1.303713e-01 2.115019e-01 -2.923297e-01 3.270351e-01 5.383227e-01 -1.084603e-02 1.289902e-01 -1.371402e-01 -3.980333e-01 -2.932791e-01 -2.964635e-01 -1.338357e-01 -9.523112e-03
<VARIANCE> 25
 1.026455e+01 1.090250e+01 1.611468e+01 1.218778e+01 1.627117e+01 1.967389e+01 1.739156e+01 1.558773e+01 1.472895e+01 1.336272e+01 2.111979e+01 1.525866e+01 1.403165e+00 1.460513e+00 3.021233e+00 1.870647e+00 2.615369e+00 2.447015e+00 2.691818e+00 2.081541e+00 3.119664e+00 2.212630e+00 2.176935e+00 1.595822e+00 1.456584e-03
<GCONST> 8.104819e+01
<MIXTURE> 89 9.333527e-03
<MEAN> 25
 5.212658e+00 -7.242512e+00 -1.683199e+00 -2.792011e+00 -1.970167e+00 -5.032164e+00 -6.798429e+00 3.497519e+00 3.029500e+00 1.117804e-01 -4.601820e+00 -3.458580e+00 -6.761774e-01 -9.576382e-03 2.175321e+00 1.524459e+00 -2.042724e+00 -1.852357e+00 8.426971e-01 1.936629e+00 -1.238188e+00 -1.960420e+00 2.330035e-01 1.455542e+00 -1.354630e-03
<VARIANCE> 25
 7.695967e+00 2.463582e+01 3.466292e+01 2.237213e+01 3.963191e+01 4.584234e+01 5.083792e+01 3.713956e+01 3.103598e+01 4.321973e+01 2.768843e+01 3.568385e+01 2.762085e-01 6.712150e-01 1.420922e+00 1.680285e+00 1.844515e+00 1.965640e+00 2.168853e+00 3.705963e+00 3.335401e+00 2.903139e+00 2.786821e+00 1.371717e+00 2.990843e-04
<GCONST> 8.504439e+01
<MIXTURE> 90 7.114505e-03
<MEAN> 25
 2.447003e+00 -9.721630e+00 -4.706439e+00 -3.954388e+00 -3.420512e+00 -1.843850e+00 3.315573e+00 1.186759e+00 -7.500241e+00 -1.017276e+01 -3.406550e+00 -7.378672e-01 -1.633960e-01 9.050687e-01 1.166656e+00 -8.490690e-01 -1.604374e+00 -2.106968e-01 6.388469e-01 -2.054337e-01 -1.733298e-01 7.294599e-01 1.829188e-01 -5.424749e-01 -1.116384e-02
<VARIANCE> 25
 8.455496e+00 1.772806e+01 2.010795e+01 2.799112e+01 3.689261e+01 3.225476e+01 3.874161e+01 3.624517e+01 3.525116e+01 2.793565e+01 2.699575e+01 2.634912e+01 2.225512e-01 6.129149e-01 7.873017e-01 1.042151e+00 1.477828e+00 1.592497e+00 1.782754e+00 1.655270e+00 1.816486e+00 1.681995e+00 1.492303e+00 1.316509e+00 2.143188e-04
<GCONST> 7.817047e+01
<MIXTURE> 91 7.852945e-03
<MEAN> 25
 6.375485e+00 -7.294001e+00 -8.908385e+00 -5.649294e+00 3.379385e+00 1.692335e+00 -3.040316e+00 1.973227e+00 -1.456053e+00 -1.483643e-01 -2.759579e+00 -7.812325e+00 1.817455e-01 1.068236e+00 3.901305e-01 3.416146e-01 3.841199e-01 -6.243840e-01 -4.221659e-01 -1.017600e-01 -3.643066e-01 4.804209e-01 -1.163291e-01 3.473925e-01 -3.557985e-02
<VARIANCE> 25
 8.109955e+00 2.131495e+01 2.093532e+01 4.191935e+01 3.074597e+01 5.490582e+01 4.414100e+01 3.613653e+01 6.137497e+01 7.869754e+01 5.350351e+01 5.196688e+01 3.911272e-01 8.615914e-01 1.155551e+00 1.204496e+00 2.300655e+00 2.362575e+00 2.281332e+00 2.100304e+00 2.886731e+00 2.345249e+00 2.328673e+00 2.396670e+00 6.119985e-04
<GCONST> 8.783150e+01
<MIXTURE> 92 7.852945e-03
<MEAN> 25
 6.375485e+00 -7.294001e+00 -8.908385e+00 -5.649294e+00 3.379385e+00 1.692335e+00 -3.040316e+00 1.973227e+00 -1.456053e+00 -1.483643e-01 -2.759579e+00 -7.812325e+00 1.817455e-01 1.068236e+00 3.901305e-01 3.416146e-01 3.841199e-01 -6.243840e-01 -4.221659e-01 -1.017600e-01 -3.643066e-01 4.804209e-01 -1.163291e-01 3.473925e-01 -3.557985e-02
<VARIANCE> 25
 8.109955e+00 2.131495e+01 2.093532e+01 4.191935e+01 3.074597e+01 5.490582e+01 4.414100e+01 3.613653e+01 6.137497e+01 7.869754e+01 5.350351e+01 5.196688e+01 3.911272e-01 8.615914e-01 1.155551e+00 1.204496e+00 2.300655e+00 2.362575e+00 2.281332e+00 2.100304e+00 2.886731e+00 2.345249e+00 2.328673e+00 2.396670e+00 6.119985e-04
<GCONST> 8.783150e+01
<MIXTURE> 93 6.122769e-03
<MEAN> 25
 -6.714653e+00 -8.304407e-01 -2.506120e+00 5.758936e+00 5.934665e+00 3.937371e+00 6.178686e+00 3.550960e+00 4.252778e+00 2.503616e+00 1.779531e+00 3.689823e+00 -6.190636e-02 -1.548328e-01 -2.527879e-01 -3.363787e-01 -3.495975e-01 -2.993085e-01 -2.037771e-01 -1.559616e-01 -1.622874e-01 -1.445109e-01 -8.640028e-02 -3.323055e-02 -1.744636e-05
<VARIANCE> 25
 9.467283e+00 6.674894e+00 8.533058e+00 1.120787e+01 1.129140e+01 1.568235e+01 1.511770e+01 1.630299e+01 1.540733e+01 1.428043e+01 1.651592e+01 1.322554e+01 8.106510e-02 1.503711e-01 2.593569e-01 3.755715e-01 5.012690e-01 6.417391e-01 7.752963e-01 8.899990e-01 8.982463e-01 8.597271e-01 8.923522e-01 9.010216e-01 9.901922e-07
<GCONST> 5.357452e+01
<MIXTURE> 94 6.122769e-03
<MEAN> 25
 -6.714653e+00 -8.304407e-01 -2.506120e+00 5.758936e+00 5.934665e+00 3.937371e+00 6.178686e+00 3.550960e+00 4.252778e+00 2.503616e+00 1.779531e+00 3.689823e+00 -6.190636e-02 -1.548328e-01 -2.527879e-01 -3.363787e-01 -3.495975e-01 -2.993085e-01 -2.037771e-01 -1.559616e-01 -1.622874e-01 -1.445109e-01 -8.640028e-02 -3.323055e-02 -1.744636e-05
<VARIANCE> 25
 9.467283e+00 6.674894e+00 8.533058e+00 1.120787e+01 1.129140e+01 1.568235e+01 1.511770e+01 1.630299e+01 1.540733e+01 1.428043e+01 1.651592e+01 1.322554e+01 8.106510e-02 1.503711e-01 2.593569e-01 3.755715e-01 5.012690e-01 6.417391e-01 7.752963e-01 8.899990e-01 8.982463e-01 8.597271e-01 8.923522e-01 9.010216e-01 9.901922e-07
<GCONST> 5.357452e+01
<MIXTURE> 95 5.258835e-03
<MEAN> 25
 -5.571879e+00 -5.120592e-01 -2.041737e+00 4.981846e+00 4.456112e+00 2.713011e+00 4.191606e+00 1.830783e+00 2.399867e+00 7.324319e-01 1.109629e+00 2.492941e+00 1.495600e-01 1.396559e-01 7.325213e-02 -7.374758e-02 -3.631991e-01 -7.213048e-01 -1.013888e+00 -1.278466e+00 -1.276672e+00 -9.546395e-01 -6.339914e-01 -2.843258e-01 -1.183884e-05
<VARIANCE> 25
 1.168274e+01 7.664299e+00 1.201177e+01 1.260417e+01 1.525868e+01 1.801864e+01 1.732975e+01 1.711705e+01 1.576183e+01 1.547563e+01 1.957853e+01 1.419575e+01 2.038703e-01 2.875776e-01 4.434749e-01 6.117628e-01 7.870604e-01 8.752928e-01 9.332603e-01 9.096391e-01 9.453624e-01 1.088086e+00 1.129685e+00 1.097226e+00 4.231350e-05
<GCONST> 6.338989e+01
<MIXTURE> 96 7.034694e-03
<MEAN> 25
 -5.020804e+00 -3.594188e-01 -2.276903e+00 5.191613e+00 3.946764e+00 1.783967e+00 3.573916e+00 1.777644e+00 2.511932e+00 9.088896e-01 1.080626e+00 2.818414e+00 -3.273565e-02 9.195439e-02 2.036405e-01 3.954504e-01 5.417503e-01 4.964564e-01 2.559980e-01 -1.018421e-01 -4.519134e-01 -6.409056e-01 -6.059324e-01 -3.535171e-01 -3.414271e-05
<VARIANCE> 25
 1.122538e+01 1.018903e+01 1.279425e+01 1.413501e+01 1.526565e+01 1.933250e+01 1.793836e+01 1.918340e+01 1.804162e+01 1.650881e+01 1.984949e+01 1.445939e+01 1.195670e-01 2.185981e-01 3.218032e-01 4.003579e-01 4.995563e-01 6.646931e-01 8.746547e-01 1.039720e+00 9.528708e-01 8.632942e-01 8.831748e-01 9.569867e-01 1.044872e-06
<GCONST> 5.774239e+01
<MIXTURE> 97 7.034694e-03
<MEAN> 25
 -5.020804e+00 -3.594188e-01 -2.276903e+00 5.191613e+00 3.946764e+00 1.783967e+00 3.573916e+00 1.777644e+00 2.511932e+00 9.088896e-01 1.080626e+00 2.818414e+00 -3.273565e-02 9.195439e-02 2.036405e-01 3.954504e-01 5.417503e-01 4.964564e-01 2.559980e-01 -1.018421e-01 -4.519134e-01 -6.409056e-01 -6.059324e-01 -3.535171e-01 -3.414271e-05
<VARIANCE> 25
 1.122538e+01 1.018903e+01 1.279425e+01 1.413501e+01 1.526565e+01 1.933250e+01 1.793836e+01 1.918340e+01 1.804162e+01 1.650881e+01 1.984949e+01 1.445939e+01 1.195670e-01 2.185981e-01 3.218032e-01 4.003579e-01 4.995563e-01 6.646931e-01 8.746547e-01 1.039720e+00 9.528708e-01 8.632942e-01 8.831748e-01 9.569867e-01 1.044872e-06
<GCONST> 5.774239e+01
<MIXTURE> 98 9.917808e-03
<MEAN> 25
 -8.275217e-01 1.786405e+00 -9.875321e-01 4.873251e+00 3.637917e+00 2.563068e+00 4.302930e+00 1.826358e+00 2.920938e+00 7.162365e-01 -9.049883e-01 1.618599e+00 -1.642163e+00 -1.391360e+00 -8.214495e-01 2.559738e-01 5.920123e-01 2.890761e-01 1.724866e+00 1.129368e+00 1.428534e+00 5.963712e-01 9.692743e-01 8.083197e-01 -1.646833e-02
<VARIANCE> 25
 1.345498e+01 2.059254e+01 2.407195e+01 2.464358e+01 3.537998e+01 3.522109e+01 3.787440e+01 2.642065e+01 3.374861e+01 2.975391e+01 2.743812e+01 2.584965e+01 1.362368e+00 1.471383e+00 2.468192e+00 2.026699e+00 2.699172e+00 3.109336e+00 3.959722e+00 2.248091e+00 2.534814e+00 2.433551e+00 3.710994e+00 2.026217e+00 2.364643e-03
<GCONST> 8.987785e+01
<MIXTURE> 99 6.696178e-03
<MEAN> 25
 -6.839585e+00 1.001278e+01 5.617429e+00 3.135436e+00 2.082769e+00 -4.606194e+00 -8.469479e-01 -3.797003e+00 -3.127484e+00 -4.096673e+00 -1.410072e+00 6.087609e-01 4.692972e-01 -6.908414e-01 1.516539e-01 -4.275179e-01 -1.279577e+00 -4.257370e-01 -3.370017e-01 -2.700201e-01 1.981637e-01 -3.454896e-02 2.436411e-01 2.164855e-01 8.047414e-03
<VARIANCE> 25
 3.573946e+01 2.293928e+01 4.650987e+01 2.863626e+01 4.000834e+01 3.286894e+01 2.848180e+01 2.700714e+01 2.622165e+01 2.579563e+01 1.863965e+01 2.544535e+01 1.986665e+00 1.691128e+00 1.471519e+00 1.658712e+00 2.986176e+00 1.986178e+00 1.595490e+00 1.541610e+00 2.078295e+00 1.522241e+00 1.159499e+00 1.145231e+00 1.407628e-03
<GCONST> 8.600986e+01
<MIXTURE> 100 4.498084e-03
<MEAN> 25
 -1.829935e+00 6.207083e+00 1.041341e+01 -7.092467e+00 -1.075883e+01 -4.956241e+00 -4.608760e+00 -1.022259e+01 -5.164328e+00 -9.859900e-01 -2.512628e+00 -2.630234e+00 2.914559e+00 -1.334195e+00 1.327594e+00 -2.121257e+00 -3.495654e+00 -7.931769e-01 -1.367880e+00 -7.740704e-01 -1.640398e+00 2.278859e-01 -1.285310e+00 -3.462967e-01 5.537191e-03
<VARIANCE> 25
 1.401553e+01 2.069265e+01 2.181017e+01 2.777616e+01 2.227369e+01 2.307246e+01 3.007200e+01 2.275309e+01 3.091605e+01 2.193209e+01 2.243259e+01 2.070060e+01 1.742715e+00 3.939263e+00 2.794673e+00 4.205328e+00 4.093264e+00 4.326206e+00 4.260717e+00 4.261758e+00 4.592148e+00 4.070580e+00 6.711393e+00 3.201441e+00 1.826945e-03
<GCONST> 9.330776e+01
<MIXTURE> 101 6.007792e-03
<MEAN> 25
 7.804022e+00 -4.120127e+00 -6.423007e+00 -6.748368e+00 -1.609367e-01 -7.537023e-01 -9.677524e+00 -3.078712e+00 1.637928e+00 3.712423e+00 -1.149331e+00 -4.890270e+00 7.264549e-01 4.909464e-01 -1.563097e+00 -1.718705e+00 1.096335e+00 2.535115e+00 3.030265e-01 -1.690309e+00 -9.235937e-01 1.296545e+00 1.386519e+00 -4.123844e-01 -2.485297e-03
<VARIANCE> 25
 8.253558e+00 1.609834e+01 2.588024e+01 3.827993e+01 3.714190e+01 3.287618e+01 3.550287e+01 3.869650e+01 3.801512e+01 4.152307e+01 5.003545e+01 2.329798e+01 3.130085e-01 7.447596e-01 1.219493e+00 1.535079e+00 1.537430e+00 2.246988e+00 2.232730e+00 2.290505e+00 2.290598e+00 2.233899e+00 2.025248e+00 1.819499e+00 3.122393e-04
<GCONST> 8.340047e+01
<MIXTURE> 102 6.007792e-03
<MEAN> 25
 7.804022e+00 -4.120127e+00 -6.423007e+00 -6.748368e+00 -1.609367e-01 -7.537023e-01 -9.677524e+00 -3.078712e+00 1.637928e+00 3.712423e+00 -1.149331e+00 -4.890270e+00 7.264549e-01 4.909464e-01 -1.563097e+00 -1.718705e+00 1.096335e+00 2.535115e+00 3.030265e-01 -1.690309e+00 -9.235937e-01 1.296545e+00 1.386519e+00 -4.123844e-01 -2.485297e-03
<VARIANCE> 25
 8.253558e+00 1.609834e+01 2.588024e+01 3.827993e+01 3.714190e+01 3.287618e+01 3.550287e+01 3.869650e+01 3.801512e+01 4.152307e+01 5.003545e+01 2.329798e+01 3.130085e-01 7.447596e-01 1.219493e+00 1.535079e+00 1.537430e+00 2.246988e+00 2.232730e+00 2.290505e+00 2.290598e+00 2.233899e+00 2.025248e+00 1.819499e+00 3.122393e-04
<GCONST> 8.340047e+01
<MIXTURE> 103 5.694618e-03
<MEAN> 25
 3.232228e+00 -9.267512e+00 -6.065066e+00 -2.857351e+00 -1.328865e+00 -1.877260e+00 2.813283e+00 2.579258e+00 -4.507635e+00 -8.996154e+00 -5.147409e+00 2.303777e-01 -1.490902e-01 -1.500351e+00 -9.918103e-01 3.778627e-01 1.208583e+00 8.913687e-01 1.565945e-01 -2.547972e-01 -7.824641e-01 -9.240371e-01 -4.360636e-02 1.380028e-01 2.666459e-02
<VARIANCE> 25
 1.073239e+01 2.148067e+01 2.253576e+01 3.264687e+01 4.703167e+01 3.474334e+01 5.191789e+01 3.582909e+01 4.166071e+01 3.063340e+01 3.002365e+01 2.634893e+01 6.384200e-01 1.233626e+00 1.574215e+00 1.895528e+00 2.885509e+00 3.032140e+00 2.911855e+00 2.511864e+00 2.498560e+00 2.470682e+00 2.083088e+00 1.980802e+00 7.924226e-04
<GCONST> 8.785088e+01
<MIXTURE> 104 5.694618e-03
<MEAN> 25
 3.232228e+00 -9.267512e+00 -6.065066e+00 -2.857351e+00 -1.328865e+00 -1.877260e+00 2.813283e+00 2.579258e+00 -4.507635e+00 -8.996154e+00 -5.147409e+00 2.303777e-01 -1.490902e-01 -1.500351e+00 -9.918103e-01 3.778627e-01 1.208583e+00 8.913687e-01 1.565945e-01 -2.547972e-01 -7.824641e-01 -9.240371e-01 -4.360636e-02 1.380028e-01 2.666459e-02
<VARIANCE> 25
 1.073239e+01 2.148067e+01 2.253576e+01 3.264687e+01 4.703167e+01 3.474334e+01 5.191789e+01 3.582909e+01 4.166071e+01 3.063340e+01 3.002365e+01 2.634893e+01 6.384200e-01 1.233626e+00 1.574215e+00 1.895528e+00 2.885509e+00 3.032140e+00 2.911855e+00 2.511864e+00 2.498560e+00 2.470682e+00 2.083088e+00 1.980802e+00 7.924226e-04
<GCONST> 8.785088e+01
<MIXTURE> 105 4.710235e-03
<MEAN> 25
 1.722057e+00 -2.464501e+00 8.517709e+00 -1.037445e+00 -1.143095e+01 -5.772847e+00 -4.298367e+00 -6.765339e-01 -4.548165e+00 -3.946933e+00 1.911215e+00 -2.318601e-01 2.519786e-02 2.992366e-02 -5.050951e-02 -2.540194e-03 1.074972e-01 -2.833584e-02 -7.283678e-02 5.358567e-02 -2.292136e-04 -4.093004e-02 1.322004e-02 5.002329e-02 -1.543699e-03
<VARIANCE> 25
 1.269962e+01 2.720435e+01 3.299327e+01 4.244218e+01 3.570373e+01 6.108812e+01 3.274538e+01 3.978342e+01 3.458205e+01 4.244766e+01 4.153441e+01 4.222783e+01 9.033439e-02 1.835748e-01 4.166094e-01 3.003388e-01 3.704421e-01 4.775556e-01 3.967048e-01 6.599394e-01 5.709573e-01 6.017072e-01 4.716901e-01 4.584369e-01 9.388413e-05
<GCONST> 6.753395e+01
<MIXTURE> 106 4.710235e-03
<MEAN> 25
 1.722057e+00 -2.464501e+00 8.517709e+00 -1.037445e+00 -1.143095e+01 -5.772847e+00 -4.298367e+00 -6.765339e-01 -4.548165e+00 -3.946933e+00 1.911215e+00 -2.318601e-01 2.519786e-02 2.992366e-02 -5.050951e-02 -2.540194e-03 1.074972e-01 -2.833584e-02 -7.283678e-02 5.358567e-02 -2.292136e-04 -4.093004e-02 1.322004e-02 5.002329e-02 -1.543699e-03
<VARIANCE> 25
 1.269962e+01 2.720435e+01 3.299327e+01 4.244218e+01 3.570373e+01 6.108812e+01 3.274538e+01 3.978342e+01 3.458205e+01 4.244766e+01 4.153441e+01 4.222783e+01 9.033439e-02 1.835748e-01 4.166094e-01 3.003388e-01 3.704421e-01 4.775556e-01 3.967048e-01 6.599394e-01 5.709573e-01 6.017072e-01 4.716901e-01 4.584369e-01 9.388413e-05
<GCONST> 6.753395e+01
<MIXTURE> 107 5.452374e-03
<MEAN> 25
 7.899363e+00 -3.088323e+00 -6.988083e+00 -9.450454e+00 1.688435e+00 3.733477e+00 -8.031764e+00 -5.284801e+00 -3.221434e-01 4.932411e+00 1.378204e+00 -4.718590e+00 -5.848880e-01 -7.505251e-01 9.779185e-01 1.851831e+00 8.270750e-02 -2.114740e+00 -9.984314e-01 1.310905e+00 1.589620e+00 9.364802e-02 -1.653799e+00 -9.407949e-01 -2.678564e-03
<VARIANCE> 25
 9.329828e+00 2.296199e+01 2.797734e+01 3.469850e+01 3.540523e+01 3.874225e+01 4.545826e+01 4.006148e+01 4.272187e+01 4.341799e+01 4.409311e+01 2.822306e+01 3.315022e-01 1.179164e+00 1.647269e+00 2.506277e+00 1.910580e+00 2.398897e+00 2.855154e+00 4.321307e+00 2.153105e+00 2.981662e+00 2.124218e+00 2.554394e+00 6.656356e-04
<GCONST> 8.832464e+01
<MIXTURE> 108 5.452374e-03
<MEAN> 25
 7.899363e+00 -3.088323e+00 -6.988083e+00 -9.450454e+00 1.688435e+00 3.733477e+00 -8.031764e+00 -5.284801e+00 -3.221434e-01 4.932411e+00 1.378204e+00 -4.718590e+00 -5.848880e-01 -7.505251e-01 9.779185e-01 1.851831e+00 8.270750e-02 -2.114740e+00 -9.984314e-01 1.310905e+00 1.589620e+00 9.364802e-02 -1.653799e+00 -9.407949e-01 -2.678564e-03
<VARIANCE> 25
 9.329828e+00 2.296199e+01 2.797734e+01 3.469850e+01 3.540523e+01 3.874225e+01 4.545826e+01 4.006148e+01 4.272187e+01 4.341799e+01 4.409311e+01 2.822306e+01 3.315022e-01 1.179164e+00 1.647269e+00 2.506277e+00 1.910580e+00 2.398897e+00 2.855154e+00 4.321307e+00 2.153105e+00 2.981662e+00 2.124218e+00 2.554394e+00 6.656356e-04
<GCONST> 8.832464e+01
<MIXTURE> 109 6.661064e-03
<MEAN> 25
 4.073167e+00 -1.050692e+01 -8.178738e+00 -1.282828e+00 2.654362e+00 -2.197583e-01 -1.144862e-01 1.465816e+00 -2.571489e+00 -8.275980e+00 -5.310209e+00 1.014323e-01 -3.417359e-02 -1.280376e-01 -2.911934e-02 2.478814e-01 1.987821e-01 1.197929e-01 -1.354389e-01 -1.042533e-01 -4.315812e-02 -1.287411e-01 2.154603e-01 1.673209e-02 -3.620471e-03
<VARIANCE> 25
 8.986964e+00 1.842744e+01 2.090924e+01 3.164888e+01 4.125871e+01 3.934726e+01 4.622010e+01 3.397671e+01 4.585593e+01 3.552011e+01 2.964604e+01 2.861374e+01 1.915281e-01 4.215334e-01 5.496870e-01 6.295872e-01 1.219286e+00 9.932706e-01 1.258320e+00 1.086206e+00 1.125791e+00 9.524047e-01 8.725371e-01 8.839878e-01 1.816464e-04
<GCONST> 7.456454e+01
<MIXTURE> 110 6.661064e-03
<MEAN> 25
 4.073167e+00 -1.050692e+01 -8.178738e+00 -1.282828e+00 2.654362e+00 -2.197583e-01 -1.144862e-01 1.465816e+00 -2.571489e+00 -8.275980e+00 -5.310209e+00 1.014323e-01 -3.417359e-02 -1.280376e-01 -2.911934e-02 2.478814e-01 1.987821e-01 1.197929e-01 -1.354389e-01 -1.042533e-01 -4.315812e-02 -1.287411e-01 2.154603e-01 1.673209e-02 -3.620471e-03
<VARIANCE> 25
 8.986964e+00 1.842744e+01 2.090924e+01 3.164888e+01 4.125871e+01 3.934726e+01 4.622010e+01 3.397671e+01 4.585593e+01 3.552011e+01 2.964604e+01 2.861374e+01 1.915281e-01 4.215334e-01 5.496870e-01 6.295872e-01 1.219286e+00 9.932706e-01 1.258320e+00 1.086206e+00 1.125791e+00 9.524047e-01 8.725371e-01 8.839878e-01 1.816464e-04
<GCONST> 7.456454e+01
<MIXTURE> 111 4.337247e-03
<MEAN> 25
 -4.466604e+00 -8.978494e-01 -1.720754e+00 1.692371e+00 9.701002e-01 9.626561e-01 3.210823e-01 2.168679e-01 9.404880e-02 -5.477475e-01 -6.291258e-01 1.961866e+00 -2.101989e-02 -3.196870e-02 -7.232791e-02 -7.245328e-02 -3.643706e-02 6.599627e-03 -8.603632e-04 -5.814055e-02 -1.413727e-01 -2.035711e-01 -1.905073e-01 -1.050572e-01 -2.207450e-04
<VARIANCE> 25
 7.031848e+00 5.024859e+00 1.021389e+01 9.411861e+00 1.312199e+01 2.381572e+01 1.468129e+01 1.318966e+01 1.161118e+01 1.193115e+01 1.363182e+01 1.158258e+01 7.913885e-02 1.636754e-01 2.752791e-01 4.212758e-01 5.705418e-01 7.055298e-01 8.008855e-01 8.589916e-01 8.939441e-01 8.569929e-01 8.617426e-01 8.491170e-01 2.236807e-05
<GCONST> 5.600962e+01
<MIXTURE> 112 4.337247e-03
<MEAN> 25
 -4.466604e+00 -8.978494e-01 -1.720754e+00 1.692371e+00 9.701002e-01 9.626561e-01 3.210823e-01 2.168679e-01 9.404880e-02 -5.477475e-01 -6.291258e-01 1.961866e+00 -2.101989e-02 -3.196870e-02 -7.232791e-02 -7.245328e-02 -3.643706e-02 6.599627e-03 -8.603632e-04 -5.814055e-02 -1.413727e-01 -2.035711e-01 -1.905073e-01 -1.050572e-01 -2.207450e-04
<VARIANCE> 25
 7.031848e+00 5.024859e+00 1.021389e+01 9.411861e+00 1.312199e+01 2.381572e+01 1.468129e+01 1.318966e+01 1.161118e+01 1.193115e+01 1.363182e+01 1.158258e+01 7.913885e-02 1.636754e-01 2.752791e-01 4.212758e-01 5.705418e-01 7.055298e-01 8.008855e-01 8.589916e-01 8.939441e-01 8.569929e-01 8.617426e-01 8.491170e-01 2.236807e-05
<GCONST> 5.600962e+01
<MIXTURE> 113 5.938666e-03
<MEAN> 25
 9.845505e+00 1.605087e+00 -8.603949e+00 -1.718774e+01 -1.667632e+00 6.321729e+00 -4.488600e+00 -1.988816e+00 -5.203505e+00 -4.064133e-01 2.309296e-01 2.802865e-01 -8.755824e-03 2.394465e-02 -2.215698e-02 -1.349271e-01 1.424590e-01 1.858804e-01 -3.727562e-02 1.251608e-02 -1.720411e-02 -6.469502e-02 1.544245e-01 -4.994678e-03 -1.252773e-03
<VARIANCE> 25
 8.384904e+00 1.575077e+01 2.763700e+01 3.248742e+01 5.439606e+01 3.576932e+01 4.522726e+01 3.847532e+01 3.696510e+01 4.367299e+01 3.425879e+01 2.859914e+01 1.329357e-01 3.118364e-01 3.258606e-01 5.942708e-01 6.172267e-01 6.405444e-01 8.200038e-01 7.968256e-01 9.156762e-01 9.313695e-01 7.008873e-01 6.709052e-01 1.162385e-04
<GCONST> 7.078741e+01
<MIXTURE> 114 5.938666e-03
<MEAN> 25
 9.845505e+00 1.605087e+00 -8.603949e+00 -1.718774e+01 -1.667632e+00 6.321729e+00 -4.488600e+00 -1.988816e+00 -5.203505e+00 -4.064133e-01 2.309296e-01 2.802865e-01 -8.755824e-03 2.394465e-02 -2.215698e-02 -1.349271e-01 1.424590e-01 1.858804e-01 -3.727562e-02 1.251608e-02 -1.720411e-02 -6.469502e-02 1.544245e-01 -4.994678e-03 -1.252773e-03
<VARIANCE> 25
 8.384904e+00 1.575077e+01 2.763700e+01 3.248742e+01 5.439606e+01 3.576932e+01 4.522726e+01 3.847532e+01 3.696510e+01 4.367299e+01 3.425879e+01 2.859914e+01 1.329357e-01 3.118364e-01 3.258606e-01 5.942708e-01 6.172267e-01 6.405444e-01 8.200038e-01 7.968256e-01 9.156762e-01 9.313695e-01 7.008873e-01 6.709052e-01 1.162385e-04
<GCONST> 7.078741e+01
<MIXTURE> 115 2.935202e-03
<MEAN> 25
 -4.026761e+00 -7.442393e-01 -3.111457e+00 3.658742e+00 2.419997e+00 -4.237454e-01 2.243146e+00 4.147904e-01 1.395119e+00 -2.001448e-02 3.871256e-02 2.685119e+00 3.132879e-02 -7.200818e-02 -2.304192e-01 -4.383017e-01 -6.333871e-01 -6.701605e-01 -5.908124e-01 -5.080259e-01 -4.859775e-01 -4.555743e-01 -3.434005e-01 -1.643092e-01 -4.630635e-06
<VARIANCE> 25
 9.272302e+00 9.918356e+00 1.352510e+01 1.269100e+01 1.350281e+01 1.755425e+01 1.712174e+01 2.079770e+01 1.797023e+01 1.719683e+01 1.917817e+01 1.465882e+01 2.035607e-01 3.452787e-01 4.850242e-01 5.613936e-01 6.338787e-01 7.973149e-01 1.009428e+00 1.133496e+00 1.074085e+00 9.940021e-01 1.025137e+00 1.064219e+00 1.000966e-06
<GCONST> 6.016361e+01
<MIXTURE> 116 2.935202e-03
<MEAN> 25
 -4.026761e+00 -7.442393e-01 -3.111457e+00 3.658742e+00 2.419997e+00 -4.237454e-01 2.243146e+00 4.147904e-01 1.395119e+00 -2.001448e-02 3.871256e-02 2.685119e+00 3.132879e-02 -7.200818e-02 -2.304192e-01 -4.383017e-01 -6.333871e-01 -6.701605e-01 -5.908124e-01 -5.080259e-01 -4.859775e-01 -4.555743e-01 -3.434005e-01 -1.643092e-01 -4.630635e-06
<VARIANCE> 25
 9.272302e+00 9.918356e+00 1.352510e+01 1.269100e+01 1.350281e+01 1.755425e+01 1.712174e+01 2.079770e+01 1.797023e+01 1.719683e+01 1.917817e+01 1.465882e+01 2.035607e-01 3.452787e-01 4.850242e-01 5.613936e-01 6.338787e-01 7.973149e-01 1.009428e+00 1.133496e+00 1.074085e+00 9.940021e-01 1.025137e+00 1.064219e+00 1.000966e-06
<GCONST> 6.016361e+01
<MIXTURE> 117 6.506003e-03
<MEAN> 25
 -4.635030e+00 1.132017e+00 1.041310e+00 9.752106e+00 6.270458e+00 6.252058e+00 6.465435e+00 5.036989e+00 6.387750e+00 4.916099e+00 6.349734e+00 2.705650e+00 -7.524633e-02 -2.333445e-01 -3.587455e-01 -4.200386e-01 -3.651226e-01 -3.007549e-01 -2.864786e-01 -3.285376e-01 -3.898046e-01 -3.678896e-01 -2.616073e-01 -1.126080e-01 -7.870730e-06
<VARIANCE> 25
 7.212724e+00 8.823314e+00 9.869314e+00 1.430162e+01 1.564181e+01 1.532533e+01 1.768984e+01 1.795003e+01 1.638146e+01 1.641558e+01 1.683325e+01 1.473921e+01 2.161452e-01 3.071989e-01 4.254708e-01 6.157820e-01 8.572212e-01 1.057022e+00 1.175498e+00 1.234108e+00 1.222941e+00 1.192620e+00 1.165821e+00 1.117980e+00 1.000291e-06
<GCONST> 6.044735e+01
<MIXTURE> 118 6.506003e-03
<MEAN> 25
 -4.635030e+00 1.132017e+00 1.041310e+00 9.752106e+00 6.270458e+00 6.252058e+00 6.465435e+00 5.036989e+00 6.387750e+00 4.916099e+00 6.349734e+00 2.705650e+00 -7.524633e-02 -2.333445e-01 -3.587455e-01 -4.200386e-01 -3.651226e-01 -3.007549e-01 -2.864786e-01 -3.285376e-01 -3.898046e-01 -3.678896e-01 -2.616073e-01 -1.126080e-01 -7.870730e-06
<VARIANCE> 25
 7.212724e+00 8.823314e+00 9.869314e+00 1.430162e+01 1.564181e+01 1.532533e+01 1.768984e+01 1.795003e+01 1.638146e+01 1.641558e+01 1.683325e+01 1.473921e+01 2.161452e-01 3.071989e-01 4.254708e-01 6.157820e-01 8.572212e-01 1.057022e+00 1.175498e+00 1.234108e+00 1.222941e+00 1.192620e+00 1.165821e+00 1.117980e+00 1.000291e-06
<GCONST> 6.044735e+01
<MIXTURE> 119 4.297961e-03
<MEAN> 25
 -4.968369e+00 -7.631249e+00 2.242120e+00 2.014571e+00 2.223204e+00 2.077410e-01 5.259947e+00 5.937168e+00 1.167388e+00 9.722347e-01 6.610101e+00 1.564855e+00 -5.014398e-02 -7.982476e-02 3.942512e-02 -5.711296e-02 -1.279401e-01 -1.794427e-01 -7.040256e-02 -1.438037e-02 -9.399828e-02 -1.116564e-01 -5.490736e-02 -5.667436e-02 1.104466e-03
<VARIANCE> 25
 8.548897e+00 9.846538e+00 1.664073e+01 2.015109e+01 2.298683e+01 2.332437e+01 2.508780e+01 2.644345e+01 2.500363e+01 2.807462e+01 2.038634e+01 2.041565e+01 1.601565e-01 2.830054e-01 4.631109e-01 6.318715e-01 8.055533e-01 1.003438e+00 1.101560e+00 1.277827e+00 1.285921e+00 1.244462e+00 1.190222e+00 1.112951e+00 2.316281e-04
<GCONST> 6.974914e+01
<MIXTURE> 120 4.297961e-03
<MEAN> 25
 -4.968369e+00 -7.631249e+00 2.242120e+00 2.014571e+00 2.223204e+00 2.077410e-01 5.259947e+00 5.937168e+00 1.167388e+00 9.722347e-01 6.610101e+00 1.564855e+00 -5.014398e-02 -7.982476e-02 3.942512e-02 -5.711296e-02 -1.279401e-01 -1.794427e-01 -7.040256e-02 -1.438037e-02 -9.399828e-02 -1.116564e-01 -5.490736e-02 -5.667436e-02 1.104466e-03
<VARIANCE> 25
 8.548897e+00 9.846538e+00 1.664073e+01 2.015109e+01 2.298683e+01 2.332437e+01 2.508780e+01 2.644345e+01 2.500363e+01 2.807462e+01 2.038634e+01 2.041565e+01 1.601565e-01 2.830054e-01 4.631109e-01 6.318715e-01 8.055533e-01 1.003438e+00 1.101560e+00 1.277827e+00 1.285921e+00 1.244462e+00 1.190222e+00 1.112951e+00 2.316281e-04
<GCONST> 6.974914e+01
<MIXTURE> 121 4.567511e-03
<MEAN> 25
 2.339035e-01 -2.540036e+00 5.173135e+00 -1.274372e+01 -1.254590e+01 -1.580440e+00 8.285933e-01 -5.085747e+00 -4.211202e+00 -5.078343e-01 -5.439815e+00 -4.324362e+00 2.062570e-02 1.309299e-01 -2.656098e-02 6.970005e-02 1.588703e-01 7.593871e-02 -8.738285e-02 -1.742423e-01 -2.799755e-01 -2.482968e-01 -1.086182e-01 -6.707179e-03 -7.332400e-03
<VARIANCE> 25
 7.680255e+00 1.581046e+01 1.712932e+01 2.150597e+01 2.493543e+01 2.972507e+01 3.080650e+01 2.452506e+01 3.496556e+01 2.817821e+01 1.999229e+01 2.088767e+01 1.537820e-01 6.339815e-01 6.321722e-01 7.092889e-01 7.640774e-01 1.138773e+00 1.109817e+00 1.108180e+00 1.240068e+00 1.199758e+00 9.397292e-01 8.845902e-01 2.108060e-04
<GCONST> 7.150415e+01
<MIXTURE> 122 4.567511e-03
<MEAN> 25
 2.339035e-01 -2.540036e+00 5.173135e+00 -1.274372e+01 -1.254590e+01 -1.580440e+00 8.285933e-01 -5.085747e+00 -4.211202e+00 -5.078343e-01 -5.439815e+00 -4.324362e+00 2.062570e-02 1.309299e-01 -2.656098e-02 6.970005e-02 1.588703e-01 7.593871e-02 -8.738285e-02 -1.742423e-01 -2.799755e-01 -2.482968e-01 -1.086182e-01 -6.707179e-03 -7.332400e-03
<VARIANCE> 25
 7.680255e+00 1.581046e+01 1.712932e+01 2.150597e+01 2.493543e+01 2.972507e+01 3.080650e+01 2.452506e+01 3.496556e+01 2.817821e+01 1.999229e+01 2.088767e+01 1.537820e-01 6.339815e-01 6.321722e-01 7.092889e-01 7.640774e-01 1.138773e+00 1.109817e+00 1.108180e+00 1.240068e+00 1.199758e+00 9.397292e-01 8.845902e-01 2.108060e-04
<GCONST> 7.150415e+01
<MIXTURE> 123 4.393044e-03
<MEAN> 25
 -2.596172e+00 3.033318e+00 -1.237256e+00 6.530533e+00 7.124863e+00 3.795070e+00 4.584257e+00 1.826366e+00 1.536369e+00 -1.687571e+00 -1.923195e+00 7.630875e-01 -4.235026e-01 -6.721075e-01 -7.366666e-01 -3.726669e-01 -2.824359e-01 1.825153e-01 5.005630e-01 5.578818e-01 8.116717e-01 5.478423e-01 7.700447e-01 5.308118e-01 -3.812893e-03
<VARIANCE> 25
 1.026623e+01 1.173127e+01 1.403651e+01 1.205058e+01 2.062199e+01 2.615714e+01 1.696385e+01 1.634607e+01 2.004554e+01 1.358255e+01 2.149875e+01 2.060898e+01 2.766810e-01 3.092792e-01 3.902851e-01 6.456115e-01 7.722359e-01 1.074060e+00 1.040438e+00 1.311101e+00 1.205195e+00 8.921157e-01 1.646529e+00 1.229257e+00 1.096167e-04
<GCONST> 6.743059e+01
<MIXTURE> 124 4.069876e-03
<MEAN> 25
 -5.841693e+00 -5.563394e-01 -3.128678e+00 5.305178e+00 5.489475e+00 3.406430e+00 5.571238e+00 2.695218e+00 3.648744e+00 9.595019e-01 7.000939e-01 3.130588e+00 -2.119567e-01 -3.071328e-01 -3.469318e-01 -1.785658e-01 1.481645e-01 5.059573e-01 8.923777e-01 8.620973e-01 6.016639e-01 2.862292e-01 8.400104e-02 -1.215279e-03 -2.763055e-04
<VARIANCE> 25
 1.326149e+01 9.132662e+00 1.083355e+01 1.138915e+01 1.257077e+01 1.850032e+01 1.464094e+01 1.863336e+01 1.567871e+01 1.606225e+01 1.932752e+01 1.471918e+01 1.017703e-01 1.758002e-01 2.511333e-01 4.113563e-01 5.410532e-01 7.640328e-01 7.951915e-01 8.685514e-01 8.664924e-01 9.075073e-01 1.016238e+00 9.791163e-01 1.779186e-05
<GCONST> 5.906724e+01
<MIXTURE> 125 4.069876e-03
<MEAN> 25
 -5.841693e+00 -5.563394e-01 -3.128678e+00 5.305178e+00 5.489475e+00 3.406430e+00 5.571238e+00 2.695218e+00 3.648744e+00 9.595019e-01 7.000939e-01 3.130588e+00 -2.119567e-01 -3.071328e-01 -3.469318e-01 -1.785658e-01 1.481645e-01 5.059573e-01 8.923777e-01 8.620973e-01 6.016639e-01 2.862292e-01 8.400104e-02 -1.215279e-03 -2.763055e-04
<VARIANCE> 25
 1.326149e+01 9.132662e+00 1.083355e+01 1.138915e+01 1.257077e+01 1.850032e+01 1.464094e+01 1.863336e+01 1.567871e+01 1.606225e+01 1.932752e+01 1.471918e+01 1.017703e-01 1.758002e-01 2.511333e-01 4.113563e-01 5.410532e-01 7.640328e-01 7.951915e-01 8.685514e-01 8.664924e-01 9.075073e-01 1.016238e+00 9.791163e-01 1.779186e-05
<GCONST> 5.906724e+01
<MIXTURE> 126 2.402244e-03
<MEAN> 25
 -3.773003e+00 -6.907755e+00 -5.279956e+00 2.332407e+00 4.278188e+00 -3.242321e+00 7.949349e-02 3.557252e+00 3.344018e+00 -2.690605e+00 -1.430261e+00 3.055798e+00 -2.856783e-03 -6.098804e-03 -3.593269e-02 -1.572510e-01 -3.180734e-01 -3.881515e-01 -2.723505e-01 -1.584774e-01 -1.138405e-01 -1.156647e-01 -9.823474e-02 -2.942299e-02 -1.477406e-03
<VARIANCE> 25
 7.511739e+00 1.292656e+01 1.384419e+01 1.516960e+01 2.476010e+01 2.380096e+01 2.280071e+01 2.835044e+01 3.129380e+01 2.621054e+01 2.175676e+01 1.917997e+01 1.708814e-01 3.523877e-01 4.829744e-01 5.661358e-01 7.531102e-01 9.975242e-01 1.123070e+00 1.264446e+00 1.331281e+00 1.310401e+00 1.210916e+00 1.145728e+00 2.112264e-04
<GCONST> 6.984306e+01
<MIXTURE> 127 2.402244e-03
<MEAN> 25
 -3.773003e+00 -6.907755e+00 -5.279956e+00 2.332407e+00 4.278188e+00 -3.242321e+00 7.949349e-02 3.557252e+00 3.344018e+00 -2.690605e+00 -1.430261e+00 3.055798e+00 -2.856783e-03 -6.098804e-03 -3.593269e-02 -1.572510e-01 -3.180734e-01 -3.881515e-01 -2.723505e-01 -1.584774e-01 -1.138405e-01 -1.156647e-01 -9.823474e-02 -2.942299e-02 -1.477406e-03
<VARIANCE> 25
 7.511739e+00 1.292656e+01 1.384419e+01 1.516960e+01 2.476010e+01 2.380096e+01 2.280071e+01 2.835044e+01 3.129380e+01 2.621054e+01 2.175676e+01 1.917997e+01 1.708814e-01 3.523877e-01 4.829744e-01 5.661358e-01 7.531102e-01 9.975242e-01 1.123070e+00 1.264446e+00 1.331281e+00 1.310401e+00 1.210916e+00 1.145728e+00 2.112264e-04
<GCONST> 6.984306e+01
<MIXTURE> 128 3.790457e-03
<MEAN> 25
 -3.923063e+00 1.589920e+00 -3.614392e-01 6.578573e+00 3.658503e+00 1.829236e+00 3.611444e+00 2.327882e+00 3.981343e+00 3.648175e+00 3.706568e+00 3.542571e+00 -3.952661e-01 -1.875571e-01 8.876064e-02 7.177804e-01 1.183814e+00 1.134766e+00 7.164595e-01 1.374510e-01 -4.249457e-01 -7.857797e-01 -6.918829e-01 -3.818975e-01 -4.149629e-05
<VARIANCE> 25
 1.051876e+01 1.183300e+01 1.498382e+01 1.913238e+01 2.015614e+01 2.111089e+01 2.412968e+01 2.463200e+01 2.621677e+01 2.404426e+01 2.700077e+01 1.822919e+01 8.834615e-01 1.149972e+00 1.361999e+00 1.493276e+00 1.572393e+00 1.846874e+00 2.225532e+00 2.322277e+00 2.142508e+00 1.847217e+00 1.741024e+00 1.753140e+00 1.035894e-06
<GCONST> 7.366099e+01
<TRANSP> 3
 0.000000e+00 1.000000e+00 0.000000e+00
 0.000000e+00 9.999990e-01 9.999998e-07
 0.000000e+00 0.000000e+00 0.000000e+00
<ENDHMM>
