~o
<STREAMINFO> 1 25
<VECSIZE> 25<NULLD><MFCC_E_D_N><DIAGC>
~h "jmodel"
<BEGINHMM>
<NUMSTATES> 3
<STATE> 2
<NUMMIXES> 128
<MIXTURE> 1 5.748963e-03
<MEAN> 25
 -2.584504e+00 3.181801e+00 2.312262e+00 8.755474e+00 4.372128e+00 3.449217e+00 4.063450e+00 3.935937e+00 5.831877e+00 5.253283e+00 5.884295e+00 3.080372e+00 -2.004594e+00 -1.634841e+00 -8.642043e-01 1.076072e+00 1.560735e+00 2.232388e+00 2.154588e+00 2.085036e+00 1.693605e+00 1.269705e+00 1.567528e+00 6.133660e-01 -4.692426e-02
<VARIANCE> 25
 1.006402e+01 1.175969e+01 1.494450e+01 1.867815e+01 2.318987e+01 2.215048e+01 2.189564e+01 2.197562e+01 2.099988e+01 2.253561e+01 2.095160e+01 1.708150e+01 1.789043e+00 2.111586e+00 3.026123e+00 3.209768e+00 3.739654e+00 3.357065e+00 3.318774e+00 3.380114e+00 3.521606e+00 3.726793e+00 3.513827e+00 2.834230e+00 3.121530e-03
<GCONST> 8.846357e+01
<MIXTURE> 2 4.549242e-03
<MEAN> 25
 -4.876483e+00 1.315177e+00 9.953886e-01 9.898000e+00 6.691114e+00 7.421681e+00 7.848807e+00 6.957253e+00 8.365275e+00 6.368901e+00 7.617237e+00 3.075453e+00 -6.190154e-02 4.153388e-02 1.422999e-01 2.259207e-01 2.656530e-01 2.816426e-01 2.951882e-01 3.196738e-01 3.492436e-01 3.082312e-01 1.972502e-01 7.988560e-02 -5.878626e-07
<VARIANCE> 25
 6.947830e+00 8.910861e+00 1.064569e+01 1.590435e+01 1.722588e+01 1.556456e+01 1.689169e+01 1.847387e+01 1.666361e+01 1.739887e+01 1.816504e+01 1.433283e+01 1.253406e-01 2.264995e-01 3.363884e-01 4.668708e-01 6.492380e-01 8.144890e-01 9.293377e-01 1.002689e+00 1.051354e+00 1.077941e+00 1.075549e+00 1.013465e+00 1.004726e-06
<GCONST> 5.805052e+01
<MIXTURE> 3 4.549242e-03
<MEAN> 25
 -4.876483e+00 1.315177e+00 9.953886e-01 9.898000e+00 6.691114e+00 7.421681e+00 7.848807e+00 6.957253e+00 8.365275e+00 6.368901e+00 7.617237e+00 3.075453e+00 -6.190154e-02 4.153388e-02 1.422999e-01 2.259207e-01 2.656530e-01 2.816426e-01 2.951882e-01 3.196738e-01 3.492436e-01 3.082312e-01 1.972502e-01 7.988560e-02 -5.878626e-07
<VARIANCE> 25
 6.947830e+00 8.910861e+00 1.064569e+01 1.590435e+01 1.722588e+01 1.556456e+01 1.689169e+01 1.847387e+01 1.666361e+01 1.739887e+01 1.816504e+01 1.433283e+01 1.253406e-01 2.264995e-01 3.363884e-01 4.668708e-01 6.492380e-01 8.144890e-01 9.293377e-01 1.002689e+00 1.051354e+00 1.077941e+00 1.075549e+00 1.013465e+00 1.004726e-06
<GCONST> 5.805052e+01
<MIXTURE> 4 1.671429e-02
<MEAN> 25
 3.510644e+00 2.194307e+00 -4.124069e+00 1.109288e+00 3.118303e+00 -1.608860e+00 1.719633e-01 5.944445e-01 1.192325e+00 3.374753e+00 -3.206019e+00 -1.275606e+00 -2.953731e+00 1.168187e+00 1.602763e+00 2.433439e+00 1.200244e+00 4.162659e-01 1.354913e+00 1.180647e+00 1.023063e+00 -2.109865e-01 8.784713e-01 1.144897e+00 -8.147716e-02
<VARIANCE> 25
 1.897444e+01 2.546994e+01 2.543837e+01 3.406529e+01 4.144381e+01 6.222051e+01 5.455212e+01 4.511137e+01 4.567753e+01 7.082977e+01 4.471065e+01 4.323845e+01 2.211109e+00 4.400914e+00 3.152028e+00 5.272975e+00 5.239365e+00 4.952257e+00 5.187775e+00 4.914742e+00 4.796449e+00 6.811678e+00 5.629153e+00 4.186850e+00 6.702068e-03
<GCONST> 1.034258e+02
<MIXTURE> 5 3.206198e-03
<MEAN> 25
 -3.539176e+00 2.181075e+00 5.869386e-01 9.395412e+00 7.051791e+00 6.502020e+00 7.520059e+00 5.096269e+00 4.966388e+00 3.578725e+00 3.722187e+00 2.291554e+00 -3.330024e-01 7.388988e-01 1.319544e+00 1.014900e+00 2.237475e-01 -2.006841e-01 -1.599343e-01 6.397669e-02 4.588316e-01 7.066579e-01 5.323760e-01 2.135694e-01 -2.229165e-04
<VARIANCE> 25
 9.617216e+00 1.290166e+01 2.173485e+01 2.368450e+01 2.031208e+01 1.842647e+01 2.048531e+01 2.030233e+01 2.282774e+01 2.057357e+01 3.179801e+01 1.640013e+01 1.123028e+00 1.151047e+00 1.360665e+00 1.547165e+00 2.190140e+00 2.305014e+00 2.209101e+00 2.113059e+00 2.161430e+00 2.073910e+00 2.104691e+00 1.901443e+00 1.379944e-06
<GCONST> 7.493010e+01
<MIXTURE> 6 5.475854e-03
<MEAN> 25
 9.440037e+00 -2.556467e-01 -6.256333e+00 -1.110920e+01 -2.450796e+00 6.380198e+00 -6.312152e+00 -7.027875e+00 -2.898288e+00 1.387431e+00 4.749175e+00 3.391080e-02 5.032669e-01 7.833762e-01 -4.463942e-01 -1.705556e+00 -5.967351e-01 1.384301e+00 1.704278e+00 1.683478e-01 -1.003385e+00 -1.393197e+00 3.149177e-01 1.252903e+00 -7.532605e-03
<VARIANCE> 25
 8.292229e+00 1.529694e+01 2.221713e+01 3.518454e+01 3.408421e+01 2.786158e+01 4.218646e+01 5.176788e+01 3.995428e+01 3.792508e+01 3.739328e+01 3.598756e+01 2.751204e-01 8.503573e-01 9.314465e-01 2.276595e+00 1.578449e+00 1.871643e+00 1.930704e+00 2.009063e+00 2.389634e+00 1.927002e+00 2.017105e+00 1.282662e+00 5.267183e-04
<GCONST> 8.319103e+01
<MIXTURE> 7 5.475854e-03
<MEAN> 25
 9.440037e+00 -2.556467e-01 -6.256333e+00 -1.110920e+01 -2.450796e+00 6.380198e+00 -6.312152e+00 -7.027875e+00 -2.898288e+00 1.387431e+00 4.749175e+00 3.391080e-02 5.032669e-01 7.833762e-01 -4.463942e-01 -1.705556e+00 -5.967351e-01 1.384301e+00 1.704278e+00 1.683478e-01 -1.003385e+00 -1.393197e+00 3.149177e-01 1.252903e+00 -7.532605e-03
<VARIANCE> 25
 8.292229e+00 1.529694e+01 2.221713e+01 3.518454e+01 3.408421e+01 2.786158e+01 4.218646e+01 5.176788e+01 3.995428e+01 3.792508e+01 3.739328e+01 3.598756e+01 2.751204e-01 8.503573e-01 9.314465e-01 2.276595e+00 1.578449e+00 1.871643e+00 1.930704e+00 2.009063e+00 2.389634e+00 1.927002e+00 2.017105e+00 1.282662e+00 5.267183e-04
<GCONST> 8.319103e+01
<MIXTURE> 8 1.165917e-02
<MEAN> 25
 -4.810067e+00 1.449690e+00 1.384824e+00 9.413558e+00 6.431298e+00 6.158130e+00 6.900218e+00 5.927251e+00 6.572942e+00 5.342804e+00 5.995001e+00 3.182904e+00 -5.228929e-01 -1.338576e+00 -1.060032e+00 -1.675413e+00 -2.040764e-01 -9.203101e-01 -2.038019e-01 -4.048527e-01 -2.341705e-01 -1.940390e-01 -2.617805e-01 1.315058e-01 9.575027e-02
<VARIANCE> 25
 8.892969e+00 9.640079e+00 1.110902e+01 1.549792e+01 1.598836e+01 1.519202e+01 2.119184e+01 1.803955e+01 1.642127e+01 1.781502e+01 2.268539e+01 1.338838e+01 2.817011e+00 2.923440e+00 3.687837e+00 3.596823e+00 3.342962e+00 3.187651e+00 3.006972e+00 3.225972e+00 2.748119e+00 2.646255e+00 2.393176e+00 1.861336e+00 6.449081e-03
<GCONST> 8.614613e+01
<MIXTURE> 9 1.199672e-02
<MEAN> 25
 8.904908e+00 4.306413e+00 -6.174644e+00 -9.599308e+00 -1.273166e+00 3.319988e+00 -3.287009e+00 -7.552284e+00 -5.849319e+00 -2.132403e+00 3.383903e+00 2.452222e+00 1.368651e+00 -4.231675e-01 -2.018620e-01 -2.347668e+00 -1.423405e+00 6.096683e-01 -1.134281e+00 -4.687932e-01 -5.946388e-01 -4.899185e-01 1.118932e+00 -3.526991e-02 7.623116e-02
<VARIANCE> 25
 9.655490e+00 1.917780e+01 2.631215e+01 4.250338e+01 3.872763e+01 3.248381e+01 3.679509e+01 9.029460e+01 3.232177e+01 3.266752e+01 4.246302e+01 3.134737e+01 1.841864e+00 2.029096e+00 4.129343e+00 3.808196e+00 3.795160e+00 4.239617e+00 3.261605e+00 8.701861e+00 5.511864e+00 3.090919e+00 3.531844e+00 2.407167e+00 2.892526e-03
<GCONST> 9.691705e+01
<MIXTURE> 10 6.596976e-03
<MEAN> 25
 8.210586e-01 7.634242e+00 5.375902e+00 7.148924e+00 1.587283e+00 -2.115208e+00 -5.182083e-01 -1.685329e+00 8.743996e-01 8.600010e-01 8.389148e-01 6.573046e-01 -1.924928e+00 -6.732934e-01 -4.585949e-01 3.028184e+00 2.463296e+00 2.710464e+00 2.373880e+00 2.277903e+00 1.861628e+00 1.545108e+00 2.335817e+00 5.248458e-01 -1.381421e-01
<VARIANCE> 25
 1.954180e+01 2.068671e+01 2.230526e+01 2.906116e+01 3.831319e+01 3.494048e+01 3.514554e+01 3.384098e+01 2.761294e+01 2.904997e+01 2.695958e+01 2.501490e+01 2.234828e+00 3.426290e+00 5.535526e+00 5.169559e+00 5.552308e+00 4.469530e+00 4.699861e+00 4.843520e+00 4.388549e+00 5.021096e+00 4.442404e+00 3.191134e+00 2.696807e-03
<GCONST> 9.745975e+01
<MIXTURE> 11 1.633820e-02
<MEAN> 25
 7.697241e+00 3.915169e+00 3.060284e+00 5.494653e+00 -3.148738e+00 -2.196722e+00 -1.639291e+00 -5.900012e+00 -4.474826e+00 1.024050e-01 -2.480695e+00 -1.626575e+00 -1.902867e-01 5.960668e-01 9.713691e-02 1.573169e-01 5.000181e-01 -2.521339e-01 1.792906e-01 -8.895069e-02 -1.022568e-01 -4.982350e-03 -1.322799e-01 1.112039e-01 -1.290107e-02
<VARIANCE> 25
 9.935973e+00 2.284604e+01 2.211994e+01 2.973711e+01 3.517041e+01 3.478918e+01 4.828465e+01 4.380382e+01 4.916033e+01 3.860011e+01 3.376733e+01 3.561962e+01 1.090143e+00 1.207106e+00 1.534657e+00 2.134634e+00 2.075230e+00 2.165738e+00 2.484454e+00 2.843294e+00 2.253089e+00 1.936674e+00 1.939080e+00 1.499637e+00 1.095348e-03
<GCONST> 8.791083e+01
<MIXTURE> 12 5.904134e-03
<MEAN> 25
 1.061989e+01 3.449624e+00 -4.487135e+00 -1.592839e+01 -8.621084e+00 8.451916e+00 -1.167464e+00 -3.122789e+00 -1.411227e+00 -4.964683e+00 2.099629e+00 1.537701e+00 9.447113e-02 2.327716e-01 7.806424e-02 -3.974976e-01 -3.368588e-01 8.663328e-02 2.853249e-01 4.463695e-01 1.701663e-01 -3.840704e-01 -3.101322e-01 5.852736e-02 -5.080650e-03
<VARIANCE> 25
 8.449173e+00 2.057323e+01 2.162202e+01 3.284801e+01 3.938651e+01 2.941669e+01 3.951186e+01 6.120596e+01 4.297202e+01 3.464659e+01 3.650998e+01 3.423211e+01 2.370969e-01 6.828194e-01 6.463973e-01 1.125850e+00 1.114495e+00 1.017706e+00 1.169049e+00 1.295549e+00 1.159676e+00 1.186926e+00 1.201808e+00 9.090410e-01 5.527685e-04
<GCONST> 7.826277e+01
<MIXTURE> 13 5.904134e-03
<MEAN> 25
 1.061989e+01 3.449624e+00 -4.487135e+00 -1.592839e+01 -8.621084e+00 8.451916e+00 -1.167464e+00 -3.122789e+00 -1.411227e+00 -4.964683e+00 2.099629e+00 1.537701e+00 9.447113e-02 2.327716e-01 7.806424e-02 -3.974976e-01 -3.368588e-01 8.663328e-02 2.853249e-01 4.463695e-01 1.701663e-01 -3.840704e-01 -3.101322e-01 5.852736e-02 -5.080650e-03
<VARIANCE> 25
 8.449173e+00 2.057323e+01 2.162202e+01 3.284801e+01 3.938651e+01 2.941669e+01 3.951186e+01 6.120596e+01 4.297202e+01 3.464659e+01 3.650998e+01 3.423211e+01 2.370969e-01 6.828194e-01 6.463973e-01 1.125850e+00 1.114495e+00 1.017706e+00 1.169049e+00 1.295549e+00 1.159676e+00 1.186926e+00 1.201808e+00 9.090410e-01 5.527685e-04
<GCONST> 7.826277e+01
<MIXTURE> 14 6.488954e-03
<MEAN> 25
 -4.356066e+00 -2.699556e-01 -2.442566e-01 8.875115e+00 7.494193e+00 7.283827e+00 7.894022e+00 7.352536e+00 7.101050e+00 5.124178e+00 6.520644e+00 4.049271e+00 -2.691870e-01 1.856662e-01 3.789414e-01 3.049706e-01 -1.582203e-02 1.873790e-02 8.651694e-02 1.693675e-01 3.112316e-01 5.483871e-01 4.832107e-01 9.286833e-02 -8.639369e-03
<VARIANCE> 25
 9.027056e+00 1.393167e+01 1.826874e+01 1.736512e+01 2.061073e+01 1.961470e+01 2.125656e+01 2.019851e+01 2.056666e+01 2.356228e+01 2.430778e+01 1.590953e+01 9.423936e-01 1.621958e+00 1.776606e+00 1.895807e+00 2.213403e+00 2.242782e+00 2.217746e+00 2.227730e+00 2.267071e+00 2.456841e+00 2.245226e+00 1.805782e+00 1.020454e-03
<GCONST> 8.181441e+01
<MIXTURE> 15 2.475190e-03
<MEAN> 25
 -5.542821e+00 -7.149176e-02 -7.438812e-02 7.159782e+00 5.330262e+00 5.252095e+00 6.581474e+00 5.178193e+00 4.813360e+00 4.033964e+00 4.654175e+00 2.757594e+00 -9.721908e-02 -9.527268e-03 1.262715e-01 2.753916e-01 4.734704e-01 8.108380e-01 1.089714e+00 1.211727e+00 9.924210e-01 7.324785e-01 4.819366e-01 1.946902e-01 8.390106e-04
<VARIANCE> 25
 6.215245e+00 7.018995e+00 8.547889e+00 1.178789e+01 1.392866e+01 1.433994e+01 1.506153e+01 1.361885e+01 1.333734e+01 1.297913e+01 1.788964e+01 1.244022e+01 1.179568e-01 1.911887e-01 3.064987e-01 4.785814e-01 6.772386e-01 7.902426e-01 7.031171e-01 7.763904e-01 9.238698e-01 1.096878e+00 1.192210e+00 1.008301e+00 3.012666e-05
<GCONST> 5.836036e+01
<MIXTURE> 16 2.475190e-03
<MEAN> 25
 -5.542821e+00 -7.149176e-02 -7.438812e-02 7.159782e+00 5.330262e+00 5.252095e+00 6.581474e+00 5.178193e+00 4.813360e+00 4.033964e+00 4.654175e+00 2.757594e+00 -9.721908e-02 -9.527268e-03 1.262715e-01 2.753916e-01 4.734704e-01 8.108380e-01 1.089714e+00 1.211727e+00 9.924210e-01 7.324785e-01 4.819366e-01 1.946902e-01 8.390106e-04
<VARIANCE> 25
 6.215245e+00 7.018995e+00 8.547889e+00 1.178789e+01 1.392866e+01 1.433994e+01 1.506153e+01 1.361885e+01 1.333734e+01 1.297913e+01 1.788964e+01 1.244022e+01 1.179568e-01 1.911887e-01 3.064987e-01 4.785814e-01 6.772386e-01 7.902426e-01 7.031171e-01 7.763904e-01 9.238698e-01 1.096878e+00 1.192210e+00 1.008301e+00 3.012666e-05
<GCONST> 5.836036e+01
<MIXTURE> 17 9.518312e-03
<MEAN> 25
 3.762046e+00 -6.455601e-01 6.307811e+00 2.527467e+00 -5.778381e+00 -6.402112e+00 -3.358019e+00 -2.756394e-01 -2.515489e+00 -3.229883e+00 2.859280e-02 1.644570e-01 -6.917931e-01 -1.224972e+00 1.189953e+00 -2.041853e+00 -2.262553e+00 -1.515796e-01 8.377149e-02 6.737186e-01 -1.845393e-01 -1.558642e-01 1.095426e+00 3.481651e-01 8.198447e-02
<VARIANCE> 25
 1.658825e+01 3.160898e+01 2.958866e+01 3.888864e+01 4.440268e+01 4.670385e+01 4.168416e+01 3.457618e+01 3.510073e+01 2.613320e+01 2.763796e+01 2.796819e+01 1.981567e+00 2.761003e+00 4.101357e+00 3.102273e+00 4.131422e+00 5.419165e+00 5.062287e+00 4.755777e+00 4.171689e+00 3.911425e+00 3.032084e+00 2.799518e+00 2.179982e-03
<GCONST> 9.697441e+01
<MIXTURE> 18 1.221018e-02
<MEAN> 25
 3.887865e+00 3.821179e+00 6.881425e+00 4.447359e+00 -4.610415e+00 -7.857983e+00 -1.877313e+00 -6.034773e-01 -2.470079e+00 -2.423837e+00 -1.293831e+00 -7.860283e-03 -7.861633e-01 2.268335e+00 -1.681634e-01 1.880423e+00 3.158619e+00 1.573600e+00 6.390967e-01 8.782987e-02 5.561987e-01 3.473335e-01 -4.581919e-01 -2.422011e-01 -1.169063e-01
<VARIANCE> 25
 1.467980e+01 2.853194e+01 3.074717e+01 2.430482e+01 3.739864e+01 3.333900e+01 3.501731e+01 3.782561e+01 4.248930e+01 3.386961e+01 3.074593e+01 3.166729e+01 2.353436e+00 2.874299e+00 4.287926e+00 3.914328e+00 3.771892e+00 4.515427e+00 4.446786e+00 4.794745e+00 4.187632e+00 4.213774e+00 4.379636e+00 3.600742e+00 4.145134e-03
<GCONST> 9.784059e+01
<MIXTURE> 19 9.912824e-03
<MEAN> 25
 -1.060284e+01 1.167237e+00 1.104639e+00 1.969253e+00 4.512224e+00 8.522821e-01 4.102817e+00 1.813346e+00 1.468949e+00 8.879476e-01 -4.906204e-01 2.432980e+00 2.139487e+00 1.668486e+00 1.959934e+00 7.987366e-01 -1.039483e+00 -7.692352e-01 -9.916302e-01 -1.359195e+00 -1.739750e+00 -1.274756e+00 -5.543311e-01 -7.373195e-01 -8.302560e-04
<VARIANCE> 25
 5.561013e+01 2.682103e+01 4.165326e+01 4.926454e+01 3.353011e+01 3.332063e+01 3.057148e+01 3.059019e+01 2.633343e+01 3.736714e+01 3.618148e+01 1.802176e+01 2.299023e+00 2.040021e+00 2.055609e+00 1.987239e+00 2.582467e+00 2.362900e+00 2.531350e+00 2.045310e+00 2.312729e+00 1.945802e+00 2.565956e+00 1.642440e+00 2.508917e-03
<GCONST> 9.147257e+01
<MIXTURE> 20 6.308331e-03
<MEAN> 25
 -1.418210e+01 7.417722e+00 8.437957e-01 6.148711e+00 4.851200e+00 1.628402e+00 5.210430e+00 8.639641e-01 9.259877e-01 7.933503e-01 2.562511e+00 -3.028394e-01 -3.287054e+00 -8.662014e-01 -1.562765e+00 3.321455e-01 1.542015e+00 2.061437e+00 1.977711e+00 2.054709e+00 2.143641e+00 2.035920e+00 1.684513e+00 9.470737e-01 4.736531e-02
<VARIANCE> 25
 1.964976e+01 2.343770e+01 3.093582e+01 3.715847e+01 3.088999e+01 2.795604e+01 2.990803e+01 3.156791e+01 2.795543e+01 2.822388e+01 2.518095e+01 2.091034e+01 2.092989e+00 2.181494e+00 1.914876e+00 2.539610e+00 2.702297e+00 2.314479e+00 2.310855e+00 2.321596e+00 2.234655e+00 2.673406e+00 2.239541e+00 1.867575e+00 1.887317e-03
<GCONST> 8.923408e+01
<MIXTURE> 21 7.928653e-03
<MEAN> 25
 3.890592e+00 -4.838355e+00 5.639292e+00 -1.678035e+00 -1.086286e+01 -9.017895e+00 -2.607200e+00 4.071974e+00 -1.376384e+00 -3.771701e+00 4.304988e-01 -4.398059e-02 -6.937845e-01 1.343969e+00 2.643670e+00 8.825357e-02 -1.384724e+00 2.453440e-01 7.303559e-01 -1.446034e+00 -1.925916e+00 2.833005e-01 1.012889e+00 6.470287e-01 -1.451708e-02
<VARIANCE> 25
 8.558062e+00 2.065310e+01 2.761550e+01 2.551366e+01 2.732081e+01 3.073508e+01 3.873085e+01 3.528012e+01 4.349485e+01 2.927623e+01 3.079233e+01 2.204240e+01 3.464194e-01 8.540909e-01 1.768232e+00 1.320842e+00 2.267424e+00 2.123572e+00 3.689003e+00 2.349979e+00 1.955177e+00 2.376182e+00 2.668636e+00 3.353899e+00 4.376372e-04
<GCONST> 8.465739e+01
<MIXTURE> 22 8.827789e-03
<MEAN> 25
 -1.792172e+01 7.154690e+00 -4.127887e+00 7.384991e+00 4.611777e+00 2.752130e+00 8.396345e+00 1.758885e+00 5.385586e+00 3.297659e+00 5.709222e+00 1.186832e+00 -3.108240e-01 -2.089103e-01 -1.247706e-01 -1.496729e-01 -7.270965e-03 1.364457e-01 1.791883e-01 1.764111e-01 2.493982e-01 2.078953e-01 1.733124e-01 1.941042e-01 8.865659e-03
<VARIANCE> 25
 8.109753e+00 1.680983e+01 1.737886e+01 2.520445e+01 2.296032e+01 2.089773e+01 1.942506e+01 1.880420e+01 1.816412e+01 2.085841e+01 1.927577e+01 1.377772e+01 1.091344e+00 1.357850e+00 1.363300e+00 1.570693e+00 1.407519e+00 1.525756e+00 1.510027e+00 1.533724e+00 1.614108e+00 1.544018e+00 1.356569e+00 1.169730e+00 1.744061e-03
<GCONST> 7.831964e+01
<MIXTURE> 23 6.455497e-03
<MEAN> 25
 7.963352e+00 2.468043e+00 2.988812e+00 2.387057e+00 -4.856788e+00 -3.160186e+00 -4.265123e+00 -6.600206e+00 -3.490006e+00 -1.043051e+00 -4.069795e+00 -2.071631e+00 3.805698e-02 1.739427e-01 1.141010e-02 5.154686e-02 -7.190749e-04 4.987636e-02 2.030318e-02 -4.246035e-02 8.007109e-03 4.550112e-02 7.171301e-03 3.588076e-02 -4.254951e-03
<VARIANCE> 25
 1.032450e+01 2.223209e+01 2.503228e+01 4.109402e+01 3.807199e+01 5.376003e+01 5.893897e+01 5.601995e+01 4.846741e+01 4.689462e+01 4.896991e+01 4.095631e+01 1.206931e-01 2.951224e-01 3.796499e-01 4.901513e-01 5.966957e-01 7.097423e-01 7.722597e-01 8.794722e-01 8.777533e-01 8.787228e-01 8.198268e-01 7.583956e-01 9.007101e-05
<GCONST> 7.306544e+01
<MIXTURE> 24 6.455497e-03
<MEAN> 25
 7.963352e+00 2.468043e+00 2.988812e+00 2.387057e+00 -4.856788e+00 -3.160186e+00 -4.265123e+00 -6.600206e+00 -3.490006e+00 -1.043051e+00 -4.069795e+00 -2.071631e+00 3.805698e-02 1.739427e-01 1.141010e-02 5.154686e-02 -7.190749e-04 4.987636e-02 2.030318e-02 -4.246035e-02 8.007109e-03 4.550112e-02 7.171301e-03 3.588076e-02 -4.254951e-03
<VARIANCE> 25
 1.032450e+01 2.223209e+01 2.503228e+01 4.109402e+01 3.807199e+01 5.376003e+01 5.893897e+01 5.601995e+01 4.846741e+01 4.689462e+01 4.896991e+01 4.095631e+01 1.206931e-01 2.951224e-01 3.796499e-01 4.901513e-01 5.966957e-01 7.097423e-01 7.722597e-01 8.794722e-01 8.777533e-01 8.787228e-01 8.198268e-01 7.583956e-01 9.007101e-05
<GCONST> 7.306544e+01
<MIXTURE> 25 1.118642e-02
<MEAN> 25
 -2.693024e-02 4.039988e+00 1.659857e+01 -1.033308e+00 -1.136329e+01 -1.935035e+00 -5.382275e+00 -2.949771e+00 -6.805285e+00 -5.628169e+00 3.643847e+00 -1.265966e+00 -1.072425e-01 3.625954e-01 2.103702e-01 1.294504e-01 -8.930468e-03 1.270161e-01 2.201222e-01 -3.335016e-01 -2.665095e-01 -1.970939e-02 -4.121250e-02 7.295434e-02 -1.062656e-02
<VARIANCE> 25
 9.515957e+00 2.462598e+01 1.991147e+01 2.669983e+01 3.033322e+01 3.868065e+01 2.749277e+01 2.854063e+01 2.697641e+01 3.467340e+01 2.214503e+01 2.792799e+01 5.739611e-01 1.494392e+00 1.335349e+00 1.306073e+00 2.763281e+00 1.935744e+00 1.703775e+00 1.864628e+00 1.441428e+00 1.692944e+00 1.307415e+00 1.606568e+00 1.266480e-03
<GCONST> 8.287894e+01
<MIXTURE> 26 7.727677e-03
<MEAN> 25
 2.229456e+00 -5.175044e+00 -1.093153e+01 -1.486671e+00 7.428351e+00 6.917428e+00 4.853428e+00 4.171139e-01 1.004950e+00 1.657998e+00 -3.690370e+00 -3.376355e+00 -8.275936e-01 7.594060e-01 4.454603e-01 8.839478e-01 2.127195e-01 2.531409e-01 4.309525e-01 7.001750e-02 2.731287e-01 4.971434e-03 1.771609e-01 7.269368e-01 -5.526199e-02
<VARIANCE> 25
 2.173221e+01 2.768297e+01 2.120348e+01 4.909445e+01 2.889316e+01 3.859616e+01 3.420258e+01 3.915699e+01 2.918757e+01 5.314482e+01 3.208091e+01 4.895418e+01 1.217836e+00 1.449746e+00 1.789073e+00 1.590349e+00 1.698861e+00 1.977676e+00 2.097191e+00 3.226324e+00 1.852568e+00 2.819772e+00 2.524413e+00 1.900372e+00 2.476571e-03
<GCONST> 9.017535e+01
<MIXTURE> 27 7.727677e-03
<MEAN> 25
 2.229456e+00 -5.175044e+00 -1.093153e+01 -1.486671e+00 7.428351e+00 6.917428e+00 4.853428e+00 4.171139e-01 1.004950e+00 1.657998e+00 -3.690370e+00 -3.376355e+00 -8.275936e-01 7.594060e-01 4.454603e-01 8.839478e-01 2.127195e-01 2.531409e-01 4.309525e-01 7.001750e-02 2.731287e-01 4.971434e-03 1.771609e-01 7.269368e-01 -5.526199e-02
<VARIANCE> 25
 2.173221e+01 2.768297e+01 2.120348e+01 4.909445e+01 2.889316e+01 3.859616e+01 3.420258e+01 3.915699e+01 2.918757e+01 5.314482e+01 3.208091e+01 4.895418e+01 1.217836e+00 1.449746e+00 1.789073e+00 1.590349e+00 1.698861e+00 1.977676e+00 2.097191e+00 3.226324e+00 1.852568e+00 2.819772e+00 2.524413e+00 1.900372e+00 2.476571e-03
<GCONST> 9.017535e+01
<MIXTURE> 28 5.036674e-03
<MEAN> 25
 -5.437846e+00 2.516198e-01 -1.364520e+00 6.599976e+00 5.180926e+00 3.532849e+00 5.547698e+00 3.329391e+00 3.641281e+00 2.144743e+00 2.262583e+00 3.272678e+00 -8.821360e-02 2.239112e-01 5.346413e-01 7.849996e-01 8.042566e-01 6.592488e-01 5.285472e-01 4.189234e-01 4.873569e-01 5.124951e-01 4.423647e-01 2.293818e-01 -3.733888e-05
<VARIANCE> 25
 9.974506e+00 9.072290e+00 1.245360e+01 1.426156e+01 1.415228e+01 1.694284e+01 1.756273e+01 1.904363e+01 1.802847e+01 1.752687e+01 2.269094e+01 1.452082e+01 2.618878e-01 3.233279e-01 4.187177e-01 4.482557e-01 6.051885e-01 8.678029e-01 1.017776e+00 1.119164e+00 1.181016e+00 1.045523e+00 1.111964e+00 1.070722e+00 1.123119e-06
<GCONST> 6.050750e+01
<MIXTURE> 29 5.036674e-03
<MEAN> 25
 -5.437846e+00 2.516198e-01 -1.364520e+00 6.599976e+00 5.180926e+00 3.532849e+00 5.547698e+00 3.329391e+00 3.641281e+00 2.144743e+00 2.262583e+00 3.272678e+00 -8.821360e-02 2.239112e-01 5.346413e-01 7.849996e-01 8.042566e-01 6.592488e-01 5.285472e-01 4.189234e-01 4.873569e-01 5.124951e-01 4.423647e-01 2.293818e-01 -3.733888e-05
<VARIANCE> 25
 9.974506e+00 9.072290e+00 1.245360e+01 1.426156e+01 1.415228e+01 1.694284e+01 1.756273e+01 1.904363e+01 1.802847e+01 1.752687e+01 2.269094e+01 1.452082e+01 2.618878e-01 3.233279e-01 4.187177e-01 4.482557e-01 6.051885e-01 8.678029e-01 1.017776e+00 1.119164e+00 1.181016e+00 1.045523e+00 1.111964e+00 1.070722e+00 1.123119e-06
<GCONST> 6.050750e+01
<MIXTURE> 30 8.917812e-03
<MEAN> 25
 -5.093250e+00 2.019594e+00 1.678407e+00 8.850091e+00 6.814412e+00 5.781227e+00 8.133468e+00 8.284362e+00 4.681150e+00 3.602234e+00 2.948853e+00 3.514185e+00 -2.137569e-02 3.318894e-02 8.129196e-02 3.114598e-02 -6.568053e-02 -8.456720e-02 -7.782180e-02 8.114739e-02 2.826977e-01 1.728748e-01 1.837204e-02 -2.186744e-02 -2.080503e-04
<VARIANCE> 25
 4.728232e+00 1.023117e+01 7.818106e+00 8.921687e+00 1.142606e+01 1.371545e+01 1.454711e+01 1.453652e+01 1.574062e+01 1.475490e+01 2.973622e+01 1.112106e+01 8.182882e-02 1.313749e-01 3.278414e-01 5.227526e-01 7.882770e-01 6.287867e-01 6.965752e-01 8.361993e-01 8.396662e-01 7.841709e-01 8.222853e-01 8.305938e-01 5.892304e-05
<GCONST> 5.765086e+01
<MIXTURE> 31 4.136493e-03
<MEAN> 25
 -3.318604e+00 -5.645445e+00 6.792454e-02 4.894185e+00 3.691479e+00 1.692031e+00 5.257222e+00 6.653826e+00 2.727088e+00 1.234039e+00 6.494945e+00 3.161624e+00 2.531847e-01 4.738340e-01 -2.100154e-01 3.090017e-01 1.218258e-01 4.224751e-01 1.925852e-01 1.588655e-02 3.803939e-01 3.834703e-01 1.081615e-01 1.165171e-01 -1.834208e-02
<VARIANCE> 25
 7.160369e+00 1.573528e+01 1.744068e+01 1.794277e+01 2.523783e+01 2.379324e+01 2.355540e+01 2.529711e+01 2.586779e+01 2.793342e+01 2.059393e+01 1.866418e+01 1.905061e-01 4.920652e-01 6.026328e-01 7.664689e-01 9.654484e-01 1.089396e+00 1.220937e+00 1.389012e+00 1.340745e+00 1.314761e+00 1.246580e+00 1.132337e+00 2.569668e-04
<GCONST> 7.182365e+01
<MIXTURE> 32 4.136493e-03
<MEAN> 25
 -3.318604e+00 -5.645445e+00 6.792454e-02 4.894185e+00 3.691479e+00 1.692031e+00 5.257222e+00 6.653826e+00 2.727088e+00 1.234039e+00 6.494945e+00 3.161624e+00 2.531847e-01 4.738340e-01 -2.100154e-01 3.090017e-01 1.218258e-01 4.224751e-01 1.925852e-01 1.588655e-02 3.803939e-01 3.834703e-01 1.081615e-01 1.165171e-01 -1.834208e-02
<VARIANCE> 25
 7.160369e+00 1.573528e+01 1.744068e+01 1.794277e+01 2.523783e+01 2.379324e+01 2.355540e+01 2.529711e+01 2.586779e+01 2.793342e+01 2.059393e+01 1.866418e+01 1.905061e-01 4.920652e-01 6.026328e-01 7.664689e-01 9.654484e-01 1.089396e+00 1.220937e+00 1.389012e+00 1.340745e+00 1.314761e+00 1.246580e+00 1.132337e+00 2.569668e-04
<GCONST> 7.182365e+01
<MIXTURE> 33 1.508826e-02
<MEAN> 25
 6.487750e+00 -4.287489e+00 -7.708933e-01 -1.595326e+00 -3.955099e+00 -5.049068e+00 -8.382567e+00 -1.437059e+00 2.980029e+00 -6.313547e-01 -2.121653e+00 -1.256541e+00 7.436797e-01 -1.002408e+00 -2.315468e+00 -2.055754e+00 1.300213e+00 1.622947e+00 -6.788462e-01 3.702970e-01 1.028667e+00 5.971214e-01 3.085963e-01 -1.724261e+00 3.356873e-02
<VARIANCE> 25
 7.368350e+00 1.851993e+01 2.578570e+01 3.254888e+01 3.772702e+01 3.468139e+01 3.452915e+01 5.067298e+01 3.270747e+01 3.749957e+01 4.267434e+01 3.034788e+01 1.001082e+00 1.582085e+00 1.728998e+00 2.054815e+00 4.139845e+00 3.188680e+00 3.532586e+00 5.476784e+00 2.907831e+00 4.301066e+00 3.738372e+00 2.317043e+00 1.265404e-03
<GCONST> 9.180077e+01
<MIXTURE> 34 1.588179e-02
<MEAN> 25
 8.856012e+00 -5.787284e-01 -4.427598e-01 9.280972e-01 -3.250670e+00 -2.191330e+00 -6.009306e+00 -3.747241e+00 -1.914062e+00 1.316489e+00 -1.925956e+00 -4.180835e+00 -2.229908e-01 1.311845e+00 1.223083e+00 1.972553e+00 7.883439e-02 -2.189811e-01 9.127699e-01 -1.215578e+00 -8.812379e-01 7.282660e-01 -1.335919e+00 -3.149095e-02 -6.269727e-02
<VARIANCE> 25
 7.184406e+00 2.887773e+01 2.669899e+01 4.291248e+01 3.646658e+01 4.401030e+01 4.812650e+01 5.107488e+01 4.536882e+01 4.397326e+01 5.116656e+01 2.802310e+01 1.282839e+00 1.718441e+00 3.873672e+00 4.203580e+00 4.828589e+00 4.904340e+00 4.777602e+00 5.968122e+00 4.379308e+00 5.417548e+00 7.060046e+00 3.748076e+00 1.104728e-03
<GCONST> 9.810993e+01
<MIXTURE> 35 1.467755e-02
<MEAN> 25
 -2.142748e+00 -5.211597e+00 -9.892104e+00 2.868995e-01 9.654074e+00 7.950692e-01 1.617363e+00 2.520561e+00 1.439736e+00 4.559823e+00 2.057939e-02 1.872183e+00 5.604962e-01 -1.117112e+00 -1.426251e+00 -1.378276e+00 4.008747e-01 -7.921590e-01 -6.869124e-01 -1.339746e-01 -1.591166e-01 1.530473e-01 -6.164091e-01 -5.006218e-01 1.075773e-01
<VARIANCE> 25
 1.953819e+01 2.942752e+01 4.410714e+01 6.240147e+01 4.214558e+01 5.730371e+01 5.130873e+01 4.343027e+01 5.020127e+01 3.836102e+01 3.649115e+01 3.076392e+01 3.477711e+00 3.585850e+00 6.740535e+00 5.535244e+00 5.185053e+00 5.546632e+00 4.894285e+00 4.717136e+00 5.060029e+00 4.519497e+00 4.227017e+00 3.789891e+00 5.284641e-03
<GCONST> 1.036080e+02
<MIXTURE> 36 1.093293e-02
<MEAN> 25
 4.974597e+00 -3.401441e+00 6.938187e+00 2.791409e+00 -1.021291e+01 -8.946437e+00 -6.202658e+00 2.695314e+00 -1.955457e+00 -4.596414e+00 2.835792e+00 1.318925e-01 4.073849e-01 1.373141e-01 -9.717975e-01 -1.612445e-02 8.998106e-01 9.012837e-02 -5.145320e-01 4.354469e-03 4.778890e-01 6.460820e-01 -4.181516e-01 -3.696585e-01 -1.453883e-02
<VARIANCE> 25
 9.551324e+00 1.700220e+01 2.188726e+01 2.747412e+01 3.137081e+01 3.145712e+01 4.653193e+01 3.781747e+01 3.933819e+01 3.233672e+01 2.701761e+01 2.874030e+01 5.171098e-01 7.423849e-01 1.689744e+00 1.239014e+00 1.646987e+00 1.728214e+00 2.218265e+00 1.736206e+00 2.063756e+00 1.838289e+00 1.438889e+00 1.469870e+00 7.568655e-04
<GCONST> 8.267874e+01
<MIXTURE> 37 1.246826e-02
<MEAN> 25
 5.174260e-01 7.770492e+00 1.207933e+01 -5.533262e+00 -8.079413e+00 -1.070331e+00 -5.125894e+00 -8.344327e+00 -3.700182e+00 -9.692151e-01 -3.653112e+00 -1.222092e+00 1.904217e-01 6.188638e-01 -1.348111e+00 3.566823e+00 1.961616e+00 -3.106087e-01 1.086943e+00 4.247382e-01 5.198429e-01 -3.224581e-01 5.506836e-01 -7.918186e-02 -9.384559e-02
<VARIANCE> 25
 1.591391e+01 2.583276e+01 3.066020e+01 5.068424e+01 3.402334e+01 3.181614e+01 4.390935e+01 3.495192e+01 3.834927e+01 3.617605e+01 3.751163e+01 3.133187e+01 2.943606e+00 3.503500e+00 3.001157e+00 4.097975e+00 4.673626e+00 3.740901e+00 4.179528e+00 3.802643e+00 3.431265e+00 3.594388e+00 3.865550e+00 2.815787e+00 4.049168e-03
<GCONST> 9.780231e+01
<MIXTURE> 38 1.154525e-02
<MEAN> 25
 -4.892952e+00 8.682579e+00 3.565950e+00 2.691958e+00 2.102897e+00 -5.371187e+00 -1.983910e-02 -8.424814e-02 -1.403958e+00 -2.344251e+00 -2.350057e+00 -1.328815e+00 -4.675403e+00 1.302742e+00 5.225603e-02 1.050441e+00 2.711625e+00 1.122078e+00 1.777868e+00 1.073075e+00 8.570138e-01 -3.531942e-01 1.083149e+00 7.219156e-01 5.646776e-02
<VARIANCE> 25
 3.126463e+01 2.610818e+01 3.919276e+01 2.884910e+01 4.963528e+01 2.970987e+01 3.387867e+01 6.052310e+01 3.759016e+01 3.577482e+01 2.275312e+01 2.683574e+01 2.343960e+00 3.396963e+00 3.683924e+00 4.811116e+00 4.010189e+00 4.423141e+00 4.313377e+00 4.158485e+00 3.869520e+00 7.956979e+00 3.643406e+00 3.339845e+00 2.174481e-03
<GCONST> 9.872990e+01
<MIXTURE> 39 9.501865e-03
<MEAN> 25
 9.990616e-01 3.000258e+00 1.026509e+01 -8.733691e+00 -1.069271e+01 -1.306825e+00 -3.187311e+00 -5.829251e+00 -4.223660e+00 2.625450e-01 -3.747228e+00 -2.398694e+00 -7.635354e-01 1.570054e+00 1.564188e+00 -1.354596e+00 -1.845490e-02 1.081798e+00 -1.277719e+00 -1.408759e+00 3.485641e-01 4.584011e-01 -3.559057e-01 2.231735e-01 1.803192e-03
<VARIANCE> 25
 1.003059e+01 3.051996e+01 2.977982e+01 3.920809e+01 4.025156e+01 4.150531e+01 4.263101e+01 4.024114e+01 3.825585e+01 3.641614e+01 3.475181e+01 2.784069e+01 6.904843e-01 1.516811e+00 1.470229e+00 2.764872e+00 2.440826e+00 2.979911e+00 2.964163e+00 2.965223e+00 2.380325e+00 2.483804e+00 2.315499e+00 2.086143e+00 1.116629e-03
<GCONST> 8.987709e+01
<MIXTURE> 40 1.030800e-02
<MEAN> 25
 -9.031308e+00 2.392202e+00 -6.980586e-01 8.195512e+00 3.885093e+00 5.178588e+00 5.490911e+00 4.580084e+00 4.412802e+00 4.078639e+00 4.955534e+00 1.922035e+00 -1.046541e-01 -2.190146e-01 -1.646380e-02 -2.366166e-01 -1.733304e-01 -1.897978e-01 4.377499e-02 5.895593e-02 7.433722e-02 3.389696e-02 2.539179e-02 1.329241e-02 3.793044e-03
<VARIANCE> 25
 3.885710e+01 1.941880e+01 2.821168e+01 2.440127e+01 2.419991e+01 1.889318e+01 1.859592e+01 1.865646e+01 1.722352e+01 1.746385e+01 2.201675e+01 1.406078e+01 6.894526e-01 7.071853e-01 8.598308e-01 1.069081e+00 1.153167e+00 1.229164e+00 1.299794e+00 1.260229e+00 1.282850e+00 1.184471e+00 1.272836e+00 1.073993e+00 7.867501e-04
<GCONST> 7.614653e+01
<MIXTURE> 41 6.713375e-03
<MEAN> 25
 1.304029e+00 1.790061e+00 1.047811e+01 -6.954381e+00 -1.046807e+01 -3.861570e+00 -2.494292e+00 -5.040472e+00 -4.649092e+00 2.651088e+00 -1.748263e+00 -9.464581e-01 7.827202e-02 -7.603408e-01 1.694932e+00 -3.554805e+00 -2.460413e+00 -1.126752e-01 -5.062938e-01 -3.602035e-01 -8.264115e-01 1.085775e+00 -1.042779e+00 8.462229e-02 8.621339e-02
<VARIANCE> 25
 1.171243e+01 2.968669e+01 3.258177e+01 4.005421e+01 3.869614e+01 4.013508e+01 3.716228e+01 2.992636e+01 3.310777e+01 2.886287e+01 3.184031e+01 2.721720e+01 3.179081e+00 3.315506e+00 3.824156e+00 3.807462e+00 4.899537e+00 5.873774e+00 4.712980e+00 4.561956e+00 3.972598e+00 4.217980e+00 3.836616e+00 3.224599e+00 2.931945e-03
<GCONST> 9.792449e+01
<MIXTURE> 42 1.106211e-02
<MEAN> 25
 -2.055747e+00 4.453517e+00 5.271642e+00 3.701179e+00 2.767937e-01 -7.086898e+00 -1.955132e+00 -1.441725e+00 -1.333592e+00 -2.117511e+00 -2.288938e+00 2.432989e+00 4.342379e+00 -2.226132e-01 1.074876e+00 1.315191e-01 -2.903062e+00 -1.162227e+00 -2.363651e+00 -1.347928e+00 -6.164171e-01 -4.740788e-01 8.040884e-01 -6.090268e-01 1.056686e-02
<VARIANCE> 25
 3.507416e+01 1.674996e+01 3.886593e+01 2.595149e+01 2.927889e+01 5.117097e+01 5.247072e+01 2.279796e+01 2.821302e+01 2.992306e+01 1.523940e+01 1.910465e+01 3.365959e+00 4.128717e+00 5.018239e+00 3.610057e+00 4.044695e+00 5.077559e+00 4.430155e+00 4.940109e+00 4.688397e+00 5.442084e+00 3.670968e+00 3.177844e+00 3.827317e-03
<GCONST> 9.781719e+01
<MIXTURE> 43 7.108249e-03
<MEAN> 25
 3.167445e+00 -6.304734e+00 -2.236725e+00 -5.181597e+00 -7.400362e+00 -3.414109e+00 4.139905e+00 1.311389e+00 -5.067747e+00 -7.092658e+00 -4.317725e+00 -1.245307e+00 2.372548e-01 2.163707e+00 1.913278e+00 -1.328143e-01 -1.426346e+00 -7.931306e-01 -9.691286e-01 -7.789226e-01 8.205875e-01 1.468443e+00 3.406417e-01 2.234465e-02 -4.507566e-02
<VARIANCE> 25
 9.588795e+00 1.971939e+01 2.745447e+01 3.521294e+01 3.839956e+01 3.670916e+01 3.326736e+01 3.976177e+01 3.963838e+01 3.858584e+01 2.653134e+01 2.953322e+01 6.899647e-01 1.249174e+00 1.570736e+00 2.489825e+00 2.382382e+00 2.385456e+00 2.654485e+00 3.023411e+00 2.608395e+00 2.573645e+00 2.332601e+00 1.922281e+00 9.454225e-04
<GCONST> 8.797406e+01
<MIXTURE> 44 7.328289e-03
<MEAN> 25
 -1.508567e+01 1.230113e+00 3.394861e+00 -3.000831e+00 3.200893e+00 1.680662e+00 -1.490226e-01 2.356440e+00 1.391206e+00 -8.647681e-01 1.467539e+00 2.076016e+00 -2.326864e-01 1.992323e-02 2.135184e-01 3.641849e-01 -6.257641e-02 1.865376e-01 4.254665e-01 7.407959e-02 2.523092e-01 9.366243e-02 1.038553e-01 1.926427e-01 5.636774e-03
<VARIANCE> 25
 4.190126e+01 2.904893e+01 3.400302e+01 3.024961e+01 2.953740e+01 3.192445e+01 2.434744e+01 3.106832e+01 2.719934e+01 2.620665e+01 2.828583e+01 1.898978e+01 1.270011e+00 1.528304e+00 1.380199e+00 1.388241e+00 2.128612e+00 1.581775e+00 1.478700e+00 1.600576e+00 1.538021e+00 1.489084e+00 1.362896e+00 1.355599e+00 1.277433e-03
<GCONST> 8.448889e+01
<MIXTURE> 45 1.364932e-02
<MEAN> 25
 -1.277131e+01 3.932926e+00 -1.177907e+00 2.734950e+00 6.513438e+00 -8.917204e-01 4.904731e+00 3.778955e+00 3.497828e+00 1.322875e+00 1.731536e+00 2.490969e+00 -3.010288e+00 4.724397e-01 -3.292791e-01 -4.495305e-01 3.786935e-01 -2.771204e-02 4.048505e-01 1.445826e-02 1.874499e-02 -2.506449e-01 3.609834e-01 4.029741e-01 1.150850e-01
<VARIANCE> 25
 3.154935e+01 3.027282e+01 2.765688e+01 3.143052e+01 3.409678e+01 3.407822e+01 2.738274e+01 3.091436e+01 2.284237e+01 2.677564e+01 2.817946e+01 1.459069e+01 2.323781e+00 2.901293e+00 2.740234e+00 2.479619e+00 2.539732e+00 2.359894e+00 2.099942e+00 2.108365e+00 1.987722e+00 2.258929e+00 1.861122e+00 2.202810e+00 3.804512e-03
<GCONST> 9.025468e+01
<MIXTURE> 46 9.336259e-03
<MEAN> 25
 -9.411784e+00 2.308803e+00 1.223505e+00 7.578276e+00 5.924056e+00 3.375725e+00 7.151305e+00 4.525729e+00 5.614777e+00 4.684563e+00 4.938384e+00 2.895454e+00 1.082149e+00 -2.243513e-01 3.328807e-02 9.950882e-01 5.993399e-01 9.414353e-01 3.703320e-01 6.539839e-01 4.464879e-01 4.757047e-01 6.647246e-01 5.257117e-01 -1.038932e-01
<VARIANCE> 25
 3.415587e+01 4.340132e+01 3.819519e+01 4.944001e+01 5.034134e+01 4.056288e+01 3.738140e+01 3.521783e+01 3.387479e+01 3.074650e+01 2.889692e+01 2.013674e+01 3.924622e+00 4.124347e+00 3.849785e+00 4.109960e+00 4.138120e+00 3.661510e+00 3.372493e+00 3.143541e+00 3.035067e+00 2.945285e+00 2.389415e+00 1.770000e+00 8.164071e-03
<GCONST> 9.836012e+01
<MIXTURE> 47 7.116147e-03
<MEAN> 25
 7.362876e+00 -8.087935e+00 -6.550588e+00 -6.945695e+00 -2.121156e-01 1.479785e+00 -3.210457e+00 2.884046e-01 3.119864e+00 -5.111068e-01 -1.175635e+00 -7.155215e+00 -8.452471e-02 -1.253732e+00 -6.346582e-01 -5.451384e-01 6.099456e-01 9.273304e-01 9.135507e-01 5.463274e-01 -2.416690e-01 -5.689154e-01 -4.433592e-01 -7.428800e-01 2.766844e-02
<VARIANCE> 25
 8.572452e+00 1.959937e+01 2.027379e+01 2.752139e+01 3.683847e+01 4.588184e+01 3.790922e+01 3.524049e+01 3.899168e+01 4.068906e+01 6.613804e+01 3.045572e+01 4.398555e-01 6.674191e-01 1.003415e+00 1.397114e+00 1.577943e+00 1.917493e+00 1.908329e+00 2.286181e+00 2.247942e+00 1.998026e+00 1.780764e+00 2.076862e+00 4.565153e-04
<GCONST> 8.381320e+01
<MIXTURE> 48 7.116147e-03
<MEAN> 25
 7.362876e+00 -8.087935e+00 -6.550588e+00 -6.945695e+00 -2.121156e-01 1.479785e+00 -3.210457e+00 2.884046e-01 3.119864e+00 -5.111068e-01 -1.175635e+00 -7.155215e+00 -8.452471e-02 -1.253732e+00 -6.346582e-01 -5.451384e-01 6.099456e-01 9.273304e-01 9.135507e-01 5.463274e-01 -2.416690e-01 -5.689154e-01 -4.433592e-01 -7.428800e-01 2.766844e-02
<VARIANCE> 25
 8.572452e+00 1.959937e+01 2.027379e+01 2.752139e+01 3.683847e+01 4.588184e+01 3.790922e+01 3.524049e+01 3.899168e+01 4.068906e+01 6.613804e+01 3.045572e+01 4.398555e-01 6.674191e-01 1.003415e+00 1.397114e+00 1.577943e+00 1.917493e+00 1.908329e+00 2.286181e+00 2.247942e+00 1.998026e+00 1.780764e+00 2.076862e+00 4.565153e-04
<GCONST> 8.381320e+01
<MIXTURE> 49 5.548473e-03
<MEAN> 25
 -5.211078e+00 1.113810e+00 4.956934e-01 8.324836e+00 6.105661e+00 5.278415e+00 6.419648e+00 4.714235e+00 4.741942e+00 3.906094e+00 3.575950e+00 3.014322e+00 2.926064e-01 5.833248e-01 7.823023e-01 4.408243e-01 -2.002876e-01 -6.788712e-01 -9.277703e-01 -1.153739e+00 -9.296862e-01 -5.649921e-01 -5.240315e-01 -3.058868e-01 1.110764e-03
<VARIANCE> 25
 8.248460e+00 1.120140e+01 1.285502e+01 1.389757e+01 1.358347e+01 1.669883e+01 1.729109e+01 1.720638e+01 1.839199e+01 1.659845e+01 2.664952e+01 1.235916e+01 2.780468e-01 2.761502e-01 3.706998e-01 5.829170e-01 8.214287e-01 8.492294e-01 9.219968e-01 1.010751e+00 1.038601e+00 1.159111e+00 1.368165e+00 1.123679e+00 2.125349e-05
<GCONST> 6.362360e+01
<MIXTURE> 50 6.234641e-03
<MEAN> 25
 -4.798388e+00 4.876785e-01 -1.198350e+00 6.096822e+00 4.133954e+00 2.306449e+00 4.043667e+00 2.290690e+00 2.409760e+00 1.114784e+00 1.116563e+00 2.665186e+00 8.006943e-02 1.927545e-01 1.353550e-01 -1.038762e-01 -4.821866e-01 -6.083590e-01 -3.600425e-01 -3.367918e-02 4.779007e-01 8.232375e-01 8.685304e-01 5.275676e-01 -1.998997e-05
<VARIANCE> 25
 9.880089e+00 1.174520e+01 1.388082e+01 1.436628e+01 1.423615e+01 1.718754e+01 1.813031e+01 1.910388e+01 1.849574e+01 1.718234e+01 3.110727e+01 1.486000e+01 1.426023e-01 2.325466e-01 3.999428e-01 5.446110e-01 5.737417e-01 7.308758e-01 9.355043e-01 1.082155e+00 1.109189e+00 8.807657e-01 1.038712e+00 9.784723e-01 1.046224e-06
<GCONST> 5.967654e+01
<MIXTURE> 51 6.234641e-03
<MEAN> 25
 -4.798388e+00 4.876785e-01 -1.198350e+00 6.096822e+00 4.133954e+00 2.306449e+00 4.043667e+00 2.290690e+00 2.409760e+00 1.114784e+00 1.116563e+00 2.665186e+00 8.006943e-02 1.927545e-01 1.353550e-01 -1.038762e-01 -4.821866e-01 -6.083590e-01 -3.600425e-01 -3.367918e-02 4.779007e-01 8.232375e-01 8.685304e-01 5.275676e-01 -1.998997e-05
<VARIANCE> 25
 9.880089e+00 1.174520e+01 1.388082e+01 1.436628e+01 1.423615e+01 1.718754e+01 1.813031e+01 1.910388e+01 1.849574e+01 1.718234e+01 3.110727e+01 1.486000e+01 1.426023e-01 2.325466e-01 3.999428e-01 5.446110e-01 5.737417e-01 7.308758e-01 9.355043e-01 1.082155e+00 1.109189e+00 8.807657e-01 1.038712e+00 9.784723e-01 1.046224e-06
<GCONST> 5.967654e+01
<MIXTURE> 52 6.367945e-03
<MEAN> 25
 9.989145e+00 1.356166e+00 -5.364421e+00 -1.372316e+01 -4.166118e+00 8.178931e+00 -3.643141e+00 -4.178675e+00 -4.845490e+00 -2.111298e+00 5.381563e+00 1.288660e+00 -3.263904e-01 -7.778589e-01 -4.316107e-02 9.177836e-01 9.490968e-01 -2.061226e-01 -5.185976e-01 -9.055757e-02 1.161628e-01 1.296112e+00 3.749779e-01 -7.318220e-01 -7.637417e-03
<VARIANCE> 25
 7.944912e+00 2.192913e+01 2.511235e+01 3.424083e+01 4.034734e+01 2.757006e+01 4.310627e+01 5.211969e+01 3.796798e+01 4.067080e+01 5.357262e+01 2.808178e+01 4.022381e-01 1.675968e+00 1.275213e+00 2.589442e+00 2.907761e+00 2.275723e+00 2.617138e+00 3.980552e+00 2.626492e+00 2.363091e+00 2.386969e+00 2.221306e+00 1.483785e-03
<GCONST> 8.926793e+01
<MIXTURE> 53 6.367945e-03
<MEAN> 25
 9.989145e+00 1.356166e+00 -5.364421e+00 -1.372316e+01 -4.166118e+00 8.178931e+00 -3.643141e+00 -4.178675e+00 -4.845490e+00 -2.111298e+00 5.381563e+00 1.288660e+00 -3.263904e-01 -7.778589e-01 -4.316107e-02 9.177836e-01 9.490968e-01 -2.061226e-01 -5.185976e-01 -9.055757e-02 1.161628e-01 1.296112e+00 3.749779e-01 -7.318220e-01 -7.637417e-03
<VARIANCE> 25
 7.944912e+00 2.192913e+01 2.511235e+01 3.424083e+01 4.034734e+01 2.757006e+01 4.310627e+01 5.211969e+01 3.796798e+01 4.067080e+01 5.357262e+01 2.808178e+01 4.022381e-01 1.675968e+00 1.275213e+00 2.589442e+00 2.907761e+00 2.275723e+00 2.617138e+00 3.980552e+00 2.626492e+00 2.363091e+00 2.386969e+00 2.221306e+00 1.483785e-03
<GCONST> 8.926793e+01
<MIXTURE> 54 7.368620e-03
<MEAN> 25
 -3.662255e+00 1.216496e-01 -6.433750e-01 8.021951e+00 6.466918e+00 4.613037e+00 4.745167e+00 4.612241e+00 3.975317e+00 3.552201e+00 4.366391e+00 2.339465e+00 -2.976954e-03 2.427910e-02 3.086849e-02 4.994018e-02 5.882294e-02 5.706181e-02 4.056303e-02 3.483973e-02 2.612154e-02 1.606931e-02 1.778834e-02 3.801606e-03 -3.942056e-05
<VARIANCE> 25
 9.089110e+00 1.065476e+01 9.322853e+00 1.802221e+01 1.321046e+01 1.339530e+01 1.224782e+01 1.117943e+01 1.174343e+01 1.358590e+01 1.833472e+01 1.245439e+01 4.265117e-02 8.704111e-02 1.542276e-01 2.249476e-01 3.104247e-01 4.005440e-01 4.570393e-01 5.220608e-01 5.390416e-01 5.288016e-01 5.194731e-01 5.146513e-01 1.051049e-06
<GCONST> 4.742759e+01
<MIXTURE> 55 7.368620e-03
<MEAN> 25
 -3.662255e+00 1.216496e-01 -6.433750e-01 8.021951e+00 6.466918e+00 4.613037e+00 4.745167e+00 4.612241e+00 3.975317e+00 3.552201e+00 4.366391e+00 2.339465e+00 -2.976954e-03 2.427910e-02 3.086849e-02 4.994018e-02 5.882294e-02 5.706181e-02 4.056303e-02 3.483973e-02 2.612154e-02 1.606931e-02 1.778834e-02 3.801606e-03 -3.942056e-05
<VARIANCE> 25
 9.089110e+00 1.065476e+01 9.322853e+00 1.802221e+01 1.321046e+01 1.339530e+01 1.224782e+01 1.117943e+01 1.174343e+01 1.358590e+01 1.833472e+01 1.245439e+01 4.265117e-02 8.704111e-02 1.542276e-01 2.249476e-01 3.104247e-01 4.005440e-01 4.570393e-01 5.220608e-01 5.390416e-01 5.288016e-01 5.194731e-01 5.146513e-01 1.051049e-06
<GCONST> 4.742759e+01
<MIXTURE> 56 6.132464e-03
<MEAN> 25
 7.693619e+00 -7.822246e+00 -8.346807e+00 -9.100067e+00 3.410654e+00 4.302908e+00 -2.444943e+00 -1.163937e+00 1.018032e+00 4.928269e-01 -1.274827e+00 -7.605474e+00 -2.151273e-02 9.631594e-03 -2.034528e-01 3.873662e-02 3.606838e-01 1.064851e-01 1.281514e-01 -4.966694e-02 -2.279695e-01 9.853514e-02 -1.854402e-01 1.269278e-02 -7.356204e-03
<VARIANCE> 25
 8.184620e+00 2.669769e+01 2.158612e+01 3.694257e+01 3.300528e+01 4.558215e+01 5.454337e+01 3.338307e+01 3.977560e+01 3.325920e+01 4.391392e+01 2.847675e+01 2.171887e-01 4.212521e-01 5.058031e-01 7.729136e-01 7.681171e-01 1.049049e+00 8.186367e-01 8.963895e-01 1.214675e+00 9.421086e-01 9.645714e-01 7.342854e-01 2.790952e-04
<GCONST> 7.490712e+01
<MIXTURE> 57 6.132464e-03
<MEAN> 25
 7.693619e+00 -7.822246e+00 -8.346807e+00 -9.100067e+00 3.410654e+00 4.302908e+00 -2.444943e+00 -1.163937e+00 1.018032e+00 4.928269e-01 -1.274827e+00 -7.605474e+00 -2.151273e-02 9.631594e-03 -2.034528e-01 3.873662e-02 3.606838e-01 1.064851e-01 1.281514e-01 -4.966694e-02 -2.279695e-01 9.853514e-02 -1.854402e-01 1.269278e-02 -7.356204e-03
<VARIANCE> 25
 8.184620e+00 2.669769e+01 2.158612e+01 3.694257e+01 3.300528e+01 4.558215e+01 5.454337e+01 3.338307e+01 3.977560e+01 3.325920e+01 4.391392e+01 2.847675e+01 2.171887e-01 4.212521e-01 5.058031e-01 7.729136e-01 7.681171e-01 1.049049e+00 8.186367e-01 8.963895e-01 1.214675e+00 9.421086e-01 9.645714e-01 7.342854e-01 2.790952e-04
<GCONST> 7.490712e+01
<MIXTURE> 58 6.172147e-03
<MEAN> 25
 2.596246e+00 -3.090822e+00 7.315916e+00 -5.266090e+00 -1.344512e+01 -5.621958e+00 1.620822e+00 8.217368e-01 -2.382548e+00 1.882895e+00 5.388672e-01 -8.772189e-01 -2.858370e-02 -1.344106e-01 -7.867558e-02 -1.608807e-01 -2.158806e-02 2.321444e-01 3.879830e-01 2.354214e-01 1.361027e-02 2.315085e-02 -8.829055e-02 -1.485682e-01 -2.750433e-03
<VARIANCE> 25
 7.363292e+00 1.506696e+01 2.070689e+01 2.699716e+01 2.324693e+01 4.620943e+01 3.291402e+01 3.461353e+01 3.225044e+01 3.139126e+01 2.268231e+01 2.033118e+01 3.061864e-01 8.007159e-01 7.584328e-01 1.013122e+00 8.840155e-01 1.205626e+00 1.170778e+00 1.313791e+00 1.071490e+00 1.063050e+00 9.302782e-01 8.837879e-01 7.241045e-04
<GCONST> 7.558226e+01
<MIXTURE> 59 6.172147e-03
<MEAN> 25
 2.596246e+00 -3.090822e+00 7.315916e+00 -5.266090e+00 -1.344512e+01 -5.621958e+00 1.620822e+00 8.217368e-01 -2.382548e+00 1.882895e+00 5.388672e-01 -8.772189e-01 -2.858370e-02 -1.344106e-01 -7.867558e-02 -1.608807e-01 -2.158806e-02 2.321444e-01 3.879830e-01 2.354214e-01 1.361027e-02 2.315085e-02 -8.829055e-02 -1.485682e-01 -2.750433e-03
<VARIANCE> 25
 7.363292e+00 1.506696e+01 2.070689e+01 2.699716e+01 2.324693e+01 4.620943e+01 3.291402e+01 3.461353e+01 3.225044e+01 3.139126e+01 2.268231e+01 2.033118e+01 3.061864e-01 8.007159e-01 7.584328e-01 1.013122e+00 8.840155e-01 1.205626e+00 1.170778e+00 1.313791e+00 1.071490e+00 1.063050e+00 9.302782e-01 8.837879e-01 7.241045e-04
<GCONST> 7.558226e+01
<MIXTURE> 60 4.479129e-03
<MEAN> 25
 -4.383889e+00 -3.550273e-01 -9.458782e-01 3.855135e+00 1.732458e+00 2.064353e+00 1.997888e+00 1.778666e+00 2.070931e+00 1.253425e+00 2.111771e+00 2.023082e+00 -1.346512e-02 6.448647e-02 1.272252e-01 1.655093e-01 1.551008e-01 1.499575e-01 2.125078e-01 3.339024e-01 5.444509e-01 7.026751e-01 6.163081e-01 3.357607e-01 -1.040813e-04
<VARIANCE> 25
 6.764274e+00 5.878534e+00 1.015912e+01 1.124209e+01 1.300546e+01 1.651171e+01 1.513848e+01 1.231665e+01 1.234181e+01 1.282458e+01 1.660616e+01 1.216498e+01 8.853059e-02 1.672711e-01 2.958159e-01 4.315584e-01 5.781395e-01 7.386361e-01 8.295063e-01 8.652088e-01 8.810151e-01 8.763849e-01 9.124846e-01 8.706907e-01 2.434157e-05
<GCONST> 5.677272e+01
<MIXTURE> 61 4.479129e-03
<MEAN> 25
 -4.383889e+00 -3.550273e-01 -9.458782e-01 3.855135e+00 1.732458e+00 2.064353e+00 1.997888e+00 1.778666e+00 2.070931e+00 1.253425e+00 2.111771e+00 2.023082e+00 -1.346512e-02 6.448647e-02 1.272252e-01 1.655093e-01 1.551008e-01 1.499575e-01 2.125078e-01 3.339024e-01 5.444509e-01 7.026751e-01 6.163081e-01 3.357607e-01 -1.040813e-04
<VARIANCE> 25
 6.764274e+00 5.878534e+00 1.015912e+01 1.124209e+01 1.300546e+01 1.651171e+01 1.513848e+01 1.231665e+01 1.234181e+01 1.282458e+01 1.660616e+01 1.216498e+01 8.853059e-02 1.672711e-01 2.958159e-01 4.315584e-01 5.781395e-01 7.386361e-01 8.295063e-01 8.652088e-01 8.810151e-01 8.763849e-01 9.124846e-01 8.706907e-01 2.434157e-05
<GCONST> 5.677272e+01
<MIXTURE> 62 3.278034e-03
<MEAN> 25
 -5.186278e+00 1.347115e+00 1.229292e+00 8.805253e+00 5.961728e+00 5.019526e+00 5.615987e+00 4.126983e+00 4.779730e+00 3.644572e+00 4.582268e+00 3.021096e+00 -9.444661e-01 -1.225552e+00 -9.675947e-01 -3.005123e-01 3.597485e-01 9.965256e-01 1.288752e+00 1.504718e+00 1.559792e+00 1.213304e+00 1.031048e+00 7.724345e-01 -1.183258e-03
<VARIANCE> 25
 9.517551e+00 9.640200e+00 1.315622e+01 1.587147e+01 1.701237e+01 1.665186e+01 1.892489e+01 1.828529e+01 1.863043e+01 1.909752e+01 2.299627e+01 1.412859e+01 4.408034e-01 4.780343e-01 5.319384e-01 7.498182e-01 1.062776e+00 1.135959e+00 1.349105e+00 1.252806e+00 1.380312e+00 1.309289e+00 1.353977e+00 1.341950e+00 1.567365e-05
<GCONST> 6.732059e+01
<MIXTURE> 63 4.351215e-03
<MEAN> 25
 -4.523582e+00 -1.426555e+00 -3.723870e+00 3.374938e+00 3.296446e+00 -1.623266e-01 3.510988e+00 1.775442e+00 1.866276e+00 -4.564900e-01 -2.215963e+00 2.385208e+00 -6.907615e-02 3.514105e-01 5.034384e-01 5.229148e-01 3.829521e-01 3.689333e-01 4.909651e-01 2.179686e-01 4.970839e-03 2.280468e-01 2.881661e-01 1.868952e-01 -3.666812e-03
<VARIANCE> 25
 8.000440e+00 1.809940e+01 1.810848e+01 1.494227e+01 1.686723e+01 2.565248e+01 2.128952e+01 2.460015e+01 2.271841e+01 2.019058e+01 2.631369e+01 1.591245e+01 2.823771e-01 3.855295e-01 7.028407e-01 6.446509e-01 8.092128e-01 1.031417e+00 1.177775e+00 1.286724e+00 1.661191e+00 1.480026e+00 1.431350e+00 1.298773e+00 1.930488e-04
<GCONST> 7.121216e+01
<MIXTURE> 64 4.351215e-03
<MEAN> 25
 -4.523582e+00 -1.426555e+00 -3.723870e+00 3.374938e+00 3.296446e+00 -1.623266e-01 3.510988e+00 1.775442e+00 1.866276e+00 -4.564900e-01 -2.215963e+00 2.385208e+00 -6.907615e-02 3.514105e-01 5.034384e-01 5.229148e-01 3.829521e-01 3.689333e-01 4.909651e-01 2.179686e-01 4.970839e-03 2.280468e-01 2.881661e-01 1.868952e-01 -3.666812e-03
<VARIANCE> 25
 8.000440e+00 1.809940e+01 1.810848e+01 1.494227e+01 1.686723e+01 2.565248e+01 2.128952e+01 2.460015e+01 2.271841e+01 2.019058e+01 2.631369e+01 1.591245e+01 2.823771e-01 3.855295e-01 7.028407e-01 6.446509e-01 8.092128e-01 1.031417e+00 1.177775e+00 1.286724e+00 1.661191e+00 1.480026e+00 1.431350e+00 1.298773e+00 1.930488e-04
<GCONST> 7.121216e+01
<MIXTURE> 65 1.721197e-02
<MEAN> 25
 7.739119e+00 2.078852e+00 8.376405e-01 9.785446e-02 -4.520027e+00 -4.062674e+00 -4.969137e+00 -8.422585e+00 -4.905921e+00 -2.096501e+00 -2.892984e+00 -1.344070e-02 3.162677e-01 -2.009982e-02 3.810098e-02 -1.473396e-01 -2.056932e-01 3.891799e-01 -1.945064e-01 1.006011e-01 1.937223e-01 -2.284286e-02 1.908894e-01 -3.880274e-01 1.962223e-03
<VARIANCE> 25
 8.569935e+00 1.923341e+01 2.803835e+01 3.714273e+01 3.500175e+01 4.567832e+01 5.351893e+01 6.943604e+01 5.943520e+01 4.902164e+01 6.493757e+01 5.431045e+01 5.243775e-01 9.378033e-01 1.505317e+00 1.672275e+00 1.629235e+00 2.445532e+00 2.441079e+00 2.762037e+00 2.089811e+00 2.149039e+00 2.460723e+00 1.815437e+00 4.375089e-04
<GCONST> 8.851161e+01
<MIXTURE> 66 1.191532e-02
<MEAN> 25
 6.665298e+00 -3.983706e+00 -5.653357e+00 -4.606654e+00 1.161387e+00 -5.069174e+00 -6.626541e+00 1.200344e+00 5.802991e-01 -1.504321e+00 -6.120148e+00 -3.816907e+00 -1.416227e-01 1.619408e+00 2.150653e+00 2.240217e+00 -1.176137e+00 -1.203462e+00 8.438163e-02 -5.150331e-01 -1.222779e-01 -2.227283e-01 -2.862276e-01 1.069846e+00 -6.356306e-02
<VARIANCE> 25
 8.753610e+00 2.201883e+01 2.643358e+01 3.318726e+01 3.793847e+01 5.228255e+01 5.638225e+01 4.387436e+01 5.239735e+01 7.160215e+01 3.593557e+01 3.810857e+01 1.503688e+00 2.447581e+00 2.459780e+00 2.536366e+00 4.202819e+00 4.217964e+00 4.287116e+00 4.749726e+00 4.115409e+00 5.020625e+00 4.050474e+00 3.244638e+00 1.457538e-03
<GCONST> 9.693913e+01
<MIXTURE> 67 1.559142e-02
<MEAN> 25
 8.839915e+00 1.720997e+00 -6.024261e+00 -7.722033e+00 8.814787e-01 2.660918e+00 -3.000921e+00 -1.946645e+00 -3.718813e+00 1.441897e+00 -4.228219e-01 -2.400927e+00 -1.130008e+00 1.778932e+00 9.550955e-01 2.884538e+00 1.338671e+00 -4.727905e-01 1.307729e+00 1.459694e-01 1.935738e-01 2.473568e-01 -4.723302e-01 6.182056e-01 -1.262217e-01
<VARIANCE> 25
 1.122612e+01 3.841790e+01 2.956211e+01 5.677579e+01 4.714794e+01 5.530079e+01 6.048138e+01 5.095797e+01 6.060192e+01 6.023353e+01 5.490880e+01 5.087739e+01 2.164930e+00 3.339609e+00 3.275423e+00 4.706557e+00 4.354494e+00 4.282650e+00 4.484774e+00 4.829636e+00 5.213027e+00 4.774205e+00 5.497229e+00 3.719711e+00 3.095682e-03
<GCONST> 1.026458e+02
<MIXTURE> 68 1.485092e-02
<MEAN> 25
 -1.837936e+00 -5.295230e-01 -3.739548e+00 1.628096e+00 5.093550e+00 6.199023e-02 3.141856e+00 1.190923e+00 1.771659e+00 1.290193e+00 -3.024158e-01 2.120189e+00 2.931795e+00 6.679147e-01 -5.126656e-01 -2.530594e+00 -2.032315e+00 -1.587943e+00 -2.820269e+00 -2.955247e+00 -1.780043e+00 -1.478088e+00 -1.080348e+00 -5.835531e-01 1.157368e-01
<VARIANCE> 25
 2.442328e+01 3.857700e+01 5.333153e+01 4.613927e+01 3.942419e+01 4.743926e+01 4.328742e+01 6.024435e+01 3.553149e+01 3.741043e+01 3.303276e+01 2.182812e+01 1.625328e+00 3.117539e+00 5.995843e+00 5.125148e+00 4.381801e+00 4.897919e+00 6.034060e+00 1.114422e+01 4.209650e+00 4.451896e+00 7.179981e+00 3.707409e+00 6.086641e-03
<GCONST> 1.032098e+02
<MIXTURE> 69 1.204884e-02
<MEAN> 25
 4.653523e+00 -4.215447e+00 -3.515316e+00 -3.588182e+00 -3.511159e+00 -7.896680e+00 -1.174057e+00 2.165141e+00 -3.212953e-01 -4.713502e+00 -5.666243e+00 9.956632e-01 1.674564e+00 -2.235677e+00 -1.333799e+00 -2.226888e+00 -5.384155e-01 -3.332457e-01 -4.710035e-01 5.986762e-01 -6.295257e-01 -1.446803e+00 -2.181841e+00 -1.679840e-01 6.236405e-02
<VARIANCE> 25
 8.891509e+00 2.170787e+01 2.707086e+01 2.607918e+01 4.246073e+01 3.561778e+01 4.921460e+01 3.176015e+01 3.966929e+01 3.783371e+01 3.101828e+01 2.481111e+01 3.590922e+00 2.914633e+00 3.324450e+00 3.718988e+00 5.745250e+00 5.027246e+00 7.076674e+00 6.101020e+00 5.893804e+00 5.883235e+00 4.401836e+00 3.720858e+00 2.444736e-03
<GCONST> 9.872437e+01
<MIXTURE> 70 1.329190e-02
<MEAN> 25
 7.612122e+00 -2.079684e+00 -3.761552e+00 -1.865944e+00 -9.108306e-01 -1.835597e+00 -7.084482e+00 -4.039445e+00 5.082904e-01 2.883705e+00 2.099710e+00 -4.208449e+00 1.931542e+00 -1.026280e+00 -9.269050e-01 -2.079840e+00 -1.558503e+00 8.233403e-01 -1.159820e+00 4.788239e-03 3.262554e-01 3.801259e-01 8.644593e-01 -1.732706e+00 6.111529e-02
<VARIANCE> 25
 1.025678e+01 1.947195e+01 2.215128e+01 4.240638e+01 2.796141e+01 3.632074e+01 3.935283e+01 3.355293e+01 3.532843e+01 2.946618e+01 5.914764e+01 2.357057e+01 2.824935e+00 2.916780e+00 3.486151e+00 3.682270e+00 3.908782e+00 4.967874e+00 5.029133e+00 5.710693e+00 4.626490e+00 4.352328e+00 5.130025e+00 3.332269e+00 2.082727e-03
<GCONST> 9.703819e+01
<MIXTURE> 71 1.406903e-02
<MEAN> 25
 5.858508e+00 5.079870e+00 4.153608e+00 3.271157e+00 -2.839134e+00 -3.219920e+00 -2.769630e+00 -5.414940e+00 -4.594293e+00 -2.295608e+00 -5.093237e+00 -3.055056e+00 -1.604713e+00 -4.641287e-01 -1.910074e-01 -1.590656e+00 1.090131e+00 -2.213407e-01 -2.399961e-01 1.384800e+00 4.925703e-01 -2.307937e-01 6.157696e-01 1.368126e-01 3.957415e-02
<VARIANCE> 25
 1.909489e+01 2.375580e+01 2.405811e+01 4.158740e+01 3.832087e+01 3.615683e+01 4.603156e+01 5.045789e+01 3.661029e+01 4.301720e+01 3.480612e+01 3.507078e+01 1.745214e+00 3.472237e+00 4.678891e+00 4.479836e+00 4.200198e+00 4.222545e+00 4.976060e+00 4.940238e+00 4.968190e+00 4.042933e+00 3.247285e+00 3.355022e+00 1.370950e-03
<GCONST> 9.814386e+01
<MIXTURE> 72 8.134747e-03
<MEAN> 25
 3.711721e+00 -3.410506e+00 5.443736e+00 -1.902925e+00 -1.070937e+01 -9.742977e+00 -2.831178e+00 1.319984e+00 -4.765753e+00 -2.534391e+00 -1.410128e+00 1.203988e+00 1.000479e+00 -7.812383e-01 -2.648851e+00 4.043319e-01 2.150057e+00 -5.176547e-01 -1.364035e+00 1.369837e+00 1.845282e+00 -3.485628e-01 -1.244431e+00 2.821717e-01 -4.488723e-03
<VARIANCE> 25
 1.024512e+01 1.937963e+01 3.108757e+01 4.069917e+01 3.179132e+01 3.158992e+01 4.076536e+01 3.931731e+01 4.168393e+01 4.065880e+01 3.976516e+01 3.192575e+01 4.750609e-01 9.743246e-01 1.978469e+00 1.472746e+00 2.073072e+00 2.534445e+00 2.928055e+00 2.940169e+00 2.470382e+00 3.674214e+00 1.936210e+00 2.214687e+00 5.483404e-04
<GCONST> 8.751812e+01
<MIXTURE> 73 1.213625e-02
<MEAN> 25
 -5.635296e+00 -6.982142e-01 -1.220409e+00 4.946987e+00 4.191883e+00 2.370777e+00 5.634999e+00 3.588563e+00 4.331350e+00 3.384793e+00 4.048485e+00 3.043576e+00 8.437682e-01 -9.860018e-01 -9.640324e-01 -2.608979e+00 -1.223940e+00 -1.721863e+00 -9.486501e-01 -6.145409e-01 -9.254090e-01 -7.028627e-01 -1.054990e+00 -2.679920e-01 1.534308e-01
<VARIANCE> 25
 1.259431e+01 1.383263e+01 1.510659e+01 2.212242e+01 2.285399e+01 2.438235e+01 2.126342e+01 2.046744e+01 1.795950e+01 1.884089e+01 2.395743e+01 1.544467e+01 4.045318e+00 3.134547e+00 5.863051e+00 4.661187e+00 6.051471e+00 4.496722e+00 4.430526e+00 4.839020e+00 3.834832e+00 4.215271e+00 3.674307e+00 2.642363e+00 4.344305e-03
<GCONST> 9.288927e+01
<MIXTURE> 74 1.756491e-02
<MEAN> 25
 4.198348e+00 -2.374063e+00 5.905790e+00 -8.443541e-01 -8.563173e+00 -8.183018e+00 -2.535203e+00 1.221953e+00 -2.811703e+00 -2.642631e+00 -2.037409e+00 -3.855374e-01 1.095463e-01 2.104712e+00 2.265629e-01 1.545651e+00 1.573398e+00 7.444583e-01 -6.309614e-03 -7.323443e-01 8.627709e-02 1.556544e-01 -6.631717e-01 -2.038431e-01 -7.548429e-02
<VARIANCE> 25
 1.005500e+01 2.115570e+01 3.495329e+01 3.170495e+01 3.367165e+01 3.697704e+01 4.103851e+01 4.231098e+01 4.597289e+01 4.144006e+01 3.404789e+01 3.146874e+01 1.855219e+00 1.822984e+00 3.396785e+00 2.274844e+00 3.654581e+00 3.950859e+00 4.227063e+00 4.914482e+00 3.494745e+00 3.633329e+00 3.533144e+00 3.242051e+00 1.531119e-03
<GCONST> 9.489784e+01
<MIXTURE> 75 9.711651e-03
<MEAN> 25
 2.265010e+00 -1.114693e+00 1.067799e+01 2.139261e+00 -1.189699e+01 -8.306961e+00 -5.945189e+00 -2.597768e+00 -3.396375e+00 -5.107059e+00 2.813592e+00 2.855026e+00 1.879674e+00 -1.989339e+00 -3.853425e-01 1.142350e-01 -2.028263e+00 -1.979891e-01 -1.033219e+00 4.129859e-01 6.419249e-02 1.348382e-01 1.082293e+00 -4.621368e-01 3.641810e-02
<VARIANCE> 25
 1.005703e+01 1.661252e+01 2.602859e+01 2.212685e+01 2.931038e+01 2.863190e+01 2.771874e+01 3.366880e+01 3.860318e+01 2.670364e+01 1.971834e+01 3.177070e+01 1.914772e+00 1.618160e+00 4.124930e+00 2.578864e+00 3.625455e+00 5.159419e+00 3.719041e+00 4.112703e+00 3.114635e+00 3.240468e+00 2.539661e+00 2.339353e+00 1.251184e-03
<GCONST> 9.093242e+01
<MIXTURE> 76 1.052359e-02
<MEAN> 25
 -6.721526e+00 -1.015187e+00 -2.049834e+00 4.306300e+00 3.942131e+00 1.859143e+00 4.759822e+00 2.863793e+00 2.891008e+00 7.797974e-01 7.314928e-01 2.828484e+00 -9.057338e-02 -5.313194e-01 -2.928147e-01 -7.799416e-01 -6.315778e-01 -9.118544e-01 -5.626020e-01 -4.741847e-01 -4.616149e-01 -3.449867e-01 -4.887437e-01 -1.750268e-01 2.048956e-02
<VARIANCE> 25
 3.064258e+01 2.719166e+01 2.760636e+01 2.401274e+01 2.734217e+01 2.757284e+01 2.714873e+01 2.742924e+01 2.424134e+01 2.206904e+01 2.914374e+01 1.844950e+01 1.024056e+00 1.100289e+00 1.268851e+00 1.148081e+00 1.370825e+00 1.574316e+00 1.544029e+00 1.704420e+00 1.597394e+00 1.738114e+00 1.614343e+00 1.294839e+00 1.119645e-03
<GCONST> 8.217272e+01
<MIXTURE> 77 1.244626e-02
<MEAN> 25
 -7.946724e-01 8.814624e+00 1.247324e+01 -1.083125e+01 -6.900333e+00 6.785445e-01 -9.730726e+00 -6.850517e+00 -3.337035e+00 -5.821432e-01 -4.494066e+00 -1.301239e+00 5.203586e-02 1.602255e-01 1.543038e-01 2.218002e-01 -2.575454e-01 1.320932e-01 -7.480846e-02 -2.254048e-01 -3.441660e-02 -9.154785e-02 2.891830e-02 3.004051e-01 -8.149669e-03
<VARIANCE> 25
 1.067520e+01 1.891713e+01 2.527308e+01 4.452861e+01 3.106848e+01 3.207401e+01 3.588511e+01 3.071431e+01 3.246022e+01 3.207779e+01 3.479875e+01 3.264334e+01 2.785482e-01 7.306736e-01 6.601535e-01 1.007259e+00 1.700729e+00 9.358459e-01 1.157485e+00 1.263786e+00 1.103390e+00 1.017480e+00 8.999377e-01 1.184801e+00 5.310820e-04
<GCONST> 7.765786e+01
<MIXTURE> 78 9.702551e-03
<MEAN> 25
 -1.182469e+01 8.417702e-01 -1.281792e+00 2.402325e+00 4.585875e+00 -2.407559e+00 3.810391e+00 2.936393e+00 2.514571e+00 4.581040e-01 -8.480084e-01 3.183838e+00 2.389136e+00 -1.870048e-01 2.334911e-01 6.009235e-01 -1.236873e-01 -9.482028e-03 -4.042682e-01 -1.913246e-01 1.387479e-01 1.087714e-01 -3.216663e-01 -4.794308e-01 -5.753025e-02
<VARIANCE> 25
 4.183219e+01 3.147212e+01 3.194039e+01 3.090571e+01 3.961975e+01 3.603766e+01 3.478719e+01 3.277970e+01 2.669599e+01 3.039555e+01 2.732657e+01 1.920411e+01 4.797921e+00 2.525813e+00 2.771705e+00 2.868219e+00 2.938669e+00 3.324074e+00 3.290653e+00 2.770350e+00 2.456230e+00 2.574129e+00 2.250174e+00 2.165910e+00 4.866030e-03
<GCONST> 9.444887e+01
<MIXTURE> 79 1.156824e-02
<MEAN> 25
 2.238858e+00 1.692395e+00 9.406925e+00 -6.352553e+00 -1.225708e+01 -1.987316e+00 -2.210820e+00 -6.670189e+00 -6.519359e+00 9.373768e-03 -3.322820e+00 -2.750223e+00 1.237426e+00 -6.265812e-01 -1.440523e+00 2.347535e+00 3.196225e-01 -1.498618e+00 5.408918e-01 8.542510e-01 -4.305882e-01 -5.046530e-01 4.276056e-01 3.456443e-01 -3.303596e-02
<VARIANCE> 25
 1.447263e+01 2.374190e+01 3.799803e+01 4.938373e+01 3.285173e+01 4.255183e+01 4.317551e+01 3.633340e+01 3.770293e+01 4.085403e+01 4.325676e+01 3.658492e+01 9.172814e-01 2.417089e+00 1.844067e+00 2.013933e+00 2.465801e+00 2.720573e+00 3.079147e+00 3.449969e+00 2.415088e+00 2.669017e+00 2.367666e+00 2.061078e+00 1.427723e-03
<GCONST> 9.190241e+01
<MIXTURE> 80 7.550998e-03
<MEAN> 25
 -1.492446e+01 3.546661e+00 8.931047e-01 2.739437e+00 2.833951e+00 1.080040e+00 6.181896e+00 2.796907e+00 2.689062e+00 1.666744e+00 4.320998e+00 1.496510e+00 4.318663e+00 6.512703e-02 1.636756e+00 -1.046692e+00 -2.912099e+00 -2.738521e+00 -2.414286e+00 -2.019225e+00 -1.899099e+00 -1.624997e+00 -1.581336e+00 -5.828102e-01 -4.585534e-02
<VARIANCE> 25
 2.144666e+01 2.188423e+01 3.324541e+01 3.307606e+01 3.099545e+01 2.942443e+01 2.750593e+01 2.847741e+01 2.530060e+01 3.540837e+01 3.001919e+01 1.868602e+01 2.267566e+00 2.634284e+00 2.527559e+00 4.024372e+00 3.218575e+00 2.589498e+00 3.009921e+00 3.030665e+00 2.697485e+00 2.624475e+00 2.709581e+00 2.035881e+00 1.473051e-03
<GCONST> 9.129011e+01
<MIXTURE> 81 8.025434e-03
<MEAN> 25
 -1.209738e+00 4.246234e+00 1.034906e+01 -1.435649e+01 -9.244164e+00 -1.480381e+00 -6.942224e+00 -8.486524e+00 -4.095014e+00 -7.312348e-01 -7.356483e+00 -1.908244e+00 1.672694e-01 -6.659192e-01 -1.192547e-02 -4.939438e-01 -5.150275e-01 2.764481e-01 3.313753e-01 7.694797e-02 -1.569411e-01 8.690502e-02 -3.786935e-01 -3.032771e-02 1.264548e-02
<VARIANCE> 25
 9.987674e+00 3.245711e+01 2.618504e+01 3.312683e+01 3.337121e+01 2.947956e+01 4.454522e+01 2.777908e+01 3.669577e+01 3.321191e+01 2.554035e+01 3.293882e+01 7.790873e-01 2.401882e+00 1.503639e+00 2.877083e+00 2.640676e+00 2.159122e+00 3.168887e+00 2.304892e+00 2.276165e+00 2.460299e+00 2.443022e+00 2.222836e+00 1.176469e-03
<GCONST> 8.883637e+01
<MIXTURE> 82 8.213053e-03
<MEAN> 25
 -9.963421e+00 -3.901014e+00 1.640587e+00 -2.967339e+00 3.112204e+00 6.695337e-01 1.995717e+00 9.408402e-01 2.975080e+00 1.727154e+00 1.738093e+00 3.084999e+00 -1.313534e+00 -1.242040e-01 2.895096e-01 -2.602479e+00 -1.104363e+00 -1.264718e+00 -1.013580e+00 -8.710681e-01 -3.164405e-01 -4.782418e-01 -3.158907e-01 -9.441762e-02 1.783578e-01
<VARIANCE> 25
 1.801291e+01 2.494983e+01 3.236277e+01 3.090461e+01 3.301167e+01 3.229466e+01 3.182447e+01 3.299790e+01 3.085054e+01 2.512349e+01 3.080368e+01 1.749956e+01 3.755994e+00 3.049254e+00 3.315658e+00 3.273316e+00 3.562305e+00 3.285602e+00 2.942103e+00 3.016789e+00 2.794009e+00 2.490850e+00 2.450127e+00 1.867430e+00 3.439876e-03
<GCONST> 9.308849e+01
<MIXTURE> 83 1.167529e-02
<MEAN> 25
 -1.993233e+01 5.149668e+00 -9.135875e-01 -2.034954e-01 9.255003e+00 -3.229767e+00 4.665074e+00 4.757826e+00 3.369035e+00 1.106765e+00 2.298036e-01 3.536292e+00 -3.092212e-01 -9.031672e-01 3.036343e-01 -3.038396e-01 -5.193740e-01 -1.226323e-01 -3.149287e-01 -3.320058e-01 -2.371077e-01 -2.471000e-01 1.409854e-02 2.972551e-01 4.326223e-04
<VARIANCE> 25
 6.722475e+00 1.363219e+01 2.282234e+01 1.644139e+01 1.972450e+01 2.531598e+01 1.768412e+01 2.356759e+01 2.544671e+01 1.871761e+01 1.761427e+01 1.318677e+01 9.607456e-01 1.092781e+00 1.081278e+00 8.051412e-01 1.020147e+00 1.016730e+00 1.119602e+00 1.197987e+00 1.654389e+00 1.697444e+00 1.028718e+00 1.066149e+00 7.891957e-04
<GCONST> 7.447284e+01
<MIXTURE> 84 1.066614e-02
<MEAN> 25
 1.189924e+00 9.014579e+00 7.225440e+00 7.989677e+00 2.827914e+00 -9.172373e-01 -1.484200e+00 -4.468907e+00 -4.137142e+00 -2.893488e+00 -2.406874e+00 -1.583080e+00 -1.785498e+00 -1.180444e+00 -1.202301e+00 1.282435e+00 2.249571e+00 1.493203e+00 1.431907e+00 1.287098e+00 1.182349e+00 4.056785e-01 4.144973e-01 4.166926e-01 -7.120468e-02
<VARIANCE> 25
 2.343245e+01 1.819048e+01 2.162857e+01 2.402661e+01 2.906474e+01 2.819013e+01 2.828983e+01 2.652394e+01 2.526690e+01 2.523923e+01 2.353473e+01 2.457763e+01 2.094892e+00 2.541187e+00 3.837185e+00 3.298347e+00 3.267195e+00 3.390902e+00 3.382238e+00 3.395831e+00 3.516806e+00 3.241813e+00 3.574847e+00 2.812830e+00 3.574813e-03
<GCONST> 9.256673e+01
<MIXTURE> 85 7.591393e-03
<MEAN> 25
 -3.137357e+00 7.878150e+00 5.753290e+00 1.318363e+00 -3.464174e+00 -5.360380e+00 -2.994376e+00 -6.068798e+00 -3.514631e+00 -3.229138e+00 -4.984501e-01 -1.844585e+00 3.950494e+00 3.301591e-01 1.745504e+00 -2.074796e+00 -3.414050e+00 -2.580388e+00 -2.892485e+00 -2.348423e+00 -2.233078e+00 -1.250348e+00 -2.272814e+00 -6.010377e-01 9.030025e-03
<VARIANCE> 25
 4.251201e+01 2.328074e+01 3.637711e+01 3.820345e+01 3.954639e+01 4.134675e+01 3.226017e+01 2.806670e+01 2.670571e+01 2.623647e+01 2.606785e+01 2.084196e+01 2.737915e+00 4.297368e+00 4.042729e+00 5.175183e+00 4.388172e+00 3.861538e+00 3.849007e+00 3.970666e+00 3.868339e+00 4.070756e+00 4.021912e+00 3.483730e+00 5.422757e-03
<GCONST> 9.838088e+01
<MIXTURE> 86 1.273941e-02
<MEAN> 25
 -5.169654e+00 -2.003644e-01 -1.008146e-01 6.603602e+00 4.928367e+00 4.166502e+00 5.566243e+00 5.104200e+00 4.456422e+00 3.810081e+00 4.033937e+00 2.691380e+00 -4.026623e-02 -7.585585e-03 -9.774134e-02 -1.340661e-01 -1.683415e-01 -2.348064e-01 -2.473151e-01 -3.653020e-01 -2.568179e-01 -3.109375e-01 -3.024645e-01 -2.076740e-01 -1.367537e-03
<VARIANCE> 25
 6.870740e+00 9.196361e+00 1.069135e+01 1.094258e+01 1.395588e+01 1.387989e+01 1.361863e+01 1.434532e+01 1.347741e+01 1.267619e+01 2.014351e+01 1.158164e+01 1.083071e-01 1.696343e-01 3.270527e-01 5.313666e-01 6.514844e-01 6.660371e-01 6.631568e-01 7.519837e-01 8.304306e-01 8.559991e-01 9.650575e-01 8.973991e-01 5.274105e-05
<GCONST> 5.837658e+01
<MIXTURE> 87 1.100681e-02
<MEAN> 25
 -2.748533e+00 4.147714e+00 3.270742e+00 7.124143e+00 5.295089e+00 4.673029e-01 1.177774e+00 -1.030999e+00 -6.579699e-01 -8.609390e-01 -6.723117e-01 1.644706e-01 -1.850262e+00 -2.769487e+00 -2.084139e+00 -2.134017e+00 -6.247050e-02 -2.388225e-01 3.545655e-01 1.182311e+00 1.495713e+00 9.483397e-01 1.166549e+00 7.447045e-01 1.062841e-01
<VARIANCE> 25
 3.802210e+01 2.966389e+01 2.615891e+01 3.084780e+01 2.701787e+01 3.116305e+01 3.044863e+01 2.500489e+01 2.452529e+01 2.259872e+01 2.282797e+01 2.144415e+01 4.482996e+00 2.592438e+00 3.626995e+00 3.458567e+00 4.433603e+00 3.966194e+00 4.460162e+00 3.686246e+00 3.392197e+00 3.190655e+00 3.798237e+00 3.137694e+00 4.628668e-03
<GCONST> 9.568336e+01
<MIXTURE> 88 1.256585e-02
<MEAN> 25
 -4.704329e+00 -5.304406e-01 -1.178866e+00 5.606863e+00 4.497816e+00 3.354134e+00 5.168650e+00 3.455303e+00 3.205126e+00 2.593711e+00 1.042181e+00 2.803109e+00 1.217341e-01 2.183099e-01 3.229079e-01 4.565932e-01 1.477055e-01 -1.184477e-01 -1.066413e-01 -2.441544e-01 -2.109317e-01 -7.459043e-02 -1.765491e-01 -5.933735e-02 7.645781e-04
<VARIANCE> 25
 7.858382e+00 1.069479e+01 1.507757e+01 1.268365e+01 1.793642e+01 2.085873e+01 1.959368e+01 1.848982e+01 1.938846e+01 1.576036e+01 2.516556e+01 1.432487e+01 1.456835e+00 1.667558e+00 1.994866e+00 1.902008e+00 2.134092e+00 2.440356e+00 2.190820e+00 2.591985e+00 2.313684e+00 3.033575e+00 2.743583e+00 2.115727e+00 1.529963e-03
<GCONST> 8.189120e+01
<MIXTURE> 89 9.333527e-03
<MEAN> 25
 5.671052e+00 -7.632663e+00 -3.064569e+00 -3.464219e+00 -3.292533e+00 -6.124107e+00 -6.703937e+00 3.808068e+00 4.251213e+00 -2.623944e+00 -4.384041e+00 -5.073267e+00 -5.550145e-01 2.678116e-01 2.014553e+00 1.101703e+00 -1.909631e+00 -1.997807e+00 1.224095e+00 1.203271e+00 -6.564627e-01 -1.408872e+00 -7.874307e-02 1.842094e+00 -7.099048e-03
<VARIANCE> 25
 8.098625e+00 2.467345e+01 2.711231e+01 2.585875e+01 4.130429e+01 3.739342e+01 5.188678e+01 3.519783e+01 3.713488e+01 3.579888e+01 4.092373e+01 4.058755e+01 2.994190e-01 7.611718e-01 1.342146e+00 1.263431e+00 1.690976e+00 2.307098e+00 2.689828e+00 1.731041e+00 2.310215e+00 1.813472e+00 2.903046e+00 1.869802e+00 3.235431e-04
<GCONST> 8.429392e+01
<MIXTURE> 90 7.114505e-03
<MEAN> 25
 2.448236e+00 -9.723331e+00 -4.754311e+00 -3.977435e+00 -3.383605e+00 -1.813768e+00 3.366892e+00 1.181029e+00 -7.533262e+00 -1.021642e+01 -3.430172e+00 -7.386501e-01 -1.636037e-01 9.090436e-01 1.168767e+00 -8.539394e-01 -1.612888e+00 -2.119794e-01 6.446828e-01 -2.099615e-01 -1.688460e-01 7.371837e-01 1.829565e-01 -5.502306e-01 -1.114580e-02
<VARIANCE> 25
 8.494133e+00 1.779057e+01 1.981635e+01 2.802825e+01 3.683709e+01 3.217460e+01 3.852233e+01 3.640458e+01 3.521381e+01 2.769935e+01 2.700700e+01 2.613859e+01 2.237505e-01 6.127098e-01 7.867324e-01 1.042860e+00 1.470258e+00 1.591720e+00 1.780893e+00 1.654489e+00 1.811206e+00 1.678277e+00 1.495342e+00 1.308592e+00 2.150914e-04
<GCONST> 7.813517e+01
<MIXTURE> 91 7.852945e-03
<MEAN> 25
 6.453031e+00 -8.315974e+00 -8.737607e+00 -6.019253e+00 3.561004e+00 1.040313e+00 -1.973569e+00 1.130564e+00 -6.660659e-01 -1.844094e+00 -3.745667e+00 -7.355331e+00 1.790514e-01 1.003728e+00 -1.152806e-01 3.946737e-01 2.567190e-01 -5.176289e-01 -7.293759e-02 1.673878e-01 -4.378426e-02 5.510691e-01 -4.968476e-01 7.636981e-02 -3.920900e-02
<VARIANCE> 25
 8.291517e+00 2.203746e+01 1.800088e+01 3.738877e+01 3.230911e+01 4.932051e+01 4.511807e+01 3.393674e+01 4.800415e+01 5.672143e+01 3.917149e+01 4.887163e+01 4.461806e-01 8.057006e-01 1.275928e+00 1.389479e+00 2.181204e+00 2.101769e+00 2.347011e+00 2.250638e+00 1.978801e+00 1.874237e+00 2.118236e+00 2.103497e+00 5.887705e-04
<GCONST> 8.594469e+01
<MIXTURE> 92 7.852945e-03
<MEAN> 25
 6.453031e+00 -8.315974e+00 -8.737607e+00 -6.019253e+00 3.561004e+00 1.040313e+00 -1.973569e+00 1.130564e+00 -6.660659e-01 -1.844094e+00 -3.745667e+00 -7.355331e+00 1.790514e-01 1.003728e+00 -1.152806e-01 3.946737e-01 2.567190e-01 -5.176289e-01 -7.293759e-02 1.673878e-01 -4.378426e-02 5.510691e-01 -4.968476e-01 7.636981e-02 -3.920900e-02
<VARIANCE> 25
 8.291517e+00 2.203746e+01 1.800088e+01 3.738877e+01 3.230911e+01 4.932051e+01 4.511807e+01 3.393674e+01 4.800415e+01 5.672143e+01 3.917149e+01 4.887163e+01 4.461806e-01 8.057006e-01 1.275928e+00 1.389479e+00 2.181204e+00 2.101769e+00 2.347011e+00 2.250638e+00 1.978801e+00 1.874237e+00 2.118236e+00 2.103497e+00 5.887705e-04
<GCONST> 8.594469e+01
<MIXTURE> 93 6.122769e-03
<MEAN> 25
 -6.825375e+00 -8.693862e-01 -2.344416e+00 5.767891e+00 5.880445e+00 3.833479e+00 6.118338e+00 3.641093e+00 4.068653e+00 2.442817e+00 1.687398e+00 3.694970e+00 -6.368972e-02 -1.612401e-01 -2.669280e-01 -3.291235e-01 -3.216337e-01 -2.701192e-01 -2.114581e-01 -1.803799e-01 -1.761964e-01 -1.510647e-01 -8.642190e-02 -1.447228e-02 -3.790558e-05
<VARIANCE> 25
 8.946425e+00 6.418308e+00 8.258839e+00 1.126658e+01 1.135734e+01 1.626818e+01 1.513001e+01 1.631372e+01 1.470985e+01 1.464481e+01 1.762407e+01 1.329687e+01 8.215449e-02 1.556112e-01 2.669024e-01 3.762190e-01 4.993825e-01 6.466740e-01 7.716368e-01 8.826714e-01 9.105297e-01 8.707741e-01 9.032889e-01 9.345323e-01 1.058568e-06
<GCONST> 5.375515e+01
<MIXTURE> 94 6.122769e-03
<MEAN> 25
 -6.825375e+00 -8.693862e-01 -2.344416e+00 5.767891e+00 5.880445e+00 3.833479e+00 6.118338e+00 3.641093e+00 4.068653e+00 2.442817e+00 1.687398e+00 3.694970e+00 -6.368972e-02 -1.612401e-01 -2.669280e-01 -3.291235e-01 -3.216337e-01 -2.701192e-01 -2.114581e-01 -1.803799e-01 -1.761964e-01 -1.510647e-01 -8.642190e-02 -1.447228e-02 -3.790558e-05
<VARIANCE> 25
 8.946425e+00 6.418308e+00 8.258839e+00 1.126658e+01 1.135734e+01 1.626818e+01 1.513001e+01 1.631372e+01 1.470985e+01 1.464481e+01 1.762407e+01 1.329687e+01 8.215449e-02 1.556112e-01 2.669024e-01 3.762190e-01 4.993825e-01 6.466740e-01 7.716368e-01 8.826714e-01 9.105297e-01 8.707741e-01 9.032889e-01 9.345323e-01 1.058568e-06
<GCONST> 5.375515e+01
<MIXTURE> 95 5.258835e-03
<MEAN> 25
 -5.925572e+00 7.029249e-01 -7.761315e-01 4.991042e+00 3.661719e+00 2.394760e+00 5.017388e+00 2.870920e+00 2.451880e+00 1.003158e+00 -4.677744e-01 2.193748e+00 3.372648e-02 5.142312e-02 -4.753744e-02 -2.688489e-01 -4.180382e-01 -6.739235e-01 -9.289418e-01 -1.213435e+00 -1.138984e+00 -1.041371e+00 -7.274982e-01 -3.110122e-01 -1.301097e-03
<VARIANCE> 25
 7.791253e+00 9.652226e+00 1.340334e+01 1.098992e+01 1.325963e+01 1.476579e+01 1.696042e+01 1.779664e+01 1.295638e+01 1.324571e+01 2.418084e+01 1.230808e+01 2.054002e-01 2.613749e-01 5.284391e-01 7.204235e-01 7.176169e-01 7.929350e-01 8.240680e-01 7.831687e-01 8.471026e-01 9.671945e-01 9.949582e-01 1.055510e+00 4.526331e-05
<GCONST> 6.204219e+01
<MIXTURE> 96 7.034694e-03
<MEAN> 25
 -5.152935e+00 -8.695869e-02 -1.952909e+00 5.254533e+00 3.946314e+00 1.848872e+00 3.927829e+00 1.996304e+00 2.198748e+00 9.163515e-01 8.505709e-01 2.825496e+00 -4.033538e-02 6.784732e-02 1.912856e-01 3.918157e-01 5.320675e-01 5.194656e-01 2.467896e-01 -1.084683e-01 -4.629741e-01 -6.567812e-01 -5.671326e-01 -3.287568e-01 -1.159603e-04
<VARIANCE> 25
 1.043526e+01 1.129452e+01 1.354478e+01 1.387413e+01 1.435276e+01 1.873798e+01 1.961991e+01 1.891285e+01 1.830314e+01 1.588206e+01 2.058654e+01 1.392617e+01 1.215174e-01 2.139328e-01 3.176175e-01 3.828616e-01 4.807578e-01 6.364062e-01 8.240774e-01 9.870911e-01 9.176832e-01 8.603047e-01 9.055913e-01 9.298071e-01 1.187063e-06
<GCONST> 5.759410e+01
<MIXTURE> 97 7.034694e-03
<MEAN> 25
 -5.152935e+00 -8.695869e-02 -1.952909e+00 5.254533e+00 3.946314e+00 1.848872e+00 3.927829e+00 1.996304e+00 2.198748e+00 9.163515e-01 8.505709e-01 2.825496e+00 -4.033538e-02 6.784732e-02 1.912856e-01 3.918157e-01 5.320675e-01 5.194656e-01 2.467896e-01 -1.084683e-01 -4.629741e-01 -6.567812e-01 -5.671326e-01 -3.287568e-01 -1.159603e-04
<VARIANCE> 25
 1.043526e+01 1.129452e+01 1.354478e+01 1.387413e+01 1.435276e+01 1.873798e+01 1.961991e+01 1.891285e+01 1.830314e+01 1.588206e+01 2.058654e+01 1.392617e+01 1.215174e-01 2.139328e-01 3.176175e-01 3.828616e-01 4.807578e-01 6.364062e-01 8.240774e-01 9.870911e-01 9.176832e-01 8.603047e-01 9.055913e-01 9.298071e-01 1.187063e-06
<GCONST> 5.759410e+01
<MIXTURE> 98 9.917808e-03
<MEAN> 25
 -1.477585e+00 9.387646e-01 -1.867922e-01 4.550912e+00 3.620332e+00 2.577499e+00 3.135014e+00 1.672979e+00 1.536180e+00 9.327351e-01 6.457565e-01 1.040795e+00 -1.828860e+00 -1.476929e+00 -9.942333e-01 1.650829e-01 6.352767e-01 8.064632e-01 1.231468e+00 1.435830e+00 1.695478e+00 1.104988e+00 1.311018e+00 9.882749e-01 -3.423831e-02
<VARIANCE> 25
 1.435522e+01 2.008183e+01 3.147286e+01 3.281974e+01 4.281786e+01 3.684246e+01 3.267339e+01 2.881568e+01 2.768889e+01 3.007115e+01 2.714888e+01 2.366829e+01 1.375709e+00 1.516140e+00 2.394381e+00 2.429036e+00 2.840628e+00 2.894305e+00 2.946989e+00 2.765294e+00 2.609070e+00 3.138034e+00 2.763371e+00 2.221504e+00 2.413572e-03
<GCONST> 9.054321e+01
<MIXTURE> 99 6.696178e-03
<MEAN> 25
 -5.896729e+00 1.009203e+01 8.226383e+00 2.244353e+00 -8.572668e-01 -5.277052e+00 -3.751432e+00 -3.565979e+00 -3.119864e+00 -4.755964e+00 -1.791998e+00 2.958621e-01 3.875543e-01 -4.910843e-01 3.900425e-01 -3.105842e-01 -1.434061e+00 -4.747364e-01 -4.348184e-01 -9.105077e-01 -3.025259e-01 -6.945337e-02 4.913650e-01 6.677052e-01 1.181560e-02
<VARIANCE> 25
 2.808521e+01 2.022921e+01 4.045788e+01 2.778258e+01 4.274067e+01 2.720785e+01 3.309752e+01 3.282331e+01 2.216146e+01 2.544123e+01 1.767782e+01 2.649644e+01 1.951465e+00 2.490489e+00 1.116411e+00 1.436411e+00 2.388644e+00 1.880930e+00 1.894789e+00 2.374171e+00 1.346478e+00 1.398765e+00 1.250666e+00 1.551541e+00 1.249798e-03
<GCONST> 8.551807e+01
<MIXTURE> 100 4.498084e-03
<MEAN> 25
 -1.631288e+00 6.389156e+00 1.034119e+01 -7.388443e+00 -1.082003e+01 -5.048972e+00 -5.033719e+00 -9.965190e+00 -4.687001e+00 -9.846153e-01 -2.713708e+00 -2.570344e+00 2.888419e+00 -1.281381e+00 1.277639e+00 -2.137664e+00 -3.396997e+00 -7.898643e-01 -1.188600e+00 -8.338397e-01 -1.460585e+00 3.347610e-01 -1.601926e+00 -2.451688e-01 2.601614e-03
<VARIANCE> 25
 1.349660e+01 2.093183e+01 2.239688e+01 2.639038e+01 2.285481e+01 2.343388e+01 2.921394e+01 2.154598e+01 2.715906e+01 2.340390e+01 2.210155e+01 2.232073e+01 1.829835e+00 3.938378e+00 2.911501e+00 4.374931e+00 4.158377e+00 4.481323e+00 4.016783e+00 4.296242e+00 4.118897e+00 3.849394e+00 4.042177e+00 3.283183e+00 1.673220e-03
<GCONST> 9.260543e+01
<MIXTURE> 101 6.007792e-03
<MEAN> 25
 7.985521e+00 -3.375261e+00 -5.895043e+00 -6.617558e+00 3.664159e-01 -1.204843e+00 -1.078264e+01 -2.772901e+00 1.650326e+00 2.662323e+00 -1.994828e+00 -4.547557e+00 6.966593e-01 6.078511e-01 -1.483456e+00 -1.767986e+00 1.105246e+00 2.393822e+00 2.004205e-01 -1.512789e+00 -9.607755e-01 1.010846e+00 1.350519e+00 -4.181321e-01 -4.799015e-03
<VARIANCE> 25
 8.941355e+00 1.660908e+01 3.112430e+01 4.164727e+01 3.790709e+01 3.397710e+01 3.619711e+01 4.278094e+01 3.595066e+01 4.183458e+01 5.137997e+01 2.902555e+01 2.894311e-01 6.671695e-01 1.123179e+00 1.923619e+00 1.733593e+00 2.117157e+00 1.978762e+00 2.084357e+00 2.393491e+00 2.130963e+00 1.755250e+00 1.893185e+00 3.338018e-04
<GCONST> 8.391225e+01
<MIXTURE> 102 6.007792e-03
<MEAN> 25
 7.985521e+00 -3.375261e+00 -5.895043e+00 -6.617558e+00 3.664159e-01 -1.204843e+00 -1.078264e+01 -2.772901e+00 1.650326e+00 2.662323e+00 -1.994828e+00 -4.547557e+00 6.966593e-01 6.078511e-01 -1.483456e+00 -1.767986e+00 1.105246e+00 2.393822e+00 2.004205e-01 -1.512789e+00 -9.607755e-01 1.010846e+00 1.350519e+00 -4.181321e-01 -4.799015e-03
<VARIANCE> 25
 8.941355e+00 1.660908e+01 3.112430e+01 4.164727e+01 3.790709e+01 3.397710e+01 3.619711e+01 4.278094e+01 3.595066e+01 4.183458e+01 5.137997e+01 2.902555e+01 2.894311e-01 6.671695e-01 1.123179e+00 1.923619e+00 1.733593e+00 2.117157e+00 1.978762e+00 2.084357e+00 2.393491e+00 2.130963e+00 1.755250e+00 1.893185e+00 3.338018e-04
<GCONST> 8.391225e+01
<MIXTURE> 103 5.694618e-03
<MEAN> 25
 3.367014e+00 -9.480878e+00 -6.130343e+00 -3.090411e+00 -1.334206e+00 -1.970249e+00 2.436684e+00 2.513991e+00 -4.610754e+00 -9.255352e+00 -5.059621e+00 3.609145e-01 -1.576863e-01 -1.488281e+00 -9.803702e-01 3.752492e-01 1.213634e+00 1.020484e+00 1.590490e-01 -2.670544e-01 -7.814541e-01 -9.459747e-01 -3.493554e-02 1.199098e-01 2.694292e-02
<VARIANCE> 25
 1.035591e+01 2.031632e+01 2.291463e+01 3.169438e+01 4.803840e+01 3.501611e+01 4.641755e+01 3.669222e+01 4.213000e+01 2.933260e+01 3.011124e+01 2.643552e+01 6.440153e-01 1.252350e+00 1.538114e+00 1.940209e+00 2.925879e+00 2.410442e+00 2.889896e+00 2.576436e+00 2.563838e+00 2.523743e+00 2.097011e+00 2.017663e+00 8.070878e-04
<GCONST> 8.757793e+01
<MIXTURE> 104 5.694618e-03
<MEAN> 25
 3.367014e+00 -9.480878e+00 -6.130343e+00 -3.090411e+00 -1.334206e+00 -1.970249e+00 2.436684e+00 2.513991e+00 -4.610754e+00 -9.255352e+00 -5.059621e+00 3.609145e-01 -1.576863e-01 -1.488281e+00 -9.803702e-01 3.752492e-01 1.213634e+00 1.020484e+00 1.590490e-01 -2.670544e-01 -7.814541e-01 -9.459747e-01 -3.493554e-02 1.199098e-01 2.694292e-02
<VARIANCE> 25
 1.035591e+01 2.031632e+01 2.291463e+01 3.169438e+01 4.803840e+01 3.501611e+01 4.641755e+01 3.669222e+01 4.213000e+01 2.933260e+01 3.011124e+01 2.643552e+01 6.440153e-01 1.252350e+00 1.538114e+00 1.940209e+00 2.925879e+00 2.410442e+00 2.889896e+00 2.576436e+00 2.563838e+00 2.523743e+00 2.097011e+00 2.017663e+00 8.070878e-04
<GCONST> 8.757793e+01
<MIXTURE> 105 4.710235e-03
<MEAN> 25
 2.232972e+00 -1.497939e+00 9.242115e+00 -2.706792e+00 -1.160780e+01 -5.015786e+00 -4.176043e+00 -7.848838e-01 -3.816894e+00 -3.200721e+00 1.520235e+00 -1.147579e+00 9.496422e-03 3.003585e-02 4.906496e-02 -4.612952e-02 4.098065e-03 4.794595e-02 -1.222082e-02 5.058721e-02 -3.687562e-02 2.690019e-02 2.931090e-02 -2.833043e-02 -2.187905e-03
<VARIANCE> 25
 1.335493e+01 2.859442e+01 4.094322e+01 4.495370e+01 3.770852e+01 5.375382e+01 4.115892e+01 4.352305e+01 3.975799e+01 4.200103e+01 4.192051e+01 3.084763e+01 8.370412e-02 1.861269e-01 3.421394e-01 2.908517e-01 3.728807e-01 4.286757e-01 4.705108e-01 4.908445e-01 4.935200e-01 4.404922e-01 4.206368e-01 3.979181e-01 8.917877e-05
<GCONST> 6.669341e+01
<MIXTURE> 106 4.710235e-03
<MEAN> 25
 2.232972e+00 -1.497939e+00 9.242115e+00 -2.706792e+00 -1.160780e+01 -5.015786e+00 -4.176043e+00 -7.848838e-01 -3.816894e+00 -3.200721e+00 1.520235e+00 -1.147579e+00 9.496422e-03 3.003585e-02 4.906496e-02 -4.612952e-02 4.098065e-03 4.794595e-02 -1.222082e-02 5.058721e-02 -3.687562e-02 2.690019e-02 2.931090e-02 -2.833043e-02 -2.187905e-03
<VARIANCE> 25
 1.335493e+01 2.859442e+01 4.094322e+01 4.495370e+01 3.770852e+01 5.375382e+01 4.115892e+01 4.352305e+01 3.975799e+01 4.200103e+01 4.192051e+01 3.084763e+01 8.370412e-02 1.861269e-01 3.421394e-01 2.908517e-01 3.728807e-01 4.286757e-01 4.705108e-01 4.908445e-01 4.935200e-01 4.404922e-01 4.206368e-01 3.979181e-01 8.917877e-05
<GCONST> 6.669341e+01
<MIXTURE> 107 5.452374e-03
<MEAN> 25
 8.481245e+00 -3.943684e+00 -6.909978e+00 -9.810104e+00 7.179266e-01 3.238918e+00 -8.856983e+00 -3.771778e+00 -9.609386e-01 3.105530e+00 3.139266e+00 -5.928016e+00 -7.031536e-01 -7.412034e-01 6.833233e-01 1.587221e+00 6.018046e-02 -2.115369e+00 -8.680533e-01 8.092685e-01 1.903879e+00 -2.411400e-02 -1.706640e+00 -1.178889e+00 -6.164043e-04
<VARIANCE> 25
 8.338815e+00 2.717283e+01 2.785701e+01 3.633488e+01 3.508271e+01 3.432824e+01 4.272768e+01 3.259669e+01 4.145547e+01 3.490122e+01 6.222052e+01 3.291333e+01 3.737650e-01 9.385167e-01 1.305189e+00 2.276299e+00 2.205079e+00 2.758462e+00 2.258912e+00 2.256818e+00 2.273921e+00 2.758933e+00 1.983271e+00 2.536039e+00 6.340010e-04
<GCONST> 8.708818e+01
<MIXTURE> 108 5.452374e-03
<MEAN> 25
 8.481245e+00 -3.943684e+00 -6.909978e+00 -9.810104e+00 7.179266e-01 3.238918e+00 -8.856983e+00 -3.771778e+00 -9.609386e-01 3.105530e+00 3.139266e+00 -5.928016e+00 -7.031536e-01 -7.412034e-01 6.833233e-01 1.587221e+00 6.018046e-02 -2.115369e+00 -8.680533e-01 8.092685e-01 1.903879e+00 -2.411400e-02 -1.706640e+00 -1.178889e+00 -6.164043e-04
<VARIANCE> 25
 8.338815e+00 2.717283e+01 2.785701e+01 3.633488e+01 3.508271e+01 3.432824e+01 4.272768e+01 3.259669e+01 4.145547e+01 3.490122e+01 6.222052e+01 3.291333e+01 3.737650e-01 9.385167e-01 1.305189e+00 2.276299e+00 2.205079e+00 2.758462e+00 2.258912e+00 2.256818e+00 2.273921e+00 2.758933e+00 1.983271e+00 2.536039e+00 6.340010e-04
<GCONST> 8.708818e+01
<MIXTURE> 109 6.661064e-03
<MEAN> 25
 4.085324e+00 -1.055774e+01 -8.301867e+00 -1.366869e+00 2.751008e+00 -3.929428e-02 -7.428913e-02 1.456491e+00 -2.572464e+00 -8.371128e+00 -5.375768e+00 5.634375e-02 -3.333927e-02 -1.323496e-01 -3.348700e-02 2.505904e-01 1.976435e-01 1.187353e-01 -1.252211e-01 -1.051446e-01 -4.198924e-02 -1.303656e-01 2.184327e-01 1.180550e-02 -3.513546e-03
<VARIANCE> 25
 9.097537e+00 1.818575e+01 2.001298e+01 3.149080e+01 4.081793e+01 3.679668e+01 4.661289e+01 3.435164e+01 4.604385e+01 3.526286e+01 2.969341e+01 2.824969e+01 1.930145e-01 4.229498e-01 5.388239e-01 6.343923e-01 1.230673e+00 9.938401e-01 1.257399e+00 1.092420e+00 1.120462e+00 9.525407e-01 8.778043e-01 8.851070e-01 1.821232e-04
<GCONST> 7.446091e+01
<MIXTURE> 110 6.661064e-03
<MEAN> 25
 4.085324e+00 -1.055774e+01 -8.301867e+00 -1.366869e+00 2.751008e+00 -3.929428e-02 -7.428913e-02 1.456491e+00 -2.572464e+00 -8.371128e+00 -5.375768e+00 5.634375e-02 -3.333927e-02 -1.323496e-01 -3.348700e-02 2.505904e-01 1.976435e-01 1.187353e-01 -1.252211e-01 -1.051446e-01 -4.198924e-02 -1.303656e-01 2.184327e-01 1.180550e-02 -3.513546e-03
<VARIANCE> 25
 9.097537e+00 1.818575e+01 2.001298e+01 3.149080e+01 4.081793e+01 3.679668e+01 4.661289e+01 3.435164e+01 4.604385e+01 3.526286e+01 2.969341e+01 2.824969e+01 1.930145e-01 4.229498e-01 5.388239e-01 6.343923e-01 1.230673e+00 9.938401e-01 1.257399e+00 1.092420e+00 1.120462e+00 9.525407e-01 8.778043e-01 8.851070e-01 1.821232e-04
<GCONST> 7.446091e+01
<MIXTURE> 111 4.337247e-03
<MEAN> 25
 -4.551561e+00 -7.286281e-01 -1.569934e+00 1.848541e+00 1.056549e+00 8.992968e-01 4.857542e-01 3.017381e-01 6.174831e-02 -5.266879e-01 -8.338451e-01 1.918930e+00 -2.188024e-02 -6.166673e-02 -8.353695e-02 -7.379360e-02 -4.594209e-02 1.659482e-02 -3.979737e-03 -6.874184e-02 -1.488890e-01 -2.345137e-01 -1.666744e-01 -8.121666e-02 -3.783179e-04
<VARIANCE> 25
 6.920289e+00 5.604209e+00 1.053361e+01 9.907247e+00 1.289989e+01 2.317270e+01 1.496998e+01 1.332059e+01 1.139752e+01 1.166539e+01 1.443035e+01 1.141084e+01 7.804921e-02 1.875847e-01 2.783743e-01 4.100487e-01 5.621380e-01 6.867949e-01 7.784259e-01 8.367481e-01 8.711299e-01 8.701929e-01 8.647796e-01 8.514009e-01 2.254255e-05
<GCONST> 5.618431e+01
<MIXTURE> 112 4.337247e-03
<MEAN> 25
 -4.551561e+00 -7.286281e-01 -1.569934e+00 1.848541e+00 1.056549e+00 8.992968e-01 4.857542e-01 3.017381e-01 6.174831e-02 -5.266879e-01 -8.338451e-01 1.918930e+00 -2.188024e-02 -6.166673e-02 -8.353695e-02 -7.379360e-02 -4.594209e-02 1.659482e-02 -3.979737e-03 -6.874184e-02 -1.488890e-01 -2.345137e-01 -1.666744e-01 -8.121666e-02 -3.783179e-04
<VARIANCE> 25
 6.920289e+00 5.604209e+00 1.053361e+01 9.907247e+00 1.289989e+01 2.317270e+01 1.496998e+01 1.332059e+01 1.139752e+01 1.166539e+01 1.443035e+01 1.141084e+01 7.804921e-02 1.875847e-01 2.783743e-01 4.100487e-01 5.621380e-01 6.867949e-01 7.784259e-01 8.367481e-01 8.711299e-01 8.701929e-01 8.647796e-01 8.514009e-01 2.254255e-05
<GCONST> 5.618431e+01
<MIXTURE> 113 5.938666e-03
<MEAN> 25
 9.918248e+00 1.563071e+00 -8.425818e+00 -1.694214e+01 -1.599861e+00 5.749838e+00 -5.245421e+00 -2.668237e+00 -5.006295e+00 -9.036396e-01 7.560288e-01 7.001887e-01 3.139747e-02 -1.908614e-02 -4.549369e-02 -1.250366e-01 5.904320e-02 1.799954e-01 1.797189e-02 4.875666e-02 -6.519459e-03 -3.926546e-02 2.070532e-01 2.466208e-02 -8.243151e-04
<VARIANCE> 25
 8.252179e+00 1.568390e+01 2.887123e+01 3.201090e+01 5.258239e+01 3.168412e+01 3.684224e+01 5.249125e+01 4.063644e+01 4.481939e+01 3.592503e+01 3.543449e+01 1.216778e-01 3.107747e-01 2.959404e-01 6.020935e-01 5.904222e-01 6.176111e-01 7.484550e-01 7.854422e-01 9.207968e-01 8.488004e-01 6.817040e-01 6.631153e-01 1.210667e-04
<GCONST> 7.068123e+01
<MIXTURE> 114 5.938666e-03
<MEAN> 25
 9.918248e+00 1.563071e+00 -8.425818e+00 -1.694214e+01 -1.599861e+00 5.749838e+00 -5.245421e+00 -2.668237e+00 -5.006295e+00 -9.036396e-01 7.560288e-01 7.001887e-01 3.139747e-02 -1.908614e-02 -4.549369e-02 -1.250366e-01 5.904320e-02 1.799954e-01 1.797189e-02 4.875666e-02 -6.519459e-03 -3.926546e-02 2.070532e-01 2.466208e-02 -8.243151e-04
<VARIANCE> 25
 8.252179e+00 1.568390e+01 2.887123e+01 3.201090e+01 5.258239e+01 3.168412e+01 3.684224e+01 5.249125e+01 4.063644e+01 4.481939e+01 3.592503e+01 3.543449e+01 1.216778e-01 3.107747e-01 2.959404e-01 6.020935e-01 5.904222e-01 6.176111e-01 7.484550e-01 7.854422e-01 9.207968e-01 8.488004e-01 6.817040e-01 6.631153e-01 1.210667e-04
<GCONST> 7.068123e+01
<MIXTURE> 115 2.935202e-03
<MEAN> 25
 -4.055344e+00 -7.150319e-01 -3.078646e+00 3.660950e+00 2.430586e+00 -4.435782e-01 2.255958e+00 4.525867e-01 1.385795e+00 -3.164849e-02 -2.476312e-03 2.692257e+00 2.948331e-02 -7.707727e-02 -2.351403e-01 -4.366409e-01 -6.261497e-01 -6.622074e-01 -5.876499e-01 -5.109061e-01 -4.891390e-01 -4.559788e-01 -3.338799e-01 -1.535338e-01 -1.635534e-05
<VARIANCE> 25
 9.270118e+00 9.991916e+00 1.355368e+01 1.263391e+01 1.342237e+01 1.747690e+01 1.704805e+01 2.087298e+01 1.779997e+01 1.713545e+01 1.933006e+01 1.457353e+01 2.028593e-01 3.467154e-01 4.868042e-01 5.584742e-01 6.375890e-01 8.016048e-01 1.003951e+00 1.123809e+00 1.068742e+00 9.900138e-01 1.031894e+00 1.075680e+00 1.027959e-06
<GCONST> 6.017744e+01
<MIXTURE> 116 2.935202e-03
<MEAN> 25
 -4.055344e+00 -7.150319e-01 -3.078646e+00 3.660950e+00 2.430586e+00 -4.435782e-01 2.255958e+00 4.525867e-01 1.385795e+00 -3.164849e-02 -2.476312e-03 2.692257e+00 2.948331e-02 -7.707727e-02 -2.351403e-01 -4.366409e-01 -6.261497e-01 -6.622074e-01 -5.876499e-01 -5.109061e-01 -4.891390e-01 -4.559788e-01 -3.338799e-01 -1.535338e-01 -1.635534e-05
<VARIANCE> 25
 9.270118e+00 9.991916e+00 1.355368e+01 1.263391e+01 1.342237e+01 1.747690e+01 1.704805e+01 2.087298e+01 1.779997e+01 1.713545e+01 1.933006e+01 1.457353e+01 2.028593e-01 3.467154e-01 4.868042e-01 5.584742e-01 6.375890e-01 8.016048e-01 1.003951e+00 1.123809e+00 1.068742e+00 9.900138e-01 1.031894e+00 1.075680e+00 1.027959e-06
<GCONST> 6.017744e+01
<MIXTURE> 117 6.506003e-03
<MEAN> 25
 -4.655296e+00 1.146464e+00 1.072980e+00 9.748100e+00 6.243177e+00 6.207541e+00 6.480439e+00 5.071836e+00 6.375960e+00 4.913918e+00 6.302964e+00 2.706645e+00 -7.696870e-02 -2.326891e-01 -3.584917e-01 -4.206360e-01 -3.685372e-01 -3.026082e-01 -2.848935e-01 -3.368567e-01 -3.867077e-01 -3.662888e-01 -2.692769e-01 -1.210439e-01 -2.449104e-05
<VARIANCE> 25
 7.153510e+00 8.811313e+00 9.792868e+00 1.423004e+01 1.556334e+01 1.561889e+01 1.765859e+01 1.799262e+01 1.648622e+01 1.630252e+01 1.721562e+01 1.466851e+01 2.159409e-01 3.065446e-01 4.272683e-01 6.173556e-01 8.504874e-01 1.050443e+00 1.170321e+00 1.233499e+00 1.225895e+00 1.192432e+00 1.169528e+00 1.112697e+00 1.069891e-06
<GCONST> 6.050923e+01
<MIXTURE> 118 6.506003e-03
<MEAN> 25
 -4.655296e+00 1.146464e+00 1.072980e+00 9.748100e+00 6.243177e+00 6.207541e+00 6.480439e+00 5.071836e+00 6.375960e+00 4.913918e+00 6.302964e+00 2.706645e+00 -7.696870e-02 -2.326891e-01 -3.584917e-01 -4.206360e-01 -3.685372e-01 -3.026082e-01 -2.848935e-01 -3.368567e-01 -3.867077e-01 -3.662888e-01 -2.692769e-01 -1.210439e-01 -2.449104e-05
<VARIANCE> 25
 7.153510e+00 8.811313e+00 9.792868e+00 1.423004e+01 1.556334e+01 1.561889e+01 1.765859e+01 1.799262e+01 1.648622e+01 1.630252e+01 1.721562e+01 1.466851e+01 2.159409e-01 3.065446e-01 4.272683e-01 6.173556e-01 8.504874e-01 1.050443e+00 1.170321e+00 1.233499e+00 1.225895e+00 1.192432e+00 1.169528e+00 1.112697e+00 1.069891e-06
<GCONST> 6.050923e+01
<MIXTURE> 119 4.297961e-03
<MEAN> 25
 -4.975982e+00 -7.631873e+00 2.231552e+00 2.018142e+00 2.239599e+00 2.076069e-01 5.275873e+00 5.939833e+00 1.167294e+00 9.683849e-01 6.610009e+00 1.570969e+00 -4.997246e-02 -7.940094e-02 3.728082e-02 -5.725284e-02 -1.262585e-01 -1.800849e-01 -6.891114e-02 -1.419013e-02 -9.206569e-02 -1.118557e-01 -5.561808e-02 -5.835264e-02 1.115012e-03
<VARIANCE> 25
 8.499939e+00 9.840116e+00 1.656061e+01 2.018407e+01 2.286126e+01 2.320166e+01 2.499189e+01 2.648401e+01 2.504383e+01 2.806854e+01 2.045087e+01 2.041296e+01 1.603970e-01 2.825914e-01 4.597367e-01 6.327902e-01 8.033614e-01 1.003941e+00 1.099839e+00 1.278127e+00 1.286894e+00 1.246309e+00 1.193181e+00 1.112394e+00 2.317031e-04
<GCONST> 6.972607e+01
<MIXTURE> 120 4.297961e-03
<MEAN> 25
 -4.975982e+00 -7.631873e+00 2.231552e+00 2.018142e+00 2.239599e+00 2.076069e-01 5.275873e+00 5.939833e+00 1.167294e+00 9.683849e-01 6.610009e+00 1.570969e+00 -4.997246e-02 -7.940094e-02 3.728082e-02 -5.725284e-02 -1.262585e-01 -1.800849e-01 -6.891114e-02 -1.419013e-02 -9.206569e-02 -1.118557e-01 -5.561808e-02 -5.835264e-02 1.115012e-03
<VARIANCE> 25
 8.499939e+00 9.840116e+00 1.656061e+01 2.018407e+01 2.286126e+01 2.320166e+01 2.499189e+01 2.648401e+01 2.504383e+01 2.806854e+01 2.045087e+01 2.041296e+01 1.603970e-01 2.825914e-01 4.597367e-01 6.327902e-01 8.033614e-01 1.003941e+00 1.099839e+00 1.278127e+00 1.286894e+00 1.246309e+00 1.193181e+00 1.112394e+00 2.317031e-04
<GCONST> 6.972607e+01
<MIXTURE> 121 4.567511e-03
<MEAN> 25
 2.075439e-01 -2.523989e+00 5.153173e+00 -1.290314e+01 -1.264683e+01 -1.665269e+00 9.988695e-01 -5.107775e+00 -4.199351e+00 -4.898810e-01 -5.507988e+00 -4.313370e+00 2.410593e-02 1.323677e-01 -4.151062e-02 7.962602e-02 1.585063e-01 7.846252e-02 -7.939575e-02 -1.831926e-01 -2.685372e-01 -2.576376e-01 -1.145376e-01 9.013148e-04 -7.433777e-03
<VARIANCE> 25
 7.732759e+00 1.560577e+01 1.727628e+01 2.035865e+01 2.441035e+01 2.925111e+01 2.953916e+01 2.457735e+01 3.528807e+01 2.833979e+01 1.974634e+01 2.118002e+01 1.549979e-01 6.430902e-01 6.230744e-01 7.048342e-01 7.706016e-01 1.149944e+00 1.118161e+00 1.120931e+00 1.217449e+00 1.192664e+00 9.416627e-01 8.719221e-01 2.108370e-04
<GCONST> 7.139282e+01
<MIXTURE> 122 4.567511e-03
<MEAN> 25
 2.075439e-01 -2.523989e+00 5.153173e+00 -1.290314e+01 -1.264683e+01 -1.665269e+00 9.988695e-01 -5.107775e+00 -4.199351e+00 -4.898810e-01 -5.507988e+00 -4.313370e+00 2.410593e-02 1.323677e-01 -4.151062e-02 7.962602e-02 1.585063e-01 7.846252e-02 -7.939575e-02 -1.831926e-01 -2.685372e-01 -2.576376e-01 -1.145376e-01 9.013148e-04 -7.433777e-03
<VARIANCE> 25
 7.732759e+00 1.560577e+01 1.727628e+01 2.035865e+01 2.441035e+01 2.925111e+01 2.953916e+01 2.457735e+01 3.528807e+01 2.833979e+01 1.974634e+01 2.118002e+01 1.549979e-01 6.430902e-01 6.230744e-01 7.048342e-01 7.706016e-01 1.149944e+00 1.118161e+00 1.120931e+00 1.217449e+00 1.192664e+00 9.416627e-01 8.719221e-01 2.108370e-04
<GCONST> 7.139282e+01
<MIXTURE> 123 4.393044e-03
<MEAN> 25
 -4.653091e+00 1.560736e+00 6.361558e-01 6.397662e+00 5.027379e+00 3.240942e+00 3.940660e+00 1.139067e+00 2.641492e-01 -4.372184e-01 -6.888436e-01 1.198754e+00 -3.733185e-01 -7.770559e-01 -7.840769e-01 -5.434393e-01 -2.695819e-01 9.367373e-02 3.212227e-01 5.897321e-01 8.118832e-01 6.114879e-01 6.812005e-01 5.679753e-01 -3.250491e-03
<VARIANCE> 25
 9.209358e+00 9.894058e+00 1.451418e+01 1.501110e+01 1.875384e+01 2.384601e+01 2.029379e+01 1.983025e+01 1.693698e+01 1.516924e+01 2.150133e+01 1.795545e+01 3.634568e-01 4.539757e-01 5.226880e-01 6.543390e-01 9.051975e-01 1.017961e+00 1.133127e+00 1.092807e+00 1.333162e+00 1.191588e+00 1.145562e+00 1.125200e+00 9.137334e-05
<GCONST> 6.812166e+01
<MIXTURE> 124 4.069876e-03
<MEAN> 25
 -6.532394e+00 -7.294580e-01 -2.495542e+00 5.160287e+00 4.881611e+00 3.220747e+00 5.625938e+00 2.928807e+00 3.049242e+00 1.175548e+00 7.343697e-01 3.146451e+00 -1.932036e-01 -3.153088e-01 -3.652467e-01 -2.001746e-01 1.331497e-01 5.130485e-01 7.886278e-01 8.389158e-01 6.137605e-01 2.882965e-01 1.070381e-01 1.918215e-02 1.034272e-04
<VARIANCE> 25
 1.013891e+01 8.794363e+00 1.231037e+01 1.186578e+01 1.150118e+01 1.897998e+01 1.545056e+01 1.751060e+01 1.471795e+01 1.597753e+01 1.972782e+01 1.383636e+01 1.023416e-01 1.660197e-01 2.735077e-01 4.035776e-01 5.926796e-01 6.989933e-01 7.250825e-01 8.304720e-01 9.540674e-01 9.593257e-01 1.064220e+00 9.934751e-01 1.915301e-05
<GCONST> 5.891414e+01
<MIXTURE> 125 4.069876e-03
<MEAN> 25
 -6.532394e+00 -7.294580e-01 -2.495542e+00 5.160287e+00 4.881611e+00 3.220747e+00 5.625938e+00 2.928807e+00 3.049242e+00 1.175548e+00 7.343697e-01 3.146451e+00 -1.932036e-01 -3.153088e-01 -3.652467e-01 -2.001746e-01 1.331497e-01 5.130485e-01 7.886278e-01 8.389158e-01 6.137605e-01 2.882965e-01 1.070381e-01 1.918215e-02 1.034272e-04
<VARIANCE> 25
 1.013891e+01 8.794363e+00 1.231037e+01 1.186578e+01 1.150118e+01 1.897998e+01 1.545056e+01 1.751060e+01 1.471795e+01 1.597753e+01 1.972782e+01 1.383636e+01 1.023416e-01 1.660197e-01 2.735077e-01 4.035776e-01 5.926796e-01 6.989933e-01 7.250825e-01 8.304720e-01 9.540674e-01 9.593257e-01 1.064220e+00 9.934751e-01 1.915301e-05
<GCONST> 5.891414e+01
<MIXTURE> 126 2.402244e-03
<MEAN> 25
 -3.804105e+00 -6.909685e+00 -5.262179e+00 2.327118e+00 4.264129e+00 -3.235093e+00 9.248380e-02 3.562740e+00 3.330298e+00 -2.691706e+00 -1.468304e+00 3.042219e+00 -1.276391e-03 -6.244618e-03 -3.639704e-02 -1.583641e-01 -3.180501e-01 -3.862333e-01 -2.695141e-01 -1.575983e-01 -1.190071e-01 -1.187095e-01 -1.014748e-01 -3.160253e-02 -1.482773e-03
<VARIANCE> 25
 7.467948e+00 1.283743e+01 1.391525e+01 1.509731e+01 2.462830e+01 2.364570e+01 2.281968e+01 2.841862e+01 3.126059e+01 2.619371e+01 2.216132e+01 1.926508e+01 1.704165e-01 3.514540e-01 4.830072e-01 5.656344e-01 7.516088e-01 9.965917e-01 1.123844e+00 1.260700e+00 1.338345e+00 1.318211e+00 1.214127e+00 1.146171e+00 2.111303e-04
<GCONST> 6.984557e+01
<MIXTURE> 127 2.402244e-03
<MEAN> 25
 -3.804105e+00 -6.909685e+00 -5.262179e+00 2.327118e+00 4.264129e+00 -3.235093e+00 9.248380e-02 3.562740e+00 3.330298e+00 -2.691706e+00 -1.468304e+00 3.042219e+00 -1.276391e-03 -6.244618e-03 -3.639704e-02 -1.583641e-01 -3.180501e-01 -3.862333e-01 -2.695141e-01 -1.575983e-01 -1.190071e-01 -1.187095e-01 -1.014748e-01 -3.160253e-02 -1.482773e-03
<VARIANCE> 25
 7.467948e+00 1.283743e+01 1.391525e+01 1.509731e+01 2.462830e+01 2.364570e+01 2.281968e+01 2.841862e+01 3.126059e+01 2.619371e+01 2.216132e+01 1.926508e+01 1.704165e-01 3.514540e-01 4.830072e-01 5.656344e-01 7.516088e-01 9.965917e-01 1.123844e+00 1.260700e+00 1.338345e+00 1.318211e+00 1.214127e+00 1.146171e+00 2.111303e-04
<GCONST> 6.984557e+01
<MIXTURE> 128 3.790457e-03
<MEAN> 25
 -3.935591e+00 1.547512e+00 -3.345072e-01 6.575423e+00 3.622237e+00 1.858178e+00 3.586110e+00 2.375790e+00 3.957022e+00 3.695478e+00 3.758517e+00 3.525334e+00 -3.955600e-01 -1.978231e-01 9.818355e-02 7.257615e-01 1.182782e+00 1.134767e+00 7.170454e-01 1.305445e-01 -4.386114e-01 -7.872528e-01 -7.009102e-01 -3.923197e-01 -3.705328e-05
<VARIANCE> 25
 1.020557e+01 1.170323e+01 1.498977e+01 1.929797e+01 2.001974e+01 2.115934e+01 2.432046e+01 2.465397e+01 2.640829e+01 2.386312e+01 2.688073e+01 1.818237e+01 8.914835e-01 1.146077e+00 1.365128e+00 1.501574e+00 1.581583e+00 1.861191e+00 2.246535e+00 2.323811e+00 2.148729e+00 1.856616e+00 1.744398e+00 1.748289e+00 1.004852e-06
<GCONST> 7.363953e+01
<TRANSP> 3
 0.000000e+00 1.000000e+00 0.000000e+00
 0.000000e+00 9.999990e-01 9.999998e-07
 0.000000e+00 0.000000e+00 0.000000e+00
<ENDHMM>
