~o
<STREAMINFO> 1 25
<VECSIZE> 25<NULLD><MFCC_E_D_N><DIAGC>
~h "jmodel"
<BEGINHMM>
<NUMSTATES> 3
<STATE> 2
<NUMMIXES> 128
<MIXTURE> 1 5.748963e-03
<MEAN> 25
 -2.592006e+00 3.172995e+00 2.303490e+00 8.726532e+00 4.371033e+00 3.459699e+00 4.073852e+00 3.934689e+00 5.814381e+00 5.242781e+00 5.873555e+00 3.072646e+00 -2.003372e+00 -1.630471e+00 -8.620588e-01 1.074124e+00 1.564697e+00 2.234949e+00 2.151599e+00 2.085256e+00 1.694961e+00 1.262019e+00 1.550907e+00 6.112359e-01 -4.677530e-02
<VARIANCE> 25
 1.004461e+01 1.173991e+01 1.491267e+01 1.884285e+01 2.310912e+01 2.210167e+01 2.185204e+01 2.190052e+01 2.101327e+01 2.248925e+01 2.092027e+01 1.704502e+01 1.783514e+00 2.109671e+00 3.016874e+00 3.199573e+00 3.730827e+00 3.346658e+00 3.309789e+00 3.368356e+00 3.510157e+00 3.730610e+00 3.581860e+00 2.825471e+00 3.116866e-03
<GCONST> 8.844086e+01
<MIXTURE> 2 4.549242e-03
<MEAN> 25
 -4.877999e+00 1.265300e+00 9.077416e-01 9.722972e+00 6.656704e+00 7.315884e+00 7.972590e+00 7.129409e+00 8.339054e+00 6.354698e+00 7.394578e+00 2.960935e+00 -5.694735e-02 4.280016e-02 1.551571e-01 2.170520e-01 2.471108e-01 2.658469e-01 3.026096e-01 3.490667e-01 3.557201e-01 3.117535e-01 2.121122e-01 8.537445e-02 -1.448075e-05
<VARIANCE> 25
 6.783716e+00 8.776608e+00 1.070321e+01 1.664128e+01 1.686483e+01 1.568741e+01 1.718950e+01 1.921608e+01 1.625012e+01 1.706149e+01 1.981876e+01 1.444546e+01 1.252968e-01 2.218724e-01 3.341171e-01 4.698849e-01 6.458043e-01 8.023905e-01 9.084780e-01 1.016424e+00 1.077366e+00 1.059306e+00 1.081095e+00 9.999203e-01 1.006482e-06
<GCONST> 5.810564e+01
<MIXTURE> 3 4.549242e-03
<MEAN> 25
 -4.877999e+00 1.265300e+00 9.077416e-01 9.722972e+00 6.656704e+00 7.315884e+00 7.972590e+00 7.129409e+00 8.339054e+00 6.354698e+00 7.394578e+00 2.960935e+00 -5.694735e-02 4.280016e-02 1.551571e-01 2.170520e-01 2.471108e-01 2.658469e-01 3.026096e-01 3.490667e-01 3.557201e-01 3.117535e-01 2.121122e-01 8.537445e-02 -1.448075e-05
<VARIANCE> 25
 6.783716e+00 8.776608e+00 1.070321e+01 1.664128e+01 1.686483e+01 1.568741e+01 1.718950e+01 1.921608e+01 1.625012e+01 1.706149e+01 1.981876e+01 1.444546e+01 1.252968e-01 2.218724e-01 3.341171e-01 4.698849e-01 6.458043e-01 8.023905e-01 9.084780e-01 1.016424e+00 1.077366e+00 1.059306e+00 1.081095e+00 9.999203e-01 1.006482e-06
<GCONST> 5.810564e+01
<MIXTURE> 4 1.671429e-02
<MEAN> 25
 3.430642e+00 2.576203e+00 -3.709270e+00 9.048193e-01 4.268662e+00 -1.355258e-01 6.064882e-03 2.276742e-02 1.472860e+00 1.326873e+00 -1.899100e+00 3.708325e-02 -2.765314e+00 1.232233e+00 1.755806e+00 3.063018e+00 9.398937e-01 4.735387e-01 1.529066e+00 1.026814e+00 9.607655e-01 4.236090e-01 1.248623e+00 8.736253e-01 -1.031112e-01
<VARIANCE> 25
 2.100855e+01 2.936456e+01 2.980219e+01 3.956933e+01 4.563136e+01 6.883501e+01 6.527885e+01 5.330339e+01 5.505246e+01 6.182324e+01 4.934558e+01 3.608038e+01 2.336291e+00 5.032399e+00 3.750430e+00 4.984806e+00 5.009079e+00 6.196317e+00 6.059639e+00 5.565636e+00 5.937469e+00 6.385064e+00 6.072147e+00 4.496840e+00 6.136803e-03
<GCONST> 1.054635e+02
<MIXTURE> 5 3.206198e-03
<MEAN> 25
 -3.419358e+00 2.176922e+00 6.063849e-01 9.416918e+00 6.695078e+00 6.314557e+00 7.118057e+00 4.732334e+00 5.495170e+00 3.848789e+00 4.648074e+00 2.601518e+00 -3.241414e-01 7.517831e-01 1.223424e+00 1.030999e+00 3.074172e-01 -9.939791e-02 -8.334543e-02 3.506298e-02 4.579099e-01 6.826802e-01 4.036477e-01 8.856348e-02 -2.859483e-05
<VARIANCE> 25
 1.023680e+01 1.393264e+01 2.345952e+01 2.566094e+01 2.019799e+01 1.940260e+01 2.010659e+01 2.038677e+01 2.139054e+01 2.125777e+01 2.414346e+01 1.635077e+01 1.208951e+00 1.243230e+00 1.356515e+00 1.673204e+00 2.283148e+00 2.375067e+00 2.299251e+00 2.278017e+00 2.318670e+00 2.237770e+00 2.087937e+00 1.871762e+00 1.001130e-06
<GCONST> 7.516101e+01
<MIXTURE> 6 5.475854e-03
<MEAN> 25
 9.687168e+00 -4.387451e-01 -6.758360e+00 -1.078176e+01 -2.032656e+00 6.679223e+00 -6.090302e+00 -5.435682e+00 -3.476550e+00 1.950161e+00 4.607172e+00 -1.227839e+00 4.735571e-01 8.744500e-01 -3.362221e-01 -1.386427e+00 -6.449181e-01 1.283317e+00 1.494704e+00 2.239808e-01 -1.215477e+00 -1.173451e+00 3.098402e-01 1.187348e+00 -8.221433e-03
<VARIANCE> 25
 8.896091e+00 1.671734e+01 2.378024e+01 4.093823e+01 3.638524e+01 3.001437e+01 4.462931e+01 3.821168e+01 4.225270e+01 3.899113e+01 4.102280e+01 2.777270e+01 3.134385e-01 8.465691e-01 9.501256e-01 2.167685e+00 1.568140e+00 2.009755e+00 1.938507e+00 2.053829e+00 2.390004e+00 2.001101e+00 2.195592e+00 1.486317e+00 5.720246e-04
<GCONST> 8.391917e+01
<MIXTURE> 7 5.475854e-03
<MEAN> 25
 9.687168e+00 -4.387451e-01 -6.758360e+00 -1.078176e+01 -2.032656e+00 6.679223e+00 -6.090302e+00 -5.435682e+00 -3.476550e+00 1.950161e+00 4.607172e+00 -1.227839e+00 4.735571e-01 8.744500e-01 -3.362221e-01 -1.386427e+00 -6.449181e-01 1.283317e+00 1.494704e+00 2.239808e-01 -1.215477e+00 -1.173451e+00 3.098402e-01 1.187348e+00 -8.221433e-03
<VARIANCE> 25
 8.896091e+00 1.671734e+01 2.378024e+01 4.093823e+01 3.638524e+01 3.001437e+01 4.462931e+01 3.821168e+01 4.225270e+01 3.899113e+01 4.102280e+01 2.777270e+01 3.134385e-01 8.465691e-01 9.501256e-01 2.167685e+00 1.568140e+00 2.009755e+00 1.938507e+00 2.053829e+00 2.390004e+00 2.001101e+00 2.195592e+00 1.486317e+00 5.720246e-04
<GCONST> 8.391917e+01
<MIXTURE> 8 1.165917e-02
<MEAN> 25
 -4.724401e+00 1.391500e+00 1.235093e+00 9.411327e+00 6.592906e+00 6.244149e+00 6.566649e+00 5.704632e+00 6.521076e+00 5.560574e+00 6.301577e+00 2.980329e+00 -6.212720e-01 -1.441019e+00 -1.021340e+00 -1.707573e+00 -2.604975e-01 -9.152092e-01 -1.956553e-01 -2.930451e-01 -2.964022e-01 -2.096452e-01 -1.661354e-01 1.283358e-01 9.723508e-02
<VARIANCE> 25
 9.075146e+00 9.697515e+00 1.138467e+01 1.638038e+01 1.616794e+01 1.536244e+01 1.788641e+01 1.722945e+01 1.718926e+01 1.712349e+01 2.090604e+01 1.468810e+01 2.680681e+00 2.796775e+00 3.889664e+00 3.701660e+00 3.395898e+00 3.269458e+00 3.055054e+00 3.021136e+00 2.910291e+00 2.627491e+00 2.521047e+00 1.925566e+00 6.604429e-03
<GCONST> 8.621555e+01
<MIXTURE> 9 1.199672e-02
<MEAN> 25
 9.261765e+00 3.392595e+00 -6.179967e+00 -1.061964e+01 -2.265736e+00 4.936095e+00 -2.203251e+00 -2.290647e+00 -5.433314e+00 -1.231759e+00 6.128449e-01 2.062838e-02 1.425996e+00 -1.298295e-01 -4.792500e-01 -2.698928e+00 -1.644643e+00 8.533826e-01 -9.657303e-01 -2.391454e-01 -1.754993e-01 -5.738893e-01 6.075698e-01 -1.453249e-01 7.291443e-02
<VARIANCE> 25
 1.237758e+01 2.126235e+01 3.344730e+01 5.362093e+01 5.026649e+01 3.223627e+01 4.294568e+01 5.189842e+01 4.206612e+01 4.142058e+01 3.613602e+01 2.693790e+01 2.105546e+00 2.435873e+00 4.564457e+00 4.851927e+00 4.983395e+00 4.077935e+00 4.218233e+00 6.014410e+00 5.036067e+00 4.062881e+00 4.005845e+00 2.795913e+00 2.223493e-03
<GCONST> 9.875876e+01
<MIXTURE> 10 6.596976e-03
<MEAN> 25
 8.150214e-01 7.632680e+00 5.376352e+00 7.129784e+00 1.581475e+00 -2.120360e+00 -5.151124e-01 -1.684993e+00 8.704652e-01 8.585766e-01 8.284608e-01 6.425889e-01 -1.920707e+00 -6.717123e-01 -4.581873e-01 3.027074e+00 2.462580e+00 2.706733e+00 2.374398e+00 2.276736e+00 1.860345e+00 1.544270e+00 2.328948e+00 5.222219e-01 -1.380874e-01
<VARIANCE> 25
 1.952839e+01 2.065968e+01 2.226485e+01 2.923838e+01 3.826852e+01 3.491241e+01 3.509704e+01 3.378700e+01 2.759254e+01 2.900403e+01 2.697332e+01 2.510055e+01 2.240747e+00 3.421875e+00 5.525638e+00 5.161805e+00 5.542823e+00 4.470038e+00 4.693359e+00 4.837248e+00 4.381752e+00 5.014004e+00 4.462626e+00 3.191725e+00 2.694929e-03
<GCONST> 9.745352e+01
<MIXTURE> 11 1.633820e-02
<MEAN> 25
 7.238368e+00 3.508211e+00 3.422960e+00 3.920245e+00 -3.830508e+00 -6.637567e-01 -2.548245e+00 -5.192109e+00 -4.226010e+00 4.668059e-02 -2.195715e+00 -2.276131e+00 -2.941467e-01 6.389171e-01 1.598807e-01 1.798429e-01 6.703591e-01 7.477550e-02 2.542207e-01 -1.061757e-01 -2.853361e-01 8.320376e-02 -1.041972e-02 -1.296763e-01 -1.938554e-02
<VARIANCE> 25
 9.956604e+00 2.205415e+01 2.124100e+01 2.951100e+01 3.303275e+01 4.086656e+01 4.664151e+01 4.623761e+01 4.231486e+01 2.993845e+01 3.806255e+01 3.016057e+01 8.375177e-01 1.291079e+00 1.436653e+00 2.139298e+00 2.365031e+00 2.281835e+00 2.038751e+00 2.829540e+00 1.963074e+00 1.707765e+00 2.034786e+00 2.243328e+00 1.011172e-03
<GCONST> 8.732409e+01
<MIXTURE> 12 5.904134e-03
<MEAN> 25
 1.070499e+01 3.719551e+00 -4.470664e+00 -1.585486e+01 -8.686315e+00 8.608229e+00 -9.424037e-01 -1.944421e+00 -1.789741e+00 -4.820435e+00 1.823164e+00 7.428777e-01 6.033625e-02 2.899266e-01 8.241851e-02 -3.759013e-01 -3.199233e-01 2.698972e-02 3.113410e-01 4.339628e-01 1.508034e-01 -3.858932e-01 -3.842784e-01 6.074321e-02 -6.195649e-03
<VARIANCE> 25
 9.202101e+00 2.092330e+01 2.332064e+01 3.662935e+01 4.176497e+01 3.082903e+01 4.167825e+01 4.870658e+01 4.457870e+01 3.748006e+01 3.795372e+01 2.879498e+01 2.514355e-01 6.847456e-01 6.845888e-01 1.180220e+00 1.191991e+00 1.046965e+00 1.167626e+00 1.395001e+00 1.246560e+00 1.213376e+00 1.212399e+00 9.583282e-01 5.748432e-04
<GCONST> 7.899066e+01
<MIXTURE> 13 5.904134e-03
<MEAN> 25
 1.070499e+01 3.719551e+00 -4.470664e+00 -1.585486e+01 -8.686315e+00 8.608229e+00 -9.424037e-01 -1.944421e+00 -1.789741e+00 -4.820435e+00 1.823164e+00 7.428777e-01 6.033625e-02 2.899266e-01 8.241851e-02 -3.759013e-01 -3.199233e-01 2.698972e-02 3.113410e-01 4.339628e-01 1.508034e-01 -3.858932e-01 -3.842784e-01 6.074321e-02 -6.195649e-03
<VARIANCE> 25
 9.202101e+00 2.092330e+01 2.332064e+01 3.662935e+01 4.176497e+01 3.082903e+01 4.167825e+01 4.870658e+01 4.457870e+01 3.748006e+01 3.795372e+01 2.879498e+01 2.514355e-01 6.847456e-01 6.845888e-01 1.180220e+00 1.191991e+00 1.046965e+00 1.167626e+00 1.395001e+00 1.246560e+00 1.213376e+00 1.212399e+00 9.583282e-01 5.748432e-04
<GCONST> 7.899066e+01
<MIXTURE> 14 6.488954e-03
<MEAN> 25
 -4.345954e+00 -3.630292e-01 -4.171973e-01 8.480086e+00 7.394231e+00 7.358141e+00 8.045856e+00 7.284492e+00 7.208294e+00 5.208549e+00 6.424879e+00 3.729569e+00 -2.350978e-01 1.956210e-01 3.646832e-01 3.331729e-01 7.140926e-03 2.554162e-02 6.686491e-02 1.741394e-01 3.262898e-01 5.790240e-01 5.099880e-01 6.858054e-02 -9.867467e-03
<VARIANCE> 25
 8.743601e+00 1.313188e+01 1.777304e+01 1.983805e+01 2.006962e+01 1.876246e+01 2.101744e+01 2.000135e+01 1.934617e+01 2.284195e+01 2.366157e+01 1.699653e+01 9.487148e-01 1.596230e+00 1.732191e+00 1.871595e+00 2.234175e+00 2.158617e+00 2.149946e+00 2.122635e+00 2.339439e+00 2.424968e+00 2.175649e+00 1.755639e+00 9.852443e-04
<GCONST> 8.145162e+01
<MIXTURE> 15 2.475190e-03
<MEAN> 25
 -5.434195e+00 -6.471508e-01 -3.511903e-01 7.162549e+00 5.748975e+00 5.692024e+00 6.339255e+00 5.251516e+00 5.129930e+00 4.041139e+00 5.077991e+00 2.371338e+00 -1.179697e-01 -7.192169e-03 8.903984e-02 2.327790e-01 4.701386e-01 7.761656e-01 1.057859e+00 1.185199e+00 1.096862e+00 7.864385e-01 4.206393e-01 1.471347e-01 -5.793741e-05
<VARIANCE> 25
 6.725533e+00 5.393442e+00 9.193817e+00 1.303649e+01 1.352839e+01 1.379486e+01 1.593682e+01 1.600074e+01 1.356892e+01 1.415109e+01 1.811854e+01 1.251190e+01 1.223151e-01 2.098110e-01 3.141704e-01 4.968941e-01 6.791090e-01 8.104577e-01 7.425874e-01 8.239983e-01 9.614022e-01 1.013054e+00 1.040602e+00 1.009011e+00 2.776669e-05
<GCONST> 5.869831e+01
<MIXTURE> 16 2.475190e-03
<MEAN> 25
 -5.434195e+00 -6.471508e-01 -3.511903e-01 7.162549e+00 5.748975e+00 5.692024e+00 6.339255e+00 5.251516e+00 5.129930e+00 4.041139e+00 5.077991e+00 2.371338e+00 -1.179697e-01 -7.192169e-03 8.903984e-02 2.327790e-01 4.701386e-01 7.761656e-01 1.057859e+00 1.185199e+00 1.096862e+00 7.864385e-01 4.206393e-01 1.471347e-01 -5.793741e-05
<VARIANCE> 25
 6.725533e+00 5.393442e+00 9.193817e+00 1.303649e+01 1.352839e+01 1.379486e+01 1.593682e+01 1.600074e+01 1.356892e+01 1.415109e+01 1.811854e+01 1.251190e+01 1.223151e-01 2.098110e-01 3.141704e-01 4.968941e-01 6.791090e-01 8.104577e-01 7.425874e-01 8.239983e-01 9.614022e-01 1.013054e+00 1.040602e+00 1.009011e+00 2.776669e-05
<GCONST> 5.869831e+01
<MIXTURE> 17 9.518312e-03
<MEAN> 25
 3.425487e+00 -4.721372e-02 5.816511e+00 2.373871e+00 -5.948845e+00 -6.789035e+00 -2.948513e+00 -1.256540e+00 -2.529697e+00 -3.545862e+00 7.648572e-01 1.151692e+00 -6.645280e-01 -1.025902e+00 1.282328e+00 -2.017809e+00 -1.973523e+00 -3.455918e-01 1.074589e-01 5.345072e-01 -3.722372e-01 -2.462066e-01 1.175848e+00 3.790267e-01 8.699821e-02
<VARIANCE> 25
 1.511569e+01 3.171558e+01 2.779234e+01 3.448787e+01 4.199430e+01 4.544221e+01 3.632647e+01 3.843951e+01 3.162707e+01 2.426286e+01 2.627049e+01 3.401652e+01 1.876873e+00 2.750859e+00 3.693051e+00 2.710291e+00 4.897722e+00 5.556978e+00 4.300341e+00 4.637274e+00 3.710273e+00 3.459780e+00 3.153881e+00 2.525879e+00 2.399580e-03
<GCONST> 9.605544e+01
<MIXTURE> 18 1.221018e-02
<MEAN> 25
 3.788006e+00 4.524305e+00 6.665346e+00 4.495092e+00 -4.673904e+00 -8.079698e+00 -1.563124e+00 -1.038826e+00 -3.488511e+00 -2.434055e+00 -9.132645e-01 5.009317e-01 -6.964091e-01 2.084767e+00 -2.087025e-01 1.962085e+00 3.048895e+00 1.455023e+00 8.206467e-01 -1.175055e-01 5.668233e-01 5.176806e-01 -3.336643e-01 -1.794153e-01 -1.206667e-01
<VARIANCE> 25
 1.623767e+01 2.490394e+01 3.232135e+01 2.644169e+01 3.840734e+01 3.678977e+01 3.852324e+01 3.343599e+01 3.746889e+01 3.266248e+01 3.156426e+01 3.080419e+01 2.495686e+00 2.974408e+00 4.453249e+00 4.042223e+00 3.967464e+00 4.486191e+00 4.494509e+00 4.350801e+00 4.322126e+00 4.079957e+00 4.480054e+00 3.780771e+00 4.049169e-03
<GCONST> 9.804128e+01
<MIXTURE> 19 9.912824e-03
<MEAN> 25
 -1.072232e+01 1.123312e+00 1.671091e-01 8.026398e-01 4.434310e+00 1.192075e+00 4.415910e+00 1.946502e+00 2.235327e+00 8.702289e-01 9.985805e-01 2.097033e+00 2.166976e+00 1.649779e+00 2.150900e+00 8.351175e-01 -1.197126e+00 -1.136219e+00 -9.985510e-01 -1.436147e+00 -1.631190e+00 -1.174475e+00 -7.219567e-01 -7.181831e-01 -1.745392e-03
<VARIANCE> 25
 5.813321e+01 3.335242e+01 4.390511e+01 5.012222e+01 3.314495e+01 3.651851e+01 3.906755e+01 3.300043e+01 2.628829e+01 2.719870e+01 2.820479e+01 1.889609e+01 2.430012e+00 2.131468e+00 2.022182e+00 2.229228e+00 2.678370e+00 2.206349e+00 2.441992e+00 2.455662e+00 2.149171e+00 1.855396e+00 2.254142e+00 1.787228e+00 2.516124e-03
<GCONST> 9.183443e+01
<MIXTURE> 20 6.308331e-03
<MEAN> 25
 -1.437944e+01 6.996271e+00 1.227360e+00 5.658157e+00 5.584793e+00 1.297360e+00 5.482443e+00 7.406327e-01 7.800316e-01 4.106369e-01 2.481525e+00 1.804439e-02 -3.360839e+00 -9.468929e-01 -1.595258e+00 2.509104e-01 1.635061e+00 2.050308e+00 2.099599e+00 2.078698e+00 2.061538e+00 1.864593e+00 1.416147e+00 9.318401e-01 5.319912e-02
<VARIANCE> 25
 1.904020e+01 2.394502e+01 3.054589e+01 3.751162e+01 3.512973e+01 2.741718e+01 2.913740e+01 2.943617e+01 2.618782e+01 2.796450e+01 2.368395e+01 2.101376e+01 2.035057e+00 2.103170e+00 1.796368e+00 2.437048e+00 2.732012e+00 2.165139e+00 2.320360e+00 2.159600e+00 2.166508e+00 2.834292e+00 2.943994e+00 1.744844e+00 2.185567e-03
<GCONST> 8.918894e+01
<MIXTURE> 21 7.928653e-03
<MEAN> 25
 4.592536e+00 -4.413375e+00 3.728363e+00 6.847708e-01 -1.125705e+01 -7.861259e+00 -3.059297e+00 3.542420e+00 -1.728715e+00 -3.121759e+00 1.231461e+00 2.077090e+00 -7.919908e-01 1.332691e+00 2.232480e+00 -4.068551e-01 -1.549734e+00 8.157433e-01 1.032193e+00 -1.222327e+00 -1.954790e+00 2.244220e-01 9.542946e-01 2.904504e-01 -9.351882e-03
<VARIANCE> 25
 7.168048e+00 1.482204e+01 2.802787e+01 2.985760e+01 2.255222e+01 3.804445e+01 3.137478e+01 2.901329e+01 3.296333e+01 2.306855e+01 3.201036e+01 2.297731e+01 2.928170e-01 7.017708e-01 1.862096e+00 1.351417e+00 1.928978e+00 2.684954e+00 4.243906e+00 2.020433e+00 1.682622e+00 1.979940e+00 1.884707e+00 2.035303e+00 3.580777e-04
<GCONST> 8.189213e+01
<MIXTURE> 22 8.827789e-03
<MEAN> 25
 -1.792150e+01 7.153753e+00 -4.130697e+00 7.391171e+00 4.603945e+00 2.760164e+00 8.400175e+00 1.748719e+00 5.379165e+00 3.300138e+00 5.715744e+00 1.185719e+00 -3.096635e-01 -2.077168e-01 -1.257173e-01 -1.492709e-01 -7.231163e-03 1.367991e-01 1.806865e-01 1.780845e-01 2.485619e-01 2.073480e-01 1.727351e-01 1.924081e-01 8.857006e-03
<VARIANCE> 25
 8.119007e+00 1.683229e+01 1.738513e+01 2.518402e+01 2.291018e+01 2.084183e+01 1.943272e+01 1.870920e+01 1.813799e+01 2.087108e+01 1.924472e+01 1.378877e+01 1.090772e+00 1.357377e+00 1.364013e+00 1.571846e+00 1.408822e+00 1.527056e+00 1.508891e+00 1.532819e+00 1.614183e+00 1.544613e+00 1.357370e+00 1.167888e+00 1.745443e-03
<GCONST> 7.831155e+01
<MIXTURE> 23 6.455497e-03
<MEAN> 25
 8.016312e+00 1.969332e+00 2.663593e+00 1.996935e+00 -4.835713e+00 -2.493147e+00 -4.395923e+00 -6.879382e+00 -3.091063e+00 -6.038106e-01 -3.734994e+00 -2.255958e+00 1.689550e-02 1.452902e-01 6.884931e-02 9.457207e-02 -6.807301e-03 1.556552e-02 -4.642776e-03 -6.130356e-02 1.226356e-02 4.477444e-02 -3.190676e-02 -1.096458e-02 -4.596639e-03
<VARIANCE> 25
 1.000608e+01 2.345715e+01 2.621686e+01 4.025235e+01 3.591119e+01 5.381849e+01 5.624341e+01 5.482079e+01 4.933947e+01 4.591123e+01 4.707227e+01 3.824540e+01 1.204360e-01 2.909865e-01 4.170735e-01 5.298672e-01 6.094062e-01 7.215528e-01 7.536431e-01 9.064618e-01 8.682789e-01 9.168693e-01 8.463376e-01 7.928217e-01 8.932936e-05
<GCONST> 7.317480e+01
<MIXTURE> 24 6.455497e-03
<MEAN> 25
 8.016312e+00 1.969332e+00 2.663593e+00 1.996935e+00 -4.835713e+00 -2.493147e+00 -4.395923e+00 -6.879382e+00 -3.091063e+00 -6.038106e-01 -3.734994e+00 -2.255958e+00 1.689550e-02 1.452902e-01 6.884931e-02 9.457207e-02 -6.807301e-03 1.556552e-02 -4.642776e-03 -6.130356e-02 1.226356e-02 4.477444e-02 -3.190676e-02 -1.096458e-02 -4.596639e-03
<VARIANCE> 25
 1.000608e+01 2.345715e+01 2.621686e+01 4.025235e+01 3.591119e+01 5.381849e+01 5.624341e+01 5.482079e+01 4.933947e+01 4.591123e+01 4.707227e+01 3.824540e+01 1.204360e-01 2.909865e-01 4.170735e-01 5.298672e-01 6.094062e-01 7.215528e-01 7.536431e-01 9.064618e-01 8.682789e-01 9.168693e-01 8.463376e-01 7.928217e-01 8.932936e-05
<GCONST> 7.317480e+01
<MIXTURE> 25 1.118642e-02
<MEAN> 25
 1.682550e-01 3.228076e+00 1.598786e+01 -1.178921e+00 -1.108714e+01 -2.046072e+00 -4.588300e+00 -3.119466e+00 -6.758752e+00 -5.411217e+00 3.886013e+00 -1.029614e+00 -6.595364e-02 3.931768e-01 2.441339e-01 2.159630e-01 2.156106e-01 1.129007e-01 2.632045e-01 -7.688823e-02 -2.128556e-01 7.312779e-02 -1.748015e-01 -1.249819e-01 -1.552384e-02
<VARIANCE> 25
 8.755450e+00 2.162553e+01 2.454425e+01 2.994878e+01 3.121435e+01 4.598164e+01 2.682063e+01 2.818380e+01 2.615015e+01 3.342843e+01 1.976946e+01 2.924569e+01 6.140843e-01 1.411186e+00 1.594302e+00 1.374627e+00 2.287425e+00 1.997500e+00 1.783475e+00 1.679629e+00 1.477248e+00 1.700261e+00 1.343632e+00 1.228269e+00 1.289845e-03
<GCONST> 8.284721e+01
<MIXTURE> 26 7.727677e-03
<MEAN> 25
 2.176583e+00 -6.440376e+00 -1.038997e+01 -7.013609e-01 8.006076e+00 5.500340e+00 4.066327e+00 -2.775978e-01 2.280445e+00 -9.545655e-01 -2.901374e+00 -9.943215e-01 -6.536531e-01 6.277981e-01 3.656772e-01 6.981760e-01 1.748340e-01 2.424065e-01 2.889232e-01 3.343053e-01 2.892076e-01 8.469961e-02 3.859985e-01 4.265033e-01 -5.276499e-02
<VARIANCE> 25
 2.518185e+01 3.407085e+01 2.569689e+01 6.237710e+01 3.894903e+01 4.237215e+01 4.632868e+01 4.409174e+01 3.931167e+01 5.441558e+01 4.007167e+01 4.669002e+01 1.649070e+00 1.958080e+00 1.930451e+00 2.000523e+00 2.318782e+00 2.365934e+00 2.518790e+00 2.737068e+00 2.337492e+00 2.337172e+00 2.162191e+00 2.003427e+00 3.318181e-03
<GCONST> 9.392610e+01
<MIXTURE> 27 7.727677e-03
<MEAN> 25
 2.176583e+00 -6.440376e+00 -1.038997e+01 -7.013609e-01 8.006076e+00 5.500340e+00 4.066327e+00 -2.775978e-01 2.280445e+00 -9.545655e-01 -2.901374e+00 -9.943215e-01 -6.536531e-01 6.277981e-01 3.656772e-01 6.981760e-01 1.748340e-01 2.424065e-01 2.889232e-01 3.343053e-01 2.892076e-01 8.469961e-02 3.859985e-01 4.265033e-01 -5.276499e-02
<VARIANCE> 25
 2.518185e+01 3.407085e+01 2.569689e+01 6.237710e+01 3.894903e+01 4.237215e+01 4.632868e+01 4.409174e+01 3.931167e+01 5.441558e+01 4.007167e+01 4.669002e+01 1.649070e+00 1.958080e+00 1.930451e+00 2.000523e+00 2.318782e+00 2.365934e+00 2.518790e+00 2.737068e+00 2.337492e+00 2.337172e+00 2.162191e+00 2.003427e+00 3.318181e-03
<GCONST> 9.392610e+01
<MIXTURE> 28 5.036674e-03
<MEAN> 25
 -5.435818e+00 -9.599774e-02 -1.763434e+00 6.256696e+00 5.228686e+00 3.525291e+00 5.658576e+00 3.411565e+00 3.946117e+00 2.455738e+00 2.236471e+00 2.870963e+00 -1.161283e-01 2.292661e-01 5.116733e-01 7.734020e-01 7.649034e-01 6.693401e-01 5.277812e-01 4.884762e-01 4.740646e-01 5.236101e-01 3.550514e-01 2.161695e-01 -2.723556e-05
<VARIANCE> 25
 9.714017e+00 7.925351e+00 1.216520e+01 1.557039e+01 1.406734e+01 1.668745e+01 1.829903e+01 1.939836e+01 1.654314e+01 1.703456e+01 2.188331e+01 1.564682e+01 2.440702e-01 3.216023e-01 3.869273e-01 4.542937e-01 6.260893e-01 8.163129e-01 1.002195e+00 1.272483e+00 1.131813e+00 1.015839e+00 1.034994e+00 1.024838e+00 9.599648e-07
<GCONST> 5.997304e+01
<MIXTURE> 29 5.036674e-03
<MEAN> 25
 -5.435818e+00 -9.599774e-02 -1.763434e+00 6.256696e+00 5.228686e+00 3.525291e+00 5.658576e+00 3.411565e+00 3.946117e+00 2.455738e+00 2.236471e+00 2.870963e+00 -1.161283e-01 2.292661e-01 5.116733e-01 7.734020e-01 7.649034e-01 6.693401e-01 5.277812e-01 4.884762e-01 4.740646e-01 5.236101e-01 3.550514e-01 2.161695e-01 -2.723556e-05
<VARIANCE> 25
 9.714017e+00 7.925351e+00 1.216520e+01 1.557039e+01 1.406734e+01 1.668745e+01 1.829903e+01 1.939836e+01 1.654314e+01 1.703456e+01 2.188331e+01 1.564682e+01 2.440702e-01 3.216023e-01 3.869273e-01 4.542937e-01 6.260893e-01 8.163129e-01 1.002195e+00 1.272483e+00 1.131813e+00 1.015839e+00 1.034994e+00 1.024838e+00 9.599648e-07
<GCONST> 5.997304e+01
<MIXTURE> 30 8.917812e-03
<MEAN> 25
 -4.504520e+00 -2.489659e-01 3.615104e-01 8.574299e+00 7.910514e+00 7.365126e+00 8.218644e+00 7.324671e+00 6.008552e+00 4.220572e+00 6.542082e+00 3.028502e+00 -3.622275e-02 -1.967781e-02 4.516608e-02 1.772656e-01 1.250991e-01 -4.275741e-02 1.577548e-02 -3.419897e-03 -2.854090e-02 4.827831e-02 1.573648e-01 8.823404e-02 -2.528159e-04
<VARIANCE> 25
 6.121023e+00 8.648026e+00 9.656597e+00 1.372023e+01 1.486045e+01 1.508844e+01 1.936676e+01 1.772801e+01 1.649180e+01 1.994959e+01 2.292855e+01 1.446225e+01 1.115065e-01 1.980911e-01 3.293574e-01 5.099492e-01 5.789566e-01 7.036279e-01 7.015557e-01 7.393543e-01 9.224690e-01 1.019068e+00 9.203039e-01 8.621725e-01 5.155101e-05
<GCONST> 6.033650e+01
<MIXTURE> 31 4.136493e-03
<MEAN> 25
 -3.351793e+00 -5.468340e+00 -7.861357e-03 4.693155e+00 3.678665e+00 1.903987e+00 5.558767e+00 6.634495e+00 2.702760e+00 1.245299e+00 6.210913e+00 2.950712e+00 2.488306e-01 4.762003e-01 -2.246967e-01 3.139419e-01 1.192455e-01 3.923280e-01 2.125761e-01 1.352057e-02 4.347820e-01 4.226999e-01 1.003464e-01 7.693256e-02 -1.853755e-02
<VARIANCE> 25
 6.903862e+00 1.575068e+01 1.695594e+01 1.813393e+01 2.440471e+01 2.385037e+01 2.501324e+01 2.465791e+01 2.585357e+01 2.746143e+01 2.231854e+01 1.910746e+01 1.934726e-01 4.869769e-01 6.385453e-01 7.566769e-01 9.628654e-01 1.075899e+00 1.204586e+00 1.334864e+00 1.430307e+00 1.335161e+00 1.248416e+00 1.143695e+00 2.589432e-04
<GCONST> 7.194102e+01
<MIXTURE> 32 4.136493e-03
<MEAN> 25
 -3.351793e+00 -5.468340e+00 -7.861357e-03 4.693155e+00 3.678665e+00 1.903987e+00 5.558767e+00 6.634495e+00 2.702760e+00 1.245299e+00 6.210913e+00 2.950712e+00 2.488306e-01 4.762003e-01 -2.246967e-01 3.139419e-01 1.192455e-01 3.923280e-01 2.125761e-01 1.352057e-02 4.347820e-01 4.226999e-01 1.003464e-01 7.693256e-02 -1.853755e-02
<VARIANCE> 25
 6.903862e+00 1.575068e+01 1.695594e+01 1.813393e+01 2.440471e+01 2.385037e+01 2.501324e+01 2.465791e+01 2.585357e+01 2.746143e+01 2.231854e+01 1.910746e+01 1.934726e-01 4.869769e-01 6.385453e-01 7.566769e-01 9.628654e-01 1.075899e+00 1.204586e+00 1.334864e+00 1.430307e+00 1.335161e+00 1.248416e+00 1.143695e+00 2.589432e-04
<GCONST> 7.194102e+01
<MIXTURE> 33 1.508826e-02
<MEAN> 25
 6.728258e+00 -3.697249e+00 -2.124468e+00 -1.646716e+00 -2.117418e+00 -6.224331e+00 -6.736401e+00 1.729757e+00 1.924258e+00 -2.473358e-01 -3.791346e+00 -2.344253e+00 8.506512e-01 -1.037655e+00 -2.353105e+00 -1.477275e+00 1.289841e+00 1.532012e+00 -7.775350e-01 3.129945e-01 1.016002e+00 9.753166e-01 -4.326847e-01 -1.574192e+00 3.075237e-02
<VARIANCE> 25
 8.505984e+00 1.740955e+01 2.416631e+01 3.208265e+01 3.267701e+01 4.311604e+01 3.549530e+01 3.776631e+01 3.334882e+01 3.533617e+01 3.150462e+01 2.458348e+01 1.102030e+00 1.619827e+00 1.769979e+00 2.181665e+00 3.627413e+00 3.020838e+00 3.399415e+00 5.069316e+00 3.057350e+00 4.120709e+00 2.911684e+00 2.498775e+00 1.375231e-03
<GCONST> 9.087387e+01
<MIXTURE> 34 1.588179e-02
<MEAN> 25
 8.702961e+00 -1.856622e-01 -3.323524e-02 4.020348e-01 -3.134064e+00 -5.781733e-01 -6.277857e+00 -5.005873e+00 -1.461093e+00 4.269448e-01 -2.879341e+00 -3.645176e+00 -6.637071e-03 1.262294e+00 1.473757e+00 2.302783e+00 -3.514501e-02 -6.486337e-02 8.587733e-01 -1.570334e+00 -8.964221e-01 2.346913e-01 -4.688723e-01 2.626506e-02 -5.920163e-02
<VARIANCE> 25
 7.568985e+00 2.826073e+01 3.003323e+01 5.084435e+01 3.826936e+01 5.055369e+01 5.054812e+01 5.597034e+01 4.944343e+01 4.002800e+01 4.418983e+01 2.840158e+01 1.158154e+00 1.988690e+00 3.980432e+00 3.827266e+00 5.547415e+00 5.299451e+00 5.006332e+00 5.873542e+00 4.631145e+00 4.434181e+00 4.723340e+00 3.812701e+00 1.120011e-03
<GCONST> 9.832284e+01
<MIXTURE> 35 1.467755e-02
<MEAN> 25
 -2.158994e+00 -5.244100e+00 -9.978464e+00 2.202438e-01 9.709879e+00 7.999405e-01 1.612002e+00 2.547028e+00 1.473964e+00 4.576429e+00 4.197738e-02 1.881385e+00 5.475984e-01 -1.115902e+00 -1.425679e+00 -1.384791e+00 4.072630e-01 -7.987263e-01 -6.824734e-01 -1.346954e-01 -1.587341e-01 1.614968e-01 -6.524220e-01 -4.940064e-01 1.077526e-01
<VARIANCE> 25
 1.958421e+01 2.948292e+01 4.342928e+01 6.234304e+01 4.206425e+01 5.751431e+01 5.101559e+01 4.367715e+01 5.037828e+01 3.852551e+01 3.658596e+01 3.093972e+01 3.462674e+00 3.575681e+00 6.787129e+00 5.559849e+00 5.219570e+00 5.579401e+00 4.921165e+00 4.751341e+00 5.052025e+00 4.519745e+00 4.078227e+00 3.803887e+00 5.295520e-03
<GCONST> 1.036113e+02
<MIXTURE> 36 1.093293e-02
<MEAN> 25
 3.982204e+00 -1.668432e+00 5.560328e+00 2.702290e+00 -8.639205e+00 -8.742293e+00 -3.704637e+00 2.828125e+00 -2.792952e+00 -3.743447e+00 2.780515e+00 1.374895e+00 3.954129e-01 3.341973e-01 -9.631630e-01 -1.023773e-01 1.068660e+00 1.261400e-01 -5.671000e-01 1.894997e-01 2.382687e-01 7.593613e-01 -6.588815e-01 -6.954811e-01 -2.319556e-02
<VARIANCE> 25
 1.349564e+01 1.465010e+01 2.270835e+01 2.161991e+01 2.364566e+01 4.288251e+01 3.946957e+01 2.616127e+01 2.544517e+01 2.115734e+01 1.897789e+01 2.064062e+01 3.969416e-01 6.860895e-01 1.076400e+00 1.085107e+00 1.579655e+00 2.440507e+00 1.834183e+00 1.317340e+00 1.775897e+00 1.382782e+00 1.132743e+00 1.359043e+00 7.567896e-04
<GCONST> 7.878020e+01
<MIXTURE> 37 1.246826e-02
<MEAN> 25
 1.472888e-01 7.217948e+00 1.103921e+01 -5.852357e+00 -7.392046e+00 -1.236885e+00 -4.877737e+00 -7.465943e+00 -3.974100e+00 -1.160579e+00 -3.567383e+00 -1.970630e+00 2.286519e-01 5.534065e-01 -1.167720e+00 3.216738e+00 1.967854e+00 -3.143130e-01 1.294948e+00 7.901406e-01 6.345664e-01 -5.802949e-02 2.849279e-01 -4.025893e-01 -9.535705e-02
<VARIANCE> 25
 1.492316e+01 2.349716e+01 2.889248e+01 4.361756e+01 3.029116e+01 3.221025e+01 4.297090e+01 3.275272e+01 4.022262e+01 3.305663e+01 3.210135e+01 3.074608e+01 2.529245e+00 3.106422e+00 2.636483e+00 4.011958e+00 3.838278e+00 3.163088e+00 3.919161e+00 3.756181e+00 3.065044e+00 3.312998e+00 3.707616e+00 2.714870e+00 3.443772e-03
<GCONST> 9.572754e+01
<MIXTURE> 38 1.154525e-02
<MEAN> 25
 -4.595369e+00 8.529591e+00 5.318281e+00 2.166073e+00 1.838726e+00 -5.303485e+00 -2.155396e-01 -3.053268e+00 -2.868021e+00 -3.000074e+00 -4.032144e-01 -4.381615e-01 -4.448759e+00 9.010473e-01 -3.022842e-01 9.535331e-01 3.019520e+00 1.024745e+00 2.171099e+00 1.087787e+00 5.250270e-01 3.977781e-01 9.428239e-01 -6.015490e-02 5.697322e-02
<VARIANCE> 25
 2.850579e+01 2.456580e+01 3.402708e+01 2.945439e+01 5.060144e+01 3.733359e+01 3.003218e+01 3.397247e+01 2.949376e+01 2.703877e+01 2.551873e+01 3.298249e+01 2.097962e+00 4.046929e+00 3.123605e+00 4.814175e+00 4.955928e+00 5.673590e+00 3.889844e+00 4.434120e+00 3.772714e+00 4.210625e+00 3.824673e+00 3.281408e+00 2.256801e-03
<GCONST> 9.753185e+01
<MIXTURE> 39 9.501865e-03
<MEAN> 25
 1.503377e+00 1.744921e+00 8.507528e+00 -8.005433e+00 -1.205827e+01 4.222776e-01 -3.688972e+00 -6.400847e+00 -4.340036e+00 8.104529e-01 -3.070749e+00 -6.331822e-01 -6.379634e-01 1.183355e+00 1.788203e+00 -1.364210e+00 8.569206e-02 1.366447e+00 -1.103675e+00 -1.115155e+00 2.946359e-01 1.720841e-01 -7.083966e-01 -3.314764e-02 -3.146255e-03
<VARIANCE> 25
 7.051622e+00 2.688772e+01 3.213982e+01 3.674590e+01 3.070391e+01 3.973647e+01 4.080520e+01 2.738284e+01 3.236963e+01 2.547435e+01 4.359422e+01 2.962526e+01 5.953172e-01 1.806791e+00 1.375341e+00 2.294441e+00 2.584503e+00 2.989836e+00 2.537790e+00 2.262493e+00 2.621011e+00 2.443226e+00 1.731764e+00 2.001950e+00 1.278055e-03
<GCONST> 8.772212e+01
<MIXTURE> 40 1.030800e-02
<MEAN> 25
 -9.109888e+00 1.932707e+00 -1.146931e+00 7.925421e+00 3.933764e+00 5.502953e+00 5.693627e+00 4.545249e+00 4.583072e+00 4.164310e+00 5.491419e+00 1.552698e+00 -7.653723e-02 -2.532979e-01 -1.072771e-02 -2.020723e-01 -1.370980e-01 -1.369823e-01 2.695649e-02 6.104285e-02 -2.657109e-02 3.904508e-02 1.146506e-01 5.907023e-02 3.231189e-03
<VARIANCE> 25
 4.052556e+01 2.025165e+01 2.809718e+01 2.758636e+01 2.536881e+01 1.874044e+01 2.083447e+01 1.845164e+01 1.696716e+01 1.841682e+01 1.933662e+01 1.427608e+01 7.423596e-01 7.322462e-01 9.176847e-01 1.087713e+00 1.134091e+00 1.240336e+00 1.293812e+00 1.220428e+00 1.212862e+00 1.241660e+00 1.212576e+00 1.058061e+00 8.256874e-04
<GCONST> 7.653712e+01
<MIXTURE> 41 6.713375e-03
<MEAN> 25
 1.309834e+00 1.829422e+00 1.026966e+01 -6.885643e+00 -1.048671e+01 -3.810476e+00 -2.444706e+00 -5.042785e+00 -4.678442e+00 2.587160e+00 -1.596464e+00 -7.460554e-01 6.474556e-02 -7.487566e-01 1.705081e+00 -3.523395e+00 -2.439058e+00 -1.363712e-01 -4.984217e-01 -3.819760e-01 -7.902257e-01 1.038131e+00 -1.027558e+00 9.462812e-02 8.565290e-02
<VARIANCE> 25
 1.147295e+01 2.918397e+01 3.405615e+01 3.988215e+01 3.811029e+01 3.972844e+01 3.643861e+01 2.966595e+01 3.295343e+01 2.853451e+01 3.229985e+01 2.863090e+01 3.126700e+00 3.269870e+00 3.753999e+00 3.780630e+00 4.870212e+00 5.851150e+00 4.627947e+00 4.535291e+00 4.005473e+00 4.235595e+00 3.861069e+00 3.169217e+00 2.985800e-03
<GCONST> 9.785136e+01
<MIXTURE> 42 1.106211e-02
<MEAN> 25
 -2.408466e+00 4.132601e+00 5.342175e+00 3.044292e+00 -2.641418e-01 -8.379169e+00 -7.312126e-02 -2.100102e+00 -2.275366e+00 -2.139424e+00 -1.356095e+00 2.052411e+00 4.180660e+00 1.699774e-01 1.676716e+00 3.801753e-01 -3.046060e+00 -1.400087e+00 -2.436920e+00 -1.471327e+00 -8.926141e-01 -6.918223e-01 6.197366e-01 -8.735816e-01 5.702158e-03
<VARIANCE> 25
 3.193020e+01 1.832114e+01 3.969509e+01 2.146435e+01 3.446974e+01 5.213488e+01 3.499052e+01 2.637756e+01 3.087933e+01 2.573466e+01 2.001055e+01 2.079586e+01 3.612147e+00 5.045515e+00 5.231623e+00 4.310706e+00 4.122546e+00 5.506890e+00 4.532855e+00 5.873270e+00 4.332791e+00 3.975641e+00 3.700087e+00 3.063756e+00 5.626946e-03
<GCONST> 9.861367e+01
<MIXTURE> 43 7.108249e-03
<MEAN> 25
 3.168416e+00 -6.300697e+00 -2.246964e+00 -5.181473e+00 -7.402546e+00 -3.400601e+00 4.134671e+00 1.310510e+00 -5.065068e+00 -7.089193e+00 -4.318409e+00 -1.247300e+00 2.373375e-01 2.163657e+00 1.912717e+00 -1.345411e-01 -1.427790e+00 -7.910919e-01 -9.692928e-01 -7.784249e-01 8.190127e-01 1.467547e+00 3.415203e-01 1.897177e-02 -4.508751e-02
<VARIANCE> 25
 9.595248e+00 1.972613e+01 2.735867e+01 3.522826e+01 3.839290e+01 3.664415e+01 3.330606e+01 3.978503e+01 3.961642e+01 3.863076e+01 2.658479e+01 2.956053e+01 6.901720e-01 1.250257e+00 1.571615e+00 2.491370e+00 2.380721e+00 2.394236e+00 2.651461e+00 3.025763e+00 2.612506e+00 2.576401e+00 2.330784e+00 1.921990e+00 9.432291e-04
<GCONST> 8.797974e+01
<MIXTURE> 44 7.328289e-03
<MEAN> 25
 -1.486154e+01 1.853300e+00 3.574544e+00 -3.308712e+00 3.431750e+00 1.703294e+00 4.125638e-02 2.241700e+00 1.354666e+00 -9.943523e-01 1.723070e+00 1.671429e+00 -1.861387e-01 -2.736989e-02 1.547422e-01 2.316677e-01 -1.543361e-01 1.925548e-01 4.676165e-01 1.213377e-01 2.579243e-01 1.016856e-01 9.515981e-02 1.383168e-01 3.340719e-03
<VARIANCE> 25
 4.416590e+01 2.853652e+01 3.275204e+01 2.859667e+01 2.867753e+01 3.048209e+01 2.441190e+01 3.052770e+01 2.657027e+01 2.592190e+01 2.822676e+01 2.165082e+01 1.167574e+00 1.538111e+00 1.412146e+00 1.378483e+00 2.177315e+00 1.635693e+00 1.455850e+00 1.606495e+00 1.507640e+00 1.434201e+00 1.376474e+00 1.181496e+00 1.292968e-03
<GCONST> 8.424348e+01
<MIXTURE> 45 1.364932e-02
<MEAN> 25
 -1.311003e+01 3.061745e+00 -6.745261e-01 2.236974e+00 6.625366e+00 -3.846208e-01 5.464621e+00 2.650983e+00 2.911519e+00 1.538776e+00 2.277175e+00 3.129703e+00 -2.970172e+00 3.682287e-01 -6.196424e-01 -5.685014e-01 2.937877e-01 9.087319e-02 7.276338e-01 2.766916e-01 1.016862e-01 -6.256616e-02 -2.847408e-02 1.652401e-01 1.165919e-01
<VARIANCE> 25
 3.436700e+01 2.812406e+01 3.017790e+01 3.429918e+01 3.416708e+01 2.853346e+01 3.054679e+01 2.466838e+01 2.333731e+01 2.403389e+01 2.536166e+01 1.727454e+01 2.264841e+00 3.143529e+00 2.738798e+00 2.422263e+00 2.439789e+00 2.493235e+00 2.707967e+00 2.444493e+00 2.143904e+00 1.925264e+00 2.360968e+00 1.518921e+00 3.751919e-03
<GCONST> 9.034187e+01
<MIXTURE> 46 9.336259e-03
<MEAN> 25
 -9.474776e+00 2.301659e+00 1.193683e+00 7.550495e+00 5.949471e+00 3.328117e+00 7.076495e+00 4.499871e+00 5.706866e+00 4.686522e+00 5.031870e+00 2.929641e+00 1.059972e+00 -2.422868e-01 4.067992e-02 1.001013e+00 6.004984e-01 9.393364e-01 3.884737e-01 6.758766e-01 4.718623e-01 5.068455e-01 6.400731e-01 5.232774e-01 -1.055527e-01
<VARIANCE> 25
 3.436357e+01 4.381828e+01 3.848742e+01 5.011366e+01 5.077781e+01 4.092075e+01 3.703603e+01 3.532235e+01 3.311509e+01 3.094809e+01 2.825862e+01 2.027218e+01 3.907442e+00 4.142386e+00 3.877563e+00 4.133509e+00 4.179767e+00 3.701001e+00 3.379878e+00 3.114406e+00 2.983991e+00 2.864440e+00 2.308179e+00 1.782681e+00 7.952106e-03
<GCONST> 9.830418e+01
<MIXTURE> 47 7.116147e-03
<MEAN> 25
 7.347520e+00 -7.332758e+00 -7.755159e+00 -6.426722e+00 1.497464e+00 8.904643e-01 -2.492560e+00 1.179488e+00 3.050786e+00 2.096151e-01 -4.215817e+00 -6.706543e+00 -1.857391e-01 -1.248747e+00 -6.969997e-01 -4.230794e-01 6.237312e-01 8.175861e-01 8.565593e-01 2.961790e-01 1.268413e-01 -8.780346e-01 -4.538140e-01 -4.475577e-01 2.990106e-02
<VARIANCE> 25
 1.059432e+01 2.102506e+01 2.038817e+01 3.294199e+01 3.589488e+01 5.273949e+01 4.580530e+01 4.077372e+01 4.306985e+01 4.689969e+01 4.835414e+01 3.322639e+01 5.150397e-01 7.708369e-01 1.118697e+00 1.662457e+00 1.962574e+00 2.218532e+00 2.337110e+00 2.508577e+00 2.180231e+00 2.132977e+00 2.189325e+00 2.014809e+00 5.490095e-04
<GCONST> 8.638387e+01
<MIXTURE> 48 7.116147e-03
<MEAN> 25
 7.347520e+00 -7.332758e+00 -7.755159e+00 -6.426722e+00 1.497464e+00 8.904643e-01 -2.492560e+00 1.179488e+00 3.050786e+00 2.096151e-01 -4.215817e+00 -6.706543e+00 -1.857391e-01 -1.248747e+00 -6.969997e-01 -4.230794e-01 6.237312e-01 8.175861e-01 8.565593e-01 2.961790e-01 1.268413e-01 -8.780346e-01 -4.538140e-01 -4.475577e-01 2.990106e-02
<VARIANCE> 25
 1.059432e+01 2.102506e+01 2.038817e+01 3.294199e+01 3.589488e+01 5.273949e+01 4.580530e+01 4.077372e+01 4.306985e+01 4.689969e+01 4.835414e+01 3.322639e+01 5.150397e-01 7.708369e-01 1.118697e+00 1.662457e+00 1.962574e+00 2.218532e+00 2.337110e+00 2.508577e+00 2.180231e+00 2.132977e+00 2.189325e+00 2.014809e+00 5.490095e-04
<GCONST> 8.638387e+01
<MIXTURE> 49 5.548473e-03
<MEAN> 25
 -5.032991e+00 3.339659e-01 9.756777e-02 8.061263e+00 6.044261e+00 5.607005e+00 6.252112e+00 4.761650e+00 5.013537e+00 3.718087e+00 4.521930e+00 2.652535e+00 3.956206e-01 6.449195e-01 7.135245e-01 3.627062e-01 -1.994702e-01 -6.298387e-01 -1.031818e+00 -1.212110e+00 -1.011289e+00 -7.213649e-01 -4.229361e-01 -2.205995e-01 2.488060e-04
<VARIANCE> 25
 9.091548e+00 9.562046e+00 1.359005e+01 1.735127e+01 1.557804e+01 1.644835e+01 1.873229e+01 1.958140e+01 1.736708e+01 1.815735e+01 2.199863e+01 1.407724e+01 2.885074e-01 2.561643e-01 3.433778e-01 5.873664e-01 9.053158e-01 1.172659e+00 9.475582e-01 1.138775e+00 1.117308e+00 1.182159e+00 1.329968e+00 1.183882e+00 1.637610e-05
<GCONST> 6.445761e+01
<MIXTURE> 50 6.234641e-03
<MEAN> 25
 -4.570948e+00 1.335544e-01 -1.408139e+00 5.956833e+00 4.156995e+00 2.218163e+00 3.954652e+00 2.233141e+00 2.763829e+00 1.430326e+00 1.997038e+00 2.643985e+00 6.457326e-02 1.722965e-01 9.890671e-02 -1.875726e-01 -5.221931e-01 -6.138539e-01 -4.082805e-01 -4.657147e-02 3.885569e-01 7.586594e-01 7.817969e-01 4.531243e-01 2.533806e-05
<VARIANCE> 25
 1.047248e+01 1.068892e+01 1.379643e+01 1.542470e+01 1.609958e+01 1.922899e+01 2.033360e+01 2.182812e+01 1.904355e+01 1.692967e+01 2.226683e+01 1.521975e+01 1.408233e-01 2.317881e-01 3.630897e-01 5.053409e-01 5.833881e-01 7.022898e-01 9.364389e-01 1.188377e+00 1.177613e+00 8.835477e-01 9.572579e-01 9.598177e-01 1.026659e-06
<GCONST> 5.972002e+01
<MIXTURE> 51 6.234641e-03
<MEAN> 25
 -4.570948e+00 1.335544e-01 -1.408139e+00 5.956833e+00 4.156995e+00 2.218163e+00 3.954652e+00 2.233141e+00 2.763829e+00 1.430326e+00 1.997038e+00 2.643985e+00 6.457326e-02 1.722965e-01 9.890671e-02 -1.875726e-01 -5.221931e-01 -6.138539e-01 -4.082805e-01 -4.657147e-02 3.885569e-01 7.586594e-01 7.817969e-01 4.531243e-01 2.533806e-05
<VARIANCE> 25
 1.047248e+01 1.068892e+01 1.379643e+01 1.542470e+01 1.609958e+01 1.922899e+01 2.033360e+01 2.182812e+01 1.904355e+01 1.692967e+01 2.226683e+01 1.521975e+01 1.408233e-01 2.317881e-01 3.630897e-01 5.053409e-01 5.833881e-01 7.022898e-01 9.364389e-01 1.188377e+00 1.177613e+00 8.835477e-01 9.572579e-01 9.598177e-01 1.026659e-06
<GCONST> 5.972002e+01
<MIXTURE> 52 6.367945e-03
<MEAN> 25
 1.010271e+01 1.996876e+00 -6.188947e+00 -1.416064e+01 -4.199682e+00 8.491270e+00 -2.838700e+00 -3.158888e+00 -4.308561e+00 -2.057730e+00 3.316735e+00 7.160780e-01 -3.803508e-01 -4.719699e-01 -6.114538e-02 1.139524e+00 1.319821e+00 -4.677095e-01 -5.945521e-01 -6.608512e-01 2.867477e-02 1.240060e+00 3.778414e-01 -5.446272e-01 -1.377073e-02
<VARIANCE> 25
 9.251200e+00 2.052945e+01 2.528251e+01 3.958387e+01 4.549689e+01 3.056814e+01 4.687791e+01 4.958301e+01 4.391462e+01 4.594028e+01 3.979356e+01 2.989388e+01 4.504953e-01 1.470767e+00 1.320130e+00 2.747199e+00 2.359179e+00 2.203551e+00 2.976002e+00 2.796588e+00 2.998026e+00 2.648479e+00 2.504775e+00 2.262860e+00 1.529992e-03
<GCONST> 8.975014e+01
<MIXTURE> 53 6.367945e-03
<MEAN> 25
 1.010271e+01 1.996876e+00 -6.188947e+00 -1.416064e+01 -4.199682e+00 8.491270e+00 -2.838700e+00 -3.158888e+00 -4.308561e+00 -2.057730e+00 3.316735e+00 7.160780e-01 -3.803508e-01 -4.719699e-01 -6.114538e-02 1.139524e+00 1.319821e+00 -4.677095e-01 -5.945521e-01 -6.608512e-01 2.867477e-02 1.240060e+00 3.778414e-01 -5.446272e-01 -1.377073e-02
<VARIANCE> 25
 9.251200e+00 2.052945e+01 2.528251e+01 3.958387e+01 4.549689e+01 3.056814e+01 4.687791e+01 4.958301e+01 4.391462e+01 4.594028e+01 3.979356e+01 2.989388e+01 4.504953e-01 1.470767e+00 1.320130e+00 2.747199e+00 2.359179e+00 2.203551e+00 2.976002e+00 2.796588e+00 2.998026e+00 2.648479e+00 2.504775e+00 2.262860e+00 1.529992e-03
<GCONST> 8.975014e+01
<MIXTURE> 54 7.368620e-03
<MEAN> 25
 -3.678044e+00 -4.643155e-02 -8.250763e-01 7.562708e+00 6.476067e+00 4.626677e+00 5.080255e+00 4.640557e+00 3.985979e+00 3.446523e+00 4.148077e+00 2.000202e+00 -3.774975e-03 3.217157e-02 2.264429e-02 3.544600e-02 7.896677e-02 5.672133e-02 1.513663e-02 1.406171e-02 9.100581e-02 4.268038e-02 -2.428086e-02 3.780218e-02 -1.497213e-05
<VARIANCE> 25
 8.574614e+00 9.804969e+00 9.063345e+00 2.031596e+01 1.252380e+01 1.313860e+01 1.334073e+01 1.095679e+01 1.137515e+01 1.324572e+01 1.818981e+01 1.321672e+01 3.831926e-02 8.692124e-02 1.489853e-01 2.172134e-01 3.069510e-01 3.841169e-01 4.782431e-01 5.260561e-01 5.627633e-01 5.253183e-01 5.273337e-01 5.152611e-01 9.314819e-07
<GCONST> 4.711834e+01
<MIXTURE> 55 7.368620e-03
<MEAN> 25
 -3.678044e+00 -4.643155e-02 -8.250763e-01 7.562708e+00 6.476067e+00 4.626677e+00 5.080255e+00 4.640557e+00 3.985979e+00 3.446523e+00 4.148077e+00 2.000202e+00 -3.774975e-03 3.217157e-02 2.264429e-02 3.544600e-02 7.896677e-02 5.672133e-02 1.513663e-02 1.406171e-02 9.100581e-02 4.268038e-02 -2.428086e-02 3.780218e-02 -1.497213e-05
<VARIANCE> 25
 8.574614e+00 9.804969e+00 9.063345e+00 2.031596e+01 1.252380e+01 1.313860e+01 1.334073e+01 1.095679e+01 1.137515e+01 1.324572e+01 1.818981e+01 1.321672e+01 3.831926e-02 8.692124e-02 1.489853e-01 2.172134e-01 3.069510e-01 3.841169e-01 4.782431e-01 5.260561e-01 5.627633e-01 5.253183e-01 5.273337e-01 5.152611e-01 9.314819e-07
<GCONST> 4.711834e+01
<MIXTURE> 56 6.132464e-03
<MEAN> 25
 8.127504e+00 -5.510392e+00 -9.281961e+00 -7.212668e+00 3.581955e+00 5.128623e+00 -5.340014e+00 -3.633318e+00 3.330576e+00 1.879251e+00 -6.852199e-01 -5.777659e+00 1.898063e-02 7.577687e-02 -1.413408e-01 1.498128e-01 2.451404e-01 -1.815705e-02 -7.267427e-02 -4.511198e-01 -5.083910e-02 -3.452133e-02 1.079420e-02 2.460269e-01 -4.374756e-03
<VARIANCE> 25
 7.190701e+00 1.917946e+01 1.548627e+01 3.420306e+01 2.468420e+01 3.925584e+01 6.106896e+01 3.857765e+01 3.202650e+01 2.980918e+01 3.349051e+01 2.884595e+01 1.615023e-01 3.567559e-01 4.603492e-01 8.531667e-01 6.622379e-01 1.115355e+00 9.718902e-01 1.043535e+00 8.906713e-01 8.639393e-01 8.955445e-01 9.843650e-01 1.906532e-04
<GCONST> 7.249084e+01
<MIXTURE> 57 6.132464e-03
<MEAN> 25
 8.127504e+00 -5.510392e+00 -9.281961e+00 -7.212668e+00 3.581955e+00 5.128623e+00 -5.340014e+00 -3.633318e+00 3.330576e+00 1.879251e+00 -6.852199e-01 -5.777659e+00 1.898063e-02 7.577687e-02 -1.413408e-01 1.498128e-01 2.451404e-01 -1.815705e-02 -7.267427e-02 -4.511198e-01 -5.083910e-02 -3.452133e-02 1.079420e-02 2.460269e-01 -4.374756e-03
<VARIANCE> 25
 7.190701e+00 1.917946e+01 1.548627e+01 3.420306e+01 2.468420e+01 3.925584e+01 6.106896e+01 3.857765e+01 3.202650e+01 2.980918e+01 3.349051e+01 2.884595e+01 1.615023e-01 3.567559e-01 4.603492e-01 8.531667e-01 6.622379e-01 1.115355e+00 9.718902e-01 1.043535e+00 8.906713e-01 8.639393e-01 8.955445e-01 9.843650e-01 1.906532e-04
<GCONST> 7.249084e+01
<MIXTURE> 58 6.172147e-03
<MEAN> 25
 2.748739e+00 -2.750903e+00 7.062304e+00 -4.872362e+00 -1.311166e+01 -4.675265e+00 1.252836e+00 8.192402e-01 -2.768154e+00 1.413486e+00 7.441796e-01 -3.480001e-01 -8.352131e-02 -7.543869e-02 1.627659e-02 -2.815797e-01 -1.394159e-02 1.578789e-01 3.720050e-01 1.969932e-01 4.957363e-02 8.719156e-03 -1.558353e-01 -9.415954e-02 -3.520573e-03
<VARIANCE> 25
 7.243781e+00 1.469466e+01 2.021656e+01 2.673441e+01 2.278640e+01 5.017093e+01 3.214896e+01 3.186260e+01 3.168731e+01 2.953810e+01 2.297728e+01 2.169534e+01 3.053557e-01 8.511025e-01 8.764700e-01 1.204710e+00 9.857992e-01 1.212281e+00 1.082364e+00 1.228714e+00 1.095589e+00 1.035755e+00 8.802257e-01 8.427276e-01 6.883721e-04
<GCONST> 7.565038e+01
<MIXTURE> 59 6.172147e-03
<MEAN> 25
 2.748739e+00 -2.750903e+00 7.062304e+00 -4.872362e+00 -1.311166e+01 -4.675265e+00 1.252836e+00 8.192402e-01 -2.768154e+00 1.413486e+00 7.441796e-01 -3.480001e-01 -8.352131e-02 -7.543869e-02 1.627659e-02 -2.815797e-01 -1.394159e-02 1.578789e-01 3.720050e-01 1.969932e-01 4.957363e-02 8.719156e-03 -1.558353e-01 -9.415954e-02 -3.520573e-03
<VARIANCE> 25
 7.243781e+00 1.469466e+01 2.021656e+01 2.673441e+01 2.278640e+01 5.017093e+01 3.214896e+01 3.186260e+01 3.168731e+01 2.953810e+01 2.297728e+01 2.169534e+01 3.053557e-01 8.511025e-01 8.764700e-01 1.204710e+00 9.857992e-01 1.212281e+00 1.082364e+00 1.228714e+00 1.095589e+00 1.035755e+00 8.802257e-01 8.427276e-01 6.883721e-04
<GCONST> 7.565038e+01
<MIXTURE> 60 4.479129e-03
<MEAN> 25
 -4.232880e+00 -6.491825e-01 -1.133892e+00 3.601811e+00 1.725013e+00 2.083165e+00 1.779394e+00 1.561761e+00 2.128257e+00 1.323552e+00 2.337787e+00 1.881926e+00 -4.069048e-02 5.581978e-02 9.632956e-02 1.224886e-01 1.308461e-01 1.350256e-01 1.798342e-01 3.546291e-01 5.583634e-01 6.743674e-01 5.327637e-01 3.031057e-01 -5.179308e-04
<VARIANCE> 25
 6.919173e+00 4.480882e+00 1.025337e+01 1.134663e+01 1.401670e+01 1.712173e+01 1.442995e+01 1.183100e+01 1.263013e+01 1.339437e+01 1.595648e+01 1.222063e+01 9.761418e-02 1.683233e-01 2.780978e-01 4.399522e-01 5.734526e-01 7.135517e-01 8.134139e-01 9.480801e-01 8.953885e-01 8.299839e-01 8.425044e-01 8.498917e-01 2.333293e-05
<GCONST> 5.650271e+01
<MIXTURE> 61 4.479129e-03
<MEAN> 25
 -4.232880e+00 -6.491825e-01 -1.133892e+00 3.601811e+00 1.725013e+00 2.083165e+00 1.779394e+00 1.561761e+00 2.128257e+00 1.323552e+00 2.337787e+00 1.881926e+00 -4.069048e-02 5.581978e-02 9.632956e-02 1.224886e-01 1.308461e-01 1.350256e-01 1.798342e-01 3.546291e-01 5.583634e-01 6.743674e-01 5.327637e-01 3.031057e-01 -5.179308e-04
<VARIANCE> 25
 6.919173e+00 4.480882e+00 1.025337e+01 1.134663e+01 1.401670e+01 1.712173e+01 1.442995e+01 1.183100e+01 1.263013e+01 1.339437e+01 1.595648e+01 1.222063e+01 9.761418e-02 1.683233e-01 2.780978e-01 4.399522e-01 5.734526e-01 7.135517e-01 8.134139e-01 9.480801e-01 8.953885e-01 8.299839e-01 8.425044e-01 8.498917e-01 2.333293e-05
<GCONST> 5.650271e+01
<MIXTURE> 62 3.278034e-03
<MEAN> 25
 -5.041057e+00 1.299797e+00 1.041474e+00 8.687269e+00 6.109170e+00 5.058465e+00 5.514505e+00 3.949030e+00 4.881523e+00 3.877111e+00 4.806315e+00 2.848182e+00 -9.987656e-01 -1.150462e+00 -9.506096e-01 -2.565115e-01 4.448422e-01 1.020760e+00 1.397953e+00 1.570089e+00 1.489139e+00 1.230848e+00 1.039105e+00 7.254088e-01 -1.434336e-03
<VARIANCE> 25
 9.784124e+00 9.982242e+00 1.285901e+01 1.714118e+01 1.708250e+01 1.717211e+01 1.929795e+01 1.912414e+01 1.890549e+01 1.838374e+01 2.239803e+01 1.498168e+01 3.991915e-01 4.339585e-01 5.448617e-01 7.801900e-01 1.039892e+00 1.191805e+00 1.243367e+00 1.268526e+00 1.307894e+00 1.358122e+00 1.466026e+00 1.343663e+00 1.740864e-05
<GCONST> 6.753867e+01
<MIXTURE> 63 4.351215e-03
<MEAN> 25
 -4.230518e+00 -2.236892e+00 -4.554711e+00 2.814410e+00 3.678787e+00 1.822867e-01 3.276161e+00 1.781927e+00 2.361463e+00 -9.044044e-01 -1.294069e+00 2.194627e+00 -1.008804e-01 2.992072e-01 3.823560e-01 5.050884e-01 3.942911e-01 4.405013e-01 4.052712e-01 1.915553e-01 1.873464e-01 2.709256e-01 2.329331e-01 1.251149e-01 -4.353863e-03
<VARIANCE> 25
 8.353585e+00 1.462119e+01 1.614133e+01 1.546047e+01 1.871147e+01 2.844403e+01 2.424079e+01 2.450685e+01 2.392161e+01 2.112291e+01 2.011213e+01 1.730188e+01 2.631815e-01 4.681785e-01 6.379032e-01 6.900008e-01 8.798373e-01 1.160050e+00 1.241609e+00 1.332799e+00 1.401293e+00 1.454016e+00 1.276388e+00 1.233357e+00 1.900653e-04
<GCONST> 7.122014e+01
<MIXTURE> 64 4.351215e-03
<MEAN> 25
 -4.230518e+00 -2.236892e+00 -4.554711e+00 2.814410e+00 3.678787e+00 1.822867e-01 3.276161e+00 1.781927e+00 2.361463e+00 -9.044044e-01 -1.294069e+00 2.194627e+00 -1.008804e-01 2.992072e-01 3.823560e-01 5.050884e-01 3.942911e-01 4.405013e-01 4.052712e-01 1.915553e-01 1.873464e-01 2.709256e-01 2.329331e-01 1.251149e-01 -4.353863e-03
<VARIANCE> 25
 8.353585e+00 1.462119e+01 1.614133e+01 1.546047e+01 1.871147e+01 2.844403e+01 2.424079e+01 2.450685e+01 2.392161e+01 2.112291e+01 2.011213e+01 1.730188e+01 2.631815e-01 4.681785e-01 6.379032e-01 6.900008e-01 8.798373e-01 1.160050e+00 1.241609e+00 1.332799e+00 1.401293e+00 1.454016e+00 1.276388e+00 1.233357e+00 1.900653e-04
<GCONST> 7.122014e+01
<MIXTURE> 65 1.721197e-02
<MEAN> 25
 7.600411e+00 1.422059e+00 8.723933e-01 1.920626e-02 -5.673887e+00 -2.347740e+00 -5.443847e+00 -6.534434e+00 -3.949657e+00 -9.054883e-01 -3.012930e+00 -1.304789e+00 4.473227e-02 7.822236e-02 2.286095e-01 4.334571e-02 -2.289360e-01 3.578347e-01 -7.568770e-02 -4.460046e-01 2.316320e-02 1.152428e-01 2.026113e-02 -1.262379e-01 -4.309252e-03
<VARIANCE> 25
 9.084061e+00 1.767519e+01 2.317165e+01 2.912533e+01 3.020745e+01 5.259217e+01 4.596268e+01 6.196536e+01 6.049706e+01 4.745995e+01 5.751989e+01 4.272985e+01 5.194848e-01 8.021341e-01 1.534991e+00 1.978168e+00 1.956378e+00 2.247326e+00 1.958421e+00 2.894473e+00 2.438898e+00 2.133523e+00 1.937160e+00 2.140477e+00 3.901605e-04
<GCONST> 8.730843e+01
<MIXTURE> 66 1.191532e-02
<MEAN> 25
 6.736567e+00 -4.060035e+00 -5.658044e+00 -5.051563e+00 1.104353e+00 -4.687943e+00 -6.991204e+00 8.005323e-01 8.340889e-01 -1.786566e+00 -6.056971e+00 -3.443945e+00 -3.355776e-02 1.600501e+00 2.236277e+00 2.323195e+00 -1.264199e+00 -1.166452e+00 1.163076e-01 -6.042858e-01 -1.869725e-01 -1.922233e-01 -2.265090e-01 9.666637e-01 -6.242244e-02
<VARIANCE> 25
 8.667304e+00 2.151722e+01 2.618529e+01 3.332310e+01 3.783606e+01 5.559324e+01 5.408883e+01 4.745871e+01 5.281014e+01 6.583452e+01 3.603558e+01 3.519438e+01 1.238671e+00 2.459101e+00 2.280628e+00 2.381439e+00 4.049973e+00 4.349149e+00 4.294718e+00 4.811231e+00 4.133525e+00 4.807109e+00 3.767874e+00 3.302108e+00 1.459950e-03
<GCONST> 9.643182e+01
<MIXTURE> 67 1.559142e-02
<MEAN> 25
 8.965942e+00 2.026099e+00 -5.937308e+00 -8.254538e+00 8.816425e-01 3.110469e+00 -3.356607e+00 -2.243156e+00 -3.756952e+00 7.812779e-01 -7.661061e-02 -1.744206e+00 -1.072069e+00 1.831675e+00 1.059106e+00 3.061771e+00 1.393239e+00 -5.088153e-01 1.306621e+00 1.172117e-01 1.517258e-01 2.506403e-01 -2.686964e-01 6.116208e-01 -1.294476e-01
<VARIANCE> 25
 1.150578e+01 3.871572e+01 3.116264e+01 5.574052e+01 4.899595e+01 5.398640e+01 6.201188e+01 5.268382e+01 6.459404e+01 5.688360e+01 5.561265e+01 4.717432e+01 2.174264e+00 3.457767e+00 3.284826e+00 4.524844e+00 4.526619e+00 4.538761e+00 4.688423e+00 5.059819e+00 5.454030e+00 4.755450e+00 5.134089e+00 3.764718e+00 3.083268e-03
<GCONST> 1.029002e+02
<MIXTURE> 68 1.485092e-02
<MEAN> 25
 -2.103702e+00 -2.113234e+00 -3.805444e+00 1.369005e+00 5.121990e+00 -6.142222e-01 2.169278e+00 1.633474e+00 2.115446e+00 1.527656e+00 2.865341e-01 2.126478e+00 2.710722e+00 5.985245e-01 9.657224e-02 -2.474533e+00 -2.449688e+00 -1.709234e+00 -2.347301e+00 -1.930343e+00 -1.615510e+00 -1.484906e+00 -1.841002e+00 -9.065305e-01 1.062731e-01
<VARIANCE> 25
 2.536165e+01 3.179446e+01 5.876425e+01 5.074844e+01 4.629875e+01 5.453669e+01 4.393395e+01 4.337882e+01 3.907487e+01 4.236773e+01 3.717156e+01 2.705134e+01 1.867210e+00 3.648608e+00 5.860465e+00 5.928326e+00 4.541667e+00 5.706288e+00 5.547092e+00 5.206156e+00 4.818308e+00 5.056118e+00 5.369589e+00 3.830631e+00 6.096641e-03
<GCONST> 1.035532e+02
<MIXTURE> 69 1.204884e-02
<MEAN> 25
 4.651231e+00 -4.197346e+00 -3.459871e+00 -3.527683e+00 -3.451026e+00 -7.993530e+00 -1.151983e+00 2.113119e+00 -4.032553e-01 -4.729444e+00 -5.484930e+00 9.799841e-01 1.679924e+00 -2.221898e+00 -1.341098e+00 -2.197043e+00 -5.514750e-01 -3.224768e-01 -4.636187e-01 6.291186e-01 -6.168610e-01 -1.405495e+00 -2.172660e+00 -1.665519e-01 6.250430e-02
<VARIANCE> 25
 8.738958e+00 2.145765e+01 2.676571e+01 2.589281e+01 4.206515e+01 3.549695e+01 4.806090e+01 3.144520e+01 3.909686e+01 3.730362e+01 3.230590e+01 2.416090e+01 3.475975e+00 2.873791e+00 3.270169e+00 3.729773e+00 5.680025e+00 4.945607e+00 6.973292e+00 5.973610e+00 5.821573e+00 5.912431e+00 4.328089e+00 3.647889e+00 2.404779e-03
<GCONST> 9.843159e+01
<MIXTURE> 70 1.329190e-02
<MEAN> 25
 7.518259e+00 -2.043720e+00 -3.884955e+00 -3.580226e+00 -4.149789e-01 -7.157853e-01 -7.688077e+00 -4.033522e+00 5.753377e-01 2.898981e+00 -1.310055e-01 -4.882732e+00 1.923595e+00 -1.132587e+00 -8.217020e-01 -2.180520e+00 -1.505810e+00 1.170130e+00 -1.331093e+00 -7.951096e-02 3.367074e-01 -2.048994e-02 6.785415e-01 -1.442479e+00 5.824306e-02
<VARIANCE> 25
 9.887577e+00 2.241955e+01 2.820501e+01 4.685983e+01 3.529659e+01 4.491450e+01 4.966429e+01 4.405880e+01 4.682699e+01 3.268657e+01 4.472485e+01 2.720097e+01 3.497897e+00 3.190675e+00 4.719079e+00 4.988575e+00 5.198866e+00 6.455727e+00 6.742972e+00 7.557106e+00 6.127410e+00 5.377639e+00 5.828057e+00 4.323081e+00 2.540474e-03
<GCONST> 1.017932e+02
<MIXTURE> 71 1.406903e-02
<MEAN> 25
 5.845938e+00 5.313345e+00 4.301953e+00 2.629896e+00 -3.152817e+00 -2.723693e+00 -3.453424e+00 -6.116871e+00 -4.530963e+00 -2.059575e+00 -4.860065e+00 -3.524586e+00 -1.641184e+00 -4.186618e-01 -2.632104e-01 -1.628935e+00 1.244968e+00 -4.363827e-01 2.402070e-01 1.288719e+00 2.287731e-01 -2.523777e-01 8.311083e-01 4.837447e-02 3.938521e-02
<VARIANCE> 25
 1.974969e+01 2.421006e+01 2.183600e+01 4.263335e+01 3.892179e+01 4.453725e+01 3.978500e+01 4.161510e+01 3.642000e+01 4.372318e+01 3.472341e+01 3.538740e+01 1.708609e+00 3.454385e+00 4.815238e+00 4.588183e+00 4.404637e+00 5.045490e+00 4.839156e+00 5.425455e+00 3.961514e+00 3.771959e+00 3.491634e+00 3.182617e+00 1.494522e-03
<GCONST> 9.815556e+01
<MIXTURE> 72 8.134747e-03
<MEAN> 25
 3.851247e+00 -3.448970e+00 5.286483e+00 -2.249496e+00 -1.001650e+01 -9.484309e+00 -2.547347e+00 2.112759e+00 -4.822254e+00 -2.169784e+00 -1.712692e+00 8.184598e-01 9.400523e-01 -7.659555e-01 -2.517138e+00 4.489624e-01 2.127840e+00 -6.673519e-01 -1.297740e+00 1.401678e+00 1.776278e+00 -4.979078e-01 -1.296773e+00 2.829745e-01 -6.052367e-03
<VARIANCE> 25
 1.103209e+01 1.931099e+01 3.135057e+01 3.696798e+01 3.253099e+01 3.442879e+01 3.888219e+01 3.563976e+01 4.138758e+01 3.878018e+01 3.707487e+01 2.784951e+01 4.177988e-01 9.805164e-01 1.945664e+00 1.412489e+00 2.106671e+00 2.283543e+00 2.912886e+00 2.817084e+00 2.485222e+00 3.016937e+00 2.035711e+00 2.214029e+00 5.352746e-04
<GCONST> 8.672118e+01
<MIXTURE> 73 1.213625e-02
<MEAN> 25
 -5.660811e+00 -6.340522e-01 -1.156155e+00 4.781112e+00 4.390245e+00 2.616393e+00 5.561002e+00 3.565376e+00 4.408605e+00 3.033501e+00 3.349052e+00 3.048656e+00 8.331444e-01 -8.138330e-01 -7.205417e-01 -2.348854e+00 -1.387115e+00 -1.890923e+00 -1.020927e+00 -8.621104e-01 -8.430877e-01 -8.123829e-01 -1.004340e+00 7.861770e-03 1.551440e-01
<VARIANCE> 25
 1.173323e+01 1.248717e+01 1.412346e+01 2.099370e+01 2.152290e+01 2.333923e+01 1.866776e+01 1.984067e+01 1.627487e+01 1.900808e+01 2.904340e+01 1.453115e+01 3.751967e+00 3.312866e+00 5.935204e+00 5.141660e+00 5.960279e+00 4.545606e+00 4.090498e+00 5.239563e+00 3.670683e+00 3.981635e+00 3.438672e+00 3.266308e+00 4.027948e-03
<GCONST> 9.242833e+01
<MIXTURE> 74 1.756491e-02
<MEAN> 25
 4.273262e+00 -1.392709e+00 5.765174e+00 -1.308624e+00 -8.736423e+00 -6.101497e+00 -1.943809e+00 5.527334e-01 -4.505767e+00 -2.915737e+00 -1.977247e+00 7.006248e-01 3.998937e-01 1.794773e+00 5.507953e-02 1.519717e+00 1.580333e+00 5.237755e-01 2.742219e-01 -5.392097e-01 -1.108738e-01 1.780371e-01 -3.714663e-01 -9.048783e-01 -7.618918e-02
<VARIANCE> 25
 9.619370e+00 1.717911e+01 3.427404e+01 3.260804e+01 3.006594e+01 5.444413e+01 5.253360e+01 3.620374e+01 3.777083e+01 3.479669e+01 3.895834e+01 3.188482e+01 1.722014e+00 1.808348e+00 2.987887e+00 2.729725e+00 3.497711e+00 3.231440e+00 4.512384e+00 4.671288e+00 3.348564e+00 3.108193e+00 3.533174e+00 4.046823e+00 1.419952e-03
<GCONST> 9.448377e+01
<MIXTURE> 75 9.711651e-03
<MEAN> 25
 2.708740e+00 -1.349556e+00 1.019945e+01 1.659120e+00 -1.078671e+01 -8.178217e+00 -4.434286e+00 -7.003206e-01 -4.397770e+00 -4.628379e+00 3.323596e+00 3.439215e-01 1.748485e+00 -1.760500e+00 5.889041e-02 -2.412733e-01 -2.334814e+00 -3.979437e-01 -1.321686e+00 9.933420e-01 -8.608972e-02 -2.479610e-01 9.196250e-01 -5.414307e-01 4.110791e-02
<VARIANCE> 25
 1.024823e+01 1.665000e+01 3.389409e+01 2.551506e+01 3.482549e+01 3.256050e+01 2.896525e+01 2.888010e+01 3.080534e+01 2.921003e+01 1.874952e+01 2.025419e+01 2.175330e+00 1.739131e+00 4.114498e+00 2.299159e+00 3.624812e+00 4.096039e+00 3.973049e+00 3.260849e+00 3.647764e+00 3.266690e+00 3.164471e+00 2.381861e+00 1.484568e-03
<GCONST> 9.117547e+01
<MIXTURE> 76 1.052359e-02
<MEAN> 25
 -6.583637e+00 -1.631613e+00 -2.354339e+00 4.047475e+00 4.668025e+00 2.466823e+00 4.606913e+00 2.719997e+00 1.998911e+00 4.275465e-01 1.616253e+00 2.465286e+00 -9.509844e-02 -6.341636e-01 -2.898618e-01 -8.797948e-01 -7.512572e-01 -8.093534e-01 -5.731306e-01 -3.522837e-01 -5.525475e-01 -4.182475e-01 -1.804754e-01 -8.622406e-02 1.959859e-02
<VARIANCE> 25
 3.202678e+01 2.541840e+01 2.846484e+01 2.458812e+01 2.787627e+01 3.327249e+01 2.580274e+01 2.637160e+01 2.426991e+01 2.299197e+01 2.590264e+01 1.838582e+01 9.742025e-01 1.142977e+00 1.331518e+00 1.193489e+00 1.429308e+00 1.546373e+00 1.610471e+00 1.562618e+00 1.536959e+00 1.438708e+00 1.694955e+00 1.279472e+00 1.145711e-03
<GCONST> 8.212811e+01
<MIXTURE> 77 1.244626e-02
<MEAN> 25
 -1.000049e+00 8.583138e+00 1.195634e+01 -1.077354e+01 -6.278478e+00 7.967881e-01 -8.449975e+00 -7.053335e+00 -3.603099e+00 -7.697519e-01 -4.771629e+00 -1.593206e+00 8.376525e-02 2.604624e-02 1.651371e-02 2.321061e-01 1.064229e-02 1.311469e-01 -1.304418e-01 -1.866802e-01 3.706059e-02 -4.765623e-02 -7.839055e-02 1.775914e-01 -1.233308e-02
<VARIANCE> 25
 1.196439e+01 1.859718e+01 2.703697e+01 4.271612e+01 3.534718e+01 3.042613e+01 3.877637e+01 2.904435e+01 3.189803e+01 3.240265e+01 3.531820e+01 3.185199e+01 2.994054e-01 8.243998e-01 7.074653e-01 1.007075e+00 1.371539e+00 1.008987e+00 1.148433e+00 1.163609e+00 1.054850e+00 9.809867e-01 9.926369e-01 8.884011e-01 6.318417e-04
<GCONST> 7.779543e+01
<MIXTURE> 78 9.702551e-03
<MEAN> 25
 -1.234191e+01 6.294725e-01 -1.652632e+00 1.709655e+00 4.868539e+00 -2.710011e+00 4.470582e+00 2.970039e+00 2.699089e+00 4.791997e-01 -2.730600e-01 3.357327e+00 2.379938e+00 -3.251920e-01 2.365104e-01 6.083733e-01 -2.127725e-01 -1.247211e-01 -1.866027e-01 -3.552225e-04 8.023974e-02 6.986666e-02 -3.496696e-01 -4.418823e-01 -6.135792e-02
<VARIANCE> 25
 4.606121e+01 3.422898e+01 3.081249e+01 3.487063e+01 4.007800e+01 3.777066e+01 4.056137e+01 3.222968e+01 2.671351e+01 2.722822e+01 2.618603e+01 2.069025e+01 4.761455e+00 2.555372e+00 2.825399e+00 2.898607e+00 3.178766e+00 3.589330e+00 3.291915e+00 2.859486e+00 2.545992e+00 2.311081e+00 2.139299e+00 2.007562e+00 4.441214e-03
<GCONST> 9.476292e+01
<MIXTURE> 79 1.156824e-02
<MEAN> 25
 2.117634e+00 1.564392e+00 9.179403e+00 -6.601702e+00 -1.169526e+01 -1.537063e+00 -2.004941e+00 -6.413907e+00 -6.714602e+00 -2.674531e-01 -3.138126e+00 -2.657263e+00 1.173495e+00 -5.017772e-01 -1.210405e+00 2.263527e+00 5.328133e-01 -1.350115e+00 6.441466e-01 1.041976e+00 -3.982168e-01 -4.970944e-01 1.712901e-01 7.392460e-02 -3.995791e-02
<VARIANCE> 25
 1.433013e+01 2.312058e+01 3.391909e+01 4.563588e+01 3.193237e+01 4.091293e+01 4.207163e+01 3.418071e+01 3.625953e+01 3.852671e+01 4.210677e+01 3.405518e+01 8.669779e-01 2.092207e+00 2.261843e+00 2.016255e+00 2.427330e+00 2.674060e+00 3.145996e+00 3.379412e+00 2.430841e+00 2.531512e+00 2.380685e+00 2.252788e+00 1.259523e-03
<GCONST> 9.121776e+01
<MIXTURE> 80 7.550998e-03
<MEAN> 25
 -1.517066e+01 2.718102e+00 7.067118e-01 2.569880e+00 3.100177e+00 3.396236e-01 7.407519e+00 3.594251e+00 2.509904e+00 1.853378e+00 4.439853e+00 1.494912e+00 4.369235e+00 1.531478e-01 1.781697e+00 -7.620147e-01 -2.997959e+00 -2.817368e+00 -2.262960e+00 -2.028028e+00 -2.150339e+00 -1.659260e+00 -1.497090e+00 -6.975825e-01 -4.739596e-02
<VARIANCE> 25
 2.221593e+01 3.317051e+01 3.152248e+01 3.275127e+01 3.152474e+01 3.750792e+01 3.539031e+01 3.795522e+01 2.496387e+01 2.886823e+01 2.617200e+01 1.740359e+01 2.256430e+00 2.747049e+00 2.645910e+00 5.097430e+00 3.210240e+00 2.484926e+00 2.889247e+00 2.996001e+00 2.809421e+00 2.468589e+00 2.760695e+00 2.061160e+00 1.474943e-03
<GCONST> 9.228590e+01
<MIXTURE> 81 8.025434e-03
<MEAN> 25
 -1.294743e+00 4.258589e+00 9.937709e+00 -1.434740e+01 -8.946579e+00 -1.369116e+00 -6.747769e+00 -8.384829e+00 -4.320696e+00 -8.489996e-01 -7.185858e+00 -2.033745e+00 1.781989e-01 -6.380072e-01 -1.296618e-02 -5.615893e-01 -4.168371e-01 2.658753e-01 2.705705e-01 1.526304e-01 -9.704927e-02 8.440592e-02 -4.913399e-01 -1.325155e-01 7.741887e-03
<VARIANCE> 25
 1.039505e+01 3.257378e+01 2.577372e+01 3.023030e+01 3.340163e+01 2.903923e+01 4.427367e+01 2.684697e+01 3.616345e+01 3.306880e+01 2.610950e+01 3.073908e+01 7.776620e-01 2.196853e+00 1.716170e+00 2.717637e+00 2.560747e+00 2.074059e+00 3.176087e+00 2.221890e+00 2.309483e+00 2.431288e+00 2.200186e+00 1.969353e+00 1.379572e-03
<GCONST> 8.846716e+01
<MIXTURE> 82 8.213053e-03
<MEAN> 25
 -9.937410e+00 -3.869019e+00 1.634357e+00 -2.938825e+00 3.124982e+00 6.905171e-01 2.016458e+00 9.680062e-01 2.984771e+00 1.710424e+00 1.701904e+00 3.087400e+00 -1.302753e+00 -1.164832e-01 2.988049e-01 -2.583582e+00 -1.108247e+00 -1.273013e+00 -1.018296e+00 -8.875932e-01 -3.124330e-01 -4.870864e-01 -3.173956e-01 -7.854144e-02 1.782166e-01
<VARIANCE> 25
 1.806114e+01 2.498473e+01 3.220697e+01 3.088865e+01 3.292767e+01 3.225521e+01 3.170029e+01 3.328160e+01 3.068715e+01 2.503470e+01 3.090024e+01 1.749857e+01 3.758318e+00 3.043649e+00 3.310964e+00 3.320889e+00 3.560460e+00 3.294920e+00 2.932698e+00 3.060575e+00 2.787131e+00 2.489011e+00 2.452776e+00 1.901698e+00 3.424456e-03
<GCONST> 9.311919e+01
<MIXTURE> 83 1.167529e-02
<MEAN> 25
 -2.084531e+01 3.584202e+00 -1.174524e+00 -1.312850e+00 9.982002e+00 -2.194668e+00 6.874501e+00 3.402901e+00 2.021369e+00 9.046428e-01 5.103069e-01 3.720418e+00 -2.056122e-01 -6.950317e-01 -3.279775e-01 -3.202609e-01 -5.243105e-01 -4.556912e-01 -1.738834e-01 3.101201e-01 1.511833e-01 9.566834e-02 2.002634e-01 -3.845234e-02 1.642667e-03
<VARIANCE> 25
 8.189757e+00 2.031550e+01 2.276938e+01 2.021413e+01 2.712436e+01 2.231318e+01 2.520922e+01 1.781757e+01 1.668226e+01 2.118740e+01 2.039404e+01 1.387621e+01 1.039077e+00 9.191833e-01 1.214021e+00 8.117182e-01 1.369519e+00 1.239760e+00 1.404275e+00 1.448035e+00 1.306183e+00 1.107663e+00 1.122413e+00 8.108693e-01 8.158319e-04
<GCONST> 7.556157e+01
<MIXTURE> 84 1.066614e-02
<MEAN> 25
 3.872552e-01 8.683487e+00 6.826881e+00 6.508962e+00 2.668677e+00 -1.022425e+00 -1.071937e+00 -3.911997e+00 -4.304350e+00 -2.916083e+00 -3.664629e+00 -2.480739e+00 -1.394208e+00 -9.963845e-01 -1.086806e+00 1.323905e+00 2.117625e+00 1.507473e+00 1.347278e+00 1.096890e+00 1.029501e+00 3.452303e-01 2.436479e-01 4.526114e-01 -6.966614e-02
<VARIANCE> 25
 2.012759e+01 1.515282e+01 1.772687e+01 2.553247e+01 2.460138e+01 2.474002e+01 2.267850e+01 2.347482e+01 2.019762e+01 2.001148e+01 2.435993e+01 2.202950e+01 2.095002e+00 2.131854e+00 3.072699e+00 2.686056e+00 2.757903e+00 2.714656e+00 2.900069e+00 2.900636e+00 2.853083e+00 2.794713e+00 3.517166e+00 2.569693e+00 2.947423e-03
<GCONST> 8.895873e+01
<MIXTURE> 85 7.591393e-03
<MEAN> 25
 -3.137971e+00 7.719184e+00 5.814242e+00 1.367366e+00 -3.475760e+00 -5.681020e+00 -2.761645e+00 -6.069246e+00 -3.577635e+00 -3.272216e+00 -3.832957e-01 -1.605056e+00 3.933283e+00 3.948197e-01 1.777293e+00 -1.989074e+00 -3.412273e+00 -2.590661e+00 -2.886912e+00 -2.412936e+00 -2.216991e+00 -1.238112e+00 -2.177935e+00 -5.869226e-01 9.431088e-03
<VARIANCE> 25
 4.129759e+01 2.360286e+01 3.544015e+01 3.716038e+01 3.866713e+01 4.453666e+01 3.268106e+01 2.795213e+01 2.709791e+01 2.551245e+01 2.568753e+01 2.321737e+01 2.764222e+00 4.322114e+00 3.949387e+00 5.345115e+00 4.281261e+00 3.840205e+00 3.772825e+00 3.996675e+00 3.778512e+00 3.922018e+00 4.279509e+00 3.425176e+00 5.719508e-03
<GCONST> 9.847066e+01
<MIXTURE> 86 1.273941e-02
<MEAN> 25
 -4.877650e+00 -1.251209e+00 -8.518241e-01 6.087007e+00 5.115866e+00 4.567698e+00 6.234269e+00 5.265844e+00 4.281246e+00 3.549207e+00 5.035135e+00 2.409781e+00 -2.722286e-02 -5.038809e-02 -6.438555e-02 3.282904e-02 -6.854643e-02 -2.476722e-01 -2.653102e-01 -3.023425e-01 -4.020647e-01 -3.590297e-01 -1.807073e-01 -4.260764e-02 6.243350e-05
<VARIANCE> 25
 6.855380e+00 5.143642e+00 8.967407e+00 1.133304e+01 1.465540e+01 1.353575e+01 1.589939e+01 1.388311e+01 1.248821e+01 1.395016e+01 1.451496e+01 1.216048e+01 1.221185e-01 2.082356e-01 3.768731e-01 7.060339e-01 7.156867e-01 7.286404e-01 7.800013e-01 7.040173e-01 8.629377e-01 8.608212e-01 9.948638e-01 8.728946e-01 6.449402e-05
<GCONST> 5.881820e+01
<MIXTURE> 87 1.100681e-02
<MEAN> 25
 -3.565474e+00 4.507042e+00 3.596118e+00 6.816912e+00 5.806430e+00 7.523059e-01 1.734483e+00 -9.834580e-01 -6.218449e-01 -9.740846e-01 -6.680448e-01 1.066025e-01 -2.215253e+00 -2.764892e+00 -2.079618e+00 -2.188391e+00 7.311995e-02 -1.320793e-01 6.870211e-01 1.328015e+00 1.375855e+00 9.952059e-01 8.880149e-01 9.824779e-01 1.052476e-01
<VARIANCE> 25
 4.006933e+01 2.886719e+01 2.768049e+01 3.430132e+01 3.013129e+01 3.206164e+01 2.818791e+01 2.673195e+01 2.531099e+01 2.434022e+01 2.500634e+01 2.295485e+01 3.964277e+00 2.667021e+00 3.847496e+00 3.602660e+00 5.205451e+00 4.305782e+00 4.259028e+00 3.841141e+00 3.477882e+00 3.345472e+00 3.441230e+00 2.689786e+00 4.857583e-03
<GCONST> 9.637413e+01
<MIXTURE> 88 1.256585e-02
<MEAN> 25
 -4.422971e+00 -4.076436e-01 -1.249872e+00 4.590394e+00 5.020108e+00 4.488312e+00 6.090196e+00 4.294934e+00 3.558054e+00 2.296965e+00 1.252187e+00 1.483172e+00 4.648306e-02 1.719966e-01 2.596541e-01 4.877949e-01 2.385259e-01 3.958203e-02 -1.828802e-01 -3.626949e-01 -1.893512e-01 -2.860701e-01 -7.424169e-02 1.362354e-01 -9.945945e-04
<VARIANCE> 25
 6.606654e+00 8.403702e+00 1.111672e+01 1.327446e+01 1.536642e+01 1.743655e+01 1.862747e+01 1.716640e+01 1.465310e+01 1.579875e+01 2.241003e+01 1.379569e+01 1.163926e+00 1.640039e+00 1.825112e+00 1.959104e+00 2.449717e+00 2.427651e+00 2.273501e+00 2.845320e+00 3.349952e+00 2.389221e+00 2.534718e+00 1.935200e+00 1.632176e-03
<GCONST> 8.031767e+01
<MIXTURE> 89 9.333527e-03
<MEAN> 25
 6.864766e+00 -6.676870e+00 -3.731882e+00 -1.160451e-01 -2.988554e+00 -5.651404e+00 -8.407480e+00 3.065358e+00 3.860337e+00 -2.005065e+00 -3.893409e+00 -1.145421e+00 -7.084839e-01 -8.995496e-02 1.877196e+00 9.686852e-01 -2.522363e+00 -1.588377e+00 1.210641e+00 1.897133e+00 -5.418721e-01 -1.842371e+00 4.164724e-01 1.874000e+00 3.023254e-03
<VARIANCE> 25
 7.370373e+00 1.707578e+01 2.177965e+01 3.600553e+01 2.728732e+01 3.281803e+01 4.616248e+01 3.140887e+01 2.901295e+01 3.226410e+01 3.581652e+01 3.150399e+01 2.609109e-01 8.162161e-01 1.399778e+00 1.257052e+00 1.905248e+00 3.294099e+00 2.597439e+00 2.425891e+00 1.730180e+00 1.922803e+00 1.591685e+00 1.092518e+00 2.972896e-04
<GCONST> 8.172396e+01
<MIXTURE> 90 7.114505e-03
<MEAN> 25
 2.452547e+00 -9.701086e+00 -4.748284e+00 -3.969876e+00 -3.395710e+00 -1.813167e+00 3.357959e+00 1.180964e+00 -7.532228e+00 -1.019646e+01 -3.409854e+00 -7.313510e-01 -1.644405e-01 9.082497e-01 1.167560e+00 -8.562295e-01 -1.610956e+00 -2.091950e-01 6.441714e-01 -2.113362e-01 -1.686996e-01 7.362154e-01 1.823954e-01 -5.491986e-01 -1.113051e-02
<VARIANCE> 25
 8.491373e+00 1.800878e+01 1.980280e+01 2.802295e+01 3.684756e+01 3.216172e+01 3.848472e+01 3.635698e+01 3.516891e+01 2.785533e+01 2.714276e+01 2.614027e+01 2.238864e-01 6.133471e-01 7.868008e-01 1.043797e+00 1.473801e+00 1.596386e+00 1.780004e+00 1.653296e+00 1.815749e+00 1.677258e+00 1.493759e+00 1.308683e+00 2.152813e-04
<GCONST> 7.816170e+01
<MIXTURE> 91 7.852945e-03
<MEAN> 25
 6.478647e+00 -7.433635e+00 -8.598049e+00 -5.377058e+00 3.794413e+00 1.683766e-02 -2.645981e+00 2.905589e-01 1.106011e+00 -2.609947e+00 -4.661730e+00 -4.934790e+00 2.630040e-01 9.677884e-01 2.320814e-01 5.174233e-01 -1.164007e-01 -4.907074e-01 -3.286614e-01 -1.691478e-01 -1.663801e-01 4.544580e-01 -1.524978e-01 1.617931e-01 -3.440611e-02
<VARIANCE> 25
 9.873634e+00 2.259675e+01 1.917501e+01 4.114788e+01 3.450553e+01 5.361804e+01 5.645315e+01 4.221346e+01 5.204734e+01 6.361121e+01 3.827300e+01 4.094540e+01 4.273048e-01 8.741387e-01 1.153482e+00 1.428433e+00 2.157977e+00 2.400317e+00 2.397374e+00 2.419217e+00 2.241805e+00 2.133723e+00 1.959681e+00 1.806573e+00 5.719736e-04
<GCONST> 8.706659e+01
<MIXTURE> 92 7.852945e-03
<MEAN> 25
 6.478647e+00 -7.433635e+00 -8.598049e+00 -5.377058e+00 3.794413e+00 1.683766e-02 -2.645981e+00 2.905589e-01 1.106011e+00 -2.609947e+00 -4.661730e+00 -4.934790e+00 2.630040e-01 9.677884e-01 2.320814e-01 5.174233e-01 -1.164007e-01 -4.907074e-01 -3.286614e-01 -1.691478e-01 -1.663801e-01 4.544580e-01 -1.524978e-01 1.617931e-01 -3.440611e-02
<VARIANCE> 25
 9.873634e+00 2.259675e+01 1.917501e+01 4.114788e+01 3.450553e+01 5.361804e+01 5.645315e+01 4.221346e+01 5.204734e+01 6.361121e+01 3.827300e+01 4.094540e+01 4.273048e-01 8.741387e-01 1.153482e+00 1.428433e+00 2.157977e+00 2.400317e+00 2.397374e+00 2.419217e+00 2.241805e+00 2.133723e+00 1.959681e+00 1.806573e+00 5.719736e-04
<GCONST> 8.706659e+01
<MIXTURE> 93 6.122769e-03
<MEAN> 25
 -6.493817e+00 -7.460099e-01 -2.351565e+00 5.040884e+00 6.001331e+00 4.032320e+00 7.091472e+00 4.743987e+00 4.511963e+00 2.587340e+00 7.756705e-01 2.636988e+00 -4.886271e-02 -1.608420e-01 -2.295636e-01 -3.672733e-01 -3.503390e-01 -3.012601e-01 -2.622350e-01 -1.089133e-01 -2.232763e-01 -9.446782e-02 3.285501e-02 2.042407e-02 1.502390e-05
<VARIANCE> 25
 7.965929e+00 5.364870e+00 7.085904e+00 1.256763e+01 1.039709e+01 1.406318e+01 1.702691e+01 2.039162e+01 1.462852e+01 1.338564e+01 1.866530e+01 1.565126e+01 7.243229e-02 1.423894e-01 2.575789e-01 3.496959e-01 5.179905e-01 5.523388e-01 8.007525e-01 9.013427e-01 1.066067e+00 9.073196e-01 1.308381e+00 8.599653e-01 8.350981e-07
<GCONST> 5.351062e+01
<MIXTURE> 94 6.122769e-03
<MEAN> 25
 -6.493817e+00 -7.460099e-01 -2.351565e+00 5.040884e+00 6.001331e+00 4.032320e+00 7.091472e+00 4.743987e+00 4.511963e+00 2.587340e+00 7.756705e-01 2.636988e+00 -4.886271e-02 -1.608420e-01 -2.295636e-01 -3.672733e-01 -3.503390e-01 -3.012601e-01 -2.622350e-01 -1.089133e-01 -2.232763e-01 -9.446782e-02 3.285501e-02 2.042407e-02 1.502390e-05
<VARIANCE> 25
 7.965929e+00 5.364870e+00 7.085904e+00 1.256763e+01 1.039709e+01 1.406318e+01 1.702691e+01 2.039162e+01 1.462852e+01 1.338564e+01 1.866530e+01 1.565126e+01 7.243229e-02 1.423894e-01 2.575789e-01 3.496959e-01 5.179905e-01 5.523388e-01 8.007525e-01 9.013427e-01 1.066067e+00 9.073196e-01 1.308381e+00 8.599653e-01 8.350981e-07
<GCONST> 5.351062e+01
<MIXTURE> 95 5.258835e-03
<MEAN> 25
 -5.752537e+00 -9.349861e-01 -2.070418e+00 4.897958e+00 4.356553e+00 2.814687e+00 4.636846e+00 2.291824e+00 2.139767e+00 8.794860e-01 1.185909e+00 2.588786e+00 1.447917e-01 1.584310e-01 1.258351e-02 -1.927589e-01 -4.839705e-01 -7.139636e-01 -1.078112e+00 -1.264922e+00 -1.257095e+00 -9.498600e-01 -6.684269e-01 -2.890691e-01 -5.496541e-04
<VARIANCE> 25
 9.349265e+00 6.866513e+00 1.163806e+01 1.173974e+01 1.298078e+01 1.749097e+01 1.786561e+01 1.834862e+01 1.429335e+01 1.435794e+01 1.951793e+01 1.366138e+01 2.431323e-01 3.007090e-01 5.336546e-01 8.000059e-01 8.750982e-01 9.647362e-01 8.876218e-01 1.004330e+00 9.130540e-01 9.987681e-01 1.303502e+00 1.072203e+00 4.833372e-05
<GCONST> 6.370781e+01
<MIXTURE> 96 7.034694e-03
<MEAN> 25
 -5.043332e+00 -4.174950e-01 -2.274431e+00 4.726612e+00 3.882614e+00 2.018156e+00 4.225451e+00 2.539636e+00 2.547328e+00 1.066651e+00 5.400552e-01 2.317545e+00 -1.747195e-02 1.027808e-01 2.086809e-01 3.326320e-01 5.372542e-01 5.036019e-01 2.643000e-01 -1.211599e-01 -3.839345e-01 -6.753924e-01 -6.697606e-01 -3.903101e-01 -1.601962e-05
<VARIANCE> 25
 9.858982e+00 8.935697e+00 1.177419e+01 1.420836e+01 1.425379e+01 1.818179e+01 1.985781e+01 2.167086e+01 1.764311e+01 1.615296e+01 2.098404e+01 1.544304e+01 1.189921e-01 2.101599e-01 3.080292e-01 4.579409e-01 4.522440e-01 6.460624e-01 9.299102e-01 1.061243e+00 1.016078e+00 8.575115e-01 9.221281e-01 9.834343e-01 8.907300e-07
<GCONST> 5.754294e+01
<MIXTURE> 97 7.034694e-03
<MEAN> 25
 -5.043332e+00 -4.174950e-01 -2.274431e+00 4.726612e+00 3.882614e+00 2.018156e+00 4.225451e+00 2.539636e+00 2.547328e+00 1.066651e+00 5.400552e-01 2.317545e+00 -1.747195e-02 1.027808e-01 2.086809e-01 3.326320e-01 5.372542e-01 5.036019e-01 2.643000e-01 -1.211599e-01 -3.839345e-01 -6.753924e-01 -6.697606e-01 -3.903101e-01 -1.601962e-05
<VARIANCE> 25
 9.858982e+00 8.935697e+00 1.177419e+01 1.420836e+01 1.425379e+01 1.818179e+01 1.985781e+01 2.167086e+01 1.764311e+01 1.615296e+01 2.098404e+01 1.544304e+01 1.189921e-01 2.101599e-01 3.080292e-01 4.579409e-01 4.522440e-01 6.460624e-01 9.299102e-01 1.061243e+00 1.016078e+00 8.575115e-01 9.221281e-01 9.834343e-01 8.907300e-07
<GCONST> 5.754294e+01
<MIXTURE> 98 9.917808e-03
<MEAN> 25
 -1.623487e+00 1.133013e+00 -4.135863e-03 4.330856e+00 3.801867e+00 2.554161e+00 3.105844e+00 1.564028e+00 1.492468e+00 7.563556e-01 3.141200e-01 8.829811e-01 -1.708975e+00 -1.449980e+00 -1.036912e+00 1.879038e-01 6.736441e-01 8.712471e-01 1.260638e+00 1.402933e+00 1.624534e+00 1.097839e+00 1.305193e+00 9.044454e-01 -3.522430e-02
<VARIANCE> 25
 1.362895e+01 1.914660e+01 3.015057e+01 3.162158e+01 4.040059e+01 3.536864e+01 3.140163e+01 2.788945e+01 2.618179e+01 2.877801e+01 2.807414e+01 2.280484e+01 1.420146e+00 1.454119e+00 2.224329e+00 2.307912e+00 2.718219e+00 2.798032e+00 2.714292e+00 2.663722e+00 2.541077e+00 2.865366e+00 2.692860e+00 2.077384e+00 2.249456e-03
<GCONST> 8.947559e+01
<MIXTURE> 99 6.696178e-03
<MEAN> 25
 -5.825078e+00 9.459077e+00 6.798203e+00 8.385540e-01 3.132426e-01 -5.461847e+00 -1.771946e+00 -4.044820e+00 -3.794657e+00 -4.224666e+00 -5.783870e-01 -1.627761e+00 3.682507e-01 -5.262758e-01 2.693456e-01 -5.246766e-01 -9.089550e-01 -3.469260e-01 -3.858121e-01 -5.221044e-01 -2.054977e-01 -2.977950e-01 1.483419e-01 3.883632e-01 1.280736e-02
<VARIANCE> 25
 2.508401e+01 2.121632e+01 3.289938e+01 3.041917e+01 2.833665e+01 3.783936e+01 1.927325e+01 2.216683e+01 1.853354e+01 1.982325e+01 1.992871e+01 2.461632e+01 1.958890e+00 1.566234e+00 1.565584e+00 1.194100e+00 2.349231e+00 1.704804e+00 1.310959e+00 1.423321e+00 1.418111e+00 1.514233e+00 1.820091e+00 9.841199e-01 1.451244e-03
<GCONST> 8.283905e+01
<MIXTURE> 100 4.498084e-03
<MEAN> 25
 -1.682875e+00 6.534438e+00 1.030707e+01 -7.409324e+00 -1.064489e+01 -5.041607e+00 -4.735396e+00 -1.002638e+01 -4.902667e+00 -8.604698e-01 -2.652108e+00 -2.778883e+00 2.873477e+00 -1.260590e+00 1.220721e+00 -2.170772e+00 -3.333061e+00 -7.861104e-01 -1.248921e+00 -8.378266e-01 -1.483449e+00 3.307172e-01 -1.595521e+00 -2.758055e-01 1.341830e-03
<VARIANCE> 25
 1.348682e+01 2.171007e+01 2.190616e+01 2.578981e+01 2.301801e+01 2.310282e+01 2.991660e+01 2.124805e+01 2.789896e+01 2.211302e+01 2.201925e+01 2.095901e+01 1.815600e+00 3.843810e+00 3.051538e+00 4.175284e+00 4.318813e+00 4.410198e+00 3.937939e+00 4.236135e+00 4.062555e+00 3.795912e+00 3.925150e+00 3.138884e+00 1.646344e-03
<GCONST> 9.234005e+01
<MIXTURE> 101 6.007792e-03
<MEAN> 25
 8.522453e+00 -3.269205e+00 -6.135040e+00 -5.374899e+00 5.394875e-01 -8.060251e-01 -9.945063e+00 -2.064270e+00 1.533122e+00 3.163305e+00 -1.676154e+00 -5.064873e+00 6.474535e-01 4.990617e-01 -1.391258e+00 -1.369200e+00 9.484510e-01 2.513272e+00 -6.961967e-02 -1.502708e+00 -8.226104e-01 1.122208e+00 1.266464e+00 -6.343508e-01 -4.809179e-03
<VARIANCE> 25
 8.108634e+00 1.363513e+01 2.432324e+01 3.960560e+01 2.955395e+01 3.447748e+01 3.288884e+01 3.369475e+01 3.257952e+01 3.602004e+01 4.306481e+01 2.073606e+01 3.285680e-01 6.072036e-01 1.171736e+00 1.476168e+00 1.379683e+00 2.194985e+00 1.840876e+00 1.700873e+00 2.338073e+00 1.888960e+00 1.504061e+00 1.912927e+00 2.982192e-04
<GCONST> 8.093217e+01
<MIXTURE> 102 6.007792e-03
<MEAN> 25
 8.522453e+00 -3.269205e+00 -6.135040e+00 -5.374899e+00 5.394875e-01 -8.060251e-01 -9.945063e+00 -2.064270e+00 1.533122e+00 3.163305e+00 -1.676154e+00 -5.064873e+00 6.474535e-01 4.990617e-01 -1.391258e+00 -1.369200e+00 9.484510e-01 2.513272e+00 -6.961967e-02 -1.502708e+00 -8.226104e-01 1.122208e+00 1.266464e+00 -6.343508e-01 -4.809179e-03
<VARIANCE> 25
 8.108634e+00 1.363513e+01 2.432324e+01 3.960560e+01 2.955395e+01 3.447748e+01 3.288884e+01 3.369475e+01 3.257952e+01 3.602004e+01 4.306481e+01 2.073606e+01 3.285680e-01 6.072036e-01 1.171736e+00 1.476168e+00 1.379683e+00 2.194985e+00 1.840876e+00 1.700873e+00 2.338073e+00 1.888960e+00 1.504061e+00 1.912927e+00 2.982192e-04
<GCONST> 8.093217e+01
<MIXTURE> 103 5.694618e-03
<MEAN> 25
 3.367169e+00 -9.477814e+00 -6.130878e+00 -3.088588e+00 -1.332494e+00 -1.975167e+00 2.437988e+00 2.515208e+00 -4.612707e+00 -9.257641e+00 -5.059457e+00 3.629179e-01 -1.571520e-01 -1.488795e+00 -9.808866e-01 3.751059e-01 1.213124e+00 1.020568e+00 1.587348e-01 -2.669427e-01 -7.809494e-01 -9.461462e-01 -3.494887e-02 1.203805e-01 2.695815e-02
<VARIANCE> 25
 1.033717e+01 2.034003e+01 2.291334e+01 3.168193e+01 4.804413e+01 3.504660e+01 4.640081e+01 3.669101e+01 4.210980e+01 2.931382e+01 3.008836e+01 2.639934e+01 6.447317e-01 1.251983e+00 1.537437e+00 1.940084e+00 2.928257e+00 2.410116e+00 2.889881e+00 2.576834e+00 2.562982e+00 2.524225e+00 2.097033e+00 2.016579e+00 8.079897e-04
<GCONST> 8.757578e+01
<MIXTURE> 104 5.694618e-03
<MEAN> 25
 3.367169e+00 -9.477814e+00 -6.130878e+00 -3.088588e+00 -1.332494e+00 -1.975167e+00 2.437988e+00 2.515208e+00 -4.612707e+00 -9.257641e+00 -5.059457e+00 3.629179e-01 -1.571520e-01 -1.488795e+00 -9.808866e-01 3.751059e-01 1.213124e+00 1.020568e+00 1.587348e-01 -2.669427e-01 -7.809494e-01 -9.461462e-01 -3.494887e-02 1.203805e-01 2.695815e-02
<VARIANCE> 25
 1.033717e+01 2.034003e+01 2.291334e+01 3.168193e+01 4.804413e+01 3.504660e+01 4.640081e+01 3.669101e+01 4.210980e+01 2.931382e+01 3.008836e+01 2.639934e+01 6.447317e-01 1.251983e+00 1.537437e+00 1.940084e+00 2.928257e+00 2.410116e+00 2.889881e+00 2.576834e+00 2.562982e+00 2.524225e+00 2.097033e+00 2.016579e+00 8.079897e-04
<GCONST> 8.757578e+01
<MIXTURE> 105 4.710235e-03
<MEAN> 25
 2.245219e+00 -1.481466e+00 9.244486e+00 -2.668844e+00 -1.156326e+01 -4.975471e+00 -4.111711e+00 -7.438176e-01 -3.858782e+00 -3.199781e+00 1.459550e+00 -1.187289e+00 7.716825e-03 3.149999e-02 4.673441e-02 -4.083608e-02 3.087356e-03 3.657467e-02 -1.768703e-02 5.670245e-02 -3.522934e-02 2.608440e-02 2.105933e-02 -3.235265e-02 -2.415132e-03
<VARIANCE> 25
 1.326875e+01 2.842958e+01 4.056133e+01 4.461536e+01 3.766812e+01 5.353476e+01 4.135595e+01 4.325852e+01 3.963831e+01 4.169811e+01 4.201067e+01 3.064470e+01 8.339202e-02 1.848980e-01 3.406494e-01 2.927846e-01 3.708014e-01 4.404032e-01 4.715649e-01 4.927604e-01 4.907197e-01 4.376957e-01 4.251942e-01 3.974636e-01 9.488347e-05
<GCONST> 6.672205e+01
<MIXTURE> 106 4.710235e-03
<MEAN> 25
 2.245219e+00 -1.481466e+00 9.244486e+00 -2.668844e+00 -1.156326e+01 -4.975471e+00 -4.111711e+00 -7.438176e-01 -3.858782e+00 -3.199781e+00 1.459550e+00 -1.187289e+00 7.716825e-03 3.149999e-02 4.673441e-02 -4.083608e-02 3.087356e-03 3.657467e-02 -1.768703e-02 5.670245e-02 -3.522934e-02 2.608440e-02 2.105933e-02 -3.235265e-02 -2.415132e-03
<VARIANCE> 25
 1.326875e+01 2.842958e+01 4.056133e+01 4.461536e+01 3.766812e+01 5.353476e+01 4.135595e+01 4.325852e+01 3.963831e+01 4.169811e+01 4.201067e+01 3.064470e+01 8.339202e-02 1.848980e-01 3.406494e-01 2.927846e-01 3.708014e-01 4.404032e-01 4.715649e-01 4.927604e-01 4.907197e-01 4.376957e-01 4.251942e-01 3.974636e-01 9.488347e-05
<GCONST> 6.672205e+01
<MIXTURE> 107 5.452374e-03
<MEAN> 25
 8.765971e+00 -2.431705e+00 -7.560329e+00 -7.315887e+00 1.491769e+00 2.725505e+00 -9.412003e+00 -5.939814e+00 -2.790762e-01 4.154490e+00 5.974321e-01 -4.536665e+00 -6.111759e-01 -7.691672e-01 7.246608e-01 1.651798e+00 5.633164e-02 -2.135065e+00 -9.121544e-01 1.410753e+00 1.443527e+00 -2.390694e-01 -1.402435e+00 -3.067851e-01 3.375659e-04
<VARIANCE> 25
 8.186333e+00 1.692565e+01 2.817422e+01 5.257415e+01 3.020169e+01 3.352558e+01 4.813216e+01 3.639161e+01 3.817175e+01 3.520650e+01 4.523917e+01 2.671261e+01 2.938586e-01 8.505043e-01 1.563250e+00 1.998654e+00 2.315668e+00 2.698469e+00 2.214122e+00 3.375909e+00 2.226391e+00 3.161921e+00 1.700868e+00 2.640518e+00 5.814526e-04
<GCONST> 8.646803e+01
<MIXTURE> 108 5.452374e-03
<MEAN> 25
 8.765971e+00 -2.431705e+00 -7.560329e+00 -7.315887e+00 1.491769e+00 2.725505e+00 -9.412003e+00 -5.939814e+00 -2.790762e-01 4.154490e+00 5.974321e-01 -4.536665e+00 -6.111759e-01 -7.691672e-01 7.246608e-01 1.651798e+00 5.633164e-02 -2.135065e+00 -9.121544e-01 1.410753e+00 1.443527e+00 -2.390694e-01 -1.402435e+00 -3.067851e-01 3.375659e-04
<VARIANCE> 25
 8.186333e+00 1.692565e+01 2.817422e+01 5.257415e+01 3.020169e+01 3.352558e+01 4.813216e+01 3.639161e+01 3.817175e+01 3.520650e+01 4.523917e+01 2.671261e+01 2.938586e-01 8.505043e-01 1.563250e+00 1.998654e+00 2.315668e+00 2.698469e+00 2.214122e+00 3.375909e+00 2.226391e+00 3.161921e+00 1.700868e+00 2.640518e+00 5.814526e-04
<GCONST> 8.646803e+01
<MIXTURE> 109 6.661064e-03
<MEAN> 25
 4.083897e+00 -1.054746e+01 -8.305848e+00 -1.359927e+00 2.754327e+00 -4.067317e-02 -7.775816e-02 1.450637e+00 -2.565729e+00 -8.367351e+00 -5.379993e+00 6.416582e-02 -3.317697e-02 -1.321780e-01 -3.256493e-02 2.510302e-01 1.967146e-01 1.182005e-01 -1.261729e-01 -1.060716e-01 -4.022250e-02 -1.314113e-01 2.192385e-01 1.255717e-02 -3.511717e-03
<VARIANCE> 25
 9.115383e+00 1.821760e+01 1.999056e+01 3.140962e+01 4.080285e+01 3.677604e+01 4.669802e+01 3.445131e+01 4.609360e+01 3.533059e+01 2.961044e+01 2.816239e+01 1.928968e-01 4.228308e-01 5.386042e-01 6.346474e-01 1.230355e+00 9.942447e-01 1.258576e+00 1.093250e+00 1.116919e+00 9.525459e-01 8.772398e-01 8.857808e-01 1.819843e-04
<GCONST> 7.445898e+01
<MIXTURE> 110 6.661064e-03
<MEAN> 25
 4.083897e+00 -1.054746e+01 -8.305848e+00 -1.359927e+00 2.754327e+00 -4.067317e-02 -7.775816e-02 1.450637e+00 -2.565729e+00 -8.367351e+00 -5.379993e+00 6.416582e-02 -3.317697e-02 -1.321780e-01 -3.256493e-02 2.510302e-01 1.967146e-01 1.182005e-01 -1.261729e-01 -1.060716e-01 -4.022250e-02 -1.314113e-01 2.192385e-01 1.255717e-02 -3.511717e-03
<VARIANCE> 25
 9.115383e+00 1.821760e+01 1.999056e+01 3.140962e+01 4.080285e+01 3.677604e+01 4.669802e+01 3.445131e+01 4.609360e+01 3.533059e+01 2.961044e+01 2.816239e+01 1.928968e-01 4.228308e-01 5.386042e-01 6.346474e-01 1.230355e+00 9.942447e-01 1.258576e+00 1.093250e+00 1.116919e+00 9.525459e-01 8.772398e-01 8.857808e-01 1.819843e-04
<GCONST> 7.445898e+01
<MIXTURE> 111 4.337247e-03
<MEAN> 25
 -4.445553e+00 -9.100313e-01 -1.692857e+00 1.651537e+00 9.381895e-01 9.681564e-01 3.877619e-01 2.275810e-01 2.381215e-02 -5.465024e-01 -5.686712e-01 1.963230e+00 -2.024814e-02 -2.978542e-02 -7.614642e-02 -8.452068e-02 -4.274481e-02 4.492858e-03 4.686231e-03 -6.157213e-02 -1.254707e-01 -1.912189e-01 -1.884071e-01 -1.075387e-01 -2.899616e-04
<VARIANCE> 25
 7.025249e+00 5.075414e+00 1.024618e+01 9.429976e+00 1.307928e+01 2.391824e+01 1.489217e+01 1.316350e+01 1.183774e+01 1.197444e+01 1.376447e+01 1.151638e+01 8.259169e-02 1.634309e-01 2.734752e-01 4.258447e-01 5.672147e-01 7.013134e-01 7.951886e-01 8.642062e-01 9.197108e-01 8.531933e-01 8.755608e-01 8.527550e-01 2.279387e-05
<GCONST> 5.615950e+01
<MIXTURE> 112 4.337247e-03
<MEAN> 25
 -4.445553e+00 -9.100313e-01 -1.692857e+00 1.651537e+00 9.381895e-01 9.681564e-01 3.877619e-01 2.275810e-01 2.381215e-02 -5.465024e-01 -5.686712e-01 1.963230e+00 -2.024814e-02 -2.978542e-02 -7.614642e-02 -8.452068e-02 -4.274481e-02 4.492858e-03 4.686231e-03 -6.157213e-02 -1.254707e-01 -1.912189e-01 -1.884071e-01 -1.075387e-01 -2.899616e-04
<VARIANCE> 25
 7.025249e+00 5.075414e+00 1.024618e+01 9.429976e+00 1.307928e+01 2.391824e+01 1.489217e+01 1.316350e+01 1.183774e+01 1.197444e+01 1.376447e+01 1.151638e+01 8.259169e-02 1.634309e-01 2.734752e-01 4.258447e-01 5.672147e-01 7.013134e-01 7.951886e-01 8.642062e-01 9.197108e-01 8.531933e-01 8.755608e-01 8.527550e-01 2.279387e-05
<GCONST> 5.615950e+01
<MIXTURE> 113 5.938666e-03
<MEAN> 25
 9.964854e+00 1.660131e+00 -8.808859e+00 -1.667132e+01 -9.334469e-01 5.692016e+00 -5.469451e+00 -1.692503e+00 -5.415024e+00 -3.522615e-01 3.888702e-01 -2.182189e-01 7.264941e-03 2.085136e-02 -6.000907e-02 -8.812688e-02 9.704369e-02 1.335646e-01 4.133179e-02 1.440132e-02 -6.318321e-02 -5.119599e-02 1.744304e-01 5.491024e-02 -1.392505e-03
<VARIANCE> 25
 8.715253e+00 1.635304e+01 2.911052e+01 3.866415e+01 5.193077e+01 3.313295e+01 4.033848e+01 4.026833e+01 3.988548e+01 4.611884e+01 3.568348e+01 2.795978e+01 1.211767e-01 3.167839e-01 3.169834e-01 6.590649e-01 6.094701e-01 6.642579e-01 7.889873e-01 8.710462e-01 9.682250e-01 9.077556e-01 7.141217e-01 7.454301e-01 1.229734e-04
<GCONST> 7.133013e+01
<MIXTURE> 114 5.938666e-03
<MEAN> 25
 9.964854e+00 1.660131e+00 -8.808859e+00 -1.667132e+01 -9.334469e-01 5.692016e+00 -5.469451e+00 -1.692503e+00 -5.415024e+00 -3.522615e-01 3.888702e-01 -2.182189e-01 7.264941e-03 2.085136e-02 -6.000907e-02 -8.812688e-02 9.704369e-02 1.335646e-01 4.133179e-02 1.440132e-02 -6.318321e-02 -5.119599e-02 1.744304e-01 5.491024e-02 -1.392505e-03
<VARIANCE> 25
 8.715253e+00 1.635304e+01 2.911052e+01 3.866415e+01 5.193077e+01 3.313295e+01 4.033848e+01 4.026833e+01 3.988548e+01 4.611884e+01 3.568348e+01 2.795978e+01 1.211767e-01 3.167839e-01 3.169834e-01 6.590649e-01 6.094701e-01 6.642579e-01 7.889873e-01 8.710462e-01 9.682250e-01 9.077556e-01 7.141217e-01 7.454301e-01 1.229734e-04
<GCONST> 7.133013e+01
<MIXTURE> 115 2.935202e-03
<MEAN> 25
 -4.030010e+00 -7.309012e-01 -3.133914e+00 3.498484e+00 2.372057e+00 -4.678251e-01 2.325694e+00 6.246594e-01 1.182697e+00 1.449256e-02 1.940297e-01 2.466773e+00 6.056881e-02 -3.047754e-02 -2.161637e-01 -5.028126e-01 -6.304474e-01 -6.294706e-01 -5.372959e-01 -5.234152e-01 -4.617413e-01 -4.167377e-01 -3.570288e-01 -2.288757e-01 -1.668343e-05
<VARIANCE> 25
 9.195852e+00 9.611433e+00 1.352025e+01 1.238177e+01 1.329656e+01 1.697748e+01 1.659325e+01 2.129149e+01 1.782793e+01 1.623000e+01 1.874285e+01 1.484890e+01 2.051288e-01 3.552891e-01 4.602584e-01 6.182362e-01 6.044599e-01 8.090870e-01 1.014555e+00 1.083391e+00 1.053417e+00 9.632740e-01 1.142968e+00 1.201769e+00 1.045371e-06
<GCONST> 6.019650e+01
<MIXTURE> 116 2.935202e-03
<MEAN> 25
 -4.030010e+00 -7.309012e-01 -3.133914e+00 3.498484e+00 2.372057e+00 -4.678251e-01 2.325694e+00 6.246594e-01 1.182697e+00 1.449256e-02 1.940297e-01 2.466773e+00 6.056881e-02 -3.047754e-02 -2.161637e-01 -5.028126e-01 -6.304474e-01 -6.294706e-01 -5.372959e-01 -5.234152e-01 -4.617413e-01 -4.167377e-01 -3.570288e-01 -2.288757e-01 -1.668343e-05
<VARIANCE> 25
 9.195852e+00 9.611433e+00 1.352025e+01 1.238177e+01 1.329656e+01 1.697748e+01 1.659325e+01 2.129149e+01 1.782793e+01 1.623000e+01 1.874285e+01 1.484890e+01 2.051288e-01 3.552891e-01 4.602584e-01 6.182362e-01 6.044599e-01 8.090870e-01 1.014555e+00 1.083391e+00 1.053417e+00 9.632740e-01 1.142968e+00 1.201769e+00 1.045371e-06
<GCONST> 6.019650e+01
<MIXTURE> 117 6.506003e-03
<MEAN> 25
 -4.632642e+00 1.115993e+00 1.017063e+00 9.626903e+00 6.287901e+00 6.247756e+00 6.521326e+00 5.098068e+00 6.361894e+00 4.911077e+00 6.190693e+00 2.632066e+00 -6.999087e-02 -2.335464e-01 -3.589986e-01 -4.244912e-01 -3.743976e-01 -3.075490e-01 -2.908130e-01 -3.158255e-01 -4.117837e-01 -3.756140e-01 -2.357708e-01 -9.408534e-02 -2.929348e-06
<VARIANCE> 25
 7.062396e+00 8.611505e+00 9.715054e+00 1.492554e+01 1.539496e+01 1.516951e+01 1.769319e+01 1.786585e+01 1.624762e+01 1.610467e+01 1.807161e+01 1.483226e+01 2.143191e-01 3.028543e-01 4.211652e-01 6.102816e-01 8.591341e-01 1.037885e+00 1.161519e+00 1.228808e+00 1.247826e+00 1.189403e+00 1.294955e+00 1.124909e+00 9.932593e-07
<GCONST> 6.049569e+01
<MIXTURE> 118 6.506003e-03
<MEAN> 25
 -4.632642e+00 1.115993e+00 1.017063e+00 9.626903e+00 6.287901e+00 6.247756e+00 6.521326e+00 5.098068e+00 6.361894e+00 4.911077e+00 6.190693e+00 2.632066e+00 -6.999087e-02 -2.335464e-01 -3.589986e-01 -4.244912e-01 -3.743976e-01 -3.075490e-01 -2.908130e-01 -3.158255e-01 -4.117837e-01 -3.756140e-01 -2.357708e-01 -9.408534e-02 -2.929348e-06
<VARIANCE> 25
 7.062396e+00 8.611505e+00 9.715054e+00 1.492554e+01 1.539496e+01 1.516951e+01 1.769319e+01 1.786585e+01 1.624762e+01 1.610467e+01 1.807161e+01 1.483226e+01 2.143191e-01 3.028543e-01 4.211652e-01 6.102816e-01 8.591341e-01 1.037885e+00 1.161519e+00 1.228808e+00 1.247826e+00 1.189403e+00 1.294955e+00 1.124909e+00 9.932593e-07
<GCONST> 6.049569e+01
<MIXTURE> 119 4.297961e-03
<MEAN> 25
 -4.951813e+00 -7.376166e+00 2.099474e+00 1.868032e+00 2.202143e+00 5.306181e-01 5.449647e+00 5.883231e+00 8.552147e-01 6.799688e-01 6.478329e+00 1.667714e+00 -5.829872e-02 -7.995946e-02 2.838370e-03 -6.009733e-02 -1.291295e-01 -1.684210e-01 -3.028683e-02 -2.822857e-02 -4.489646e-03 -1.083599e-01 -7.864456e-02 -7.920449e-02 1.125051e-03
<VARIANCE> 25
 7.995431e+00 1.034690e+01 1.628582e+01 2.006216e+01 2.191171e+01 2.372039e+01 2.458701e+01 2.637627e+01 2.607377e+01 2.791469e+01 2.002164e+01 1.947601e+01 1.607649e-01 2.731814e-01 4.562029e-01 6.282831e-01 7.840630e-01 9.591451e-01 1.075993e+00 1.206038e+00 1.389567e+00 1.245121e+00 1.148890e+00 1.060794e+00 2.298749e-04
<GCONST> 6.940440e+01
<MIXTURE> 120 4.297961e-03
<MEAN> 25
 -4.951813e+00 -7.376166e+00 2.099474e+00 1.868032e+00 2.202143e+00 5.306181e-01 5.449647e+00 5.883231e+00 8.552147e-01 6.799688e-01 6.478329e+00 1.667714e+00 -5.829872e-02 -7.995946e-02 2.838370e-03 -6.009733e-02 -1.291295e-01 -1.684210e-01 -3.028683e-02 -2.822857e-02 -4.489646e-03 -1.083599e-01 -7.864456e-02 -7.920449e-02 1.125051e-03
<VARIANCE> 25
 7.995431e+00 1.034690e+01 1.628582e+01 2.006216e+01 2.191171e+01 2.372039e+01 2.458701e+01 2.637627e+01 2.607377e+01 2.791469e+01 2.002164e+01 1.947601e+01 1.607649e-01 2.731814e-01 4.562029e-01 6.282831e-01 7.840630e-01 9.591451e-01 1.075993e+00 1.206038e+00 1.389567e+00 1.245121e+00 1.148890e+00 1.060794e+00 2.298749e-04
<GCONST> 6.940440e+01
<MIXTURE> 121 4.567511e-03
<MEAN> 25
 2.169103e-01 -2.513556e+00 5.162005e+00 -1.287337e+01 -1.264971e+01 -1.639721e+00 9.867154e-01 -5.094584e+00 -4.208367e+00 -5.055727e-01 -5.482401e+00 -4.270441e+00 2.312781e-02 1.263547e-01 -2.901954e-02 8.065708e-02 1.600104e-01 7.193636e-02 -7.528094e-02 -1.804397e-01 -2.636920e-01 -2.636637e-01 -1.214265e-01 9.589602e-04 -7.437996e-03
<VARIANCE> 25
 7.728757e+00 1.555370e+01 1.721583e+01 2.053416e+01 2.438423e+01 2.923573e+01 2.945884e+01 2.456841e+01 3.515577e+01 2.824783e+01 1.981548e+01 2.156995e+01 1.544070e-01 6.492431e-01 6.613439e-01 7.018926e-01 7.681307e-01 1.152431e+00 1.119328e+00 1.117587e+00 1.216146e+00 1.196873e+00 9.469152e-01 8.682554e-01 2.105701e-04
<GCONST> 7.146478e+01
<MIXTURE> 122 4.567511e-03
<MEAN> 25
 2.169103e-01 -2.513556e+00 5.162005e+00 -1.287337e+01 -1.264971e+01 -1.639721e+00 9.867154e-01 -5.094584e+00 -4.208367e+00 -5.055727e-01 -5.482401e+00 -4.270441e+00 2.312781e-02 1.263547e-01 -2.901954e-02 8.065708e-02 1.600104e-01 7.193636e-02 -7.528094e-02 -1.804397e-01 -2.636920e-01 -2.636637e-01 -1.214265e-01 9.589602e-04 -7.437996e-03
<VARIANCE> 25
 7.728757e+00 1.555370e+01 1.721583e+01 2.053416e+01 2.438423e+01 2.923573e+01 2.945884e+01 2.456841e+01 3.515577e+01 2.824783e+01 1.981548e+01 2.156995e+01 1.544070e-01 6.492431e-01 6.613439e-01 7.018926e-01 7.681307e-01 1.152431e+00 1.119328e+00 1.117587e+00 1.216146e+00 1.196873e+00 9.469152e-01 8.682554e-01 2.105701e-04
<GCONST> 7.146478e+01
<MIXTURE> 123 4.393044e-03
<MEAN> 25
 -3.996743e+00 1.142573e+00 3.045747e-01 5.475001e+00 5.373987e+00 3.913176e+00 3.950773e+00 8.140884e-01 1.073733e-01 -3.690564e-01 -3.152288e-01 4.139006e-01 -4.641695e-01 -7.467142e-01 -8.041897e-01 -4.422941e-01 -1.455157e-01 2.574608e-01 5.545360e-01 8.104026e-01 7.841725e-01 7.088589e-01 6.704033e-01 5.438754e-01 -3.292003e-03
<VARIANCE> 25
 8.844141e+00 1.020067e+01 1.344063e+01 1.657847e+01 2.084823e+01 2.646463e+01 1.966811e+01 1.758742e+01 1.688121e+01 1.638543e+01 2.112768e+01 1.857748e+01 3.256389e-01 3.450141e-01 5.091385e-01 8.345582e-01 1.031479e+00 1.401862e+00 1.384773e+00 1.284687e+00 1.203612e+00 1.044460e+00 1.025204e+00 1.038403e+00 1.122587e-04
<GCONST> 6.870944e+01
<MIXTURE> 124 4.069876e-03
<MEAN> 25
 -6.349226e+00 -1.072371e+00 -2.908657e+00 4.691391e+00 5.214425e+00 3.621567e+00 5.958866e+00 3.112006e+00 3.282948e+00 9.700422e-01 1.878127e-01 2.581390e+00 -2.244623e-01 -3.010154e-01 -3.318435e-01 -1.801606e-01 1.617586e-01 5.021585e-01 8.332137e-01 8.699167e-01 6.854906e-01 3.300809e-01 1.354564e-02 -5.510557e-02 6.996912e-06
<VARIANCE> 25
 1.029235e+01 6.511225e+00 1.013143e+01 1.223291e+01 1.285380e+01 1.886639e+01 1.648401e+01 1.805563e+01 1.447227e+01 1.602208e+01 2.505867e+01 1.484195e+01 1.043531e-01 1.817093e-01 2.561878e-01 3.994670e-01 5.423439e-01 6.964855e-01 7.375197e-01 7.872254e-01 9.415352e-01 1.026287e+00 1.066850e+00 9.117486e-01 1.748028e-05
<GCONST> 5.874490e+01
<MIXTURE> 125 4.069876e-03
<MEAN> 25
 -6.349226e+00 -1.072371e+00 -2.908657e+00 4.691391e+00 5.214425e+00 3.621567e+00 5.958866e+00 3.112006e+00 3.282948e+00 9.700422e-01 1.878127e-01 2.581390e+00 -2.244623e-01 -3.010154e-01 -3.318435e-01 -1.801606e-01 1.617586e-01 5.021585e-01 8.332137e-01 8.699167e-01 6.854906e-01 3.300809e-01 1.354564e-02 -5.510557e-02 6.996912e-06
<VARIANCE> 25
 1.029235e+01 6.511225e+00 1.013143e+01 1.223291e+01 1.285380e+01 1.886639e+01 1.648401e+01 1.805563e+01 1.447227e+01 1.602208e+01 2.505867e+01 1.484195e+01 1.043531e-01 1.817093e-01 2.561878e-01 3.994670e-01 5.423439e-01 6.964855e-01 7.375197e-01 7.872254e-01 9.415352e-01 1.026287e+00 1.066850e+00 9.117486e-01 1.748028e-05
<GCONST> 5.874490e+01
<MIXTURE> 126 2.402244e-03
<MEAN> 25
 -3.847062e+00 -6.807827e+00 -5.258694e+00 2.215220e+00 4.355799e+00 -3.066768e+00 3.320544e-01 3.699170e+00 3.154993e+00 -2.691968e+00 -1.566109e+00 2.849037e+00 -1.916257e-02 -2.601616e-02 -6.785098e-02 -1.605658e-01 -3.354355e-01 -3.861724e-01 -2.646987e-01 -1.410163e-01 -1.292731e-01 -1.690913e-01 -7.147208e-02 -1.458271e-02 -8.619400e-04
<VARIANCE> 25
 7.214563e+00 1.252874e+01 1.332855e+01 1.494354e+01 2.388956e+01 2.350125e+01 2.345785e+01 2.780148e+01 3.088287e+01 2.525975e+01 2.154023e+01 1.969887e+01 1.717519e-01 3.535762e-01 4.892261e-01 5.646079e-01 7.355359e-01 9.595712e-01 1.083022e+00 1.219810e+00 1.287270e+00 1.338131e+00 1.224818e+00 1.120022e+00 2.148414e-04
<GCONST> 6.952236e+01
<MIXTURE> 127 2.402244e-03
<MEAN> 25
 -3.847062e+00 -6.807827e+00 -5.258694e+00 2.215220e+00 4.355799e+00 -3.066768e+00 3.320544e-01 3.699170e+00 3.154993e+00 -2.691968e+00 -1.566109e+00 2.849037e+00 -1.916257e-02 -2.601616e-02 -6.785098e-02 -1.605658e-01 -3.354355e-01 -3.861724e-01 -2.646987e-01 -1.410163e-01 -1.292731e-01 -1.690913e-01 -7.147208e-02 -1.458271e-02 -8.619400e-04
<VARIANCE> 25
 7.214563e+00 1.252874e+01 1.332855e+01 1.494354e+01 2.388956e+01 2.350125e+01 2.345785e+01 2.780148e+01 3.088287e+01 2.525975e+01 2.154023e+01 1.969887e+01 1.717519e-01 3.535762e-01 4.892261e-01 5.646079e-01 7.355359e-01 9.595712e-01 1.083022e+00 1.219810e+00 1.287270e+00 1.338131e+00 1.224818e+00 1.120022e+00 2.148414e-04
<GCONST> 6.952236e+01
<MIXTURE> 128 3.790457e-03
<MEAN> 25
 -3.977511e+00 1.492476e+00 -3.408924e-01 6.287132e+00 3.629979e+00 2.067428e+00 3.761395e+00 2.468693e+00 3.837552e+00 3.650515e+00 3.719450e+00 3.413846e+00 -4.529727e-01 -2.049459e-01 8.832029e-02 7.133462e-01 1.251804e+00 1.216070e+00 7.369207e-01 2.168554e-01 -3.243622e-01 -7.991607e-01 -8.225225e-01 -3.750710e-01 -1.661215e-04
<VARIANCE> 25
 9.749221e+00 1.118256e+01 1.427954e+01 1.988972e+01 1.909216e+01 2.098029e+01 2.374947e+01 2.376259e+01 2.552762e+01 2.281491e+01 2.570133e+01 1.756342e+01 9.256620e-01 1.093053e+00 1.304774e+00 1.435946e+00 1.604439e+00 1.911855e+00 2.164037e+00 2.401311e+00 2.323099e+00 1.771061e+00 1.952768e+00 1.672457e+00 1.294746e-06
<GCONST> 7.354482e+01
<TRANSP> 3
 0.000000e+00 1.000000e+00 0.000000e+00
 0.000000e+00 9.999990e-01 9.999998e-07
 0.000000e+00 0.000000e+00 0.000000e+00
<ENDHMM>
