~o
<STREAMINFO> 1 25
<VECSIZE> 25<NULLD><MFCC_E_D_N><DIAGC>
~h "jmodel"
<BEGINHMM>
<NUMSTATES> 3
<STATE> 2
<NUMMIXES> 128
<MIXTURE> 1 5.748963e-03
<MEAN> 25
 -2.582627e+00 3.182469e+00 2.310956e+00 8.752945e+00 4.372058e+00 3.448688e+00 4.062474e+00 3.937719e+00 5.831863e+00 5.253861e+00 5.882818e+00 3.080164e+00 -2.004081e+00 -1.634365e+00 -8.641824e-01 1.075836e+00 1.560770e+00 2.232458e+00 2.154589e+00 2.084985e+00 1.693623e+00 1.269518e+00 1.566779e+00 6.129305e-01 -4.691406e-02
<VARIANCE> 25
 1.006631e+01 1.175787e+01 1.494440e+01 1.869225e+01 2.318486e+01 2.215082e+01 2.188865e+01 2.198086e+01 2.099245e+01 2.252983e+01 2.095455e+01 1.707775e+01 1.789600e+00 2.111835e+00 3.025347e+00 3.209184e+00 3.738479e+00 3.355502e+00 3.317905e+00 3.379879e+00 3.520491e+00 3.725972e+00 3.514606e+00 2.833839e+00 3.121062e-03
<GCONST> 8.846170e+01
<MIXTURE> 2 4.549242e-03
<MEAN> 25
 -4.671751e+00 1.404613e+00 7.632697e-01 9.329483e+00 6.749826e+00 7.525246e+00 8.152523e+00 7.100957e+00 8.367978e+00 6.477901e+00 7.261454e+00 2.862960e+00 -5.436455e-02 1.747701e-02 1.500325e-01 2.360360e-01 2.585645e-01 2.605368e-01 3.015136e-01 3.206654e-01 3.007094e-01 3.191916e-01 1.933092e-01 5.780428e-02 5.278187e-05
<VARIANCE> 25
 7.333928e+00 8.613194e+00 1.135980e+01 2.085249e+01 1.659282e+01 1.543136e+01 1.847539e+01 1.837967e+01 1.636204e+01 1.677221e+01 1.970094e+01 1.440682e+01 1.282763e-01 2.383970e-01 3.317128e-01 4.480389e-01 6.241123e-01 8.015202e-01 8.935790e-01 9.577777e-01 1.070728e+00 1.028970e+00 1.030488e+00 9.869370e-01 1.026736e-06
<GCONST> 5.827899e+01
<MIXTURE> 3 4.549242e-03
<MEAN> 25
 -4.671751e+00 1.404613e+00 7.632697e-01 9.329483e+00 6.749826e+00 7.525246e+00 8.152523e+00 7.100957e+00 8.367978e+00 6.477901e+00 7.261454e+00 2.862960e+00 -5.436455e-02 1.747701e-02 1.500325e-01 2.360360e-01 2.585645e-01 2.605368e-01 3.015136e-01 3.206654e-01 3.007094e-01 3.191916e-01 1.933092e-01 5.780428e-02 5.278187e-05
<VARIANCE> 25
 7.333928e+00 8.613194e+00 1.135980e+01 2.085249e+01 1.659282e+01 1.543136e+01 1.847539e+01 1.837967e+01 1.636204e+01 1.677221e+01 1.970094e+01 1.440682e+01 1.282763e-01 2.383970e-01 3.317128e-01 4.480389e-01 6.241123e-01 8.015202e-01 8.935790e-01 9.577777e-01 1.070728e+00 1.028970e+00 1.030488e+00 9.869370e-01 1.026736e-06
<GCONST> 5.827899e+01
<MIXTURE> 4 1.671429e-02
<MEAN> 25
 3.706079e+00 2.013591e+00 -3.366613e+00 6.496851e-01 3.910080e+00 -1.483938e-01 -2.354899e-01 -3.383121e-01 1.995465e+00 1.255701e+00 -1.710751e+00 -4.049831e-01 -2.965568e+00 1.357176e+00 1.777762e+00 2.842330e+00 1.046157e+00 5.223226e-01 1.353994e+00 1.237916e+00 8.718618e-01 2.454016e-01 1.156329e+00 7.805636e-01 -9.631958e-02
<VARIANCE> 25
 2.047073e+01 2.961072e+01 2.843301e+01 3.761959e+01 4.320438e+01 6.275313e+01 6.042544e+01 5.043610e+01 5.292683e+01 5.707904e+01 4.564295e+01 3.571629e+01 2.675041e+00 4.781427e+00 3.410035e+00 5.064371e+00 4.858007e+00 5.656709e+00 5.885127e+00 5.447308e+00 5.540898e+00 6.271531e+00 5.649783e+00 4.233546e+00 6.205386e-03
<GCONST> 1.044854e+02
<MIXTURE> 5 3.206198e-03
<MEAN> 25
 -3.333665e+00 2.223912e+00 4.349518e-01 9.166848e+00 6.818219e+00 6.377780e+00 7.217210e+00 4.834619e+00 5.501289e+00 3.869045e+00 4.496957e+00 2.539683e+00 -3.089336e-01 7.181352e-01 1.215122e+00 1.008973e+00 2.981217e-01 -4.763668e-02 -8.934399e-02 1.101042e-02 4.426779e-01 6.755134e-01 4.084072e-01 7.825638e-02 9.409881e-06
<VARIANCE> 25
 1.024918e+01 1.365691e+01 2.405429e+01 2.749770e+01 2.048639e+01 1.910998e+01 2.011121e+01 2.034573e+01 2.093194e+01 2.094319e+01 2.471960e+01 1.612881e+01 1.190882e+00 1.266218e+00 1.328495e+00 1.655210e+00 2.232041e+00 2.439928e+00 2.247362e+00 2.241351e+00 2.273947e+00 2.184835e+00 2.036226e+00 1.834758e+00 1.031077e-06
<GCONST> 7.508479e+01
<MIXTURE> 6 5.475854e-03
<MEAN> 25
 9.702179e+00 -4.177972e-01 -6.691299e+00 -1.104384e+01 -2.117038e+00 6.733825e+00 -5.900056e+00 -5.297517e+00 -3.657714e+00 1.828662e+00 4.644079e+00 -1.252702e+00 4.851618e-01 8.959961e-01 -3.509952e-01 -1.468804e+00 -6.386379e-01 1.314805e+00 1.536533e+00 2.474198e-01 -1.218678e+00 -1.218060e+00 3.232270e-01 1.228429e+00 -8.159057e-03
<VARIANCE> 25
 8.962326e+00 1.707730e+01 2.395520e+01 3.914313e+01 3.678042e+01 3.065707e+01 4.407058e+01 3.807029e+01 4.075042e+01 3.947512e+01 4.210127e+01 2.841823e+01 3.116231e-01 8.577273e-01 9.456216e-01 1.977732e+00 1.606135e+00 2.015849e+00 1.919404e+00 2.051768e+00 2.398669e+00 1.963870e+00 2.245844e+00 1.438850e+00 5.860960e-04
<GCONST> 8.387736e+01
<MIXTURE> 7 5.475854e-03
<MEAN> 25
 9.702179e+00 -4.177972e-01 -6.691299e+00 -1.104384e+01 -2.117038e+00 6.733825e+00 -5.900056e+00 -5.297517e+00 -3.657714e+00 1.828662e+00 4.644079e+00 -1.252702e+00 4.851618e-01 8.959961e-01 -3.509952e-01 -1.468804e+00 -6.386379e-01 1.314805e+00 1.536533e+00 2.474198e-01 -1.218678e+00 -1.218060e+00 3.232270e-01 1.228429e+00 -8.159057e-03
<VARIANCE> 25
 8.962326e+00 1.707730e+01 2.395520e+01 3.914313e+01 3.678042e+01 3.065707e+01 4.407058e+01 3.807029e+01 4.075042e+01 3.947512e+01 4.210127e+01 2.841823e+01 3.116231e-01 8.577273e-01 9.456216e-01 1.977732e+00 1.606135e+00 2.015849e+00 1.919404e+00 2.051768e+00 2.398669e+00 1.963870e+00 2.245844e+00 1.438850e+00 5.860960e-04
<GCONST> 8.387736e+01
<MIXTURE> 8 1.165917e-02
<MEAN> 25
 -4.706310e+00 1.371985e+00 1.257597e+00 9.476075e+00 6.558322e+00 6.241066e+00 6.486978e+00 5.697233e+00 6.648453e+00 5.622946e+00 6.543125e+00 3.144811e+00 -6.390033e-01 -1.424624e+00 -1.060486e+00 -1.725030e+00 -2.516533e-01 -9.470935e-01 -1.750830e-01 -3.071605e-01 -2.550191e-01 -1.696831e-01 -2.118961e-01 8.510718e-02 9.886202e-02
<VARIANCE> 25
 9.370765e+00 9.802232e+00 1.176021e+01 1.704002e+01 1.658980e+01 1.567001e+01 1.802878e+01 1.743074e+01 1.696008e+01 1.728048e+01 1.893978e+01 1.394116e+01 2.756720e+00 2.798939e+00 3.902871e+00 3.744230e+00 3.506880e+00 3.297712e+00 3.111741e+00 3.118600e+00 2.855590e+00 2.642165e+00 2.420370e+00 1.892801e+00 6.650246e-03
<GCONST> 8.631019e+01
<MIXTURE> 9 1.199672e-02
<MEAN> 25
 9.251065e+00 3.370395e+00 -6.171952e+00 -1.052013e+01 -2.168897e+00 4.878225e+00 -2.255937e+00 -2.362685e+00 -5.394361e+00 -1.252608e+00 5.518948e-01 -3.697601e-02 1.440185e+00 -1.335303e-01 -4.877133e-01 -2.686414e+00 -1.667819e+00 8.414905e-01 -9.556334e-01 -2.376990e-01 -1.876339e-01 -5.641530e-01 6.234480e-01 -1.702721e-01 7.286726e-02
<VARIANCE> 25
 1.230834e+01 2.119877e+01 3.326916e+01 5.504108e+01 4.978244e+01 3.259309e+01 4.290146e+01 5.203185e+01 4.159027e+01 4.110450e+01 3.577089e+01 2.676507e+01 2.064754e+00 2.429026e+00 4.523828e+00 4.851256e+00 4.989497e+00 4.069426e+00 4.212079e+00 5.973757e+00 4.982586e+00 4.052478e+00 3.976642e+00 2.804572e+00 2.207024e-03
<GCONST> 9.867273e+01
<MIXTURE> 10 6.596976e-03
<MEAN> 25
 8.217895e-01 7.631990e+00 5.375161e+00 7.148898e+00 1.586599e+00 -2.116267e+00 -5.193940e-01 -1.685062e+00 8.741593e-01 8.583823e-01 8.374209e-01 6.566544e-01 -1.924992e+00 -6.726242e-01 -4.581622e-01 3.027503e+00 2.463542e+00 2.709915e+00 2.373592e+00 2.277612e+00 1.861303e+00 1.545218e+00 2.334709e+00 5.245374e-01 -1.381220e-01
<VARIANCE> 25
 1.954028e+01 2.070048e+01 2.230123e+01 2.905682e+01 3.830552e+01 3.493723e+01 3.514185e+01 3.383452e+01 2.760598e+01 2.905135e+01 2.696210e+01 2.501059e+01 2.234319e+00 3.427337e+00 5.534834e+00 5.169959e+00 5.551138e+00 4.469448e+00 4.698972e+00 4.842755e+00 4.387835e+00 5.019947e+00 4.446061e+00 3.190727e+00 2.697758e-03
<GCONST> 9.745924e+01
<MIXTURE> 11 1.633820e-02
<MEAN> 25
 6.924802e+00 2.955740e+00 3.160328e+00 5.114482e+00 -2.963288e+00 -2.220031e+00 -3.465995e+00 -6.138225e+00 -3.398757e+00 -9.953895e-01 -2.613149e+00 -2.133358e+00 -5.230595e-01 6.462798e-01 1.448532e-01 2.122595e-01 7.651639e-01 3.610929e-02 1.756501e-01 -2.365084e-01 -7.400260e-02 3.145212e-02 -2.721241e-01 2.107741e-01 -1.681060e-02
<VARIANCE> 25
 1.277083e+01 2.303636e+01 1.719766e+01 2.625508e+01 3.570760e+01 3.110836e+01 4.023999e+01 4.020759e+01 3.457330e+01 3.108259e+01 2.995949e+01 2.330677e+01 1.442379e+00 1.214981e+00 1.541147e+00 1.765234e+00 2.310639e+00 1.790641e+00 1.713535e+00 2.507431e+00 1.812342e+00 1.650126e+00 1.848446e+00 1.363158e+00 8.489068e-04
<GCONST> 8.506168e+01
<MIXTURE> 12 5.904134e-03
<MEAN> 25
 1.076536e+01 3.743342e+00 -4.502377e+00 -1.599257e+01 -8.696133e+00 8.641975e+00 -8.972780e-01 -1.922627e+00 -1.723274e+00 -4.886531e+00 1.774764e+00 7.162261e-01 6.775348e-02 2.936996e-01 7.966843e-02 -3.682955e-01 -3.103826e-01 2.956166e-02 3.054918e-01 4.477316e-01 1.410632e-01 -3.847295e-01 -3.855600e-01 5.390326e-02 -6.301621e-03
<VARIANCE> 25
 8.883104e+00 2.100283e+01 2.335582e+01 3.505177e+01 4.205832e+01 3.096611e+01 4.179699e+01 4.898357e+01 4.406213e+01 3.738698e+01 3.799584e+01 2.892859e+01 2.468322e-01 6.884208e-01 6.860287e-01 1.169843e+00 1.186542e+00 1.053806e+00 1.170998e+00 1.386185e+00 1.240514e+00 1.222183e+00 1.221497e+00 9.564691e-01 5.786457e-04
<GCONST> 7.892130e+01
<MIXTURE> 13 5.904134e-03
<MEAN> 25
 1.076536e+01 3.743342e+00 -4.502377e+00 -1.599257e+01 -8.696133e+00 8.641975e+00 -8.972780e-01 -1.922627e+00 -1.723274e+00 -4.886531e+00 1.774764e+00 7.162261e-01 6.775348e-02 2.936996e-01 7.966843e-02 -3.682955e-01 -3.103826e-01 2.956166e-02 3.054918e-01 4.477316e-01 1.410632e-01 -3.847295e-01 -3.855600e-01 5.390326e-02 -6.301621e-03
<VARIANCE> 25
 8.883104e+00 2.100283e+01 2.335582e+01 3.505177e+01 4.205832e+01 3.096611e+01 4.179699e+01 4.898357e+01 4.406213e+01 3.738698e+01 3.799584e+01 2.892859e+01 2.468322e-01 6.884208e-01 6.860287e-01 1.169843e+00 1.186542e+00 1.053806e+00 1.170998e+00 1.386185e+00 1.240514e+00 1.222183e+00 1.221497e+00 9.564691e-01 5.786457e-04
<GCONST> 7.892130e+01
<MIXTURE> 14 6.488954e-03
<MEAN> 25
 -4.202091e+00 -2.547304e-01 -4.510946e-01 8.598710e+00 7.555808e+00 7.458455e+00 7.896263e+00 7.383612e+00 7.233409e+00 5.190101e+00 6.601928e+00 3.953384e+00 -2.704266e-01 1.711393e-01 3.585524e-01 2.965825e-01 8.082380e-03 7.567164e-02 8.234152e-02 1.453020e-01 3.123719e-01 5.701357e-01 5.039363e-01 8.347134e-02 -9.147804e-03
<VARIANCE> 25
 9.485088e+00 1.399158e+01 1.903585e+01 2.056411e+01 2.051132e+01 1.947138e+01 2.129720e+01 2.059230e+01 1.988564e+01 2.332720e+01 2.318330e+01 1.629315e+01 9.417745e-01 1.615662e+00 1.747262e+00 1.892400e+00 2.191956e+00 2.242178e+00 2.211349e+00 2.231388e+00 2.256267e+00 2.519577e+00 2.145226e+00 1.770655e+00 1.004449e-03
<GCONST> 8.192538e+01
<MIXTURE> 15 2.475190e-03
<MEAN> 25
 -5.136049e+00 -3.967779e-01 -2.419119e-01 7.116929e+00 5.649609e+00 5.540338e+00 5.974023e+00 5.139785e+00 5.158484e+00 4.261770e+00 5.254672e+00 2.526757e+00 -1.191967e-01 -2.776667e-02 4.946025e-02 2.505467e-01 5.169219e-01 7.958528e-01 1.102732e+00 1.196228e+00 1.079832e+00 7.471477e-01 3.735338e-01 1.371518e-01 -1.068410e-04
<VARIANCE> 25
 8.431826e+00 6.667617e+00 8.781077e+00 1.362972e+01 1.378253e+01 1.474447e+01 1.471690e+01 1.490940e+01 1.359478e+01 1.392401e+01 1.575239e+01 1.211185e+01 1.202870e-01 2.018936e-01 3.289579e-01 4.854059e-01 7.008779e-01 7.870238e-01 7.741892e-01 8.127648e-01 8.987347e-01 9.939318e-01 1.095071e+00 1.020023e+00 2.807309e-05
<GCONST> 5.886723e+01
<MIXTURE> 16 2.475190e-03
<MEAN> 25
 -5.136049e+00 -3.967779e-01 -2.419119e-01 7.116929e+00 5.649609e+00 5.540338e+00 5.974023e+00 5.139785e+00 5.158484e+00 4.261770e+00 5.254672e+00 2.526757e+00 -1.191967e-01 -2.776667e-02 4.946025e-02 2.505467e-01 5.169219e-01 7.958528e-01 1.102732e+00 1.196228e+00 1.079832e+00 7.471477e-01 3.735338e-01 1.371518e-01 -1.068410e-04
<VARIANCE> 25
 8.431826e+00 6.667617e+00 8.781077e+00 1.362972e+01 1.378253e+01 1.474447e+01 1.471690e+01 1.490940e+01 1.359478e+01 1.392401e+01 1.575239e+01 1.211185e+01 1.202870e-01 2.018936e-01 3.289579e-01 4.854059e-01 7.008779e-01 7.870238e-01 7.741892e-01 8.127648e-01 8.987347e-01 9.939318e-01 1.095071e+00 1.020023e+00 2.807309e-05
<GCONST> 5.886723e+01
<MIXTURE> 17 9.518312e-03
<MEAN> 25
 3.974078e+00 -2.504584e+00 6.979015e+00 2.622136e+00 -7.140395e+00 -5.931238e+00 -3.541624e+00 -1.868778e+00 -2.880603e+00 -3.427323e+00 -5.958457e-01 1.004501e+00 -6.577389e-01 -1.342326e+00 1.472951e+00 -1.773100e+00 -2.336645e+00 -3.903886e-01 9.791355e-02 4.267408e-01 -4.098285e-01 -3.154681e-01 9.131951e-01 6.936716e-01 7.769615e-02
<VARIANCE> 25
 1.440812e+01 3.660278e+01 2.953174e+01 3.478723e+01 4.281850e+01 4.356510e+01 3.521287e+01 4.020045e+01 3.092986e+01 2.752660e+01 2.472913e+01 2.976105e+01 1.785475e+00 2.636792e+00 3.821312e+00 3.072887e+00 4.361601e+00 4.982794e+00 4.232837e+00 4.496376e+00 3.458637e+00 3.921667e+00 2.541405e+00 3.429455e+00 1.870193e-03
<GCONST> 9.581236e+01
<MIXTURE> 18 1.221018e-02
<MEAN> 25
 4.011075e+00 3.564857e+00 5.956625e+00 4.952699e+00 -4.445338e+00 -7.825588e+00 -2.223845e+00 -1.015883e+00 -2.904300e+00 -2.919074e+00 -1.244383e+00 3.453678e-01 -8.966684e-01 2.206853e+00 -7.246236e-02 1.799426e+00 3.187354e+00 1.311132e+00 9.202886e-01 -7.262898e-03 7.026545e-01 7.834156e-01 -5.498781e-01 -1.571798e-01 -1.159341e-01
<VARIANCE> 25
 1.431194e+01 2.653413e+01 3.058571e+01 2.446972e+01 3.570591e+01 3.028557e+01 3.428633e+01 3.272964e+01 3.436003e+01 3.095391e+01 2.913604e+01 2.675707e+01 2.336323e+00 2.740746e+00 4.136020e+00 3.634711e+00 3.487709e+00 4.078900e+00 4.002030e+00 4.144819e+00 3.913124e+00 3.961556e+00 4.187281e+00 3.211249e+00 3.807135e-03
<GCONST> 9.594122e+01
<MIXTURE> 19 9.912824e-03
<MEAN> 25
 -1.021863e+01 1.093485e+00 -3.106492e-01 5.542761e-01 2.082046e+00 1.300801e+00 3.406864e+00 8.029670e-02 1.629842e+00 1.708022e+00 7.317593e-01 1.489756e+00 2.036858e+00 1.532843e+00 2.248361e+00 9.241028e-01 -9.830283e-01 -1.047177e+00 -1.116983e+00 -1.256971e+00 -1.596685e+00 -1.347603e+00 -7.765458e-01 -6.777757e-01 1.488692e-03
<VARIANCE> 25
 4.691959e+01 2.930394e+01 4.351025e+01 4.783542e+01 4.892520e+01 2.856784e+01 2.957471e+01 3.190399e+01 2.568645e+01 2.502428e+01 2.689103e+01 1.890000e+01 2.216038e+00 2.170318e+00 2.079431e+00 2.211701e+00 2.251713e+00 1.977440e+00 2.311515e+00 2.299855e+00 1.933166e+00 2.039679e+00 1.963012e+00 1.892771e+00 2.140597e-03
<GCONST> 9.040133e+01
<MIXTURE> 20 6.308331e-03
<MEAN> 25
 -1.415933e+01 7.449354e+00 8.383011e-01 6.120761e+00 4.852057e+00 1.586631e+00 5.194906e+00 8.106477e-01 8.563386e-01 7.541098e-01 2.537806e+00 -3.129712e-01 -3.278791e+00 -8.399468e-01 -1.564320e+00 3.322686e-01 1.536386e+00 2.043551e+00 1.978647e+00 2.053105e+00 2.109959e+00 2.026695e+00 1.679053e+00 9.420982e-01 4.703721e-02
<VARIANCE> 25
 1.956699e+01 2.336770e+01 3.069406e+01 3.695918e+01 3.060151e+01 2.792646e+01 2.970792e+01 3.150710e+01 2.841124e+01 2.819938e+01 2.506792e+01 2.080261e+01 2.085259e+00 2.244972e+00 1.893585e+00 2.522531e+00 2.684438e+00 2.334607e+00 2.291937e+00 2.303616e+00 2.347304e+00 2.648834e+00 2.225357e+00 1.850240e+00 1.878513e-03
<GCONST> 8.921288e+01
<MIXTURE> 21 7.928653e-03
<MEAN> 25
 4.051702e+00 -4.620249e+00 5.670421e+00 -1.456721e+00 -1.050686e+01 -8.533908e+00 -2.589850e+00 3.795780e+00 -1.982319e+00 -3.219304e+00 1.360008e-01 2.805842e-01 -7.402752e-01 1.283890e+00 2.636256e+00 -7.191413e-02 -1.615175e+00 3.303416e-01 6.077205e-01 -1.500639e+00 -1.963526e+00 2.665950e-01 1.272622e+00 3.305057e-01 -1.135748e-02
<VARIANCE> 25
 8.685460e+00 1.846203e+01 2.905249e+01 2.775245e+01 2.786105e+01 3.326773e+01 4.160981e+01 4.258115e+01 4.180962e+01 3.167859e+01 3.315249e+01 2.262766e+01 3.782330e-01 1.024346e+00 1.883868e+00 1.275948e+00 2.302537e+00 2.119425e+00 3.537440e+00 2.423162e+00 2.095399e+00 2.586612e+00 2.039977e+00 2.429005e+00 4.837968e-04
<GCONST> 8.515647e+01
<MIXTURE> 22 8.827789e-03
<MEAN> 25
 -1.790658e+01 7.189388e+00 -4.118296e+00 7.348538e+00 4.601150e+00 2.729214e+00 8.349617e+00 1.745713e+00 5.323460e+00 3.271629e+00 5.692869e+00 1.175534e+00 -3.003983e-01 -2.004048e-01 -1.330348e-01 -1.388945e-01 -5.642701e-03 1.342778e-01 1.846458e-01 1.732611e-01 2.458150e-01 2.116999e-01 1.770357e-01 1.972140e-01 8.427326e-03
<VARIANCE> 25
 8.150742e+00 1.692418e+01 1.738514e+01 2.535442e+01 2.277108e+01 2.086536e+01 1.969242e+01 1.868007e+01 1.861893e+01 2.085990e+01 1.922542e+01 1.373297e+01 1.110816e+00 1.356517e+00 1.369077e+00 1.577547e+00 1.403140e+00 1.517768e+00 1.505753e+00 1.529227e+00 1.616150e+00 1.540115e+00 1.353665e+00 1.165507e+00 1.780608e-03
<GCONST> 7.837877e+01
<MIXTURE> 23 6.455497e-03
<MEAN> 25
 7.866519e+00 2.218947e+00 2.784610e+00 2.384753e+00 -4.869333e+00 -3.136714e+00 -4.438774e+00 -6.538079e+00 -3.548354e+00 -1.165754e+00 -3.800373e+00 -2.306371e+00 2.302388e-02 1.422222e-01 4.734652e-02 5.782565e-02 -3.594634e-02 6.465759e-02 8.464468e-03 -1.956473e-02 3.500308e-02 -1.255614e-03 -5.497907e-02 7.002240e-02 -4.058503e-03
<VARIANCE> 25
 1.033545e+01 2.221036e+01 2.403561e+01 3.836819e+01 3.650080e+01 5.072849e+01 5.632295e+01 5.341557e+01 4.586018e+01 4.512686e+01 4.704094e+01 3.859094e+01 1.265388e-01 3.304274e-01 3.869523e-01 4.613791e-01 6.612369e-01 6.778951e-01 7.397586e-01 8.403980e-01 8.425915e-01 8.723664e-01 8.343700e-01 7.463832e-01 8.791529e-05
<GCONST> 7.258614e+01
<MIXTURE> 24 6.455497e-03
<MEAN> 25
 7.866519e+00 2.218947e+00 2.784610e+00 2.384753e+00 -4.869333e+00 -3.136714e+00 -4.438774e+00 -6.538079e+00 -3.548354e+00 -1.165754e+00 -3.800373e+00 -2.306371e+00 2.302388e-02 1.422222e-01 4.734652e-02 5.782565e-02 -3.594634e-02 6.465759e-02 8.464468e-03 -1.956473e-02 3.500308e-02 -1.255614e-03 -5.497907e-02 7.002240e-02 -4.058503e-03
<VARIANCE> 25
 1.033545e+01 2.221036e+01 2.403561e+01 3.836819e+01 3.650080e+01 5.072849e+01 5.632295e+01 5.341557e+01 4.586018e+01 4.512686e+01 4.704094e+01 3.859094e+01 1.265388e-01 3.304274e-01 3.869523e-01 4.613791e-01 6.612369e-01 6.778951e-01 7.397586e-01 8.403980e-01 8.425915e-01 8.723664e-01 8.343700e-01 7.463832e-01 8.791529e-05
<GCONST> 7.258614e+01
<MIXTURE> 25 1.118642e-02
<MEAN> 25
 3.204626e-01 2.756100e+00 1.641712e+01 -1.221605e-01 -1.152645e+01 -2.374815e+00 -5.186150e+00 -3.712034e+00 -7.076987e+00 -5.978429e+00 3.621420e+00 -8.950526e-01 -1.663263e-01 3.611143e-01 1.642767e-01 5.146648e-02 2.594995e-01 -8.606834e-02 1.238309e-01 -8.556464e-02 -2.551242e-01 8.628678e-02 -8.560510e-02 -9.454019e-02 -8.635291e-03
<VARIANCE> 25
 8.739345e+00 2.617615e+01 2.080608e+01 3.607280e+01 3.094475e+01 4.635511e+01 2.580581e+01 3.492943e+01 2.641101e+01 3.950197e+01 2.192423e+01 3.366047e+01 5.688785e-01 1.421151e+00 1.349219e+00 1.408333e+00 2.159088e+00 2.385070e+00 1.682618e+00 1.636727e+00 1.419341e+00 1.611858e+00 1.256251e+00 1.376670e+00 1.416713e-03
<GCONST> 8.352415e+01
<MIXTURE> 26 7.727677e-03
<MEAN> 25
 2.152143e+00 -6.301509e+00 -1.032228e+01 -7.309070e-01 8.018996e+00 5.539958e+00 4.116801e+00 -1.503379e-01 2.342580e+00 -9.094329e-01 -2.893277e+00 -1.008577e+00 -6.481222e-01 6.132473e-01 3.626533e-01 6.811886e-01 1.754539e-01 2.493150e-01 2.804901e-01 3.183012e-01 2.998239e-01 1.089706e-01 3.893980e-01 4.253527e-01 -5.204172e-02
<VARIANCE> 25
 2.488821e+01 3.499832e+01 2.574244e+01 6.164207e+01 3.854329e+01 4.230149e+01 4.626854e+01 4.500899e+01 3.923826e+01 5.389732e+01 3.953777e+01 4.609297e+01 1.645490e+00 1.963254e+00 1.913967e+00 1.990391e+00 2.308424e+00 2.359046e+00 2.493411e+00 2.743343e+00 2.319838e+00 2.367995e+00 2.136254e+00 1.979025e+00 3.319179e-03
<GCONST> 9.385366e+01
<MIXTURE> 27 7.727677e-03
<MEAN> 25
 2.152143e+00 -6.301509e+00 -1.032228e+01 -7.309070e-01 8.018996e+00 5.539958e+00 4.116801e+00 -1.503379e-01 2.342580e+00 -9.094329e-01 -2.893277e+00 -1.008577e+00 -6.481222e-01 6.132473e-01 3.626533e-01 6.811886e-01 1.754539e-01 2.493150e-01 2.804901e-01 3.183012e-01 2.998239e-01 1.089706e-01 3.893980e-01 4.253527e-01 -5.204172e-02
<VARIANCE> 25
 2.488821e+01 3.499832e+01 2.574244e+01 6.164207e+01 3.854329e+01 4.230149e+01 4.626854e+01 4.500899e+01 3.923826e+01 5.389732e+01 3.953777e+01 4.609297e+01 1.645490e+00 1.963254e+00 1.913967e+00 1.990391e+00 2.308424e+00 2.359046e+00 2.493411e+00 2.743343e+00 2.319838e+00 2.367995e+00 2.136254e+00 1.979025e+00 3.319179e-03
<GCONST> 9.385366e+01
<MIXTURE> 28 5.036674e-03
<MEAN> 25
 -5.122350e+00 2.549325e-01 -1.776247e+00 6.159157e+00 5.389722e+00 3.743774e+00 5.623883e+00 3.387120e+00 3.923398e+00 2.691080e+00 2.579870e+00 2.963258e+00 -1.158313e-01 2.146790e-01 5.377081e-01 7.688516e-01 7.748729e-01 7.138847e-01 4.687216e-01 3.455849e-01 4.471917e-01 4.873282e-01 3.741468e-01 1.913167e-01 4.352555e-05
<VARIANCE> 25
 1.143323e+01 8.730795e+00 1.214565e+01 1.704471e+01 1.488257e+01 1.760854e+01 1.815173e+01 1.909515e+01 1.650349e+01 1.771431e+01 2.043310e+01 1.516752e+01 2.510334e-01 3.467673e-01 3.974010e-01 4.540115e-01 6.434535e-01 8.634576e-01 1.054623e+00 1.121870e+00 1.088476e+00 9.746527e-01 1.010546e+00 1.025807e+00 1.011304e-06
<GCONST> 6.043171e+01
<MIXTURE> 29 5.036674e-03
<MEAN> 25
 -5.122350e+00 2.549325e-01 -1.776247e+00 6.159157e+00 5.389722e+00 3.743774e+00 5.623883e+00 3.387120e+00 3.923398e+00 2.691080e+00 2.579870e+00 2.963258e+00 -1.158313e-01 2.146790e-01 5.377081e-01 7.688516e-01 7.748729e-01 7.138847e-01 4.687216e-01 3.455849e-01 4.471917e-01 4.873282e-01 3.741468e-01 1.913167e-01 4.352555e-05
<VARIANCE> 25
 1.143323e+01 8.730795e+00 1.214565e+01 1.704471e+01 1.488257e+01 1.760854e+01 1.815173e+01 1.909515e+01 1.650349e+01 1.771431e+01 2.043310e+01 1.516752e+01 2.510334e-01 3.467673e-01 3.974010e-01 4.540115e-01 6.434535e-01 8.634576e-01 1.054623e+00 1.121870e+00 1.088476e+00 9.746527e-01 1.010546e+00 1.025807e+00 1.011304e-06
<GCONST> 6.043171e+01
<MIXTURE> 30 8.917812e-03
<MEAN> 25
 -3.793430e+00 6.035240e-01 3.274531e-01 7.501179e+00 7.567538e+00 7.638272e+00 7.677085e+00 7.065679e+00 6.755955e+00 5.182602e+00 5.580668e+00 2.888544e+00 -4.485703e-02 -1.811245e-02 8.229757e-02 1.554022e-01 1.000248e-01 3.417130e-02 7.525418e-02 -5.979592e-03 6.897248e-02 7.719826e-02 5.123086e-02 9.646609e-02 -6.900507e-05
<VARIANCE> 25
 7.933293e+00 1.115591e+01 1.077944e+01 2.218140e+01 1.379092e+01 1.519590e+01 1.846031e+01 1.629058e+01 1.538780e+01 1.623230e+01 2.629997e+01 1.375795e+01 9.431639e-02 1.953768e-01 3.241342e-01 4.680770e-01 6.005185e-01 6.851647e-01 7.089263e-01 7.490454e-01 8.844808e-01 9.253556e-01 8.168325e-01 8.270717e-01 5.371165e-05
<GCONST> 6.054481e+01
<MIXTURE> 31 4.136493e-03
<MEAN> 25
 -2.991862e+00 -5.165108e+00 2.566274e-02 4.614212e+00 3.563944e+00 1.573290e+00 5.255793e+00 6.519770e+00 2.647800e+00 1.389268e+00 6.106748e+00 3.137467e+00 2.160903e-01 5.024353e-01 -2.542109e-01 2.898001e-01 1.788329e-01 4.012055e-01 1.690044e-01 -1.772792e-03 3.637674e-01 4.170262e-01 7.679418e-02 9.246715e-02 -1.914753e-02
<VARIANCE> 25
 8.095428e+00 1.785388e+01 1.684928e+01 1.785356e+01 2.456545e+01 2.353535e+01 2.234157e+01 2.571685e+01 2.620040e+01 2.668777e+01 2.164149e+01 1.799049e+01 2.082918e-01 4.849680e-01 5.937850e-01 7.269735e-01 9.628496e-01 1.068483e+00 1.171092e+00 1.374090e+00 1.281486e+00 1.269151e+00 1.189773e+00 1.068769e+00 2.581608e-04
<GCONST> 7.169106e+01
<MIXTURE> 32 4.136493e-03
<MEAN> 25
 -2.991862e+00 -5.165108e+00 2.566274e-02 4.614212e+00 3.563944e+00 1.573290e+00 5.255793e+00 6.519770e+00 2.647800e+00 1.389268e+00 6.106748e+00 3.137467e+00 2.160903e-01 5.024353e-01 -2.542109e-01 2.898001e-01 1.788329e-01 4.012055e-01 1.690044e-01 -1.772792e-03 3.637674e-01 4.170262e-01 7.679418e-02 9.246715e-02 -1.914753e-02
<VARIANCE> 25
 8.095428e+00 1.785388e+01 1.684928e+01 1.785356e+01 2.456545e+01 2.353535e+01 2.234157e+01 2.571685e+01 2.620040e+01 2.668777e+01 2.164149e+01 1.799049e+01 2.082918e-01 4.849680e-01 5.937850e-01 7.269735e-01 9.628496e-01 1.068483e+00 1.171092e+00 1.374090e+00 1.281486e+00 1.269151e+00 1.189773e+00 1.068769e+00 2.581608e-04
<GCONST> 7.169106e+01
<MIXTURE> 33 1.508826e-02
<MEAN> 25
 6.613473e+00 -4.140799e+00 -2.174397e+00 -2.495225e+00 -2.053051e+00 -5.604014e+00 -7.300202e+00 1.365451e+00 2.354805e+00 -5.656713e-01 -4.579565e+00 -2.889958e+00 6.562479e-01 -1.094486e+00 -2.420419e+00 -1.839011e+00 1.441409e+00 1.402870e+00 -7.237610e-01 6.559635e-01 9.889374e-01 5.892884e-01 -2.839014e-01 -1.351874e+00 3.582631e-02
<VARIANCE> 25
 9.981776e+00 2.219150e+01 2.857281e+01 3.604695e+01 4.159944e+01 4.293901e+01 4.190443e+01 5.007422e+01 4.031116e+01 4.305946e+01 3.468660e+01 2.834450e+01 1.137722e+00 2.129573e+00 2.167875e+00 2.165750e+00 4.229804e+00 3.386961e+00 4.235029e+00 5.536086e+00 3.727208e+00 4.336617e+00 3.320059e+00 2.601264e+00 1.585098e-03
<GCONST> 9.451129e+01
<MIXTURE> 34 1.588179e-02
<MEAN> 25
 9.225792e+00 -2.438532e+00 -5.551589e-01 1.345350e+00 -3.458157e+00 -1.890535e+00 -6.715626e+00 -6.041300e+00 -3.512168e-01 8.303648e-02 -1.724136e+00 -3.149648e+00 -8.912344e-02 1.442702e+00 1.275980e+00 2.343055e+00 3.994774e-01 -1.594799e-01 7.368141e-01 -5.215984e-01 -3.242818e-01 1.891285e-01 -9.748455e-01 -1.020539e-01 -6.637669e-02
<VARIANCE> 25
 6.384965e+00 4.265887e+01 2.416162e+01 4.418005e+01 3.625755e+01 3.996053e+01 4.353190e+01 5.258378e+01 5.108252e+01 3.609857e+01 4.125485e+01 2.537518e+01 1.225244e+00 1.928228e+00 3.747119e+00 5.010033e+00 5.221518e+00 5.454818e+00 4.682918e+00 8.039823e+00 5.568643e+00 4.473098e+00 5.088655e+00 3.780716e+00 9.948765e-04
<GCONST> 9.804387e+01
<MIXTURE> 35 1.467755e-02
<MEAN> 25
 -2.135825e+00 -5.149126e+00 -9.902713e+00 8.025682e-02 9.594459e+00 8.114045e-01 1.614288e+00 2.572756e+00 1.426958e+00 4.490873e+00 1.052236e-01 1.806400e+00 5.499751e-01 -1.144012e+00 -1.368215e+00 -1.339973e+00 3.483619e-01 -8.282034e-01 -6.900078e-01 -1.544341e-01 -1.716051e-01 1.611993e-01 -6.321343e-01 -4.797195e-01 1.077489e-01
<VARIANCE> 25
 1.929027e+01 2.949221e+01 4.299911e+01 6.246457e+01 4.225121e+01 5.651689e+01 5.027555e+01 4.300954e+01 4.967152e+01 3.832845e+01 3.617513e+01 3.072735e+01 3.420138e+00 3.564177e+00 6.884102e+00 5.589006e+00 5.325997e+00 5.536915e+00 4.861166e+00 4.699595e+00 4.971537e+00 4.438669e+00 4.025675e+00 3.750849e+00 5.227809e-03
<GCONST> 1.034271e+02
<MIXTURE> 36 1.093293e-02
<MEAN> 25
 5.506993e+00 -7.719061e+00 6.385802e+00 1.578070e+00 -1.060464e+01 -8.682071e+00 -7.228189e+00 -9.562462e-01 -6.477561e-01 -4.817215e+00 2.312433e+00 1.602498e+00 2.963802e-01 3.288397e-01 -1.275781e+00 -1.684765e-01 8.939883e-01 9.998066e-02 -2.977014e-01 1.801836e-01 6.562213e-01 4.404626e-01 -1.059777e-01 -7.200645e-01 -1.874484e-02
<VARIANCE> 25
 1.243827e+01 3.013561e+01 1.728816e+01 2.399338e+01 2.300040e+01 2.623046e+01 2.708435e+01 7.156834e+01 3.712725e+01 2.056293e+01 1.953071e+01 2.290059e+01 3.726990e-01 8.522206e-01 1.093372e+00 1.295252e+00 1.128124e+00 1.675279e+00 1.622157e+00 1.523076e+00 1.556887e+00 1.358184e+00 9.926336e-01 1.130463e+00 7.778482e-04
<GCONST> 7.906142e+01
<MIXTURE> 37 1.246826e-02
<MEAN> 25
 5.466343e-01 7.769620e+00 1.205421e+01 -5.552201e+00 -8.030556e+00 -1.053479e+00 -5.081279e+00 -8.323609e+00 -3.711287e+00 -9.085706e-01 -3.668590e+00 -1.291739e+00 1.822263e-01 6.472971e-01 -1.353561e+00 3.583153e+00 1.988060e+00 -3.006002e-01 1.090971e+00 4.361705e-01 5.283068e-01 -3.230390e-01 5.370218e-01 -9.741803e-02 -9.492551e-02
<VARIANCE> 25
 1.593273e+01 2.603551e+01 3.086821e+01 5.103707e+01 3.393420e+01 3.201624e+01 4.396742e+01 3.506778e+01 3.860746e+01 3.597647e+01 3.775916e+01 3.088411e+01 2.958004e+00 3.417247e+00 3.018243e+00 4.094637e+00 4.617078e+00 3.753376e+00 4.208281e+00 3.810778e+00 3.448910e+00 3.621240e+00 3.869918e+00 2.791351e+00 3.927874e-03
<GCONST> 9.778620e+01
<MIXTURE> 38 1.154525e-02
<MEAN> 25
 -4.477640e+00 7.746617e+00 3.534700e+00 2.830351e+00 1.070980e+00 -4.552713e+00 -1.485772e+00 -3.643047e+00 -1.975811e+00 -3.391727e+00 -1.341717e+00 -9.190985e-01 -4.600048e+00 1.780519e+00 -1.950395e-01 1.015281e+00 2.333181e+00 8.717536e-01 1.924321e+00 1.105124e+00 3.438728e-01 3.877457e-01 7.975329e-01 4.524845e-01 4.048074e-02
<VARIANCE> 25
 3.173771e+01 2.953609e+01 3.037707e+01 2.445056e+01 3.716629e+01 2.699333e+01 3.425612e+01 3.475617e+01 3.327165e+01 2.425659e+01 1.973251e+01 2.240038e+01 2.184134e+00 3.348657e+00 3.151018e+00 4.109605e+00 3.535083e+00 4.069577e+00 4.529261e+00 3.609191e+00 3.830389e+00 4.152010e+00 3.238984e+00 2.389342e+00 1.834192e-03
<GCONST> 9.470119e+01
<MIXTURE> 39 9.501865e-03
<MEAN> 25
 1.339141e+00 2.599319e+00 1.021208e+01 -9.198941e+00 -1.128413e+01 -9.936982e-01 -2.970369e+00 -6.572869e+00 -4.525763e+00 8.638895e-01 -3.684923e+00 -2.294705e+00 -7.299537e-01 1.521276e+00 1.624925e+00 -1.389444e+00 8.173285e-02 1.221936e+00 -1.200215e+00 -1.252402e+00 4.285153e-01 4.452398e-01 -5.056939e-01 1.227434e-01 1.319283e-03
<VARIANCE> 25
 8.910140e+00 3.009867e+01 3.163023e+01 3.859944e+01 3.724348e+01 4.271794e+01 4.438559e+01 3.348482e+01 3.939951e+01 3.324112e+01 3.618416e+01 2.943421e+01 6.917744e-01 1.548147e+00 1.513823e+00 2.923650e+00 2.425069e+00 2.825958e+00 3.049817e+00 2.748478e+00 2.434007e+00 2.616778e+00 2.119221e+00 2.070215e+00 1.183954e-03
<GCONST> 8.966852e+01
<MIXTURE> 40 1.030800e-02
<MEAN> 25
 -6.400161e+00 3.203235e+00 -1.469895e+00 5.129141e+00 4.793632e+00 6.023418e+00 5.881291e+00 4.584422e+00 3.990443e+00 4.416575e+00 3.760651e+00 9.038221e-01 -6.837317e-02 -2.221603e-01 3.846440e-03 -1.530268e-01 -1.242660e-01 -1.443686e-01 2.460067e-02 7.999752e-02 2.851481e-02 8.371950e-02 2.823484e-02 1.688609e-02 4.153921e-03
<VARIANCE> 25
 3.977711e+01 1.692898e+01 2.157939e+01 3.101136e+01 2.017578e+01 1.675418e+01 1.769224e+01 1.682614e+01 1.535508e+01 1.412930e+01 2.047775e+01 1.218723e+01 6.955264e-01 6.507325e-01 9.378065e-01 8.398555e-01 1.029155e+00 1.379827e+00 1.153236e+00 1.258452e+00 1.096299e+00 1.056382e+00 1.008257e+00 7.664150e-01 6.670919e-04
<GCONST> 7.365204e+01
<MIXTURE> 41 6.713375e-03
<MEAN> 25
 1.329562e+00 1.709180e+00 1.044813e+01 -6.886382e+00 -1.046441e+01 -3.870408e+00 -2.491344e+00 -5.066307e+00 -4.638173e+00 2.629257e+00 -1.759912e+00 -9.259133e-01 7.050768e-02 -7.646300e-01 1.705168e+00 -3.537080e+00 -2.460404e+00 -1.212602e-01 -5.013396e-01 -3.610722e-01 -8.309448e-01 1.074689e+00 -1.036387e+00 9.564594e-02 8.601593e-02
<VARIANCE> 25
 1.173201e+01 3.019679e+01 3.263929e+01 4.048802e+01 3.846444e+01 4.018190e+01 3.691082e+01 2.978443e+01 3.298386e+01 2.887330e+01 3.166525e+01 2.722074e+01 3.169124e+00 3.303053e+00 3.830775e+00 3.835757e+00 4.921662e+00 5.857561e+00 4.693208e+00 4.542798e+00 3.952742e+00 4.235683e+00 3.815460e+00 3.266342e+00 2.923125e-03
<GCONST> 9.792964e+01
<MIXTURE> 42 1.106211e-02
<MEAN> 25
 -1.866718e+00 3.919875e+00 4.622568e+00 3.029628e+00 -6.775088e-01 -5.758921e+00 -6.029036e-01 -2.442418e+00 -1.724704e+00 -1.263114e+00 -2.006660e+00 6.833975e-01 3.945771e+00 -6.650555e-01 1.883741e+00 6.476997e-01 -2.963474e+00 -1.216506e+00 -2.288044e+00 -9.430280e-01 -9.335841e-01 -1.097822e+00 4.090809e-01 -5.121139e-01 2.304822e-02
<VARIANCE> 25
 3.229856e+01 1.956047e+01 4.085776e+01 2.462892e+01 3.963211e+01 3.375967e+01 3.253179e+01 3.087811e+01 2.554973e+01 2.535270e+01 1.825824e+01 1.856435e+01 3.287766e+00 4.963984e+00 5.780638e+00 5.082120e+00 4.225952e+00 4.976190e+00 4.348657e+00 4.430264e+00 4.201128e+00 5.552782e+00 3.575994e+00 4.192025e+00 4.608405e-03
<GCONST> 9.837413e+01
<MIXTURE> 43 7.108249e-03
<MEAN> 25
 3.167431e+00 -6.309054e+00 -2.249132e+00 -5.186732e+00 -7.400902e+00 -3.404633e+00 4.140344e+00 1.317956e+00 -5.058414e+00 -7.092262e+00 -4.319559e+00 -1.246624e+00 2.368988e-01 2.166219e+00 1.912942e+00 -1.325631e-01 -1.427503e+00 -7.940480e-01 -9.678937e-01 -7.794861e-01 8.217677e-01 1.468602e+00 3.417382e-01 2.181836e-02 -4.515045e-02
<VARIANCE> 25
 9.596015e+00 1.968292e+01 2.733333e+01 3.519596e+01 3.838745e+01 3.661283e+01 3.328675e+01 3.986941e+01 3.968080e+01 3.862905e+01 2.655701e+01 2.954959e+01 6.912403e-01 1.249316e+00 1.571347e+00 2.490443e+00 2.385118e+00 2.382305e+00 2.657485e+00 3.025221e+00 2.605175e+00 2.575730e+00 2.330875e+00 1.920219e+00 9.450357e-04
<GCONST> 8.797363e+01
<MIXTURE> 44 7.328289e-03
<MEAN> 25
 -1.558014e+01 4.386436e+00 3.706921e+00 -3.925197e+00 3.527850e+00 1.489826e+00 -1.639488e+00 2.155949e+00 1.583245e+00 -9.380211e-01 1.924719e+00 4.325612e-01 -1.075394e-01 1.580961e-01 -2.371249e-01 4.173826e-01 1.731149e-01 2.260606e-01 8.181856e-01 3.578776e-01 -2.703103e-01 1.390602e-01 2.057624e-01 7.478402e-02 -3.218725e-03
<VARIANCE> 25
 3.914630e+01 2.766311e+01 3.015675e+01 2.325066e+01 2.113867e+01 2.037971e+01 2.566944e+01 2.228777e+01 2.544444e+01 1.836912e+01 2.000468e+01 1.634083e+01 1.005874e+00 1.356736e+00 1.602484e+00 1.285358e+00 1.669592e+00 1.159511e+00 1.214819e+00 1.287516e+00 1.641949e+00 1.275304e+00 1.236987e+00 8.721115e-01 1.197055e-03
<GCONST> 8.006729e+01
<MIXTURE> 45 1.364932e-02
<MEAN> 25
 -1.224580e+01 3.545173e+00 -4.851184e-01 1.894886e+00 4.711821e+00 -2.586496e-01 2.653127e+00 2.178491e+00 3.306285e+00 7.586070e-01 2.005003e+00 1.690894e+00 -3.250447e+00 9.227684e-01 -1.915466e-01 -6.785768e-01 5.575472e-02 -5.210934e-02 2.705228e-01 6.787298e-02 -2.166466e-01 -1.847833e-03 1.543852e-01 2.021149e-01 1.116572e-01
<VARIANCE> 25
 3.319976e+01 2.695784e+01 2.838517e+01 3.205065e+01 3.170330e+01 2.456098e+01 4.495310e+01 2.685610e+01 2.284769e+01 3.007249e+01 2.386810e+01 1.647460e+01 2.986912e+00 3.152942e+00 2.806678e+00 2.526544e+00 2.329941e+00 2.206891e+00 2.342085e+00 2.187462e+00 1.844905e+00 2.338524e+00 1.658246e+00 1.395385e+00 3.610133e-03
<GCONST> 8.996696e+01
<MIXTURE> 46 9.336259e-03
<MEAN> 25
 -9.492179e+00 2.654833e+00 1.029831e+00 7.126688e+00 6.031283e+00 3.244721e+00 6.823713e+00 4.402023e+00 5.587286e+00 4.594863e+00 4.961209e+00 2.700564e+00 1.154127e+00 -2.446021e-01 1.265845e-04 9.173156e-01 6.058177e-01 9.336169e-01 3.848925e-01 6.256289e-01 5.053946e-01 5.335585e-01 6.223495e-01 4.989008e-01 -1.062930e-01
<VARIANCE> 25
 3.428105e+01 4.444791e+01 3.747593e+01 5.186724e+01 4.888512e+01 3.938780e+01 3.676096e+01 3.433603e+01 3.212570e+01 3.015076e+01 2.730326e+01 2.042127e+01 3.939272e+00 3.995038e+00 3.774231e+00 4.172868e+00 3.990878e+00 3.561966e+00 3.256123e+00 3.035008e+00 2.871769e+00 2.755371e+00 2.216277e+00 1.745959e+00 7.649760e-03
<GCONST> 9.775769e+01
<MIXTURE> 47 7.116147e-03
<MEAN> 25
 7.326152e+00 -7.361762e+00 -7.754439e+00 -6.447022e+00 1.509510e+00 8.384480e-01 -2.389206e+00 1.222356e+00 3.008856e+00 1.481856e-01 -4.248489e+00 -6.712111e+00 -1.832001e-01 -1.257325e+00 -6.907601e-01 -4.197790e-01 6.186799e-01 8.152646e-01 8.767949e-01 2.987849e-01 1.173946e-01 -8.858384e-01 -4.665555e-01 -4.579501e-01 3.012016e-02
<VARIANCE> 25
 1.071785e+01 2.116992e+01 2.050253e+01 3.319154e+01 3.618919e+01 5.269450e+01 4.524464e+01 4.083078e+01 4.339507e+01 4.697635e+01 4.861966e+01 3.349289e+01 5.195817e-01 7.707223e-01 1.124861e+00 1.665335e+00 1.987150e+00 2.205251e+00 2.317470e+00 2.478678e+00 2.191649e+00 2.141478e+00 2.184337e+00 2.008537e+00 5.505804e-04
<GCONST> 8.644299e+01
<MIXTURE> 48 7.116147e-03
<MEAN> 25
 7.326152e+00 -7.361762e+00 -7.754439e+00 -6.447022e+00 1.509510e+00 8.384480e-01 -2.389206e+00 1.222356e+00 3.008856e+00 1.481856e-01 -4.248489e+00 -6.712111e+00 -1.832001e-01 -1.257325e+00 -6.907601e-01 -4.197790e-01 6.186799e-01 8.152646e-01 8.767949e-01 2.987849e-01 1.173946e-01 -8.858384e-01 -4.665555e-01 -4.579501e-01 3.012016e-02
<VARIANCE> 25
 1.071785e+01 2.116992e+01 2.050253e+01 3.319154e+01 3.618919e+01 5.269450e+01 4.524464e+01 4.083078e+01 4.339507e+01 4.697635e+01 4.861966e+01 3.349289e+01 5.195817e-01 7.707223e-01 1.124861e+00 1.665335e+00 1.987150e+00 2.205251e+00 2.317470e+00 2.478678e+00 2.191649e+00 2.141478e+00 2.184337e+00 2.008537e+00 5.505804e-04
<GCONST> 8.644299e+01
<MIXTURE> 49 5.548473e-03
<MEAN> 25
 -3.767594e+00 1.036342e+00 -5.794927e-01 6.982691e+00 6.588365e+00 5.308024e+00 6.602683e+00 4.886034e+00 3.963699e+00 4.194907e+00 3.925623e+00 2.208930e+00 3.302951e-01 6.396059e-01 7.067849e-01 3.337281e-01 -1.072277e-01 -6.494921e-01 -1.170120e+00 -9.674949e-01 -1.061923e+00 -7.620137e-01 -5.317166e-01 -2.935613e-01 -5.339225e-04
<VARIANCE> 25
 1.296651e+01 1.021681e+01 1.413337e+01 2.124216e+01 1.443381e+01 1.402960e+01 1.844964e+01 1.660329e+01 1.943419e+01 1.813028e+01 1.965209e+01 1.287950e+01 2.330737e-01 2.464927e-01 3.209651e-01 5.394455e-01 8.200598e-01 7.836940e-01 1.077608e+00 9.458904e-01 1.102119e+00 1.515964e+00 1.073597e+00 1.112304e+00 1.608371e-05
<GCONST> 6.359126e+01
<MIXTURE> 50 6.234641e-03
<MEAN> 25
 -4.324564e+00 3.931050e-01 -1.684326e+00 5.707407e+00 4.257452e+00 2.451456e+00 3.783864e+00 2.072615e+00 2.501261e+00 1.429602e+00 2.022480e+00 2.714874e+00 3.769721e-02 1.894574e-01 6.971978e-02 -1.734326e-01 -4.850434e-01 -5.682783e-01 -4.184161e-01 -5.387863e-02 4.437400e-01 7.723691e-01 7.563209e-01 4.094443e-01 -7.482430e-05
<VARIANCE> 25
 1.161744e+01 1.173409e+01 1.406486e+01 1.760221e+01 1.472536e+01 1.840994e+01 1.767041e+01 1.859874e+01 1.878606e+01 1.775548e+01 2.072303e+01 1.455135e+01 1.428936e-01 2.324273e-01 3.768923e-01 5.088970e-01 5.840992e-01 7.278874e-01 9.173277e-01 1.050776e+00 1.051099e+00 8.810543e-01 9.020439e-01 9.946303e-01 1.143770e-06
<GCONST> 5.947519e+01
<MIXTURE> 51 6.234641e-03
<MEAN> 25
 -4.324564e+00 3.931050e-01 -1.684326e+00 5.707407e+00 4.257452e+00 2.451456e+00 3.783864e+00 2.072615e+00 2.501261e+00 1.429602e+00 2.022480e+00 2.714874e+00 3.769721e-02 1.894574e-01 6.971978e-02 -1.734326e-01 -4.850434e-01 -5.682783e-01 -4.184161e-01 -5.387863e-02 4.437400e-01 7.723691e-01 7.563209e-01 4.094443e-01 -7.482430e-05
<VARIANCE> 25
 1.161744e+01 1.173409e+01 1.406486e+01 1.760221e+01 1.472536e+01 1.840994e+01 1.767041e+01 1.859874e+01 1.878606e+01 1.775548e+01 2.072303e+01 1.455135e+01 1.428936e-01 2.324273e-01 3.768923e-01 5.088970e-01 5.840992e-01 7.278874e-01 9.173277e-01 1.050776e+00 1.051099e+00 8.810543e-01 9.020439e-01 9.946303e-01 1.143770e-06
<GCONST> 5.947519e+01
<MIXTURE> 52 6.367945e-03
<MEAN> 25
 9.936109e+00 1.825987e+00 -6.133257e+00 -1.453611e+01 -4.400277e+00 8.430626e+00 -2.672442e+00 -4.004416e+00 -4.476267e+00 -1.977503e+00 3.721177e+00 5.925843e-01 -3.255033e-01 -6.005345e-01 -3.112752e-02 1.268400e+00 1.276343e+00 -4.921533e-01 -6.721596e-01 -5.571941e-01 3.609358e-02 1.274036e+00 3.322078e-01 -4.838257e-01 -1.330141e-02
<VARIANCE> 25
 9.527308e+00 2.053059e+01 2.421782e+01 3.800399e+01 4.417618e+01 2.948137e+01 4.449607e+01 6.370301e+01 4.112966e+01 4.440225e+01 4.063483e+01 2.907143e+01 4.979298e-01 1.687906e+00 1.276943e+00 2.956596e+00 2.297604e+00 2.105731e+00 2.936919e+00 2.872683e+00 2.872718e+00 2.559922e+00 2.464134e+00 2.243562e+00 1.479660e-03
<GCONST> 8.980679e+01
<MIXTURE> 53 6.367945e-03
<MEAN> 25
 9.936109e+00 1.825987e+00 -6.133257e+00 -1.453611e+01 -4.400277e+00 8.430626e+00 -2.672442e+00 -4.004416e+00 -4.476267e+00 -1.977503e+00 3.721177e+00 5.925843e-01 -3.255033e-01 -6.005345e-01 -3.112752e-02 1.268400e+00 1.276343e+00 -4.921533e-01 -6.721596e-01 -5.571941e-01 3.609358e-02 1.274036e+00 3.322078e-01 -4.838257e-01 -1.330141e-02
<VARIANCE> 25
 9.527308e+00 2.053059e+01 2.421782e+01 3.800399e+01 4.417618e+01 2.948137e+01 4.449607e+01 6.370301e+01 4.112966e+01 4.440225e+01 4.063483e+01 2.907143e+01 4.979298e-01 1.687906e+00 1.276943e+00 2.956596e+00 2.297604e+00 2.105731e+00 2.936919e+00 2.872683e+00 2.872718e+00 2.559922e+00 2.464134e+00 2.243562e+00 1.479660e-03
<GCONST> 8.980679e+01
<MIXTURE> 54 7.368620e-03
<MEAN> 25
 -3.284128e+00 3.852154e-01 -9.106387e-01 7.280777e+00 6.460035e+00 4.736598e+00 4.738421e+00 4.620220e+00 3.848555e+00 3.492667e+00 4.049967e+00 1.979095e+00 -1.760745e-02 3.344217e-02 3.110902e-02 5.321886e-02 9.000696e-02 1.538063e-02 1.601631e-02 7.466359e-02 3.096085e-02 2.490486e-02 1.823644e-02 -1.527929e-02 2.727278e-05
<VARIANCE> 25
 9.702065e+00 1.071091e+01 9.255464e+00 2.268252e+01 1.272040e+01 1.370669e+01 1.158136e+01 1.062476e+01 1.330271e+01 1.492958e+01 1.810225e+01 1.294338e+01 4.383373e-02 8.590961e-02 1.527124e-01 2.173640e-01 3.301208e-01 3.819683e-01 4.664698e-01 5.364462e-01 6.242045e-01 5.082146e-01 5.331368e-01 4.990864e-01 1.020137e-06
<GCONST> 4.794803e+01
<MIXTURE> 55 7.368620e-03
<MEAN> 25
 -3.284128e+00 3.852154e-01 -9.106387e-01 7.280777e+00 6.460035e+00 4.736598e+00 4.738421e+00 4.620220e+00 3.848555e+00 3.492667e+00 4.049967e+00 1.979095e+00 -1.760745e-02 3.344217e-02 3.110902e-02 5.321886e-02 9.000696e-02 1.538063e-02 1.601631e-02 7.466359e-02 3.096085e-02 2.490486e-02 1.823644e-02 -1.527929e-02 2.727278e-05
<VARIANCE> 25
 9.702065e+00 1.071091e+01 9.255464e+00 2.268252e+01 1.272040e+01 1.370669e+01 1.158136e+01 1.062476e+01 1.330271e+01 1.492958e+01 1.810225e+01 1.294338e+01 4.383373e-02 8.590961e-02 1.527124e-01 2.173640e-01 3.301208e-01 3.819683e-01 4.664698e-01 5.364462e-01 6.242045e-01 5.082146e-01 5.331368e-01 4.990864e-01 1.020137e-06
<GCONST> 4.794803e+01
<MIXTURE> 56 6.132464e-03
<MEAN> 25
 7.499348e+00 -6.680276e+00 -9.112383e+00 -8.603971e+00 3.978004e+00 3.911599e+00 -2.156452e+00 -1.430288e+00 1.959258e+00 7.085245e-01 -2.469468e+00 -7.125507e+00 -1.420194e-02 2.059032e-02 -8.709901e-02 2.044914e-02 2.504342e-01 6.469604e-02 1.244689e-01 -1.352652e-01 -4.974777e-02 -4.325449e-02 -8.807314e-02 1.952979e-02 -7.034400e-03
<VARIANCE> 25
 9.629677e+00 2.403246e+01 2.004367e+01 4.123491e+01 3.293272e+01 5.067503e+01 6.162154e+01 3.685203e+01 3.867606e+01 3.766750e+01 3.992502e+01 3.094288e+01 2.068587e-01 4.336693e-01 4.504675e-01 7.654052e-01 8.006759e-01 1.105362e+00 9.175837e-01 9.021270e-01 9.074186e-01 9.361072e-01 1.032674e+00 7.784412e-01 2.374858e-04
<GCONST> 7.514532e+01
<MIXTURE> 57 6.132464e-03
<MEAN> 25
 7.499348e+00 -6.680276e+00 -9.112383e+00 -8.603971e+00 3.978004e+00 3.911599e+00 -2.156452e+00 -1.430288e+00 1.959258e+00 7.085245e-01 -2.469468e+00 -7.125507e+00 -1.420194e-02 2.059032e-02 -8.709901e-02 2.044914e-02 2.504342e-01 6.469604e-02 1.244689e-01 -1.352652e-01 -4.974777e-02 -4.325449e-02 -8.807314e-02 1.952979e-02 -7.034400e-03
<VARIANCE> 25
 9.629677e+00 2.403246e+01 2.004367e+01 4.123491e+01 3.293272e+01 5.067503e+01 6.162154e+01 3.685203e+01 3.867606e+01 3.766750e+01 3.992502e+01 3.094288e+01 2.068587e-01 4.336693e-01 4.504675e-01 7.654052e-01 8.006759e-01 1.105362e+00 9.175837e-01 9.021270e-01 9.074186e-01 9.361072e-01 1.032674e+00 7.784412e-01 2.374858e-04
<GCONST> 7.514532e+01
<MIXTURE> 58 6.172147e-03
<MEAN> 25
 2.611430e+00 -3.209191e+00 7.341528e+00 -5.250717e+00 -1.343896e+01 -5.653482e+00 1.533285e+00 8.723772e-01 -2.423243e+00 1.779979e+00 5.927984e-01 -8.129615e-01 -2.952653e-02 -1.289420e-01 -8.442238e-02 -1.577326e-01 -1.418086e-02 2.394294e-01 3.679136e-01 2.339621e-01 2.131929e-02 1.642693e-02 -7.727052e-02 -1.454678e-01 -3.185504e-03
<VARIANCE> 25
 7.470919e+00 1.631276e+01 2.016929e+01 2.699788e+01 2.336505e+01 4.616007e+01 3.369235e+01 3.485071e+01 3.197223e+01 3.128781e+01 2.280997e+01 2.005816e+01 3.064650e-01 8.051493e-01 7.596705e-01 1.012182e+00 8.855374e-01 1.208780e+00 1.149938e+00 1.295885e+00 1.065204e+00 1.053834e+00 9.067107e-01 8.714278e-01 7.278108e-04
<GCONST> 7.559483e+01
<MIXTURE> 59 6.172147e-03
<MEAN> 25
 2.611430e+00 -3.209191e+00 7.341528e+00 -5.250717e+00 -1.343896e+01 -5.653482e+00 1.533285e+00 8.723772e-01 -2.423243e+00 1.779979e+00 5.927984e-01 -8.129615e-01 -2.952653e-02 -1.289420e-01 -8.442238e-02 -1.577326e-01 -1.418086e-02 2.394294e-01 3.679136e-01 2.339621e-01 2.131929e-02 1.642693e-02 -7.727052e-02 -1.454678e-01 -3.185504e-03
<VARIANCE> 25
 7.470919e+00 1.631276e+01 2.016929e+01 2.699788e+01 2.336505e+01 4.616007e+01 3.369235e+01 3.485071e+01 3.197223e+01 3.128781e+01 2.280997e+01 2.005816e+01 3.064650e-01 8.051493e-01 7.596705e-01 1.012182e+00 8.855374e-01 1.208780e+00 1.149938e+00 1.295885e+00 1.065204e+00 1.053834e+00 9.067107e-01 8.714278e-01 7.278108e-04
<GCONST> 7.559483e+01
<MIXTURE> 60 4.479129e-03
<MEAN> 25
 -3.854259e+00 -2.791998e-01 -1.348874e+00 3.303416e+00 2.129583e+00 2.301925e+00 1.836617e+00 1.722929e+00 1.884852e+00 1.356134e+00 2.125465e+00 1.835165e+00 -1.708847e-02 7.502276e-02 7.857493e-02 8.743376e-02 1.215175e-01 1.171540e-01 1.455263e-01 3.071100e-01 5.691634e-01 6.804914e-01 5.328972e-01 2.481542e-01 -2.130159e-04
<VARIANCE> 25
 8.044525e+00 5.644230e+00 1.030505e+01 1.204154e+01 1.481748e+01 1.652584e+01 1.391871e+01 1.216257e+01 1.312329e+01 1.341399e+01 1.594531e+01 1.149848e+01 9.344188e-02 1.707193e-01 2.731955e-01 4.304366e-01 5.807608e-01 7.103906e-01 8.437774e-01 8.538116e-01 9.092111e-01 8.141003e-01 8.493859e-01 9.051715e-01 2.405742e-05
<GCONST> 5.690721e+01
<MIXTURE> 61 4.479129e-03
<MEAN> 25
 -3.854259e+00 -2.791998e-01 -1.348874e+00 3.303416e+00 2.129583e+00 2.301925e+00 1.836617e+00 1.722929e+00 1.884852e+00 1.356134e+00 2.125465e+00 1.835165e+00 -1.708847e-02 7.502276e-02 7.857493e-02 8.743376e-02 1.215175e-01 1.171540e-01 1.455263e-01 3.071100e-01 5.691634e-01 6.804914e-01 5.328972e-01 2.481542e-01 -2.130159e-04
<VARIANCE> 25
 8.044525e+00 5.644230e+00 1.030505e+01 1.204154e+01 1.481748e+01 1.652584e+01 1.391871e+01 1.216257e+01 1.312329e+01 1.341399e+01 1.594531e+01 1.149848e+01 9.344188e-02 1.707193e-01 2.731955e-01 4.304366e-01 5.807608e-01 7.103906e-01 8.437774e-01 8.538116e-01 9.092111e-01 8.141003e-01 8.493859e-01 9.051715e-01 2.405742e-05
<GCONST> 5.690721e+01
<MIXTURE> 62 3.278034e-03
<MEAN> 25
 -4.911934e+00 1.366659e+00 9.115565e-01 8.558906e+00 6.170290e+00 5.028474e+00 5.545337e+00 4.106304e+00 4.931520e+00 3.987330e+00 4.825148e+00 2.931037e+00 -9.731011e-01 -1.147645e+00 -9.543582e-01 -2.718235e-01 4.248110e-01 9.847623e-01 1.403561e+00 1.524036e+00 1.459362e+00 1.236336e+00 1.037630e+00 6.975875e-01 -1.218956e-03
<VARIANCE> 25
 1.044695e+01 1.007219e+01 1.309495e+01 1.808301e+01 1.706353e+01 1.716234e+01 1.927265e+01 1.873906e+01 1.847540e+01 1.837435e+01 2.140051e+01 1.491504e+01 4.148521e-01 4.341413e-01 5.440993e-01 7.634313e-01 1.016384e+00 1.178599e+00 1.263798e+00 1.282676e+00 1.361497e+00 1.334593e+00 1.389890e+00 1.352482e+00 1.624602e-05
<GCONST> 6.750394e+01
<MIXTURE> 63 4.351215e-03
<MEAN> 25
 -2.895366e+00 -7.094982e-01 -4.308755e+00 1.748253e+00 4.005845e+00 6.675570e-01 3.367373e+00 2.273545e+00 2.015772e+00 1.974058e-01 -1.322604e+00 1.776127e+00 -7.057688e-02 3.719707e-01 3.755196e-01 4.028656e-01 3.343206e-01 5.665714e-01 4.662073e-01 2.336643e-01 2.338962e-01 2.110678e-01 1.142544e-01 6.661953e-02 -2.678436e-03
<VARIANCE> 25
 1.001286e+01 1.693376e+01 1.392252e+01 1.508833e+01 1.648941e+01 2.506607e+01 2.283351e+01 2.254329e+01 2.170258e+01 1.953359e+01 1.614455e+01 1.413777e+01 2.410773e-01 3.989912e-01 6.481010e-01 6.117929e-01 9.151593e-01 1.034884e+00 1.113569e+00 1.191498e+00 1.422188e+00 1.563851e+00 1.297301e+00 9.952540e-01 1.980839e-04
<GCONST> 6.966538e+01
<MIXTURE> 64 4.351215e-03
<MEAN> 25
 -2.895366e+00 -7.094982e-01 -4.308755e+00 1.748253e+00 4.005845e+00 6.675570e-01 3.367373e+00 2.273545e+00 2.015772e+00 1.974058e-01 -1.322604e+00 1.776127e+00 -7.057688e-02 3.719707e-01 3.755196e-01 4.028656e-01 3.343206e-01 5.665714e-01 4.662073e-01 2.336643e-01 2.338962e-01 2.110678e-01 1.142544e-01 6.661953e-02 -2.678436e-03
<VARIANCE> 25
 1.001286e+01 1.693376e+01 1.392252e+01 1.508833e+01 1.648941e+01 2.506607e+01 2.283351e+01 2.254329e+01 2.170258e+01 1.953359e+01 1.614455e+01 1.413777e+01 2.410773e-01 3.989912e-01 6.481010e-01 6.117929e-01 9.151593e-01 1.034884e+00 1.113569e+00 1.191498e+00 1.422188e+00 1.563851e+00 1.297301e+00 9.952540e-01 1.980839e-04
<GCONST> 6.966538e+01
<MIXTURE> 65 1.721197e-02
<MEAN> 25
 7.698095e+00 1.516824e+00 1.546081e+00 1.088052e+00 -4.888867e+00 -4.106052e+00 -5.963296e+00 -7.203425e+00 -3.942641e+00 -2.565473e+00 -4.556330e+00 -2.135738e+00 2.543710e-01 8.019553e-03 6.053493e-03 -2.241884e-02 -3.793330e-01 2.202341e-01 -1.158825e-01 -2.816294e-01 1.487927e-01 -4.453700e-02 7.541478e-02 -2.485942e-01 -7.810912e-04
<VARIANCE> 25
 9.917046e+00 1.999410e+01 2.405498e+01 3.244133e+01 3.842614e+01 4.968463e+01 4.942081e+01 5.158110e+01 4.808337e+01 5.023761e+01 5.332438e+01 4.680288e+01 6.084910e-01 9.641534e-01 1.554246e+00 1.677099e+00 2.384591e+00 1.932217e+00 1.963883e+00 2.623366e+00 2.171167e+00 2.222891e+00 2.259255e+00 2.020531e+00 4.549691e-04
<GCONST> 8.789543e+01
<MIXTURE> 66 1.191532e-02
<MEAN> 25
 6.766544e+00 -4.146742e+00 -5.543590e+00 -4.616701e+00 1.231839e+00 -5.027298e+00 -6.978876e+00 1.025416e+00 8.073779e-01 -2.007919e+00 -6.051208e+00 -3.424295e+00 -6.974252e-02 1.667041e+00 2.244412e+00 2.300328e+00 -1.226751e+00 -1.241513e+00 8.188433e-02 -4.803278e-01 -1.203836e-01 -2.174885e-01 -2.602917e-01 1.032219e+00 -6.374304e-02
<VARIANCE> 25
 9.068339e+00 2.254650e+01 2.676345e+01 3.457938e+01 3.788949e+01 5.246764e+01 5.500473e+01 4.583313e+01 5.361664e+01 6.543273e+01 3.664946e+01 3.583307e+01 1.292615e+00 2.398926e+00 2.334711e+00 2.484478e+00 4.197825e+00 4.252254e+00 4.308484e+00 4.947572e+00 4.229754e+00 4.921597e+00 3.998567e+00 3.236019e+00 1.452102e-03
<GCONST> 9.676050e+01
<MIXTURE> 67 1.559142e-02
<MEAN> 25
 8.963209e+00 3.208826e-01 -5.412297e+00 -8.057887e+00 -9.709635e-02 2.973287e+00 -3.784907e+00 -4.035917e+00 -3.515290e+00 1.488831e+00 8.948368e-01 -1.782843e+00 -9.372408e-01 1.519961e+00 1.054321e+00 3.305218e+00 1.532145e+00 -5.888911e-01 9.166345e-01 6.696417e-01 4.365374e-01 1.445661e-01 -5.504510e-01 4.762396e-01 -1.196757e-01
<VARIANCE> 25
 9.962252e+00 4.919921e+01 2.802195e+01 5.199687e+01 4.831773e+01 4.799057e+01 5.433414e+01 6.654169e+01 6.254218e+01 5.246631e+01 5.565226e+01 4.286021e+01 2.611623e+00 4.493048e+00 2.843261e+00 5.742636e+00 4.097133e+00 4.472630e+00 5.126896e+00 5.816183e+00 5.398497e+00 4.194313e+00 5.276482e+00 3.398679e+00 3.165303e-03
<GCONST> 1.030504e+02
<MIXTURE> 68 1.485092e-02
<MEAN> 25
 -2.012630e+00 -2.263215e+00 -4.096503e+00 1.144551e+00 5.167217e+00 -6.703664e-01 2.138000e+00 1.841949e+00 1.941034e+00 1.664718e+00 5.439216e-01 1.793700e+00 2.743434e+00 4.739051e-01 7.302590e-02 -2.500149e+00 -2.437511e+00 -1.605141e+00 -2.351924e+00 -1.784636e+00 -1.638618e+00 -1.457759e+00 -1.940170e+00 -1.020674e+00 1.037505e-01
<VARIANCE> 25
 2.557560e+01 3.157284e+01 5.780869e+01 5.242705e+01 4.638664e+01 5.413659e+01 4.450896e+01 4.164335e+01 3.989949e+01 4.276235e+01 3.688764e+01 2.563341e+01 1.862941e+00 3.975300e+00 6.020282e+00 6.125744e+00 4.642006e+00 5.516036e+00 5.672472e+00 4.883450e+00 4.893057e+00 5.199148e+00 5.052725e+00 3.432807e+00 6.049463e-03
<GCONST> 1.034606e+02
<MIXTURE> 69 1.204884e-02
<MEAN> 25
 4.674786e+00 -4.243392e+00 -3.550915e+00 -3.623093e+00 -3.514405e+00 -7.873019e+00 -1.127279e+00 2.204911e+00 -3.604266e-01 -4.734011e+00 -5.671871e+00 9.560177e-01 1.678198e+00 -2.236630e+00 -1.333681e+00 -2.240665e+00 -5.372592e-01 -3.503451e-01 -4.742429e-01 6.144549e-01 -6.427429e-01 -1.457157e+00 -2.196928e+00 -1.715689e-01 6.256257e-02
<VARIANCE> 25
 8.852050e+00 2.194502e+01 2.687681e+01 2.595715e+01 4.277555e+01 3.558541e+01 4.896447e+01 3.160107e+01 3.973594e+01 3.784000e+01 3.112323e+01 2.456224e+01 3.539806e+00 2.923503e+00 3.340440e+00 3.699326e+00 5.774075e+00 5.001978e+00 7.105155e+00 6.066257e+00 5.898324e+00 5.860436e+00 4.365064e+00 3.699138e+00 2.443057e-03
<GCONST> 9.867882e+01
<MIXTURE> 70 1.329190e-02
<MEAN> 25
 7.419479e+00 -1.821197e+00 -3.827661e+00 -3.245970e+00 -3.458693e-01 -7.820660e-01 -7.634187e+00 -4.317012e+00 2.045088e-01 2.670991e+00 -1.667159e-01 -4.798304e+00 1.899669e+00 -1.102541e+00 -7.781534e-01 -2.148760e+00 -1.633191e+00 1.108537e+00 -1.236136e+00 -1.332984e-01 2.745283e-01 -1.034935e-02 7.201022e-01 -1.484447e+00 5.695539e-02
<VARIANCE> 25
 9.518599e+00 2.202086e+01 2.667795e+01 4.644889e+01 3.363371e+01 4.208033e+01 4.693160e+01 4.294683e+01 4.628514e+01 3.159848e+01 4.251524e+01 2.632906e+01 3.315099e+00 3.060925e+00 4.499139e+00 4.737352e+00 5.124616e+00 6.135664e+00 6.544755e+00 7.141549e+00 5.861956e+00 5.105896e+00 5.543528e+00 4.093618e+00 2.434642e-03
<GCONST> 1.007589e+02
<MIXTURE> 71 1.406903e-02
<MEAN> 25
 5.591908e+00 3.701352e+00 5.064218e+00 3.726156e+00 -4.439897e+00 -4.533773e+00 -3.548348e+00 -7.233589e+00 -5.164173e+00 -3.575762e+00 -5.098647e+00 -1.798347e+00 -1.578910e+00 -5.643073e-01 -2.187240e-01 -1.795119e+00 1.283619e+00 -6.232927e-01 -5.741940e-02 1.515264e+00 2.733007e-01 1.721019e-01 6.312951e-01 -1.116813e-01 3.943914e-02
<VARIANCE> 25
 2.067430e+01 3.529452e+01 2.597045e+01 4.209874e+01 4.503419e+01 4.767350e+01 3.741908e+01 3.906070e+01 3.641150e+01 4.658318e+01 3.219055e+01 4.398615e+01 1.645242e+00 2.788395e+00 4.678275e+00 4.318140e+00 4.341649e+00 5.693640e+00 4.318767e+00 4.780284e+00 3.749120e+00 4.468093e+00 3.184217e+00 3.561990e+00 1.278185e-03
<GCONST> 9.853615e+01
<MIXTURE> 72 8.134747e-03
<MEAN> 25
 3.826759e+00 -3.925851e+00 5.543885e+00 -2.271535e+00 -1.044099e+01 -9.617336e+00 -2.606453e+00 1.549346e+00 -4.853649e+00 -2.299260e+00 -1.866740e+00 8.309308e-01 9.272977e-01 -7.924617e-01 -2.555988e+00 4.355850e-01 2.073223e+00 -6.410633e-01 -1.298822e+00 1.477241e+00 1.798999e+00 -6.095186e-01 -1.224826e+00 3.745459e-01 -5.727477e-03
<VARIANCE> 25
 1.130792e+01 2.125341e+01 3.220849e+01 3.870740e+01 3.179324e+01 3.341921e+01 4.072391e+01 4.010825e+01 4.349456e+01 4.053992e+01 3.773512e+01 2.988655e+01 4.294119e-01 1.006709e+00 1.980281e+00 1.460573e+00 2.276314e+00 2.420131e+00 2.995704e+00 2.756036e+00 2.596036e+00 2.895010e+00 2.105069e+00 2.101476e+00 5.411313e-04
<GCONST> 8.744978e+01
<MIXTURE> 73 1.213625e-02
<MEAN> 25
 -5.037214e+00 -4.905730e-01 -1.529924e+00 3.521737e+00 3.782712e+00 2.506071e+00 5.738876e+00 3.632457e+00 4.079006e+00 3.370049e+00 3.737124e+00 2.435451e+00 5.028955e-01 -1.233547e+00 -5.219846e-01 -2.202560e+00 -1.663810e+00 -1.742833e+00 -8.897124e-01 -9.313291e-01 -9.428259e-01 -5.456503e-01 -8.982844e-01 -7.706842e-02 1.519773e-01
<VARIANCE> 25
 1.263400e+01 1.202418e+01 1.486570e+01 2.841050e+01 2.124519e+01 2.312173e+01 1.902336e+01 1.788710e+01 1.685404e+01 1.680685e+01 2.316986e+01 1.575559e+01 4.419122e+00 2.955761e+00 6.071126e+00 5.135627e+00 5.972824e+00 3.903057e+00 3.867811e+00 4.794817e+00 3.341452e+00 3.709502e+00 3.199914e+00 2.470791e+00 3.797687e-03
<GCONST> 9.167938e+01
<MIXTURE> 74 1.756491e-02
<MEAN> 25
 4.837427e+00 -4.003450e+00 3.997665e+00 -1.571638e-01 -9.452130e+00 -6.888126e+00 -3.919660e+00 1.377352e+00 -3.348236e+00 -4.117568e+00 -3.286871e-01 4.480990e-01 1.645403e-01 2.173995e+00 -2.076880e-01 1.408746e+00 1.559003e+00 6.579105e-01 6.634065e-01 -7.218149e-01 6.420669e-01 4.790275e-01 -4.534016e-01 -9.026239e-02 -8.205150e-02
<VARIANCE> 25
 9.405716e+00 2.879152e+01 2.704162e+01 3.209884e+01 2.987665e+01 2.864971e+01 4.560379e+01 5.675932e+01 4.080495e+01 3.807014e+01 3.010848e+01 2.455380e+01 2.044455e+00 1.838937e+00 2.859432e+00 1.827735e+00 3.313520e+00 3.027846e+00 3.995402e+00 3.652467e+00 3.253758e+00 3.128662e+00 2.550458e+00 2.699222e+00 1.278428e-03
<GCONST> 9.243141e+01
<MIXTURE> 75 9.711651e-03
<MEAN> 25
 2.768699e+00 -4.287907e+00 1.020701e+01 2.532719e+00 -1.186993e+01 -7.693954e+00 -5.808652e+00 -2.809443e+00 -5.386163e+00 -5.579543e+00 1.753879e+00 1.710361e+00 1.734947e+00 -1.970219e+00 2.519394e-01 -2.115790e-02 -2.275576e+00 -3.020837e-01 -1.530727e+00 5.999566e-01 -2.507641e-01 -9.103296e-01 8.268939e-01 8.735169e-02 4.179954e-02
<VARIANCE> 25
 1.097023e+01 2.623912e+01 2.127159e+01 2.788498e+01 1.994821e+01 3.037349e+01 2.327412e+01 4.003682e+01 2.612786e+01 2.672406e+01 1.742136e+01 2.112033e+01 1.935727e+00 2.159506e+00 4.179770e+00 2.043081e+00 3.316026e+00 4.846865e+00 3.043305e+00 2.713580e+00 2.795600e+00 3.313702e+00 2.058883e+00 3.123094e+00 2.027944e-03
<GCONST> 9.004493e+01
<MIXTURE> 76 1.052359e-02
<MEAN> 25
 -4.965497e+00 3.871812e-01 -2.823722e+00 1.626776e+00 4.987240e+00 2.722561e+00 3.787793e+00 2.738515e+00 1.946328e+00 9.386443e-01 1.152936e+00 9.684985e-01 3.943258e-02 -7.208604e-01 -2.847416e-01 -6.153424e-01 -7.354296e-01 -8.544460e-01 -5.014204e-01 -2.803776e-01 -4.964191e-01 -4.328273e-01 -1.797104e-01 -1.359248e-01 2.243507e-02
<VARIANCE> 25
 3.151469e+01 2.739453e+01 2.146694e+01 3.326513e+01 2.754796e+01 2.555898e+01 2.280073e+01 2.605540e+01 1.939777e+01 1.982133e+01 2.166461e+01 1.742572e+01 9.844693e-01 1.245701e+00 1.256495e+00 1.046490e+00 1.280488e+00 1.640070e+00 1.377328e+00 1.596633e+00 1.365914e+00 1.317740e+00 1.233897e+00 9.459197e-01 1.513473e-03
<GCONST> 8.036501e+01
<MIXTURE> 77 1.244626e-02
<MEAN> 25
 -4.664491e-01 8.585979e+00 1.245966e+01 -1.161536e+01 -7.004347e+00 9.566256e-01 -9.279494e+00 -7.235691e+00 -3.376593e+00 -1.975452e-01 -4.656821e+00 -1.486341e+00 6.786786e-02 1.375683e-01 7.357073e-02 2.506684e-01 -2.141139e-02 7.871705e-02 -6.483565e-02 -6.195242e-02 8.253790e-02 -4.503937e-02 2.538643e-02 1.178675e-01 -9.918217e-03
<VARIANCE> 25
 1.043900e+01 2.006764e+01 2.755636e+01 4.166999e+01 3.320359e+01 3.379713e+01 3.670676e+01 3.179230e+01 3.523569e+01 3.321761e+01 3.756405e+01 3.493801e+01 2.991535e-01 7.780146e-01 6.453326e-01 1.085792e+00 1.239468e+00 9.857854e-01 1.223355e+00 1.074564e+00 1.043321e+00 1.065738e+00 9.716233e-01 9.221599e-01 5.399399e-04
<GCONST> 7.780017e+01
<MIXTURE> 78 9.702551e-03
<MEAN> 25
 -1.150168e+01 3.568984e+00 -2.011935e+00 1.268368e+00 5.120209e+00 -1.485759e+00 3.297277e+00 2.670463e+00 2.256971e+00 6.475672e-01 2.330313e-01 1.852144e+00 2.624780e+00 -2.903540e-01 -1.300006e-01 2.350793e-01 1.813420e-01 2.045132e-01 -7.026298e-02 -1.224521e-01 4.882588e-01 3.870595e-01 -2.709575e-01 -3.670310e-01 -7.845565e-02
<VARIANCE> 25
 3.790774e+01 3.819125e+01 2.489209e+01 2.796437e+01 3.302548e+01 2.973247e+01 2.769370e+01 2.619278e+01 2.376514e+01 2.529509e+01 2.248424e+01 1.865099e+01 3.938765e+00 2.066217e+00 2.539269e+00 2.862475e+00 2.239946e+00 2.790323e+00 2.657469e+00 2.162224e+00 1.981524e+00 1.975637e+00 1.727268e+00 1.723292e+00 4.412399e-03
<GCONST> 9.037740e+01
<MIXTURE> 79 1.156824e-02
<MEAN> 25
 2.453042e+00 1.434450e+00 9.077752e+00 -6.586307e+00 -1.205881e+01 -1.812569e+00 -1.999953e+00 -6.584231e+00 -6.629810e+00 2.991465e-01 -3.385664e+00 -3.217101e+00 1.231895e+00 -5.447685e-01 -1.423153e+00 2.379717e+00 3.733418e-01 -1.447238e+00 5.067746e-01 9.035383e-01 -4.090877e-01 -5.456957e-01 3.415568e-01 2.775623e-01 -3.636800e-02
<VARIANCE> 25
 1.423853e+01 2.526727e+01 3.867386e+01 5.046353e+01 3.303034e+01 4.395578e+01 4.289832e+01 3.769255e+01 3.865551e+01 4.067173e+01 4.515473e+01 3.076408e+01 9.434199e-01 2.293638e+00 1.908254e+00 2.221158e+00 2.466663e+00 2.944530e+00 3.231424e+00 3.537637e+00 2.542636e+00 2.716247e+00 2.342789e+00 2.006874e+00 1.222207e-03
<GCONST> 9.208295e+01
<MIXTURE> 80 7.550998e-03
<MEAN> 25
 -1.460564e+01 3.979329e+00 6.876341e-01 2.863758e+00 2.442807e+00 1.409232e+00 6.394511e+00 2.491267e+00 2.717143e+00 2.374487e+00 4.849160e+00 1.185164e+00 4.285442e+00 -1.601431e-02 1.638935e+00 -1.133455e+00 -2.888294e+00 -2.776790e+00 -2.323216e+00 -2.020915e+00 -1.975320e+00 -1.686077e+00 -1.650072e+00 -6.017386e-01 -4.419816e-02
<VARIANCE> 25
 2.095616e+01 1.986491e+01 3.444070e+01 3.470344e+01 3.024278e+01 2.919460e+01 2.828762e+01 2.859374e+01 2.674294e+01 2.880103e+01 2.686476e+01 1.810609e+01 2.358042e+00 2.664770e+00 2.673725e+00 4.125811e+00 3.394795e+00 2.704764e+00 3.023933e+00 3.203218e+00 2.747874e+00 2.701894e+00 2.781701e+00 2.147216e+00 1.513609e-03
<GCONST> 9.140241e+01
<MIXTURE> 81 8.025434e-03
<MEAN> 25
 -1.118660e+00 4.066314e+00 1.018027e+01 -1.480346e+01 -9.080866e+00 -1.424079e+00 -6.768011e+00 -8.426686e+00 -4.152022e+00 -4.165908e-01 -7.574811e+00 -2.246628e+00 1.339955e-01 -5.873388e-01 -2.811790e-03 -5.564587e-01 -4.641442e-01 3.353325e-01 3.196917e-01 1.370150e-01 -1.404413e-01 1.065307e-01 -4.693843e-01 -1.253580e-01 1.151185e-02
<VARIANCE> 25
 1.015241e+01 3.281664e+01 2.644737e+01 2.928599e+01 3.370222e+01 3.054544e+01 4.544424e+01 2.825214e+01 3.799253e+01 3.188949e+01 2.529867e+01 3.105227e+01 7.722443e-01 2.277269e+00 1.546137e+00 2.872525e+00 2.663210e+00 2.126383e+00 3.281017e+00 2.287918e+00 2.355421e+00 2.539200e+00 2.298627e+00 2.078581e+00 1.183366e-03
<GCONST> 8.868676e+01
<MIXTURE> 82 8.213053e-03
<MEAN> 25
 -9.679874e+00 -3.270541e+00 1.241870e+00 -2.986702e+00 1.318025e+00 8.981746e-01 1.995819e+00 -2.280087e-01 2.776813e+00 2.463483e+00 1.186322e+00 2.506614e+00 -1.616891e+00 -2.198365e-01 2.556379e-01 -2.027294e+00 -1.389755e+00 -1.218965e+00 -9.389674e-01 -1.376089e+00 -3.936346e-01 -3.121443e-01 -2.497559e-01 -6.183129e-02 1.698209e-01
<VARIANCE> 25
 1.786830e+01 2.169385e+01 2.701919e+01 2.459544e+01 3.935287e+01 2.794602e+01 3.253382e+01 3.817941e+01 2.522363e+01 2.763193e+01 2.675332e+01 1.646081e+01 3.700661e+00 2.934625e+00 2.937320e+00 3.742453e+00 3.412072e+00 2.666727e+00 2.455636e+00 3.922435e+00 2.296662e+00 2.145086e+00 1.980591e+00 1.614214e+00 3.168890e-03
<GCONST> 9.142600e+01
<MIXTURE> 83 1.167529e-02
<MEAN> 25
 -1.974308e+01 5.856562e+00 -1.820239e+00 -4.638057e-01 7.627138e+00 -1.258348e+00 5.080195e+00 2.935974e+00 8.767582e-01 1.918649e+00 7.845613e-01 2.712913e+00 -4.069899e-02 -3.866772e-01 -6.851714e-02 -2.498736e-01 -4.627559e-01 -1.219206e-01 -8.945253e-02 -7.188188e-02 -1.448348e-01 -2.443438e-02 1.151428e-02 -1.215843e-02 3.177177e-03
<VARIANCE> 25
 1.015155e+01 1.764680e+01 2.913906e+01 2.155009e+01 2.064977e+01 2.288804e+01 2.331987e+01 2.228728e+01 2.187069e+01 2.197104e+01 2.245984e+01 1.435872e+01 1.016385e+00 9.629827e-01 1.278391e+00 1.201329e+00 1.318366e+00 1.216084e+00 1.305112e+00 1.324838e+00 1.441071e+00 1.258292e+00 1.211546e+00 1.027744e+00 8.878966e-04
<GCONST> 7.715508e+01
<MIXTURE> 84 1.066614e-02
<MEAN> 25
 1.137644e+00 8.718391e+00 7.136172e+00 7.997014e+00 2.738105e+00 -1.035623e+00 -1.641340e+00 -4.332253e+00 -4.061797e+00 -2.968979e+00 -2.568874e+00 -1.609458e+00 -1.784805e+00 -1.121925e+00 -1.146942e+00 1.251628e+00 2.275486e+00 1.491118e+00 1.404881e+00 1.237267e+00 1.128467e+00 4.080010e-01 3.716971e-01 3.989821e-01 -7.021315e-02
<VARIANCE> 25
 2.305800e+01 2.034889e+01 2.126881e+01 2.338303e+01 2.857614e+01 2.815567e+01 2.747992e+01 2.637915e+01 2.475190e+01 2.449712e+01 2.352099e+01 2.378667e+01 2.051877e+00 2.589130e+00 3.842025e+00 3.229706e+00 3.184763e+00 3.278909e+00 3.284129e+00 3.431391e+00 3.420150e+00 3.180755e+00 3.555095e+00 2.735277e+00 3.483992e-03
<GCONST> 9.227631e+01
<MIXTURE> 85 7.591393e-03
<MEAN> 25
 -3.167897e+00 7.390603e+00 5.831568e+00 1.623430e+00 -3.833302e+00 -5.115512e+00 -2.688152e+00 -6.369516e+00 -3.592761e+00 -3.194608e+00 -6.456489e-01 -1.869414e+00 3.929877e+00 2.451531e-01 1.889676e+00 -1.697283e+00 -3.299475e+00 -2.493895e+00 -2.859798e+00 -2.315575e+00 -2.237880e+00 -1.497725e+00 -2.166029e+00 -3.775683e-01 1.242313e-02
<VARIANCE> 25
 4.057003e+01 2.543974e+01 3.437457e+01 3.764051e+01 3.904708e+01 3.930235e+01 3.150557e+01 2.748678e+01 2.534570e+01 2.536891e+01 2.490833e+01 2.067831e+01 2.545826e+00 4.151582e+00 4.019432e+00 6.849041e+00 4.315966e+00 3.723845e+00 3.613495e+00 3.729640e+00 3.596327e+00 4.545484e+00 3.917526e+00 4.010972e+00 5.237368e-03
<GCONST> 9.820988e+01
<MIXTURE> 86 1.273941e-02
<MEAN> 25
 -3.500474e+00 -2.043029e-02 -1.440251e+00 4.519449e+00 5.181830e+00 4.664021e+00 5.641752e+00 5.118783e+00 4.592970e+00 4.393017e+00 3.948845e+00 2.397378e+00 -8.947246e-03 -4.839320e-02 -7.574533e-02 -1.124806e-01 -1.506563e-01 -2.286733e-01 -2.421840e-01 -4.920379e-01 -4.886114e-01 -4.208309e-01 -1.597973e-01 -1.651406e-01 -2.880123e-03
<VARIANCE> 25
 9.538526e+00 6.856270e+00 9.393563e+00 1.588659e+01 1.264352e+01 1.215988e+01 1.323818e+01 1.378151e+01 1.233714e+01 1.152783e+01 1.536941e+01 1.004471e+01 9.379699e-02 2.086108e-01 2.944553e-01 4.563596e-01 5.629349e-01 6.336544e-01 8.160734e-01 7.999957e-01 8.444120e-01 8.557168e-01 9.188308e-01 7.584500e-01 5.722057e-05
<GCONST> 5.751852e+01
<MIXTURE> 87 1.100681e-02
<MEAN> 25
 -3.300229e+00 4.540833e+00 3.497656e+00 7.012472e+00 5.571625e+00 8.934143e-01 1.636918e+00 -9.462616e-01 -5.888082e-01 -8.933715e-01 -7.909402e-01 2.406783e-02 -2.148432e+00 -2.781699e+00 -2.099761e+00 -2.222723e+00 -3.903846e-02 -1.827112e-01 6.121048e-01 1.294766e+00 1.398689e+00 1.029289e+00 9.449319e-01 1.002423e+00 1.045907e-01
<VARIANCE> 25
 3.810265e+01 2.952299e+01 2.805230e+01 3.378937e+01 2.869751e+01 3.189276e+01 2.821674e+01 2.734233e+01 2.593260e+01 2.470361e+01 2.480073e+01 2.313976e+01 3.871011e+00 2.730564e+00 3.918479e+00 3.652645e+00 4.794172e+00 4.305080e+00 4.150510e+00 3.909447e+00 3.541709e+00 3.383135e+00 3.377943e+00 2.729148e+00 4.958691e-03
<GCONST> 9.634008e+01
<MIXTURE> 88 1.256585e-02
<MEAN> 25
 -3.501811e+00 -3.085974e-02 -1.448377e+00 4.261858e+00 5.006747e+00 4.041351e+00 4.918331e+00 3.659814e+00 3.326633e+00 2.699711e+00 2.027633e+00 1.934140e+00 1.531919e-02 1.231818e-01 1.791933e-01 2.985468e-01 2.008881e-01 1.264624e-01 -1.782724e-01 -2.363338e-01 -2.207617e-01 -1.414857e-01 -6.708778e-02 -1.064619e-02 -6.849246e-03
<VARIANCE> 25
 1.005781e+01 1.086826e+01 1.361729e+01 1.776529e+01 1.780445e+01 2.133937e+01 1.711732e+01 1.772162e+01 1.532353e+01 1.598413e+01 2.119529e+01 1.428756e+01 1.144155e+00 1.425434e+00 2.095335e+00 1.908090e+00 2.299075e+00 2.712189e+00 2.449594e+00 2.391278e+00 2.144178e+00 2.247838e+00 2.036366e+00 1.677680e+00 1.262102e-03
<GCONST> 8.059804e+01
<MIXTURE> 89 9.333527e-03
<MEAN> 25
 6.309001e+00 -6.608509e+00 -3.389076e+00 -2.692511e+00 -1.550239e+00 -5.321738e+00 -6.278168e+00 3.428548e+00 3.630476e+00 -2.559865e+00 -5.907504e+00 -3.102401e+00 -6.242323e-01 2.180462e-01 2.095915e+00 8.658159e-01 -1.874756e+00 -1.568298e+00 9.237928e-01 1.267258e+00 -7.646882e-01 -1.320453e+00 2.256368e-01 1.553389e+00 -6.282916e-03
<VARIANCE> 25
 9.331001e+00 2.590918e+01 2.959736e+01 3.140832e+01 3.462165e+01 3.995181e+01 5.675151e+01 4.554211e+01 3.724043e+01 4.052421e+01 3.370947e+01 3.077918e+01 3.682420e-01 8.758384e-01 1.530423e+00 1.272858e+00 1.839081e+00 2.080353e+00 2.431744e+00 2.019197e+00 2.152894e+00 1.989553e+00 2.660254e+00 1.398427e+00 4.212471e-04
<GCONST> 8.508753e+01
<MIXTURE> 90 7.114505e-03
<MEAN> 25
 2.448437e+00 -9.723236e+00 -4.754843e+00 -3.977974e+00 -3.383193e+00 -1.813217e+00 3.366257e+00 1.181540e+00 -7.532579e+00 -1.021654e+01 -3.429752e+00 -7.393117e-01 -1.636385e-01 9.090317e-01 1.168755e+00 -8.539367e-01 -1.612991e+00 -2.118875e-01 6.447684e-01 -2.099656e-01 -1.687293e-01 7.371159e-01 1.829722e-01 -5.500801e-01 -1.114770e-02
<VARIANCE> 25
 8.492476e+00 1.779283e+01 1.981140e+01 2.802081e+01 3.684386e+01 3.217719e+01 3.852244e+01 3.640984e+01 3.521403e+01 2.769622e+01 2.700230e+01 2.613579e+01 2.237596e-01 6.127753e-01 7.867642e-01 1.042815e+00 1.470071e+00 1.591576e+00 1.780356e+00 1.654533e+00 1.810503e+00 1.678344e+00 1.495391e+00 1.308577e+00 2.150059e-04
<GCONST> 7.813351e+01
<MIXTURE> 91 7.852945e-03
<MEAN> 25
 6.390495e+00 -7.638852e+00 -8.566689e+00 -5.151389e+00 3.951890e+00 -1.275830e-01 -2.190655e+00 7.209508e-01 7.998570e-01 -2.934422e+00 -4.922886e+00 -5.169035e+00 2.589100e-01 1.005625e+00 1.882716e-01 4.471857e-01 -6.615541e-02 -5.559563e-01 -3.870300e-01 -9.984653e-02 -1.033679e-01 4.604065e-01 -1.173737e-01 2.063314e-01 -3.503077e-02
<VARIANCE> 25
 1.013429e+01 2.275101e+01 1.996064e+01 4.057744e+01 3.538354e+01 5.542513e+01 5.445406e+01 3.991514e+01 5.192151e+01 6.419475e+01 3.824820e+01 4.147377e+01 4.459449e-01 8.890768e-01 1.131643e+00 1.384817e+00 2.200265e+00 2.381796e+00 2.368513e+00 2.393790e+00 2.240629e+00 2.216662e+00 2.008847e+00 1.831283e+00 5.861751e-04
<GCONST> 8.720976e+01
<MIXTURE> 92 7.852945e-03
<MEAN> 25
 6.390495e+00 -7.638852e+00 -8.566689e+00 -5.151389e+00 3.951890e+00 -1.275830e-01 -2.190655e+00 7.209508e-01 7.998570e-01 -2.934422e+00 -4.922886e+00 -5.169035e+00 2.589100e-01 1.005625e+00 1.882716e-01 4.471857e-01 -6.615541e-02 -5.559563e-01 -3.870300e-01 -9.984653e-02 -1.033679e-01 4.604065e-01 -1.173737e-01 2.063314e-01 -3.503077e-02
<VARIANCE> 25
 1.013429e+01 2.275101e+01 1.996064e+01 4.057744e+01 3.538354e+01 5.542513e+01 5.445406e+01 3.991514e+01 5.192151e+01 6.419475e+01 3.824820e+01 4.147377e+01 4.459449e-01 8.890768e-01 1.131643e+00 1.384817e+00 2.200265e+00 2.381796e+00 2.368513e+00 2.393790e+00 2.240629e+00 2.216662e+00 2.008847e+00 1.831283e+00 5.861751e-04
<GCONST> 8.720976e+01
<MIXTURE> 93 6.122769e-03
<MEAN> 25
 -6.756471e+00 -9.137062e-01 -2.418043e+00 5.735855e+00 5.920641e+00 3.942734e+00 6.152379e+00 3.638438e+00 4.108542e+00 2.536039e+00 1.791943e+00 3.668596e+00 -6.059096e-02 -1.560814e-01 -2.563820e-01 -3.272704e-01 -3.277379e-01 -2.816272e-01 -2.118977e-01 -1.701859e-01 -1.731471e-01 -1.467496e-01 -9.766432e-02 -3.884372e-02 -8.107244e-07
<VARIANCE> 25
 9.468757e+00 6.189253e+00 8.156446e+00 1.165184e+01 1.147063e+01 1.596873e+01 1.552325e+01 1.654030e+01 1.489286e+01 1.459626e+01 1.670592e+01 1.349625e+01 8.345445e-02 1.544338e-01 2.650656e-01 3.800399e-01 4.979869e-01 6.401744e-01 7.887075e-01 8.821535e-01 9.261436e-01 8.726071e-01 8.932077e-01 9.160392e-01 1.008080e-06
<GCONST> 5.375665e+01
<MIXTURE> 94 6.122769e-03
<MEAN> 25
 -6.756471e+00 -9.137062e-01 -2.418043e+00 5.735855e+00 5.920641e+00 3.942734e+00 6.152379e+00 3.638438e+00 4.108542e+00 2.536039e+00 1.791943e+00 3.668596e+00 -6.059096e-02 -1.560814e-01 -2.563820e-01 -3.272704e-01 -3.277379e-01 -2.816272e-01 -2.118977e-01 -1.701859e-01 -1.731471e-01 -1.467496e-01 -9.766432e-02 -3.884372e-02 -8.107244e-07
<VARIANCE> 25
 9.468757e+00 6.189253e+00 8.156446e+00 1.165184e+01 1.147063e+01 1.596873e+01 1.552325e+01 1.654030e+01 1.489286e+01 1.459626e+01 1.670592e+01 1.349625e+01 8.345445e-02 1.544338e-01 2.650656e-01 3.800399e-01 4.979869e-01 6.401744e-01 7.887075e-01 8.821535e-01 9.261436e-01 8.726071e-01 8.932077e-01 9.160392e-01 1.008080e-06
<GCONST> 5.375665e+01
<MIXTURE> 95 5.258835e-03
<MEAN> 25
 -4.193501e+00 1.857104e-01 -2.365450e+00 3.794744e+00 4.884714e+00 2.996705e+00 4.827448e+00 2.262361e+00 1.870810e+00 1.603925e+00 8.939224e-01 1.827119e+00 1.664294e-01 1.777030e-01 1.189658e-01 -7.380635e-02 -3.455600e-01 -7.266433e-01 -1.117752e+00 -1.199134e+00 -1.294955e+00 -8.783472e-01 -4.557771e-01 -2.088402e-01 -2.329279e-03
<VARIANCE> 25
 1.294671e+01 6.822705e+00 1.060000e+01 1.399711e+01 1.299799e+01 1.515902e+01 1.772185e+01 1.508048e+01 1.397021e+01 1.734201e+01 1.550165e+01 1.225988e+01 1.729383e-01 2.939169e-01 4.200822e-01 5.834398e-01 6.834530e-01 7.112906e-01 1.080018e+00 8.289187e-01 8.648646e-01 1.230514e+00 1.131315e+00 1.039676e+00 5.259377e-05
<GCONST> 6.219097e+01
<MIXTURE> 96 7.034694e-03
<MEAN> 25
 -4.382725e+00 8.021308e-02 -2.462542e+00 4.528082e+00 4.113251e+00 2.001491e+00 3.614393e+00 2.204565e+00 2.037095e+00 1.041337e+00 7.034297e-01 2.232373e+00 -4.705866e-02 6.290795e-02 2.018923e-01 4.074587e-01 5.664253e-01 4.554479e-01 1.720226e-01 -9.757809e-02 -5.686928e-01 -6.606218e-01 -5.171233e-01 -3.846584e-01 -4.115898e-05
<VARIANCE> 25
 1.313486e+01 1.054538e+01 1.178688e+01 1.540665e+01 1.401502e+01 1.802220e+01 1.713502e+01 1.848047e+01 1.803917e+01 1.612722e+01 1.916765e+01 1.569707e+01 1.238459e-01 2.106327e-01 2.940742e-01 3.773324e-01 4.981042e-01 6.260136e-01 8.503461e-01 9.175606e-01 1.113150e+00 8.145953e-01 9.882891e-01 8.758390e-01 1.025628e-06
<GCONST> 5.745818e+01
<MIXTURE> 97 7.034694e-03
<MEAN> 25
 -4.382725e+00 8.021308e-02 -2.462542e+00 4.528082e+00 4.113251e+00 2.001491e+00 3.614393e+00 2.204565e+00 2.037095e+00 1.041337e+00 7.034297e-01 2.232373e+00 -4.705866e-02 6.290795e-02 2.018923e-01 4.074587e-01 5.664253e-01 4.554479e-01 1.720226e-01 -9.757809e-02 -5.686928e-01 -6.606218e-01 -5.171233e-01 -3.846584e-01 -4.115898e-05
<VARIANCE> 25
 1.313486e+01 1.054538e+01 1.178688e+01 1.540665e+01 1.401502e+01 1.802220e+01 1.713502e+01 1.848047e+01 1.803917e+01 1.612722e+01 1.916765e+01 1.569707e+01 1.238459e-01 2.106327e-01 2.940742e-01 3.773324e-01 4.981042e-01 6.260136e-01 8.503461e-01 9.175606e-01 1.113150e+00 8.145953e-01 9.882891e-01 8.758390e-01 1.025628e-06
<GCONST> 5.745818e+01
<MIXTURE> 98 9.917808e-03
<MEAN> 25
 -1.416805e+00 1.089417e+00 -2.977996e-01 4.377170e+00 3.820862e+00 2.777101e+00 3.242810e+00 1.874901e+00 1.612542e+00 9.060482e-01 6.027368e-01 9.010420e-01 -1.768924e+00 -1.457939e+00 -9.798300e-01 1.156603e-01 6.124135e-01 8.505201e-01 1.246008e+00 1.386912e+00 1.692819e+00 1.151540e+00 1.294479e+00 9.220722e-01 -3.365197e-02
<VARIANCE> 25
 1.394024e+01 1.971891e+01 3.132094e+01 3.303596e+01 4.197606e+01 3.676651e+01 3.174032e+01 2.911052e+01 2.700623e+01 2.951197e+01 2.638027e+01 2.335159e+01 1.364437e+00 1.497031e+00 2.359787e+00 2.403497e+00 2.822116e+00 2.866325e+00 2.843458e+00 2.892334e+00 2.553647e+00 2.923667e+00 2.729435e+00 2.121641e+00 2.354788e-03
<GCONST> 9.014235e+01
<MIXTURE> 99 6.696178e-03
<MEAN> 25
 -6.488379e+00 9.560995e+00 4.881519e+00 3.894427e+00 1.822430e+00 -4.855633e+00 -1.668409e+00 -4.221349e+00 -4.156694e+00 -3.625373e+00 -1.342061e+00 2.932912e-01 4.859346e-01 -4.243210e-01 8.005205e-02 -2.340391e-01 -1.061549e+00 -4.571851e-01 -2.007429e-01 -3.427017e-01 -2.564469e-01 1.373469e-01 4.954484e-01 2.348383e-01 1.049734e-02
<VARIANCE> 25
 4.113736e+01 2.890823e+01 4.861000e+01 2.818409e+01 3.309807e+01 2.884946e+01 2.780810e+01 2.544989e+01 2.468210e+01 2.367340e+01 1.937579e+01 2.446117e+01 2.107417e+00 1.822293e+00 1.469464e+00 1.921088e+00 2.623860e+00 1.696698e+00 1.411991e+00 1.574944e+00 1.395149e+00 1.423219e+00 1.286746e+00 1.185319e+00 1.279345e-03
<GCONST> 8.532824e+01
<MIXTURE> 100 4.498084e-03
<MEAN> 25
 -1.599333e+00 6.341864e+00 1.027579e+01 -7.456404e+00 -1.078146e+01 -5.074320e+00 -4.939437e+00 -9.969275e+00 -4.718507e+00 -8.568255e-01 -2.733382e+00 -2.706985e+00 2.918176e+00 -1.260267e+00 1.300643e+00 -2.183389e+00 -3.418771e+00 -7.842934e-01 -1.219242e+00 -8.202680e-01 -1.475726e+00 3.443920e-01 -1.655007e+00 -2.848036e-01 2.039735e-03
<VARIANCE> 25
 1.362775e+01 2.107243e+01 2.245833e+01 2.651195e+01 2.301228e+01 2.371546e+01 2.911336e+01 2.169971e+01 2.747305e+01 2.265560e+01 2.240186e+01 2.134501e+01 1.798688e+00 3.952178e+00 2.921094e+00 4.299754e+00 4.183903e+00 4.535348e+00 4.014353e+00 4.339049e+00 4.166250e+00 3.906991e+00 3.909562e+00 3.228819e+00 1.675547e-03
<GCONST> 9.257674e+01
<MIXTURE> 101 6.007792e-03
<MEAN> 25
 7.904200e+00 -3.419951e+00 -6.107269e+00 -6.427548e+00 1.053978e+00 -1.284338e+00 -1.053786e+01 -2.236700e+00 1.525773e+00 2.413858e+00 -2.390789e+00 -5.001623e+00 6.989408e-01 6.534011e-01 -1.477148e+00 -1.597590e+00 9.982453e-01 2.237587e+00 1.796975e-01 -1.456947e+00 -1.059388e+00 1.035063e+00 1.375672e+00 -3.945522e-01 -4.299738e-03
<VARIANCE> 25
 1.027172e+01 1.676810e+01 3.024253e+01 4.725360e+01 3.728305e+01 3.480302e+01 3.596920e+01 3.619623e+01 3.719654e+01 4.534208e+01 5.053568e+01 2.437380e+01 3.087162e-01 6.533194e-01 1.149152e+00 1.516014e+00 1.736571e+00 2.232867e+00 2.033343e+00 1.945370e+00 2.284462e+00 2.161707e+00 1.734432e+00 1.909261e+00 3.482353e-04
<GCONST> 8.376328e+01
<MIXTURE> 102 6.007792e-03
<MEAN> 25
 7.904200e+00 -3.419951e+00 -6.107269e+00 -6.427548e+00 1.053978e+00 -1.284338e+00 -1.053786e+01 -2.236700e+00 1.525773e+00 2.413858e+00 -2.390789e+00 -5.001623e+00 6.989408e-01 6.534011e-01 -1.477148e+00 -1.597590e+00 9.982453e-01 2.237587e+00 1.796975e-01 -1.456947e+00 -1.059388e+00 1.035063e+00 1.375672e+00 -3.945522e-01 -4.299738e-03
<VARIANCE> 25
 1.027172e+01 1.676810e+01 3.024253e+01 4.725360e+01 3.728305e+01 3.480302e+01 3.596920e+01 3.619623e+01 3.719654e+01 4.534208e+01 5.053568e+01 2.437380e+01 3.087162e-01 6.533194e-01 1.149152e+00 1.516014e+00 1.736571e+00 2.232867e+00 2.033343e+00 1.945370e+00 2.284462e+00 2.161707e+00 1.734432e+00 1.909261e+00 3.482353e-04
<GCONST> 8.376328e+01
<MIXTURE> 103 5.694618e-03
<MEAN> 25
 3.362546e+00 -9.467541e+00 -6.119341e+00 -3.077058e+00 -1.325108e+00 -1.970077e+00 2.427086e+00 2.508814e+00 -4.608518e+00 -9.251199e+00 -5.061985e+00 3.588403e-01 -1.569175e-01 -1.486894e+00 -9.807930e-01 3.745090e-01 1.213944e+00 1.018964e+00 1.573312e-01 -2.694806e-01 -7.803357e-01 -9.455920e-01 -3.344807e-02 1.204235e-01 2.692822e-02
<VARIANCE> 25
 1.034398e+01 2.041259e+01 2.301724e+01 3.182006e+01 4.806837e+01 3.496766e+01 4.644503e+01 3.672040e+01 4.207301e+01 2.931512e+01 3.004164e+01 2.639007e+01 6.445142e-01 1.253296e+00 1.537386e+00 1.938160e+00 2.928410e+00 2.412188e+00 2.887933e+00 2.576957e+00 2.560333e+00 2.521103e+00 2.096548e+00 2.014221e+00 8.078684e-04
<GCONST> 8.758230e+01
<MIXTURE> 104 5.694618e-03
<MEAN> 25
 3.362546e+00 -9.467541e+00 -6.119341e+00 -3.077058e+00 -1.325108e+00 -1.970077e+00 2.427086e+00 2.508814e+00 -4.608518e+00 -9.251199e+00 -5.061985e+00 3.588403e-01 -1.569175e-01 -1.486894e+00 -9.807930e-01 3.745090e-01 1.213944e+00 1.018964e+00 1.573312e-01 -2.694806e-01 -7.803357e-01 -9.455920e-01 -3.344807e-02 1.204235e-01 2.692822e-02
<VARIANCE> 25
 1.034398e+01 2.041259e+01 2.301724e+01 3.182006e+01 4.806837e+01 3.496766e+01 4.644503e+01 3.672040e+01 4.207301e+01 2.931512e+01 3.004164e+01 2.639007e+01 6.445142e-01 1.253296e+00 1.537386e+00 1.938160e+00 2.928410e+00 2.412188e+00 2.887933e+00 2.576957e+00 2.560333e+00 2.521103e+00 2.096548e+00 2.014221e+00 8.078684e-04
<GCONST> 8.758230e+01
<MIXTURE> 105 4.710235e-03
<MEAN> 25
 3.127918e+00 -4.103791e+00 8.837871e+00 -3.004491e+00 -1.203705e+01 -5.520535e+00 -4.943918e+00 1.441568e-01 -3.825200e+00 -3.182833e+00 2.260208e+00 -7.527281e-01 -2.184434e-02 1.002439e-02 -1.216269e-02 -1.574208e-01 -6.327044e-02 -5.853772e-02 -5.031469e-02 1.584946e-01 -2.771811e-02 -1.553499e-02 1.415069e-01 -1.714774e-03 -2.679862e-03
<VARIANCE> 25
 1.360319e+01 4.684092e+01 3.381636e+01 3.701252e+01 3.166237e+01 4.466229e+01 3.536738e+01 3.830992e+01 3.231156e+01 3.415028e+01 3.643490e+01 2.556602e+01 9.512622e-02 1.728746e-01 3.363670e-01 3.081955e-01 3.419265e-01 4.225384e-01 4.094312e-01 4.793581e-01 4.210929e-01 3.733527e-01 4.104958e-01 3.360238e-01 8.500010e-05
<GCONST> 6.470374e+01
<MIXTURE> 106 4.710235e-03
<MEAN> 25
 3.127918e+00 -4.103791e+00 8.837871e+00 -3.004491e+00 -1.203705e+01 -5.520535e+00 -4.943918e+00 1.441568e-01 -3.825200e+00 -3.182833e+00 2.260208e+00 -7.527281e-01 -2.184434e-02 1.002439e-02 -1.216269e-02 -1.574208e-01 -6.327044e-02 -5.853772e-02 -5.031469e-02 1.584946e-01 -2.771811e-02 -1.553499e-02 1.415069e-01 -1.714774e-03 -2.679862e-03
<VARIANCE> 25
 1.360319e+01 4.684092e+01 3.381636e+01 3.701252e+01 3.166237e+01 4.466229e+01 3.536738e+01 3.830992e+01 3.231156e+01 3.415028e+01 3.643490e+01 2.556602e+01 9.512622e-02 1.728746e-01 3.363670e-01 3.081955e-01 3.419265e-01 4.225384e-01 4.094312e-01 4.793581e-01 4.210929e-01 3.733527e-01 4.104958e-01 3.360238e-01 8.500010e-05
<GCONST> 6.470374e+01
<MIXTURE> 107 5.452374e-03
<MEAN> 25
 8.622264e+00 -2.398683e+00 -7.978678e+00 -9.622492e+00 1.816202e+00 3.011252e+00 -8.591693e+00 -4.782027e+00 -1.000384e+00 3.453346e+00 1.019189e+00 -4.977666e+00 -5.812179e-01 -8.060478e-01 8.341469e-01 1.846954e+00 2.375334e-01 -2.016248e+00 -9.464101e-01 8.862713e-01 1.771479e+00 4.904027e-02 -1.669052e+00 -8.030803e-01 -2.245642e-03
<VARIANCE> 25
 9.138904e+00 2.074058e+01 2.819654e+01 4.254340e+01 3.673622e+01 3.812197e+01 5.061992e+01 3.922540e+01 4.605308e+01 4.149390e+01 5.245049e+01 3.057834e+01 4.068840e-01 1.052117e+00 1.441074e+00 2.759241e+00 2.265210e+00 2.787233e+00 2.619009e+00 2.605951e+00 2.272640e+00 2.991364e+00 1.929031e+00 2.194693e+00 7.081063e-04
<GCONST> 8.845706e+01
<MIXTURE> 108 5.452374e-03
<MEAN> 25
 8.622264e+00 -2.398683e+00 -7.978678e+00 -9.622492e+00 1.816202e+00 3.011252e+00 -8.591693e+00 -4.782027e+00 -1.000384e+00 3.453346e+00 1.019189e+00 -4.977666e+00 -5.812179e-01 -8.060478e-01 8.341469e-01 1.846954e+00 2.375334e-01 -2.016248e+00 -9.464101e-01 8.862713e-01 1.771479e+00 4.904027e-02 -1.669052e+00 -8.030803e-01 -2.245642e-03
<VARIANCE> 25
 9.138904e+00 2.074058e+01 2.819654e+01 4.254340e+01 3.673622e+01 3.812197e+01 5.061992e+01 3.922540e+01 4.605308e+01 4.149390e+01 5.245049e+01 3.057834e+01 4.068840e-01 1.052117e+00 1.441074e+00 2.759241e+00 2.265210e+00 2.787233e+00 2.619009e+00 2.605951e+00 2.272640e+00 2.991364e+00 1.929031e+00 2.194693e+00 7.081063e-04
<GCONST> 8.845706e+01
<MIXTURE> 109 6.661064e-03
<MEAN> 25
 4.077716e+00 -1.053351e+01 -8.293652e+00 -1.352375e+00 2.756300e+00 -4.329453e-02 -7.046440e-02 1.458393e+00 -2.568521e+00 -8.363380e+00 -5.382286e+00 6.103398e-02 -3.306329e-02 -1.320594e-01 -3.339912e-02 2.497578e-01 1.972684e-01 1.196167e-01 -1.254918e-01 -1.062863e-01 -3.978226e-02 -1.309342e-01 2.193685e-01 1.220062e-02 -3.513086e-03
<VARIANCE> 25
 9.094434e+00 1.840046e+01 2.008396e+01 3.142796e+01 4.081145e+01 3.674575e+01 4.663081e+01 3.439830e+01 4.602151e+01 3.531059e+01 2.955548e+01 2.814779e+01 1.930936e-01 4.229242e-01 5.388752e-01 6.340874e-01 1.233481e+00 9.938017e-01 1.257165e+00 1.093756e+00 1.117347e+00 9.534926e-01 8.782625e-01 8.845605e-01 1.819036e-04
<GCONST> 7.446681e+01
<MIXTURE> 110 6.661064e-03
<MEAN> 25
 4.077716e+00 -1.053351e+01 -8.293652e+00 -1.352375e+00 2.756300e+00 -4.329453e-02 -7.046440e-02 1.458393e+00 -2.568521e+00 -8.363380e+00 -5.382286e+00 6.103398e-02 -3.306329e-02 -1.320594e-01 -3.339912e-02 2.497578e-01 1.972684e-01 1.196167e-01 -1.254918e-01 -1.062863e-01 -3.978226e-02 -1.309342e-01 2.193685e-01 1.220062e-02 -3.513086e-03
<VARIANCE> 25
 9.094434e+00 1.840046e+01 2.008396e+01 3.142796e+01 4.081145e+01 3.674575e+01 4.663081e+01 3.439830e+01 4.602151e+01 3.531059e+01 2.955548e+01 2.814779e+01 1.930936e-01 4.229242e-01 5.388752e-01 6.340874e-01 1.233481e+00 9.938017e-01 1.257165e+00 1.093756e+00 1.117347e+00 9.534926e-01 8.782625e-01 8.845605e-01 1.819036e-04
<GCONST> 7.446681e+01
<MIXTURE> 111 4.337247e-03
<MEAN> 25
 -3.685953e+00 -3.022773e-02 -2.064145e+00 1.176228e+00 1.325016e+00 1.118013e+00 1.038035e+00 3.349363e-01 3.805244e-02 1.004654e-01 -7.692595e-01 1.499253e+00 -2.050906e-02 -2.588788e-02 -1.424504e-01 -1.168868e-01 -2.143804e-02 4.086437e-02 2.702731e-02 -3.471531e-02 -2.086865e-01 -2.095955e-01 -2.220648e-01 -1.505090e-01 -1.171483e-03
<VARIANCE> 25
 1.021599e+01 6.839707e+00 8.955802e+00 8.691409e+00 1.531087e+01 2.029398e+01 1.543565e+01 1.479428e+01 1.162486e+01 1.273816e+01 1.268237e+01 1.099480e+01 8.141547e-02 1.754967e-01 2.611876e-01 3.705774e-01 6.236902e-01 6.961132e-01 7.659447e-01 7.935455e-01 8.388217e-01 8.112004e-01 9.546948e-01 7.800889e-01 2.638443e-05
<GCONST> 5.651525e+01
<MIXTURE> 112 4.337247e-03
<MEAN> 25
 -3.685953e+00 -3.022773e-02 -2.064145e+00 1.176228e+00 1.325016e+00 1.118013e+00 1.038035e+00 3.349363e-01 3.805244e-02 1.004654e-01 -7.692595e-01 1.499253e+00 -2.050906e-02 -2.588788e-02 -1.424504e-01 -1.168868e-01 -2.143804e-02 4.086437e-02 2.702731e-02 -3.471531e-02 -2.086865e-01 -2.095955e-01 -2.220648e-01 -1.505090e-01 -1.171483e-03
<VARIANCE> 25
 1.021599e+01 6.839707e+00 8.955802e+00 8.691409e+00 1.531087e+01 2.029398e+01 1.543565e+01 1.479428e+01 1.162486e+01 1.273816e+01 1.268237e+01 1.099480e+01 8.141547e-02 1.754967e-01 2.611876e-01 3.705774e-01 6.236902e-01 6.961132e-01 7.659447e-01 7.935455e-01 8.388217e-01 8.112004e-01 9.546948e-01 7.800889e-01 2.638443e-05
<GCONST> 5.651525e+01
<MIXTURE> 113 5.938666e-03
<MEAN> 25
 9.976717e+00 1.755369e+00 -8.780522e+00 -1.704487e+01 -1.033035e+00 5.658535e+00 -5.280325e+00 -1.465541e+00 -5.694907e+00 -4.928995e-01 2.988760e-01 -1.986657e-01 4.736019e-03 1.370188e-02 -5.953637e-02 -1.134198e-01 1.041365e-01 1.505546e-01 5.951396e-02 3.612370e-02 -5.703415e-02 -5.143479e-02 1.795269e-01 3.527329e-02 -1.410251e-03
<VARIANCE> 25
 8.883703e+00 1.638923e+01 2.967410e+01 3.423696e+01 5.273850e+01 3.386541e+01 3.970538e+01 3.914170e+01 3.737492e+01 4.640384e+01 3.629247e+01 2.844358e+01 1.218244e-01 3.206520e-01 3.161239e-01 6.313062e-01 6.129168e-01 6.535450e-01 7.767739e-01 8.450525e-01 9.594083e-01 9.053819e-01 7.245710e-01 7.134451e-01 1.247591e-04
<GCONST> 7.110592e+01
<MIXTURE> 114 5.938666e-03
<MEAN> 25
 9.976717e+00 1.755369e+00 -8.780522e+00 -1.704487e+01 -1.033035e+00 5.658535e+00 -5.280325e+00 -1.465541e+00 -5.694907e+00 -4.928995e-01 2.988760e-01 -1.986657e-01 4.736019e-03 1.370188e-02 -5.953637e-02 -1.134198e-01 1.041365e-01 1.505546e-01 5.951396e-02 3.612370e-02 -5.703415e-02 -5.143479e-02 1.795269e-01 3.527329e-02 -1.410251e-03
<VARIANCE> 25
 8.883703e+00 1.638923e+01 2.967410e+01 3.423696e+01 5.273850e+01 3.386541e+01 3.970538e+01 3.914170e+01 3.737492e+01 4.640384e+01 3.629247e+01 2.844358e+01 1.218244e-01 3.206520e-01 3.161239e-01 6.313062e-01 6.129168e-01 6.535450e-01 7.767739e-01 8.450525e-01 9.594083e-01 9.053819e-01 7.245710e-01 7.134451e-01 1.247591e-04
<GCONST> 7.110592e+01
<MIXTURE> 115 2.935202e-03
<MEAN> 25
 -3.785450e+00 -4.622957e-01 -3.212309e+00 3.320240e+00 2.479101e+00 -3.297145e-01 2.233071e+00 4.297637e-01 1.380055e+00 7.397352e-02 -1.147964e-01 2.492902e+00 3.034138e-02 -8.211304e-02 -2.387239e-01 -4.370337e-01 -6.328576e-01 -6.205885e-01 -5.409886e-01 -4.522853e-01 -4.908901e-01 -4.679418e-01 -2.860804e-01 -1.879714e-01 -7.385668e-05
<VARIANCE> 25
 9.761129e+00 1.077587e+01 1.307351e+01 1.406152e+01 1.309760e+01 1.687004e+01 1.639420e+01 1.989942e+01 1.722840e+01 1.688968e+01 1.887616e+01 1.472972e+01 2.007567e-01 3.390099e-01 4.632299e-01 5.368372e-01 6.272867e-01 8.103401e-01 1.018311e+00 1.140638e+00 1.055811e+00 9.736993e-01 1.045148e+00 1.032990e+00 1.084567e-06
<GCONST> 6.006731e+01
<MIXTURE> 116 2.935202e-03
<MEAN> 25
 -3.785450e+00 -4.622957e-01 -3.212309e+00 3.320240e+00 2.479101e+00 -3.297145e-01 2.233071e+00 4.297637e-01 1.380055e+00 7.397352e-02 -1.147964e-01 2.492902e+00 3.034138e-02 -8.211304e-02 -2.387239e-01 -4.370337e-01 -6.328576e-01 -6.205885e-01 -5.409886e-01 -4.522853e-01 -4.908901e-01 -4.679418e-01 -2.860804e-01 -1.879714e-01 -7.385668e-05
<VARIANCE> 25
 9.761129e+00 1.077587e+01 1.307351e+01 1.406152e+01 1.309760e+01 1.687004e+01 1.639420e+01 1.989942e+01 1.722840e+01 1.688968e+01 1.887616e+01 1.472972e+01 2.007567e-01 3.390099e-01 4.632299e-01 5.368372e-01 6.272867e-01 8.103401e-01 1.018311e+00 1.140638e+00 1.055811e+00 9.736993e-01 1.045148e+00 1.032990e+00 1.084567e-06
<GCONST> 6.006731e+01
<MIXTURE> 117 6.506003e-03
<MEAN> 25
 -4.590718e+00 1.151706e+00 9.961285e-01 9.639048e+00 6.297641e+00 6.265966e+00 6.533027e+00 5.086019e+00 6.378220e+00 4.957863e+00 6.286811e+00 2.699632e+00 -7.157968e-02 -2.412533e-01 -3.618590e-01 -4.125537e-01 -3.583222e-01 -2.987341e-01 -2.631760e-01 -3.211835e-01 -3.968467e-01 -3.560200e-01 -2.556568e-01 -1.195590e-01 5.900449e-06
<VARIANCE> 25
 7.307537e+00 8.726274e+00 9.981151e+00 1.519431e+01 1.553828e+01 1.521529e+01 1.814160e+01 1.802889e+01 1.627684e+01 1.625083e+01 1.700973e+01 1.469741e+01 2.154898e-01 3.081001e-01 4.311266e-01 6.138049e-01 8.491825e-01 1.047575e+00 1.229151e+00 1.226438e+00 1.213567e+00 1.192422e+00 1.157068e+00 1.101900e+00 1.010691e-06
<GCONST> 6.053835e+01
<MIXTURE> 118 6.506003e-03
<MEAN> 25
 -4.590718e+00 1.151706e+00 9.961285e-01 9.639048e+00 6.297641e+00 6.265966e+00 6.533027e+00 5.086019e+00 6.378220e+00 4.957863e+00 6.286811e+00 2.699632e+00 -7.157968e-02 -2.412533e-01 -3.618590e-01 -4.125537e-01 -3.583222e-01 -2.987341e-01 -2.631760e-01 -3.211835e-01 -3.968467e-01 -3.560200e-01 -2.556568e-01 -1.195590e-01 5.900449e-06
<VARIANCE> 25
 7.307537e+00 8.726274e+00 9.981151e+00 1.519431e+01 1.553828e+01 1.521529e+01 1.814160e+01 1.802889e+01 1.627684e+01 1.625083e+01 1.700973e+01 1.469741e+01 2.154898e-01 3.081001e-01 4.311266e-01 6.138049e-01 8.491825e-01 1.047575e+00 1.229151e+00 1.226438e+00 1.213567e+00 1.192422e+00 1.157068e+00 1.101900e+00 1.010691e-06
<GCONST> 6.053835e+01
<MIXTURE> 119 4.297961e-03
<MEAN> 25
 -4.973139e+00 -7.626882e+00 2.228484e+00 2.014334e+00 2.240579e+00 2.106469e-01 5.275607e+00 5.936724e+00 1.167277e+00 9.711478e-01 6.608463e+00 1.568586e+00 -4.991540e-02 -7.920684e-02 3.713563e-02 -5.711956e-02 -1.260634e-01 -1.801826e-01 -6.960391e-02 -1.419401e-02 -9.210960e-02 -1.119748e-01 -5.544549e-02 -5.824634e-02 1.101423e-03
<VARIANCE> 25
 8.512881e+00 9.878645e+00 1.657130e+01 2.017449e+01 2.286961e+01 2.320827e+01 2.498586e+01 2.650002e+01 2.502684e+01 2.806833e+01 2.042906e+01 2.040207e+01 1.604307e-01 2.825254e-01 4.602258e-01 6.325633e-01 8.032786e-01 1.003710e+00 1.100580e+00 1.277919e+00 1.285352e+00 1.245667e+00 1.191962e+00 1.112047e+00 2.316699e-04
<GCONST> 6.972806e+01
<MIXTURE> 120 4.297961e-03
<MEAN> 25
 -4.973139e+00 -7.626882e+00 2.228484e+00 2.014334e+00 2.240579e+00 2.106469e-01 5.275607e+00 5.936724e+00 1.167277e+00 9.711478e-01 6.608463e+00 1.568586e+00 -4.991540e-02 -7.920684e-02 3.713563e-02 -5.711956e-02 -1.260634e-01 -1.801826e-01 -6.960391e-02 -1.419401e-02 -9.210960e-02 -1.119748e-01 -5.544549e-02 -5.824634e-02 1.101423e-03
<VARIANCE> 25
 8.512881e+00 9.878645e+00 1.657130e+01 2.017449e+01 2.286961e+01 2.320827e+01 2.498586e+01 2.650002e+01 2.502684e+01 2.806833e+01 2.042906e+01 2.040207e+01 1.604307e-01 2.825254e-01 4.602258e-01 6.325633e-01 8.032786e-01 1.003710e+00 1.100580e+00 1.277919e+00 1.285352e+00 1.245667e+00 1.191962e+00 1.112047e+00 2.316699e-04
<GCONST> 6.972806e+01
<MIXTURE> 121 4.567511e-03
<MEAN> 25
 2.075269e-01 -2.523844e+00 5.153127e+00 -1.290293e+01 -1.264658e+01 -1.665313e+00 9.988052e-01 -5.107590e+00 -4.199286e+00 -4.898793e-01 -5.507888e+00 -4.313259e+00 2.409606e-02 1.323854e-01 -4.148841e-02 7.963168e-02 1.585480e-01 7.848702e-02 -7.940613e-02 -1.831900e-01 -2.685218e-01 -2.576483e-01 -1.145529e-01 8.984341e-04 -7.434204e-03
<VARIANCE> 25
 7.732471e+00 1.560655e+01 1.727598e+01 2.036110e+01 2.441331e+01 2.925076e+01 2.953892e+01 2.457861e+01 3.528777e+01 2.833884e+01 1.974669e+01 2.117984e+01 1.549973e-01 6.430946e-01 6.230457e-01 7.048251e-01 7.706271e-01 1.149945e+00 1.118085e+00 1.120880e+00 1.217432e+00 1.192629e+00 9.416579e-01 8.718978e-01 2.108258e-04
<GCONST> 7.139278e+01
<MIXTURE> 122 4.567511e-03
<MEAN> 25
 2.075269e-01 -2.523844e+00 5.153127e+00 -1.290293e+01 -1.264658e+01 -1.665313e+00 9.988052e-01 -5.107590e+00 -4.199286e+00 -4.898793e-01 -5.507888e+00 -4.313259e+00 2.409606e-02 1.323854e-01 -4.148841e-02 7.963168e-02 1.585480e-01 7.848702e-02 -7.940613e-02 -1.831900e-01 -2.685218e-01 -2.576483e-01 -1.145529e-01 8.984341e-04 -7.434204e-03
<VARIANCE> 25
 7.732471e+00 1.560655e+01 1.727598e+01 2.036110e+01 2.441331e+01 2.925076e+01 2.953892e+01 2.457861e+01 3.528777e+01 2.833884e+01 1.974669e+01 2.117984e+01 1.549973e-01 6.430946e-01 6.230457e-01 7.048251e-01 7.706271e-01 1.149945e+00 1.118085e+00 1.120880e+00 1.217432e+00 1.192629e+00 9.416579e-01 8.718978e-01 2.108258e-04
<GCONST> 7.139278e+01
<MIXTURE> 123 4.393044e-03
<MEAN> 25
 -2.993061e+00 2.115087e+00 -1.139855e+00 4.132584e+00 5.973921e+00 3.645110e+00 3.776260e+00 1.859921e+00 2.328436e-02 1.981032e-01 -3.333021e-01 2.312368e-01 -4.120349e-01 -6.184415e-01 -7.602623e-01 -6.587940e-01 -2.617207e-01 2.250775e-01 4.387323e-01 5.462632e-01 1.056564e+00 8.445390e-01 5.683274e-01 4.090177e-01 -2.182879e-03
<VARIANCE> 25
 1.042589e+01 1.001463e+01 1.473069e+01 2.025166e+01 1.717269e+01 2.131964e+01 1.924731e+01 1.912280e+01 1.859869e+01 1.628522e+01 1.894725e+01 1.894758e+01 3.226925e-01 3.652248e-01 4.424006e-01 6.217456e-01 9.336039e-01 1.015427e+00 1.158808e+00 1.176078e+00 1.374924e+00 1.296575e+00 1.037187e+00 1.010582e+00 9.022276e-05
<GCONST> 6.784038e+01
<MIXTURE> 124 4.069876e-03
<MEAN> 25
 -5.171429e+00 2.276470e-03 -3.047536e+00 3.938398e+00 5.228750e+00 3.438604e+00 5.725963e+00 3.242908e+00 3.026064e+00 1.810446e+00 4.159660e-01 2.514239e+00 -1.740495e-01 -3.365718e-01 -4.227002e-01 -1.810406e-01 2.166888e-01 4.784782e-01 9.510744e-01 8.109714e-01 6.589569e-01 2.297943e-01 -9.441896e-03 3.584809e-02 9.722555e-05
<VARIANCE> 25
 1.450402e+01 9.729196e+00 9.512609e+00 1.409696e+01 1.110097e+01 1.633710e+01 1.367777e+01 1.678811e+01 1.533782e+01 1.544809e+01 1.790184e+01 1.372331e+01 1.017318e-01 1.563267e-01 2.509315e-01 3.613625e-01 6.259175e-01 6.754099e-01 8.408704e-01 8.946651e-01 9.781259e-01 9.939017e-01 9.899894e-01 8.857944e-01 2.159437e-05
<GCONST> 5.881388e+01
<MIXTURE> 125 4.069876e-03
<MEAN> 25
 -5.171429e+00 2.276470e-03 -3.047536e+00 3.938398e+00 5.228750e+00 3.438604e+00 5.725963e+00 3.242908e+00 3.026064e+00 1.810446e+00 4.159660e-01 2.514239e+00 -1.740495e-01 -3.365718e-01 -4.227002e-01 -1.810406e-01 2.166888e-01 4.784782e-01 9.510744e-01 8.109714e-01 6.589569e-01 2.297943e-01 -9.441896e-03 3.584809e-02 9.722555e-05
<VARIANCE> 25
 1.450402e+01 9.729196e+00 9.512609e+00 1.409696e+01 1.110097e+01 1.633710e+01 1.367777e+01 1.678811e+01 1.533782e+01 1.544809e+01 1.790184e+01 1.372331e+01 1.017318e-01 1.563267e-01 2.509315e-01 3.613625e-01 6.259175e-01 6.754099e-01 8.408704e-01 8.946651e-01 9.781259e-01 9.939017e-01 9.899894e-01 8.857944e-01 2.159437e-05
<GCONST> 5.881388e+01
<MIXTURE> 126 2.402244e-03
<MEAN> 25
 -3.765961e+00 -6.873621e+00 -5.271927e+00 2.303366e+00 4.288463e+00 -3.203717e+00 9.040210e-02 3.553666e+00 3.328701e+00 -2.661849e+00 -1.427493e+00 3.030120e+00 -1.957155e-03 -6.440820e-03 -3.690813e-02 -1.598153e-01 -3.205713e-01 -3.896774e-01 -2.773214e-01 -1.619453e-01 -1.140767e-01 -1.136827e-01 -9.615575e-02 -2.785160e-02 -1.529755e-03
<VARIANCE> 25
 7.487597e+00 1.318871e+01 1.378584e+01 1.508858e+01 2.459502e+01 2.382079e+01 2.271297e+01 2.832533e+01 3.122116e+01 2.635769e+01 2.167192e+01 1.919593e+01 1.701625e-01 3.510105e-01 4.818408e-01 5.652341e-01 7.533484e-01 9.940993e-01 1.129610e+00 1.263904e+00 1.329080e+00 1.309052e+00 1.213018e+00 1.144137e+00 2.104931e-04
<GCONST> 6.982430e+01
<MIXTURE> 127 2.402244e-03
<MEAN> 25
 -3.765961e+00 -6.873621e+00 -5.271927e+00 2.303366e+00 4.288463e+00 -3.203717e+00 9.040210e-02 3.553666e+00 3.328701e+00 -2.661849e+00 -1.427493e+00 3.030120e+00 -1.957155e-03 -6.440820e-03 -3.690813e-02 -1.598153e-01 -3.205713e-01 -3.896774e-01 -2.773214e-01 -1.619453e-01 -1.140767e-01 -1.136827e-01 -9.615575e-02 -2.785160e-02 -1.529755e-03
<VARIANCE> 25
 7.487597e+00 1.318871e+01 1.378584e+01 1.508858e+01 2.459502e+01 2.382079e+01 2.271297e+01 2.832533e+01 3.122116e+01 2.635769e+01 2.167192e+01 1.919593e+01 1.701625e-01 3.510105e-01 4.818408e-01 5.652341e-01 7.533484e-01 9.940993e-01 1.129610e+00 1.263904e+00 1.329080e+00 1.309052e+00 1.213018e+00 1.144137e+00 2.104931e-04
<GCONST> 6.982430e+01
<MIXTURE> 128 3.790457e-03
<MEAN> 25
 -3.806304e+00 1.491401e+00 -2.381936e-01 6.578557e+00 3.643459e+00 1.774677e+00 3.402955e+00 2.307234e+00 3.852370e+00 3.528119e+00 3.498908e+00 3.386030e+00 -3.732440e-01 -1.937435e-01 5.692578e-02 6.975032e-01 1.213398e+00 1.133970e+00 6.757020e-01 6.884287e-02 -4.348495e-01 -7.772719e-01 -6.393903e-01 -3.738964e-01 -5.763657e-05
<VARIANCE> 25
 1.038292e+01 1.157447e+01 1.532480e+01 1.910958e+01 1.974156e+01 2.123333e+01 2.555411e+01 2.445221e+01 2.613739e+01 2.449158e+01 2.839437e+01 1.836456e+01 8.817472e-01 1.115780e+00 1.392835e+00 1.483025e+00 1.590146e+00 1.816301e+00 2.276524e+00 2.406271e+00 2.087391e+00 1.810562e+00 1.823271e+00 1.709730e+00 1.022681e-06
<GCONST> 7.375361e+01
<TRANSP> 3
 0.000000e+00 1.000000e+00 0.000000e+00
 0.000000e+00 9.999990e-01 9.999998e-07
 0.000000e+00 0.000000e+00 0.000000e+00
<ENDHMM>
