~o
<STREAMINFO> 1 25
<VECSIZE> 25<NULLD><MFCC_E_D_N><DIAGC>
~h "jmodel"
<BEGINHMM>
<NUMSTATES> 3
<STATE> 2
<NUMMIXES> 128
<MIXTURE> 1 5.748963e-03
<MEAN> 25
 -2.447122e+00 3.360335e+00 2.121258e+00 8.520077e+00 4.341800e+00 3.117720e+00 3.968067e+00 3.792153e+00 5.553162e+00 5.131752e+00 5.612169e+00 3.108211e+00 -1.900976e+00 -1.543216e+00 -7.804015e-01 9.098291e-01 1.579315e+00 2.230488e+00 2.029517e+00 2.053536e+00 1.640502e+00 1.150596e+00 1.467239e+00 5.976610e-01 -4.492077e-02
<VARIANCE> 25
 9.624926e+00 1.135034e+01 1.426891e+01 1.867203e+01 2.185262e+01 2.205419e+01 2.103516e+01 2.112128e+01 2.080664e+01 2.132424e+01 2.035631e+01 1.605471e+01 1.793283e+00 2.112917e+00 2.876032e+00 3.327787e+00 3.504389e+00 3.214661e+00 3.248992e+00 3.209249e+00 3.346541e+00 3.694921e+00 3.395869e+00 2.690242e+00 2.992623e-03
<GCONST> 8.765686e+01
<MIXTURE> 2 4.549242e-03
<MEAN> 25
 -4.693301e+00 1.418774e+00 8.810260e-01 9.707891e+00 6.796294e+00 7.378100e+00 7.870817e+00 7.034598e+00 8.267432e+00 6.343244e+00 7.361034e+00 3.054738e+00 -5.955621e-02 3.687112e-02 1.430823e-01 2.189400e-01 2.539428e-01 2.800973e-01 2.770822e-01 3.052151e-01 3.540117e-01 3.168264e-01 2.322877e-01 9.874186e-02 1.954539e-05
<VARIANCE> 25
 7.508748e+00 8.926805e+00 1.060809e+01 1.630941e+01 1.718618e+01 1.524019e+01 1.647639e+01 1.865274e+01 1.641968e+01 1.697009e+01 1.928595e+01 1.405210e+01 1.244361e-01 2.232769e-01 3.323510e-01 4.668925e-01 6.483897e-01 7.969821e-01 9.214261e-01 1.008301e+00 1.044142e+00 1.062928e+00 1.105808e+00 1.025869e+00 1.041502e-06
<GCONST> 5.810868e+01
<MIXTURE> 3 4.549242e-03
<MEAN> 25
 -4.693301e+00 1.418774e+00 8.810260e-01 9.707891e+00 6.796294e+00 7.378100e+00 7.870817e+00 7.034598e+00 8.267432e+00 6.343244e+00 7.361034e+00 3.054738e+00 -5.955621e-02 3.687112e-02 1.430823e-01 2.189400e-01 2.539428e-01 2.800973e-01 2.770822e-01 3.052151e-01 3.540117e-01 3.168264e-01 2.322877e-01 9.874186e-02 1.954539e-05
<VARIANCE> 25
 7.508748e+00 8.926805e+00 1.060809e+01 1.630941e+01 1.718618e+01 1.524019e+01 1.647639e+01 1.865274e+01 1.641968e+01 1.697009e+01 1.928595e+01 1.405210e+01 1.244361e-01 2.232769e-01 3.323510e-01 4.668925e-01 6.483897e-01 7.969821e-01 9.214261e-01 1.008301e+00 1.044142e+00 1.062928e+00 1.105808e+00 1.025869e+00 1.041502e-06
<GCONST> 5.810868e+01
<MIXTURE> 4 1.671429e-02
<MEAN> 25
 3.135519e+00 2.124229e+00 -3.911496e+00 6.760066e-01 3.097014e+00 -1.213855e-05 -4.450895e-01 -7.556285e-01 2.767756e+00 1.238832e+00 -1.787408e+00 -3.196387e-01 -2.335305e+00 1.069927e+00 1.370633e+00 2.803239e+00 1.023836e+00 1.875829e-01 1.395211e+00 1.339057e+00 1.069333e+00 1.045189e+00 9.643386e-01 1.021453e+00 -9.782512e-02
<VARIANCE> 25
 1.699666e+01 2.283459e+01 2.391795e+01 3.613554e+01 3.672774e+01 5.862197e+01 5.108767e+01 5.033266e+01 5.655029e+01 4.825301e+01 4.174136e+01 3.065796e+01 2.085243e+00 4.464644e+00 3.016165e+00 3.960550e+00 4.066991e+00 5.752723e+00 4.720578e+00 5.103898e+00 5.646548e+00 6.907204e+00 4.561029e+00 3.660850e+00 5.204753e-03
<GCONST> 1.015296e+02
<MIXTURE> 5 3.206198e-03
<MEAN> 25
 -3.311823e+00 2.218393e+00 4.909629e-01 9.127577e+00 6.634232e+00 6.208012e+00 7.103352e+00 4.775458e+00 5.367082e+00 3.891122e+00 4.454717e+00 2.474346e+00 -2.989992e-01 7.499658e-01 1.185478e+00 1.000862e+00 2.742102e-01 -7.237425e-02 -8.599865e-02 4.564366e-02 4.808131e-01 6.536663e-01 4.011149e-01 8.048689e-02 -4.000470e-05
<VARIANCE> 25
 1.015529e+01 1.365614e+01 2.291775e+01 2.698480e+01 1.977955e+01 1.929649e+01 1.949760e+01 2.032928e+01 2.104832e+01 2.104552e+01 2.426273e+01 1.663183e+01 1.191001e+00 1.201222e+00 1.348284e+00 1.660622e+00 2.310200e+00 2.336441e+00 2.247840e+00 2.229191e+00 2.299371e+00 2.249051e+00 2.017771e+00 1.876636e+00 1.031599e-06
<GCONST> 7.497894e+01
<MIXTURE> 6 5.475854e-03
<MEAN> 25
 8.963535e+00 -1.380175e+00 -5.758910e+00 -1.187136e+01 -3.058962e+00 7.670175e+00 -6.354747e+00 -7.134216e+00 -3.959189e+00 7.923644e-01 4.887199e+00 -2.954186e-01 5.897244e-01 6.749320e-01 -4.693958e-01 -1.666296e+00 -7.709433e-01 1.481139e+00 1.467561e+00 3.552659e-01 -8.447585e-01 -1.033979e+00 1.435992e-01 1.155584e+00 -2.110456e-03
<VARIANCE> 25
 1.171389e+01 1.676052e+01 2.221494e+01 4.452272e+01 3.321002e+01 3.004235e+01 3.632738e+01 4.110479e+01 3.343060e+01 3.519518e+01 3.431802e+01 2.771449e+01 3.403125e-01 1.033817e+00 8.870908e-01 2.051630e+00 1.589830e+00 1.939749e+00 1.684128e+00 1.737502e+00 2.380087e+00 1.914624e+00 1.940937e+00 1.532809e+00 6.064292e-04
<GCONST> 8.321874e+01
<MIXTURE> 7 5.475854e-03
<MEAN> 25
 8.963535e+00 -1.380175e+00 -5.758910e+00 -1.187136e+01 -3.058962e+00 7.670175e+00 -6.354747e+00 -7.134216e+00 -3.959189e+00 7.923644e-01 4.887199e+00 -2.954186e-01 5.897244e-01 6.749320e-01 -4.693958e-01 -1.666296e+00 -7.709433e-01 1.481139e+00 1.467561e+00 3.552659e-01 -8.447585e-01 -1.033979e+00 1.435992e-01 1.155584e+00 -2.110456e-03
<VARIANCE> 25
 1.171389e+01 1.676052e+01 2.221494e+01 4.452272e+01 3.321002e+01 3.004235e+01 3.632738e+01 4.110479e+01 3.343060e+01 3.519518e+01 3.431802e+01 2.771449e+01 3.403125e-01 1.033817e+00 8.870908e-01 2.051630e+00 1.589830e+00 1.939749e+00 1.684128e+00 1.737502e+00 2.380087e+00 1.914624e+00 1.940937e+00 1.532809e+00 6.064292e-04
<GCONST> 8.321874e+01
<MIXTURE> 8 1.165917e-02
<MEAN> 25
 -4.324906e+00 1.617375e+00 1.088943e+00 8.798800e+00 6.704866e+00 6.020892e+00 6.525352e+00 5.785106e+00 6.521727e+00 5.793293e+00 5.949058e+00 3.029547e+00 -6.928357e-01 -1.404929e+00 -9.124683e-01 -1.633288e+00 -4.102854e-01 -9.661731e-01 -1.607078e-01 -3.283913e-01 -1.557233e-01 -5.514339e-02 -9.170345e-02 4.511951e-02 9.327445e-02
<VARIANCE> 25
 9.860904e+00 9.485897e+00 1.144118e+01 1.907611e+01 1.542242e+01 1.476135e+01 1.715658e+01 1.628244e+01 1.588871e+01 1.678335e+01 2.033391e+01 1.376998e+01 2.614824e+00 2.587831e+00 3.848365e+00 3.540629e+00 3.844353e+00 3.432804e+00 3.006858e+00 2.883382e+00 2.957904e+00 2.819165e+00 2.358464e+00 1.957781e+00 6.352305e-03
<GCONST> 8.600767e+01
<MIXTURE> 9 1.199672e-02
<MEAN> 25
 6.090225e+00 2.736397e+00 -5.874961e+00 -1.335356e+01 -3.291975e+00 6.949178e+00 -3.157962e+00 -2.421387e+00 -6.040337e+00 -4.637400e+00 4.040680e+00 -2.513390e+00 1.435893e+00 -1.776730e-01 4.727834e-02 -2.730522e+00 -2.253288e+00 1.117669e+00 -1.298912e+00 -1.068936e+00 -8.886707e-01 -1.254306e+00 8.381273e-01 -1.463652e-01 8.424705e-02
<VARIANCE> 25
 1.882346e+01 1.864269e+01 4.786575e+01 5.079037e+01 3.578405e+01 2.906964e+01 3.864324e+01 5.234919e+01 2.348063e+01 3.939197e+01 3.262522e+01 2.689420e+01 1.805970e+00 2.266250e+00 4.788710e+00 5.538396e+00 3.891367e+00 3.239687e+00 3.030727e+00 3.993525e+00 4.060285e+00 4.426555e+00 3.227012e+00 3.356889e+00 1.811071e-03
<GCONST> 9.644234e+01
<MIXTURE> 10 6.596976e-03
<MEAN> 25
 8.345339e-01 7.523298e+00 5.141665e+00 7.131184e+00 1.495861e+00 -2.406913e+00 -5.459535e-01 -1.790971e+00 6.860683e-01 8.984228e-01 7.692942e-01 6.034715e-01 -1.848545e+00 -5.949072e-01 -4.377795e-01 2.885395e+00 2.442647e+00 2.706926e+00 2.267163e+00 2.210930e+00 1.901998e+00 1.585255e+00 2.249547e+00 5.214674e-01 -1.363861e-01
<VARIANCE> 25
 1.883469e+01 2.026407e+01 2.246591e+01 2.806806e+01 3.688938e+01 3.553205e+01 3.401030e+01 3.277305e+01 2.752463e+01 2.795154e+01 2.602406e+01 2.404414e+01 2.270913e+00 3.403884e+00 5.294727e+00 5.335976e+00 5.350431e+00 4.558371e+00 4.721295e+00 4.776719e+00 4.281585e+00 4.868577e+00 4.403155e+00 3.109378e+00 2.658177e-03
<GCONST> 9.703722e+01
<MIXTURE> 11 1.633820e-02
<MEAN> 25
 6.258408e+00 2.469063e+00 4.021897e+00 5.053783e+00 -3.941641e+00 -2.310160e+00 -2.755010e+00 -5.940047e+00 -4.806133e+00 7.348949e-01 -1.778809e+00 -9.418504e-01 -3.775775e-01 5.249470e-01 9.928832e-02 1.354996e-01 6.484941e-01 -9.838740e-02 5.321226e-01 3.148768e-01 -1.522461e-01 6.677720e-03 3.899456e-02 7.177672e-02 -2.061533e-02
<VARIANCE> 25
 1.052065e+01 2.130298e+01 1.863494e+01 2.309866e+01 3.355478e+01 2.804832e+01 3.287078e+01 4.620875e+01 4.532761e+01 2.415453e+01 2.445208e+01 2.409553e+01 8.643451e-01 1.430795e+00 1.806712e+00 1.539666e+00 1.867217e+00 2.328843e+00 1.926396e+00 2.569292e+00 2.136620e+00 2.590963e+00 1.812467e+00 1.420227e+00 1.018448e-03
<GCONST> 8.504583e+01
<MIXTURE> 12 5.904134e-03
<MEAN> 25
 9.493504e+00 2.198546e+00 -3.731790e+00 -1.766927e+01 -8.683198e+00 1.083495e+01 -1.852381e+00 -3.248585e+00 -2.306746e+00 -6.018659e+00 2.528661e+00 4.244630e-01 1.305068e-01 2.789378e-01 -1.765145e-02 -3.522501e-01 -2.880198e-01 -1.655444e-02 4.880665e-01 7.438536e-01 3.733934e-01 -4.390026e-01 -5.339803e-01 -5.747221e-02 -1.079108e-02
<VARIANCE> 25
 1.089727e+01 2.347581e+01 1.916083e+01 3.723862e+01 3.301429e+01 3.709359e+01 3.434462e+01 4.170010e+01 3.357518e+01 3.531736e+01 3.345189e+01 3.553427e+01 2.713766e-01 7.149741e-01 8.112938e-01 1.188113e+00 1.324655e+00 1.199034e+00 1.139360e+00 1.313986e+00 1.147672e+00 1.268572e+00 1.163453e+00 1.150105e+00 6.842631e-04
<GCONST> 7.916712e+01
<MIXTURE> 13 5.904134e-03
<MEAN> 25
 9.493504e+00 2.198546e+00 -3.731790e+00 -1.766927e+01 -8.683198e+00 1.083495e+01 -1.852381e+00 -3.248585e+00 -2.306746e+00 -6.018659e+00 2.528661e+00 4.244630e-01 1.305068e-01 2.789378e-01 -1.765145e-02 -3.522501e-01 -2.880198e-01 -1.655444e-02 4.880665e-01 7.438536e-01 3.733934e-01 -4.390026e-01 -5.339803e-01 -5.747221e-02 -1.079108e-02
<VARIANCE> 25
 1.089727e+01 2.347581e+01 1.916083e+01 3.723862e+01 3.301429e+01 3.709359e+01 3.434462e+01 4.170010e+01 3.357518e+01 3.531736e+01 3.345189e+01 3.553427e+01 2.713766e-01 7.149741e-01 8.112938e-01 1.188113e+00 1.324655e+00 1.199034e+00 1.139360e+00 1.313986e+00 1.147672e+00 1.268572e+00 1.163453e+00 1.150105e+00 6.842631e-04
<GCONST> 7.916712e+01
<MIXTURE> 14 6.488954e-03
<MEAN> 25
 -3.582621e+00 3.424746e-01 -4.356439e-01 7.812988e+00 7.543241e+00 6.528855e+00 7.485338e+00 7.284098e+00 7.095221e+00 5.567703e+00 5.406508e+00 3.424414e+00 -2.655450e-01 8.729139e-02 3.417236e-01 2.167701e-01 -2.643526e-02 9.892480e-02 2.087534e-01 1.799179e-01 2.028769e-01 4.503909e-01 5.089469e-01 8.981140e-02 -4.547278e-03
<VARIANCE> 25
 9.142891e+00 1.286064e+01 1.727780e+01 1.871245e+01 1.767477e+01 1.858393e+01 1.865930e+01 1.795917e+01 1.980073e+01 2.256640e+01 2.457033e+01 1.641145e+01 8.429234e-01 1.437780e+00 1.618126e+00 1.742972e+00 2.143871e+00 2.099211e+00 2.051575e+00 2.083585e+00 2.144262e+00 2.403111e+00 1.966320e+00 2.048563e+00 9.615195e-04
<GCONST> 8.047508e+01
<MIXTURE> 15 2.475190e-03
<MEAN> 25
 -4.142766e+00 4.461412e-01 -7.044148e-01 6.157301e+00 6.205009e+00 4.888990e+00 5.901084e+00 5.563073e+00 5.378471e+00 4.608365e+00 4.157665e+00 2.303918e+00 -1.018236e-01 -1.064821e-03 7.985608e-02 2.428360e-01 4.744757e-01 7.100988e-01 1.066528e+00 1.126901e+00 9.932268e-01 6.804302e-01 3.906285e-01 1.584056e-01 2.065347e-03
<VARIANCE> 25
 8.128387e+00 6.605803e+00 7.743566e+00 1.304617e+01 1.138957e+01 1.219280e+01 1.312205e+01 1.348654e+01 1.322565e+01 1.329559e+01 1.618189e+01 1.085325e+01 1.053225e-01 1.923420e-01 2.985017e-01 5.393294e-01 6.750975e-01 8.294811e-01 7.328255e-01 6.676253e-01 9.106053e-01 1.059326e+00 1.089315e+00 1.139389e+00 3.936558e-05
<GCONST> 5.801014e+01
<MIXTURE> 16 2.475190e-03
<MEAN> 25
 -4.142766e+00 4.461412e-01 -7.044148e-01 6.157301e+00 6.205009e+00 4.888990e+00 5.901084e+00 5.563073e+00 5.378471e+00 4.608365e+00 4.157665e+00 2.303918e+00 -1.018236e-01 -1.064821e-03 7.985608e-02 2.428360e-01 4.744757e-01 7.100988e-01 1.066528e+00 1.126901e+00 9.932268e-01 6.804302e-01 3.906285e-01 1.584056e-01 2.065347e-03
<VARIANCE> 25
 8.128387e+00 6.605803e+00 7.743566e+00 1.304617e+01 1.138957e+01 1.219280e+01 1.312205e+01 1.348654e+01 1.322565e+01 1.329559e+01 1.618189e+01 1.085325e+01 1.053225e-01 1.923420e-01 2.985017e-01 5.393294e-01 6.750975e-01 8.294811e-01 7.328255e-01 6.676253e-01 9.106053e-01 1.059326e+00 1.089315e+00 1.139389e+00 3.936558e-05
<GCONST> 5.801014e+01
<MIXTURE> 17 9.518312e-03
<MEAN> 25
 2.639125e+00 -3.509935e+00 5.719800e+00 2.166567e+00 -5.861517e+00 -6.715405e+00 -1.760224e+00 -1.439413e+00 -3.576802e+00 -3.727765e+00 -2.656323e-01 6.111953e-01 -1.289389e+00 -1.274650e+00 8.418423e-01 -1.667302e+00 -1.971280e+00 -6.958556e-01 -1.658859e-01 1.835351e-01 -2.800713e-01 -8.782805e-01 1.438975e+00 8.672853e-01 8.523114e-02
<VARIANCE> 25
 1.302985e+01 2.568104e+01 2.005295e+01 2.474422e+01 3.528621e+01 3.765153e+01 3.266445e+01 2.491151e+01 3.196828e+01 2.505828e+01 2.314216e+01 2.491665e+01 1.678528e+00 1.694576e+00 3.386607e+00 2.453278e+00 2.988641e+00 3.828133e+00 3.553221e+00 3.844159e+00 4.073649e+00 3.479497e+00 3.150182e+00 2.557284e+00 1.344052e-03
<GCONST> 9.124349e+01
<MIXTURE> 18 1.221018e-02
<MEAN> 25
 3.349845e+00 3.208426e+00 4.446181e+00 5.361526e+00 -4.967425e+00 -8.325374e+00 -1.376413e+00 -1.558119e+00 -3.165239e+00 -2.065148e+00 1.898021e-01 4.282269e-01 -4.471501e-01 1.894125e+00 -4.027049e-01 1.245417e+00 2.579986e+00 1.444399e+00 5.215564e-01 2.591314e-01 1.113182e+00 1.640948e+00 -4.342145e-01 -6.264678e-02 -1.135320e-01
<VARIANCE> 25
 1.011450e+01 1.741276e+01 2.704118e+01 1.704086e+01 2.920064e+01 3.066013e+01 2.879242e+01 2.464935e+01 2.637018e+01 2.931978e+01 2.831995e+01 1.971409e+01 1.828786e+00 1.826842e+00 2.972874e+00 2.729542e+00 2.886460e+00 3.666493e+00 2.739673e+00 3.109621e+00 3.233166e+00 3.915341e+00 2.923768e+00 2.486221e+00 2.630294e-03
<GCONST> 8.997134e+01
<MIXTURE> 19 9.912824e-03
<MEAN> 25
 -9.596935e+00 2.673924e+00 -5.800155e-01 3.310682e-01 3.774203e+00 1.321085e+00 3.011066e+00 9.021797e-01 1.324454e+00 1.125497e+00 1.145741e+00 1.580583e+00 1.869602e+00 1.419900e+00 2.064782e+00 6.709892e-01 -1.334883e+00 -9.095626e-01 -7.980353e-01 -1.555608e+00 -1.472921e+00 -1.415752e+00 -8.967885e-01 -7.926309e-01 1.278162e-02
<VARIANCE> 25
 4.980280e+01 2.882367e+01 4.655877e+01 5.503863e+01 3.062208e+01 3.211202e+01 2.668534e+01 2.645612e+01 3.170324e+01 2.648983e+01 3.416241e+01 1.881222e+01 2.204545e+00 2.130295e+00 2.476896e+00 2.123918e+00 3.249449e+00 2.423948e+00 2.101676e+00 2.065795e+00 2.251667e+00 1.900910e+00 2.448475e+00 1.607480e+00 2.321415e-03
<GCONST> 9.121207e+01
<MIXTURE> 20 6.308331e-03
<MEAN> 25
 -1.413471e+01 7.516148e+00 8.037071e-01 6.154710e+00 4.660304e+00 1.571901e+00 5.001577e+00 6.757975e-01 8.587576e-01 7.519784e-01 2.522509e+00 -3.157446e-01 -3.257151e+00 -8.377652e-01 -1.552486e+00 3.291362e-01 1.533322e+00 2.053319e+00 1.985403e+00 2.009320e+00 2.078340e+00 1.974792e+00 1.650114e+00 9.364444e-01 4.847535e-02
<VARIANCE> 25
 1.929181e+01 2.325410e+01 3.030758e+01 3.624244e+01 3.162567e+01 2.751443e+01 3.107532e+01 3.235075e+01 2.748789e+01 2.764224e+01 2.469161e+01 2.047739e+01 2.079335e+00 2.163809e+00 1.873384e+00 2.483020e+00 2.714690e+00 2.289886e+00 2.258306e+00 2.344768e+00 2.344577e+00 2.749834e+00 2.240941e+00 1.822231e+00 1.890736e-03
<GCONST> 8.913026e+01
<MIXTURE> 21 7.928653e-03
<MEAN> 25
 2.425078e+00 -5.342711e+00 6.390162e+00 -1.335820e+00 -1.096292e+01 -9.274297e+00 -4.248260e+00 2.281030e+00 -2.791242e+00 -4.386426e+00 1.120150e-01 1.547347e-01 -8.318189e-01 1.161036e+00 2.479226e+00 1.649500e-01 -1.349778e+00 4.031395e-01 5.526031e-01 -1.486892e+00 -2.062562e+00 1.486302e-01 1.133166e+00 3.141492e-01 -6.182997e-03
<VARIANCE> 25
 1.636971e+01 2.017605e+01 2.476780e+01 2.199823e+01 2.549673e+01 2.532313e+01 4.981819e+01 3.220274e+01 3.335284e+01 2.925597e+01 2.646063e+01 1.971120e+01 3.589014e-01 7.212816e-01 1.652727e+00 1.373872e+00 1.798385e+00 2.868791e+00 2.788176e+00 2.345306e+00 1.696186e+00 5.242805e+00 1.499566e+00 1.790389e+00 4.640082e-04
<GCONST> 8.352260e+01
<MIXTURE> 22 8.827789e-03
<MEAN> 25
 -1.773775e+01 7.406944e+00 -4.073768e+00 7.266129e+00 4.113939e+00 2.655244e+00 8.165738e+00 1.792014e+00 5.104579e+00 2.796068e+00 5.156520e+00 1.195019e+00 -2.231138e-01 -2.850586e-01 -1.785994e-01 -2.042147e-01 3.250042e-02 9.657035e-03 3.100425e-01 1.571717e-01 1.711356e-01 2.648600e-01 2.515809e-01 1.763496e-01 1.168035e-02
<VARIANCE> 25
 8.001040e+00 1.603672e+01 1.673839e+01 2.321113e+01 2.530886e+01 1.926075e+01 1.868277e+01 1.783634e+01 1.770294e+01 2.186535e+01 2.076741e+01 1.358439e+01 1.280775e+00 1.322476e+00 1.275782e+00 1.509330e+00 1.614595e+00 1.622376e+00 1.607395e+00 1.494320e+00 1.558879e+00 1.474247e+00 1.542407e+00 1.108858e+00 1.802617e-03
<GCONST> 7.843446e+01
<MIXTURE> 23 6.455497e-03
<MEAN> 25
 7.210911e+00 2.303806e+00 3.026437e+00 2.530590e+00 -4.632022e+00 -3.290689e+00 -4.309038e+00 -5.908115e+00 -3.168914e+00 -4.316151e-01 -3.305845e+00 -1.265831e+00 1.912269e-02 1.594232e-01 -4.120407e-02 4.963199e-02 8.867787e-02 5.967074e-02 1.687352e-02 -4.277077e-02 -2.782769e-02 2.231939e-02 5.384647e-05 -1.526856e-02 -5.605302e-03
<VARIANCE> 25
 1.179456e+01 2.231246e+01 2.324035e+01 3.687151e+01 3.526880e+01 4.777381e+01 5.551506e+01 5.156377e+01 4.579439e+01 4.651656e+01 4.797762e+01 3.977545e+01 1.165672e-01 2.853996e-01 3.927991e-01 5.451730e-01 6.054602e-01 7.817955e-01 7.538769e-01 9.114530e-01 9.553087e-01 9.053605e-01 7.536406e-01 7.352096e-01 9.757898e-05
<GCONST> 7.284208e+01
<MIXTURE> 24 6.455497e-03
<MEAN> 25
 7.210911e+00 2.303806e+00 3.026437e+00 2.530590e+00 -4.632022e+00 -3.290689e+00 -4.309038e+00 -5.908115e+00 -3.168914e+00 -4.316151e-01 -3.305845e+00 -1.265831e+00 1.912269e-02 1.594232e-01 -4.120407e-02 4.963199e-02 8.867787e-02 5.967074e-02 1.687352e-02 -4.277077e-02 -2.782769e-02 2.231939e-02 5.384647e-05 -1.526856e-02 -5.605302e-03
<VARIANCE> 25
 1.179456e+01 2.231246e+01 2.324035e+01 3.687151e+01 3.526880e+01 4.777381e+01 5.551506e+01 5.156377e+01 4.579439e+01 4.651656e+01 4.797762e+01 3.977545e+01 1.165672e-01 2.853996e-01 3.927991e-01 5.451730e-01 6.054602e-01 7.817955e-01 7.538769e-01 9.114530e-01 9.553087e-01 9.053605e-01 7.536406e-01 7.352096e-01 9.757898e-05
<GCONST> 7.284208e+01
<MIXTURE> 25 1.118642e-02
<MEAN> 25
 -8.370211e-01 7.126459e-01 1.474492e+01 -1.663026e+00 -1.225296e+01 -2.169993e+00 -6.881980e+00 -5.439222e+00 -8.729249e+00 -7.381599e+00 4.663811e+00 -2.268478e+00 7.185417e-02 7.288567e-01 2.108233e-01 9.867924e-02 4.007559e-01 4.752848e-01 3.001831e-01 -6.327721e-02 -3.130099e-01 1.310513e-01 9.760410e-02 -1.673270e-01 -2.464199e-02
<VARIANCE> 25
 1.124719e+01 3.495684e+01 1.672242e+01 2.502251e+01 3.742525e+01 3.406514e+01 2.272808e+01 2.665426e+01 2.150300e+01 3.735486e+01 1.699412e+01 2.395050e+01 4.545003e-01 1.296017e+00 9.628927e-01 1.067971e+00 2.203553e+00 2.038151e+00 1.480859e+00 1.480095e+00 1.261749e+00 2.722600e+00 1.361832e+00 1.346653e+00 1.274354e-03
<GCONST> 8.117312e+01
<MIXTURE> 26 7.727677e-03
<MEAN> 25
 1.593262e+00 -6.049997e+00 -8.671144e+00 -3.362319e+00 6.567835e+00 6.781024e+00 3.104690e+00 -2.714394e+00 3.216107e+00 9.704229e-02 -1.272001e+00 -3.277914e+00 -4.163386e-01 7.179755e-01 3.532735e-01 9.046574e-01 6.269196e-01 1.973305e-01 3.998948e-01 5.107595e-01 1.345105e-01 4.324700e-01 2.823897e-01 5.223469e-01 -5.528197e-02
<VARIANCE> 25
 1.788329e+01 2.823663e+01 2.222521e+01 5.614450e+01 3.249584e+01 3.784025e+01 3.614559e+01 4.185347e+01 4.302489e+01 4.568852e+01 2.817278e+01 3.867498e+01 1.598201e+00 1.804677e+00 1.440120e+00 1.846955e+00 1.959884e+00 2.039384e+00 1.864658e+00 2.459001e+00 2.268070e+00 2.356889e+00 1.648880e+00 2.057878e+00 2.832122e-03
<GCONST> 9.029117e+01
<MIXTURE> 27 7.727677e-03
<MEAN> 25
 1.593262e+00 -6.049997e+00 -8.671144e+00 -3.362319e+00 6.567835e+00 6.781024e+00 3.104690e+00 -2.714394e+00 3.216107e+00 9.704229e-02 -1.272001e+00 -3.277914e+00 -4.163386e-01 7.179755e-01 3.532735e-01 9.046574e-01 6.269196e-01 1.973305e-01 3.998948e-01 5.107595e-01 1.345105e-01 4.324700e-01 2.823897e-01 5.223469e-01 -5.528197e-02
<VARIANCE> 25
 1.788329e+01 2.823663e+01 2.222521e+01 5.614450e+01 3.249584e+01 3.784025e+01 3.614559e+01 4.185347e+01 4.302489e+01 4.568852e+01 2.817278e+01 3.867498e+01 1.598201e+00 1.804677e+00 1.440120e+00 1.846955e+00 1.959884e+00 2.039384e+00 1.864658e+00 2.459001e+00 2.268070e+00 2.356889e+00 1.648880e+00 2.057878e+00 2.832122e-03
<GCONST> 9.029117e+01
<MIXTURE> 28 5.036674e-03
<MEAN> 25
 -4.296083e+00 7.092866e-01 -1.668407e+00 5.891399e+00 5.230062e+00 3.247707e+00 5.386030e+00 3.324015e+00 3.630441e+00 2.792945e+00 2.013905e+00 2.982988e+00 -1.121379e-01 2.454361e-01 4.936619e-01 7.613310e-01 8.166985e-01 6.640214e-01 4.739429e-01 3.836920e-01 5.334145e-01 5.377538e-01 3.585004e-01 1.333654e-01 -1.403179e-05
<VARIANCE> 25
 1.306315e+01 8.792487e+00 1.022016e+01 1.511757e+01 1.299386e+01 1.587680e+01 1.542316e+01 1.838735e+01 1.504304e+01 1.737627e+01 1.995075e+01 1.390943e+01 2.508484e-01 3.154092e-01 3.713135e-01 5.100589e-01 6.135308e-01 8.244852e-01 1.186879e+00 1.052391e+00 1.207344e+00 1.063243e+00 9.561385e-01 1.153937e+00 1.345377e-06
<GCONST> 6.006894e+01
<MIXTURE> 29 5.036674e-03
<MEAN> 25
 -4.296083e+00 7.092866e-01 -1.668407e+00 5.891399e+00 5.230062e+00 3.247707e+00 5.386030e+00 3.324015e+00 3.630441e+00 2.792945e+00 2.013905e+00 2.982988e+00 -1.121379e-01 2.454361e-01 4.936619e-01 7.613310e-01 8.166985e-01 6.640214e-01 4.739429e-01 3.836920e-01 5.334145e-01 5.377538e-01 3.585004e-01 1.333654e-01 -1.403179e-05
<VARIANCE> 25
 1.306315e+01 8.792487e+00 1.022016e+01 1.511757e+01 1.299386e+01 1.587680e+01 1.542316e+01 1.838735e+01 1.504304e+01 1.737627e+01 1.995075e+01 1.390943e+01 2.508484e-01 3.154092e-01 3.713135e-01 5.100589e-01 6.135308e-01 8.244852e-01 1.186879e+00 1.052391e+00 1.207344e+00 1.063243e+00 9.561385e-01 1.153937e+00 1.345377e-06
<GCONST> 6.006894e+01
<MIXTURE> 30 8.917812e-03
<MEAN> 25
 -2.203011e+00 2.073746e+00 -3.442937e-01 6.395895e+00 8.197288e+00 4.586800e+00 6.564495e+00 7.560015e+00 5.868370e+00 4.900475e+00 2.882669e+00 2.783522e+00 -1.283892e-02 5.618703e-02 1.009419e-01 8.407053e-02 -1.090988e-03 3.310889e-02 2.172313e-01 1.591771e-01 2.720011e-02 1.678878e-02 1.485177e-01 1.217413e-01 1.534401e-03
<VARIANCE> 25
 4.975807e+00 6.118297e+00 6.489824e+00 9.498644e+00 9.182873e+00 1.173764e+01 1.212554e+01 1.310663e+01 1.107532e+01 1.350490e+01 1.728979e+01 1.022827e+01 8.254628e-02 1.848166e-01 2.593144e-01 4.337301e-01 5.337467e-01 6.212287e-01 8.253826e-01 7.497000e-01 8.774440e-01 1.103986e+00 8.039914e-01 1.115191e+00 7.629325e-05
<GCONST> 5.584219e+01
<MIXTURE> 31 4.136493e-03
<MEAN> 25
 -2.704837e+00 -4.020021e+00 -4.062397e-01 4.204789e+00 4.002887e+00 1.644243e+00 5.142113e+00 6.785662e+00 2.537457e+00 1.542435e+00 5.039746e+00 2.904845e+00 2.573922e-01 4.792842e-01 -2.673818e-01 2.819723e-01 6.797696e-02 3.149696e-01 1.997251e-01 -6.744235e-02 3.244151e-01 3.270370e-01 7.385493e-03 3.806920e-02 -1.658026e-02
<VARIANCE> 25
 6.662793e+00 1.896942e+01 1.435267e+01 1.615312e+01 2.220483e+01 2.155929e+01 2.034593e+01 2.433525e+01 2.318633e+01 2.612614e+01 2.284933e+01 2.129224e+01 1.898712e-01 4.843479e-01 6.023946e-01 7.221702e-01 9.149710e-01 1.046740e+00 1.323921e+00 1.264488e+00 1.254751e+00 1.327394e+00 1.067273e+00 1.247065e+00 2.397131e-04
<GCONST> 7.091541e+01
<MIXTURE> 32 4.136493e-03
<MEAN> 25
 -2.704837e+00 -4.020021e+00 -4.062397e-01 4.204789e+00 4.002887e+00 1.644243e+00 5.142113e+00 6.785662e+00 2.537457e+00 1.542435e+00 5.039746e+00 2.904845e+00 2.573922e-01 4.792842e-01 -2.673818e-01 2.819723e-01 6.797696e-02 3.149696e-01 1.997251e-01 -6.744235e-02 3.244151e-01 3.270370e-01 7.385493e-03 3.806920e-02 -1.658026e-02
<VARIANCE> 25
 6.662793e+00 1.896942e+01 1.435267e+01 1.615312e+01 2.220483e+01 2.155929e+01 2.034593e+01 2.433525e+01 2.318633e+01 2.612614e+01 2.284933e+01 2.129224e+01 1.898712e-01 4.843479e-01 6.023946e-01 7.221702e-01 9.149710e-01 1.046740e+00 1.323921e+00 1.264488e+00 1.254751e+00 1.327394e+00 1.067273e+00 1.247065e+00 2.397131e-04
<GCONST> 7.091541e+01
<MIXTURE> 33 1.508826e-02
<MEAN> 25
 4.223680e+00 -5.573395e+00 -9.819454e-01 -2.923778e+00 -3.263201e+00 -5.403080e+00 -7.390646e+00 -9.083447e-01 2.329727e+00 -1.163429e+00 -2.906385e+00 -3.219098e+00 1.378040e-01 -8.665086e-01 -2.548230e+00 -1.872178e+00 1.187129e+00 1.660662e+00 -2.359171e-01 1.453422e-01 1.163942e+00 2.844631e-01 -1.316594e-01 -1.242549e+00 4.018463e-02
<VARIANCE> 25
 1.479104e+01 1.886357e+01 2.657956e+01 3.011913e+01 3.215854e+01 3.563383e+01 3.332113e+01 4.514074e+01 3.501590e+01 3.239070e+01 3.010735e+01 2.048161e+01 1.582186e+00 1.471628e+00 1.652312e+00 1.932193e+00 3.515424e+00 2.831003e+00 4.233257e+00 4.561001e+00 3.379793e+00 3.481835e+00 2.620823e+00 2.158527e+00 1.672746e-03
<GCONST> 9.115071e+01
<MIXTURE> 34 1.588179e-02
<MEAN> 25
 8.434665e+00 -1.347556e+00 5.384308e-01 1.262861e+00 -4.310987e+00 -4.245456e-01 -5.971588e+00 -4.988499e+00 -3.797178e+00 -5.165085e-02 -2.558352e+00 -3.713757e+00 1.463020e-02 1.077588e+00 1.671696e+00 2.102621e+00 3.101898e-02 -7.536478e-01 1.032207e+00 -9.892846e-01 -9.381480e-01 6.599107e-01 -7.782375e-01 5.426171e-01 -5.757410e-02
<VARIANCE> 25
 7.967185e+00 3.159364e+01 2.909024e+01 4.696291e+01 3.619304e+01 4.768283e+01 4.405944e+01 5.116832e+01 6.356044e+01 3.571598e+01 3.914437e+01 2.359139e+01 1.148531e+00 1.980911e+00 3.497805e+00 3.841517e+00 4.603150e+00 5.450093e+00 5.438018e+00 6.245698e+00 4.317085e+00 4.056282e+00 3.921800e+00 2.945622e+00 1.259972e-03
<GCONST> 9.722559e+01
<MIXTURE> 35 1.467755e-02
<MEAN> 25
 -1.728410e+00 -4.001633e+00 -1.034757e+01 -1.197462e+00 8.250170e+00 -6.521658e-01 -7.042083e-01 1.557250e+00 1.996496e-01 3.093521e+00 8.608584e-01 1.365504e+00 1.325384e-01 -1.409162e+00 -1.414461e+00 -1.357697e+00 2.475785e-01 -6.835149e-01 -1.005651e+00 -5.388561e-01 -2.018454e-01 -4.444477e-02 -7.385770e-01 -9.008740e-01 1.117809e-01
<VARIANCE> 25
 1.443688e+01 2.925405e+01 5.458159e+01 5.567409e+01 3.830040e+01 6.189680e+01 5.890451e+01 3.661964e+01 4.741518e+01 3.363466e+01 3.008175e+01 3.289371e+01 2.989145e+00 3.352969e+00 6.409333e+00 4.951161e+00 4.887127e+00 4.985322e+00 4.096555e+00 3.893509e+00 3.884816e+00 4.778347e+00 4.649637e+00 3.689294e+00 4.497112e-03
<GCONST> 1.018149e+02
<MIXTURE> 36 1.093293e-02
<MEAN> 25
 2.427119e+00 -4.736745e+00 6.944256e+00 3.258283e+00 -1.039078e+01 -9.571169e+00 -6.974161e+00 -7.247166e-01 -3.947341e+00 -4.866138e+00 1.980844e+00 1.532751e+00 3.177406e-01 3.647114e-01 -7.518175e-01 -1.785171e-01 7.842541e-01 2.866975e-01 -1.169082e-01 -8.116300e-02 6.032134e-01 6.499354e-01 -2.253942e-01 -2.419621e-01 -2.497677e-02
<VARIANCE> 25
 1.155605e+01 1.952598e+01 1.458390e+01 1.792580e+01 3.164328e+01 2.592064e+01 3.014968e+01 2.192883e+01 2.972827e+01 2.518056e+01 2.304956e+01 1.645804e+01 5.350304e-01 8.497770e-01 1.253620e+00 1.088143e+00 1.709577e+00 1.286465e+00 1.984090e+00 1.243979e+00 2.209037e+00 1.851329e+00 1.348453e+00 1.191640e+00 1.091361e-03
<GCONST> 7.896854e+01
<MIXTURE> 37 1.246826e-02
<MEAN> 25
 6.966510e-02 7.094434e+00 1.177719e+01 -5.325732e+00 -6.676550e+00 -6.765939e-01 -5.514369e+00 -8.606440e+00 -5.103862e+00 -1.808558e+00 -2.503329e+00 -1.529035e+00 2.243733e-01 4.908168e-01 -1.291670e+00 2.932482e+00 1.989368e+00 -3.991276e-01 1.191871e+00 5.027308e-01 8.039536e-01 2.302457e-01 -1.068069e-01 4.784202e-01 -9.107865e-02
<VARIANCE> 25
 1.669509e+01 2.568585e+01 2.570973e+01 4.276355e+01 3.419035e+01 2.652831e+01 3.902588e+01 2.952571e+01 3.739509e+01 3.615251e+01 3.711719e+01 2.800047e+01 2.405145e+00 3.240366e+00 2.432432e+00 4.392468e+00 4.054078e+00 3.093218e+00 3.528401e+00 3.622061e+00 3.150479e+00 4.018300e+00 5.001885e+00 3.810297e+00 3.146541e-03
<GCONST> 9.624915e+01
<MIXTURE> 38 1.154525e-02
<MEAN> 25
 -5.002294e+00 8.770287e+00 3.789963e+00 3.550671e+00 -3.326348e-03 -5.060163e+00 -1.032453e+00 -3.144966e+00 -2.699848e+00 -2.920988e+00 -1.498362e+00 -8.589804e-01 -4.189586e+00 1.155293e+00 -3.623744e-01 1.141799e+00 2.223643e+00 1.402601e+00 1.761577e+00 6.943163e-01 6.138659e-01 3.505066e-01 8.266592e-01 2.369428e-01 5.202299e-02
<VARIANCE> 25
 3.178631e+01 2.777329e+01 3.681318e+01 2.968260e+01 4.548499e+01 3.146584e+01 3.300735e+01 3.959502e+01 3.216619e+01 2.937108e+01 2.222955e+01 2.551776e+01 2.438802e+00 3.449775e+00 3.299098e+00 5.017483e+00 4.267540e+00 4.393895e+00 4.930442e+00 4.401011e+00 3.977974e+00 4.462031e+00 3.891527e+00 2.828156e+00 1.892264e-03
<GCONST> 9.730964e+01
<MIXTURE> 39 9.501865e-03
<MEAN> 25
 5.455014e-01 1.770599e+00 1.013969e+01 -8.557416e+00 -1.128696e+01 -6.447096e-01 -4.071214e+00 -7.744593e+00 -5.148453e+00 -2.031178e-01 -3.290823e+00 -2.243126e+00 -7.320892e-01 1.454886e+00 1.432815e+00 -1.387033e+00 1.408101e-01 1.406838e+00 -1.320768e+00 -1.201322e+00 4.442614e-01 1.699225e-01 -3.654490e-01 2.371372e-02 2.898478e-03
<VARIANCE> 25
 1.517143e+01 3.130511e+01 2.908909e+01 3.746720e+01 3.352782e+01 4.141144e+01 4.546304e+01 3.618892e+01 3.568060e+01 3.545090e+01 3.377659e+01 2.498579e+01 9.766111e-01 1.466888e+00 1.635552e+00 3.027803e+00 2.255978e+00 3.089428e+00 4.745730e+00 2.692976e+00 2.621712e+00 3.323230e+00 1.979464e+00 2.004945e+00 1.174292e-03
<GCONST> 9.087122e+01
<MIXTURE> 40 1.030800e-02
<MEAN> 25
 -3.831942e+00 3.114871e+00 -1.547275e+00 4.759153e+00 5.485877e+00 3.831237e+00 5.196475e+00 5.162656e+00 4.647187e+00 4.727296e+00 2.673674e+00 1.383160e+00 -1.333937e-01 -1.984359e-01 -3.102941e-02 -1.920588e-01 -3.574071e-02 1.718121e-02 2.439593e-01 3.108431e-01 -9.340622e-03 -7.320942e-02 5.759867e-02 -1.581638e-02 6.182000e-03
<VARIANCE> 25
 2.387998e+01 9.747979e+00 1.486620e+01 1.841275e+01 1.574553e+01 1.496011e+01 1.223220e+01 1.277344e+01 1.370900e+01 1.483589e+01 1.495470e+01 1.264095e+01 5.102484e-01 6.217666e-01 6.416976e-01 1.025945e+00 9.771544e-01 1.054596e+00 1.078193e+00 1.117678e+00 1.006703e+00 1.109216e+00 1.157492e+00 1.212013e+00 6.409542e-04
<GCONST> 6.982645e+01
<MIXTURE> 41 6.713375e-03
<MEAN> 25
 9.955288e-01 1.132336e+00 1.001355e+01 -6.514993e+00 -1.041032e+01 -4.010100e+00 -2.180849e+00 -5.940990e+00 -5.298948e+00 1.980847e+00 -1.846488e+00 -1.242175e+00 -2.407301e-01 -6.044170e-01 1.578696e+00 -3.431498e+00 -2.255731e+00 1.457677e-01 -7.190492e-01 -5.579561e-01 -6.131163e-01 8.772856e-01 -9.094275e-01 1.029381e-01 8.269418e-02
<VARIANCE> 25
 1.288194e+01 2.976185e+01 3.492980e+01 4.095099e+01 3.675575e+01 3.835609e+01 3.944710e+01 3.309683e+01 3.365258e+01 3.030487e+01 3.008729e+01 2.469518e+01 4.268477e+00 3.482423e+00 3.767689e+00 3.952999e+00 4.873034e+00 6.243757e+00 5.345688e+00 4.408344e+00 4.261479e+00 4.450337e+00 3.661345e+00 3.028214e+00 2.799074e-03
<GCONST> 9.857035e+01
<MIXTURE> 42 1.106211e-02
<MEAN> 25
 -3.473853e+00 4.109302e+00 3.854128e+00 3.092276e+00 -5.492022e-01 -6.232220e+00 1.881335e-01 -3.001997e+00 -3.785721e+00 -1.536889e+00 -1.487901e+00 5.865585e-01 3.836091e+00 -8.452953e-01 1.582250e+00 2.113194e-01 -3.092281e+00 -1.244191e+00 -1.805825e+00 -1.262330e+00 -1.218681e+00 -1.343979e+00 5.502926e-01 -7.186589e-01 1.353067e-02
<VARIANCE> 25
 3.622441e+01 2.237022e+01 4.166458e+01 3.070489e+01 3.301075e+01 3.348294e+01 3.102726e+01 2.387399e+01 2.546633e+01 2.363772e+01 1.719513e+01 1.430377e+01 3.210075e+00 4.865064e+00 4.395356e+00 5.589419e+00 5.005606e+00 4.436268e+00 4.779528e+00 4.083975e+00 4.473644e+00 6.132892e+00 3.261290e+00 2.851331e+00 4.293685e-03
<GCONST> 9.743210e+01
<MIXTURE> 43 7.108249e-03
<MEAN> 25
 2.563879e+00 -6.544488e+00 -2.173930e+00 -6.042246e+00 -7.159544e+00 -3.174874e+00 2.491606e+00 7.109971e-01 -4.038216e+00 -6.847252e+00 -4.225204e+00 -1.640084e+00 3.784202e-01 1.853800e+00 2.080499e+00 6.650282e-02 -1.434988e+00 -6.110697e-01 -1.047299e+00 -6.519411e-01 3.649154e-01 1.423590e+00 2.293414e-01 1.741224e-01 -4.464211e-02
<VARIANCE> 25
 1.094192e+01 1.846721e+01 2.704158e+01 4.712560e+01 3.369275e+01 3.720089e+01 4.081348e+01 3.668268e+01 5.396892e+01 3.481008e+01 2.355184e+01 2.735081e+01 6.925750e-01 1.636536e+00 1.632738e+00 2.649356e+00 2.256676e+00 2.213726e+00 2.475561e+00 2.788846e+00 3.501229e+00 2.236216e+00 2.125782e+00 1.936006e+00 8.320779e-04
<GCONST> 8.836848e+01
<MIXTURE> 44 7.328289e-03
<MEAN> 25
 -1.413199e+01 1.928302e+00 2.985355e+00 -2.567554e+00 3.369683e+00 1.865560e+00 -3.231762e-02 2.204107e+00 1.549204e+00 -7.394212e-01 1.491529e+00 1.729258e+00 -2.402335e-01 1.764393e-02 1.221139e-01 2.773260e-01 -8.766034e-02 2.021293e-01 5.309668e-01 1.311550e-01 2.258083e-01 1.119789e-01 2.780155e-02 7.539584e-02 7.128370e-03
<VARIANCE> 25
 5.016647e+01 2.895350e+01 3.348717e+01 3.279538e+01 2.865758e+01 3.079122e+01 2.425128e+01 3.132149e+01 2.713102e+01 2.642159e+01 2.571115e+01 1.866234e+01 1.270416e+00 1.467123e+00 1.315852e+00 1.309787e+00 2.111438e+00 1.586402e+00 1.501086e+00 1.585184e+00 1.504820e+00 1.464574e+00 1.440377e+00 1.228206e+00 1.377600e-03
<GCONST> 8.440913e+01
<MIXTURE> 45 1.364932e-02
<MEAN> 25
 -9.844890e+00 5.157237e+00 -1.235169e+00 3.845490e+00 2.608498e+00 -2.363329e+00 1.995563e+00 1.667157e+00 3.185270e+00 2.169276e+00 2.331584e+00 2.501063e+00 -2.717839e+00 6.089451e-01 -2.685086e-01 -3.830604e-01 5.355534e-02 4.524589e-01 5.928258e-01 -1.510006e-01 -3.728667e-01 -2.663328e-01 7.720735e-02 -1.047333e-01 9.586935e-02
<VARIANCE> 25
 3.144947e+01 2.092822e+01 1.696807e+01 2.217555e+01 2.731388e+01 2.940445e+01 2.493559e+01 2.006000e+01 1.970706e+01 1.785579e+01 2.118317e+01 1.138816e+01 1.654413e+00 2.493914e+00 1.870237e+00 1.917209e+00 1.787347e+00 2.782718e+00 2.104283e+00 1.486702e+00 1.605950e+00 1.559097e+00 2.257909e+00 1.473812e+00 2.841141e-03
<GCONST> 8.431489e+01
<MIXTURE> 46 9.336259e-03
<MEAN> 25
 -9.154815e+00 2.274744e+00 1.048719e+00 7.242344e+00 5.648550e+00 3.182388e+00 6.929413e+00 4.439513e+00 5.851256e+00 4.698770e+00 4.954629e+00 2.809198e+00 1.053175e+00 -1.934143e-01 1.584641e-02 9.534625e-01 6.063911e-01 9.648248e-01 3.771423e-01 6.864628e-01 4.313078e-01 4.453169e-01 6.067291e-01 5.402849e-01 -1.039470e-01
<VARIANCE> 25
 3.590303e+01 4.264894e+01 3.804799e+01 5.222834e+01 5.281493e+01 4.077066e+01 3.669965e+01 3.471373e+01 3.376826e+01 3.026771e+01 2.774595e+01 2.022293e+01 3.876779e+00 4.140910e+00 3.807770e+00 4.110199e+00 4.101584e+00 3.666276e+00 3.289454e+00 3.064328e+00 2.999122e+00 3.001951e+00 2.314321e+00 1.758331e+00 7.841083e-03
<GCONST> 9.825962e+01
<MIXTURE> 47 7.116147e-03
<MEAN> 25
 6.057209e+00 -7.441860e+00 -7.406840e+00 -7.664569e+00 3.253416e-01 1.540742e+00 -2.730793e+00 -4.848169e-01 2.690694e+00 -2.640106e-01 -3.474976e+00 -5.891738e+00 -2.427315e-01 -1.128897e+00 -8.973549e-01 -5.486596e-01 7.064873e-01 7.591218e-01 1.071375e+00 3.308856e-01 1.765496e-01 -8.147772e-01 -5.459129e-01 -5.655982e-01 2.849807e-02
<VARIANCE> 25
 1.845637e+01 1.763795e+01 1.840277e+01 3.686477e+01 3.614357e+01 4.970706e+01 4.383289e+01 4.778490e+01 3.717827e+01 4.092429e+01 4.770924e+01 2.993740e+01 5.133274e-01 7.306813e-01 1.318955e+00 1.657182e+00 1.891775e+00 2.259733e+00 2.214509e+00 2.283851e+00 2.025100e+00 1.822268e+00 1.966467e+00 1.864118e+00 4.938876e-04
<GCONST> 8.585108e+01
<MIXTURE> 48 7.116147e-03
<MEAN> 25
 6.057209e+00 -7.441860e+00 -7.406840e+00 -7.664569e+00 3.253416e-01 1.540742e+00 -2.730793e+00 -4.848169e-01 2.690694e+00 -2.640106e-01 -3.474976e+00 -5.891738e+00 -2.427315e-01 -1.128897e+00 -8.973549e-01 -5.486596e-01 7.064873e-01 7.591218e-01 1.071375e+00 3.308856e-01 1.765496e-01 -8.147772e-01 -5.459129e-01 -5.655982e-01 2.849807e-02
<VARIANCE> 25
 1.845637e+01 1.763795e+01 1.840277e+01 3.686477e+01 3.614357e+01 4.970706e+01 4.383289e+01 4.778490e+01 3.717827e+01 4.092429e+01 4.770924e+01 2.993740e+01 5.133274e-01 7.306813e-01 1.318955e+00 1.657182e+00 1.891775e+00 2.259733e+00 2.214509e+00 2.283851e+00 2.025100e+00 1.822268e+00 1.966467e+00 1.864118e+00 4.938876e-04
<GCONST> 8.585108e+01
<MIXTURE> 49 5.548473e-03
<MEAN> 25
 -3.545597e+00 1.384319e+00 -4.252496e-01 7.315627e+00 6.412135e+00 4.880120e+00 5.799152e+00 5.238479e+00 4.677933e+00 3.544780e+00 3.119496e+00 2.471480e+00 3.230287e-01 6.228280e-01 6.085480e-01 4.017467e-01 -5.430876e-02 -5.433890e-01 -1.029036e+00 -1.093735e+00 -1.052013e+00 -7.977288e-01 -3.209873e-01 -3.746822e-02 2.538057e-04
<VARIANCE> 25
 1.036145e+01 9.065586e+00 1.111254e+01 1.553905e+01 1.345930e+01 1.562034e+01 1.625806e+01 1.626764e+01 1.515566e+01 1.522626e+01 2.092751e+01 1.337113e+01 2.128487e-01 2.148890e-01 3.411100e-01 5.721576e-01 8.419963e-01 9.795226e-01 1.126768e+00 8.691634e-01 1.593044e+00 1.349757e+00 1.206059e+00 1.385562e+00 1.734225e-05
<GCONST> 6.302693e+01
<MIXTURE> 50 6.234641e-03
<MEAN> 25
 -3.102007e+00 1.270387e+00 -1.952112e+00 4.994226e+00 4.792942e+00 1.978373e+00 3.578890e+00 3.102067e+00 3.348366e+00 2.179721e+00 9.642998e-01 2.279058e+00 2.068032e-02 1.489354e-01 5.828742e-02 -2.293503e-01 -4.501671e-01 -5.857286e-01 -5.141413e-01 -9.077682e-02 5.227448e-01 8.651133e-01 7.623285e-01 4.623146e-01 5.582313e-05
<VARIANCE> 25
 1.004385e+01 1.088195e+01 1.057645e+01 1.327663e+01 1.357856e+01 1.457494e+01 1.583218e+01 1.730857e+01 1.507852e+01 1.447879e+01 1.873624e+01 1.411705e+01 1.365582e-01 1.803918e-01 3.203710e-01 4.958181e-01 7.126566e-01 7.237126e-01 1.024429e+00 1.156090e+00 9.792410e-01 8.240300e-01 7.823285e-01 9.083515e-01 1.630367e-06
<GCONST> 5.753124e+01
<MIXTURE> 51 6.234641e-03
<MEAN> 25
 -3.102007e+00 1.270387e+00 -1.952112e+00 4.994226e+00 4.792942e+00 1.978373e+00 3.578890e+00 3.102067e+00 3.348366e+00 2.179721e+00 9.642998e-01 2.279058e+00 2.068032e-02 1.489354e-01 5.828742e-02 -2.293503e-01 -4.501671e-01 -5.857286e-01 -5.141413e-01 -9.077682e-02 5.227448e-01 8.651133e-01 7.623285e-01 4.623146e-01 5.582313e-05
<VARIANCE> 25
 1.004385e+01 1.088195e+01 1.057645e+01 1.327663e+01 1.357856e+01 1.457494e+01 1.583218e+01 1.730857e+01 1.507852e+01 1.447879e+01 1.873624e+01 1.411705e+01 1.365582e-01 1.803918e-01 3.203710e-01 4.958181e-01 7.126566e-01 7.237126e-01 1.024429e+00 1.156090e+00 9.792410e-01 8.240300e-01 7.823285e-01 9.083515e-01 1.630367e-06
<GCONST> 5.753124e+01
<MIXTURE> 52 6.367945e-03
<MEAN> 25
 9.236028e+00 8.626223e-01 -4.934952e+00 -1.601224e+01 -5.050263e+00 1.029544e+01 -2.800913e+00 -3.946301e+00 -4.054360e+00 -3.649539e+00 3.602123e+00 7.347210e-01 -4.394213e-01 -3.021451e-01 -1.602504e-01 1.026624e+00 1.533707e+00 -6.534648e-01 -3.164719e-01 -4.806811e-01 1.311903e-01 1.103523e+00 1.615383e-01 -3.466382e-01 -1.756720e-02
<VARIANCE> 25
 1.139853e+01 2.356720e+01 2.461172e+01 3.838512e+01 3.720652e+01 3.404684e+01 3.755634e+01 4.586482e+01 3.664366e+01 4.268264e+01 3.118817e+01 3.110156e+01 4.559817e-01 1.595986e+00 1.089923e+00 2.885164e+00 1.889960e+00 2.348121e+00 3.436997e+00 2.731725e+00 2.564315e+00 2.166188e+00 2.165501e+00 2.601818e+00 2.065231e-03
<GCONST> 8.903784e+01
<MIXTURE> 53 6.367945e-03
<MEAN> 25
 9.236028e+00 8.626223e-01 -4.934952e+00 -1.601224e+01 -5.050263e+00 1.029544e+01 -2.800913e+00 -3.946301e+00 -4.054360e+00 -3.649539e+00 3.602123e+00 7.347210e-01 -4.394213e-01 -3.021451e-01 -1.602504e-01 1.026624e+00 1.533707e+00 -6.534648e-01 -3.164719e-01 -4.806811e-01 1.311903e-01 1.103523e+00 1.615383e-01 -3.466382e-01 -1.756720e-02
<VARIANCE> 25
 1.139853e+01 2.356720e+01 2.461172e+01 3.838512e+01 3.720652e+01 3.404684e+01 3.755634e+01 4.586482e+01 3.664366e+01 4.268264e+01 3.118817e+01 3.110156e+01 4.559817e-01 1.595986e+00 1.089923e+00 2.885164e+00 1.889960e+00 2.348121e+00 3.436997e+00 2.731725e+00 2.564315e+00 2.166188e+00 2.165501e+00 2.601818e+00 2.065231e-03
<GCONST> 8.903784e+01
<MIXTURE> 54 7.368620e-03
<MEAN> 25
 -2.373198e+00 1.394171e+00 -1.063642e+00 6.382648e+00 6.774043e+00 3.380684e+00 4.702466e+00 5.160132e+00 4.404979e+00 3.593810e+00 2.260400e+00 1.373527e+00 1.195600e-02 2.563217e-02 9.977978e-03 3.627752e-02 5.796285e-02 7.865552e-02 -1.534100e-02 3.076710e-02 7.123514e-02 -3.156270e-02 -3.826289e-03 9.410348e-02 -1.624952e-04
<VARIANCE> 25
 7.714209e+00 9.844956e+00 6.993675e+00 1.556665e+01 1.009035e+01 1.234996e+01 1.020802e+01 9.701797e+00 1.213768e+01 1.058288e+01 1.831906e+01 1.295974e+01 3.713848e-02 7.279205e-02 1.571524e-01 2.863481e-01 3.002062e-01 3.612688e-01 5.425661e-01 5.760775e-01 5.750806e-01 5.481876e-01 6.221927e-01 5.306870e-01 1.913604e-06
<GCONST> 4.688544e+01
<MIXTURE> 55 7.368620e-03
<MEAN> 25
 -2.373198e+00 1.394171e+00 -1.063642e+00 6.382648e+00 6.774043e+00 3.380684e+00 4.702466e+00 5.160132e+00 4.404979e+00 3.593810e+00 2.260400e+00 1.373527e+00 1.195600e-02 2.563217e-02 9.977978e-03 3.627752e-02 5.796285e-02 7.865552e-02 -1.534100e-02 3.076710e-02 7.123514e-02 -3.156270e-02 -3.826289e-03 9.410348e-02 -1.624952e-04
<VARIANCE> 25
 7.714209e+00 9.844956e+00 6.993675e+00 1.556665e+01 1.009035e+01 1.234996e+01 1.020802e+01 9.701797e+00 1.213768e+01 1.058288e+01 1.831906e+01 1.295974e+01 3.713848e-02 7.279205e-02 1.571524e-01 2.863481e-01 3.002062e-01 3.612688e-01 5.425661e-01 5.760775e-01 5.750806e-01 5.481876e-01 6.221927e-01 5.306870e-01 1.913604e-06
<GCONST> 4.688544e+01
<MIXTURE> 56 6.132464e-03
<MEAN> 25
 6.956350e+00 -7.500062e+00 -8.953928e+00 -9.902571e+00 3.168410e+00 5.396400e+00 -1.403972e+00 -3.974982e+00 2.326565e+00 -1.301845e-01 -1.262073e+00 -6.966737e+00 -3.676128e-02 -7.282542e-02 -1.047361e-01 4.049446e-02 3.923379e-01 7.786378e-02 -3.206638e-02 -6.445496e-02 -2.301798e-04 -4.392306e-02 -1.812350e-01 -2.343553e-01 -7.676980e-03
<VARIANCE> 25
 1.145125e+01 2.375687e+01 1.661370e+01 4.073368e+01 2.796600e+01 5.008348e+01 5.502387e+01 5.607960e+01 3.722652e+01 3.473611e+01 4.127199e+01 2.635021e+01 2.259531e-01 4.414385e-01 4.373281e-01 7.796591e-01 7.408319e-01 9.152952e-01 9.810689e-01 8.143573e-01 9.758110e-01 8.978614e-01 9.489482e-01 8.951176e-01 2.135554e-04
<GCONST> 7.476475e+01
<MIXTURE> 57 6.132464e-03
<MEAN> 25
 6.956350e+00 -7.500062e+00 -8.953928e+00 -9.902571e+00 3.168410e+00 5.396400e+00 -1.403972e+00 -3.974982e+00 2.326565e+00 -1.301845e-01 -1.262073e+00 -6.966737e+00 -3.676128e-02 -7.282542e-02 -1.047361e-01 4.049446e-02 3.923379e-01 7.786378e-02 -3.206638e-02 -6.445496e-02 -2.301798e-04 -4.392306e-02 -1.812350e-01 -2.343553e-01 -7.676980e-03
<VARIANCE> 25
 1.145125e+01 2.375687e+01 1.661370e+01 4.073368e+01 2.796600e+01 5.008348e+01 5.502387e+01 5.607960e+01 3.722652e+01 3.473611e+01 4.127199e+01 2.635021e+01 2.259531e-01 4.414385e-01 4.373281e-01 7.796591e-01 7.408319e-01 9.152952e-01 9.810689e-01 8.143573e-01 9.758110e-01 8.978614e-01 9.489482e-01 8.951176e-01 2.135554e-04
<GCONST> 7.476475e+01
<MIXTURE> 58 6.172147e-03
<MEAN> 25
 1.882818e+00 -3.902387e+00 7.094931e+00 -4.045259e+00 -1.333824e+01 -6.909669e+00 8.904240e-01 5.858418e-01 -2.314118e+00 5.922488e-01 -8.455581e-02 6.810293e-01 -1.712677e-01 -1.521519e-01 -1.515686e-01 -2.425007e-01 -3.650055e-02 2.729110e-01 2.687939e-01 2.546606e-01 1.135856e-01 -2.454332e-02 -1.062496e-02 -2.454904e-01 1.866652e-03
<VARIANCE> 25
 9.651522e+00 1.493371e+01 1.849418e+01 2.695174e+01 2.227897e+01 4.765058e+01 3.182174e+01 3.163129e+01 3.137785e+01 3.054758e+01 2.099754e+01 2.590767e+01 3.944320e-01 6.562783e-01 8.855790e-01 9.055558e-01 8.151764e-01 1.146602e+00 1.062243e+00 1.187872e+00 9.807993e-01 1.005714e+00 7.919613e-01 8.829944e-01 7.403561e-04
<GCONST> 7.518839e+01
<MIXTURE> 59 6.172147e-03
<MEAN> 25
 1.882818e+00 -3.902387e+00 7.094931e+00 -4.045259e+00 -1.333824e+01 -6.909669e+00 8.904240e-01 5.858418e-01 -2.314118e+00 5.922488e-01 -8.455581e-02 6.810293e-01 -1.712677e-01 -1.521519e-01 -1.515686e-01 -2.425007e-01 -3.650055e-02 2.729110e-01 2.687939e-01 2.546606e-01 1.135856e-01 -2.454332e-02 -1.062496e-02 -2.454904e-01 1.866652e-03
<VARIANCE> 25
 9.651522e+00 1.493371e+01 1.849418e+01 2.695174e+01 2.227897e+01 4.765058e+01 3.182174e+01 3.163129e+01 3.137785e+01 3.054758e+01 2.099754e+01 2.590767e+01 3.944320e-01 6.562783e-01 8.855790e-01 9.055558e-01 8.151764e-01 1.146602e+00 1.062243e+00 1.187872e+00 9.807993e-01 1.005714e+00 7.919613e-01 8.829944e-01 7.403561e-04
<GCONST> 7.518839e+01
<MIXTURE> 60 4.479129e-03
<MEAN> 25
 -2.059243e+00 1.241780e+00 -1.731131e+00 3.219536e+00 3.529537e+00 1.305154e+00 2.193443e+00 2.749220e+00 2.369944e+00 2.675402e+00 3.873894e-01 1.574311e+00 -2.506666e-02 9.489117e-02 8.374406e-02 6.812403e-02 1.957458e-01 1.505147e-01 1.427085e-01 3.298097e-01 7.047727e-01 7.292277e-01 5.265676e-01 3.314261e-01 1.591524e-03
<VARIANCE> 25
 5.265464e+00 4.610232e+00 6.872855e+00 8.484349e+00 1.241826e+01 1.234438e+01 1.084637e+01 1.076439e+01 1.185983e+01 1.088331e+01 1.313356e+01 1.044604e+01 7.057955e-02 1.488514e-01 2.823282e-01 3.948623e-01 5.688570e-01 6.640184e-01 6.969277e-01 8.656235e-01 9.043849e-01 8.143302e-01 8.399757e-01 9.482720e-01 3.933300e-05
<GCONST> 5.387088e+01
<MIXTURE> 61 4.479129e-03
<MEAN> 25
 -2.059243e+00 1.241780e+00 -1.731131e+00 3.219536e+00 3.529537e+00 1.305154e+00 2.193443e+00 2.749220e+00 2.369944e+00 2.675402e+00 3.873894e-01 1.574311e+00 -2.506666e-02 9.489117e-02 8.374406e-02 6.812403e-02 1.957458e-01 1.505147e-01 1.427085e-01 3.298097e-01 7.047727e-01 7.292277e-01 5.265676e-01 3.314261e-01 1.591524e-03
<VARIANCE> 25
 5.265464e+00 4.610232e+00 6.872855e+00 8.484349e+00 1.241826e+01 1.234438e+01 1.084637e+01 1.076439e+01 1.185983e+01 1.088331e+01 1.313356e+01 1.044604e+01 7.057955e-02 1.488514e-01 2.823282e-01 3.948623e-01 5.688570e-01 6.640184e-01 6.969277e-01 8.656235e-01 9.043849e-01 8.143302e-01 8.399757e-01 9.482720e-01 3.933300e-05
<GCONST> 5.387088e+01
<MIXTURE> 62 3.278034e-03
<MEAN> 25
 -4.835896e+00 1.421338e+00 9.164532e-01 8.506805e+00 6.139341e+00 4.894492e+00 5.528396e+00 4.262541e+00 5.033317e+00 4.030285e+00 4.784661e+00 2.934257e+00 -9.758176e-01 -1.142507e+00 -9.290054e-01 -3.239549e-01 4.587891e-01 1.034002e+00 1.348972e+00 1.532810e+00 1.396725e+00 1.183385e+00 1.043863e+00 7.192299e-01 -9.159600e-04
<VARIANCE> 25
 1.051778e+01 1.010757e+01 1.275197e+01 1.784681e+01 1.674420e+01 1.748936e+01 1.903975e+01 1.931570e+01 1.854185e+01 1.847323e+01 2.172651e+01 1.430256e+01 4.136625e-01 4.259368e-01 5.684267e-01 8.069035e-01 1.024698e+00 1.197660e+00 1.226094e+00 1.243314e+00 1.471421e+00 1.372087e+00 1.348073e+00 1.320819e+00 1.903297e-05
<GCONST> 6.772412e+01
<MIXTURE> 63 4.351215e-03
<MEAN> 25
 -1.716545e+00 7.328099e-01 -3.309106e+00 2.262488e+00 4.830422e+00 6.231861e-01 3.791433e+00 3.997647e+00 3.227212e+00 1.439393e+00 -1.846201e+00 1.439720e+00 -4.779679e-02 2.659069e-01 3.592703e-01 5.048910e-01 3.762947e-01 3.386874e-01 3.871752e-01 9.177003e-02 2.353168e-02 1.340614e-01 5.635427e-02 2.246766e-02 -1.175272e-03
<VARIANCE> 25
 6.274396e+00 1.197228e+01 8.768137e+00 1.237301e+01 1.239689e+01 1.609324e+01 1.428222e+01 2.086741e+01 2.027658e+01 1.678595e+01 1.365074e+01 1.400919e+01 2.221076e-01 3.663580e-01 4.507246e-01 5.551361e-01 8.052095e-01 8.898220e-01 9.900981e-01 1.189922e+00 1.256171e+00 1.473259e+00 1.013751e+00 1.490205e+00 2.354659e-04
<GCONST> 6.563975e+01
<MIXTURE> 64 4.351215e-03
<MEAN> 25
 -1.716545e+00 7.328099e-01 -3.309106e+00 2.262488e+00 4.830422e+00 6.231861e-01 3.791433e+00 3.997647e+00 3.227212e+00 1.439393e+00 -1.846201e+00 1.439720e+00 -4.779679e-02 2.659069e-01 3.592703e-01 5.048910e-01 3.762947e-01 3.386874e-01 3.871752e-01 9.177003e-02 2.353168e-02 1.340614e-01 5.635427e-02 2.246766e-02 -1.175272e-03
<VARIANCE> 25
 6.274396e+00 1.197228e+01 8.768137e+00 1.237301e+01 1.239689e+01 1.609324e+01 1.428222e+01 2.086741e+01 2.027658e+01 1.678595e+01 1.365074e+01 1.400919e+01 2.221076e-01 3.663580e-01 4.507246e-01 5.551361e-01 8.052095e-01 8.898220e-01 9.900981e-01 1.189922e+00 1.256171e+00 1.473259e+00 1.013751e+00 1.490205e+00 2.354659e-04
<GCONST> 6.563975e+01
<MIXTURE> 65 1.721197e-02
<MEAN> 25
 7.100418e+00 8.763981e-01 2.205446e+00 1.707348e+00 -5.880197e+00 -2.395667e+00 -6.235751e+00 -7.464626e+00 -5.377035e+00 -1.635156e+00 -3.431082e+00 -1.260131e+00 2.294095e-01 1.574118e-01 1.014122e-01 1.927890e-01 -1.565936e-01 1.319759e-01 1.763299e-01 -9.662361e-02 -1.318959e-01 1.852773e-02 -3.708431e-03 -2.205789e-01 -5.784719e-03
<VARIANCE> 25
 1.033942e+01 2.191079e+01 3.313466e+01 3.361803e+01 3.468104e+01 5.030579e+01 4.796865e+01 5.215149e+01 5.297442e+01 4.474778e+01 4.802312e+01 4.248084e+01 5.528545e-01 9.169405e-01 1.496805e+00 1.612817e+00 1.653351e+00 2.111262e+00 2.340672e+00 2.929612e+00 2.288865e+00 2.489161e+00 1.977535e+00 1.835195e+00 4.314673e-04
<GCONST> 8.772414e+01
<MIXTURE> 66 1.191532e-02
<MEAN> 25
 5.428971e+00 -5.464337e+00 -4.175085e+00 -5.091315e+00 -1.465927e+00 -4.094151e+00 -6.790214e+00 3.184619e-01 4.857435e-01 -3.035020e+00 -5.421772e+00 -4.282158e+00 4.331596e-01 9.525340e-01 2.241492e+00 2.642271e+00 -1.171277e+00 -1.328041e+00 -3.545287e-01 1.102518e-03 -3.397794e-01 -1.093514e-01 -3.213122e-01 8.272092e-01 -5.999022e-02
<VARIANCE> 25
 1.199879e+01 2.013478e+01 2.560885e+01 4.766418e+01 3.219325e+01 5.855682e+01 4.270967e+01 3.392830e+01 5.769597e+01 4.806156e+01 2.665149e+01 2.561781e+01 1.329664e+00 2.659771e+00 2.152187e+00 2.276482e+00 3.740143e+00 3.569591e+00 3.615804e+00 3.574010e+00 3.635652e+00 5.781970e+00 3.301116e+00 2.811596e+00 1.293777e-03
<GCONST> 9.444175e+01
<MIXTURE> 67 1.559142e-02
<MEAN> 25
 7.160590e+00 1.901117e+00 -4.595486e+00 -9.753117e+00 2.911676e-02 4.533732e+00 -3.425956e+00 -2.772755e+00 -2.790797e+00 -1.394766e+00 6.318473e-01 -1.858508e+00 -7.833855e-01 1.358521e+00 5.033839e-01 3.166266e+00 1.214493e+00 -1.260893e+00 1.379205e+00 1.190518e+00 8.365670e-01 1.197324e+00 -6.384073e-01 1.156839e+00 -1.248707e-01
<VARIANCE> 25
 8.600634e+00 2.907092e+01 2.332655e+01 4.451083e+01 3.260980e+01 3.783135e+01 4.241250e+01 5.748512e+01 4.564684e+01 4.943968e+01 3.345766e+01 4.840550e+01 1.333453e+00 2.082358e+00 2.644077e+00 2.925144e+00 2.810449e+00 3.687742e+00 2.866082e+00 3.619341e+00 3.453140e+00 3.301570e+00 4.148932e+00 3.345401e+00 1.693342e-03
<GCONST> 9.486974e+01
<MIXTURE> 68 1.485092e-02
<MEAN> 25
 -1.831671e+00 -2.430590e+00 -3.466859e+00 -7.843457e-01 4.384586e+00 5.982254e-01 1.288292e+00 4.747197e-01 1.747480e+00 1.123953e+00 9.639383e-01 2.430719e-01 2.227425e+00 6.378184e-02 5.012866e-01 -2.374585e+00 -2.935359e+00 -9.970074e-01 -2.041324e+00 -1.573479e+00 -1.624051e+00 -1.645044e+00 -1.455061e+00 -9.131156e-01 1.004951e-01
<VARIANCE> 25
 1.828275e+01 3.014250e+01 4.268534e+01 4.599985e+01 3.900479e+01 6.607363e+01 5.378879e+01 3.943396e+01 4.369049e+01 5.280315e+01 3.536747e+01 2.107841e+01 1.836978e+00 2.847137e+00 5.060166e+00 6.275136e+00 3.585135e+00 4.537302e+00 4.086223e+00 3.961340e+00 4.265152e+00 3.862315e+00 4.025218e+00 2.591520e+00 5.011396e-03
<GCONST> 1.002495e+02
<MIXTURE> 69 1.204884e-02
<MEAN> 25
 4.156936e+00 -4.285993e+00 -3.576754e+00 -3.920233e+00 -3.206305e+00 -6.939216e+00 -1.284699e+00 1.370583e+00 -7.035462e-01 -4.966012e+00 -4.746198e+00 2.542864e-01 1.494695e+00 -2.183303e+00 -1.191963e+00 -1.756060e+00 -7.239892e-01 -6.407990e-01 -6.571531e-01 5.889149e-01 -5.003982e-01 -1.178632e+00 -2.127774e+00 7.282824e-02 6.360061e-02
<VARIANCE> 25
 9.776143e+00 1.969294e+01 2.490382e+01 2.858058e+01 3.959464e+01 4.023793e+01 4.946481e+01 3.081009e+01 4.874137e+01 3.440264e+01 3.241221e+01 2.558124e+01 3.585637e+00 2.938321e+00 3.169782e+00 4.484782e+00 5.929754e+00 5.070436e+00 6.553275e+00 5.730237e+00 5.274502e+00 6.337279e+00 3.970484e+00 3.962894e+00 2.322214e-03
<GCONST> 9.886077e+01
<MIXTURE> 70 1.329190e-02
<MEAN> 25
 5.969681e+00 -2.366552e+00 -3.643404e+00 -3.903860e+00 -7.958980e-01 5.094197e-01 -7.664211e+00 -6.272628e+00 -1.724912e+00 1.135033e+00 1.162189e+00 -4.659688e+00 1.932430e+00 -1.273208e+00 -4.899075e-01 -1.877937e+00 -2.141843e+00 1.225117e+00 -1.416255e+00 -4.936268e-01 -1.153727e-01 -2.953419e-01 4.367675e-01 -8.850268e-01 6.054107e-02
<VARIANCE> 25
 1.131474e+01 1.625902e+01 1.925877e+01 3.993532e+01 2.689527e+01 3.764848e+01 4.466815e+01 3.511660e+01 4.414363e+01 2.650465e+01 3.748826e+01 2.012825e+01 3.427106e+00 2.769625e+00 4.442231e+00 4.921682e+00 4.172096e+00 5.349173e+00 4.950536e+00 5.558942e+00 4.410319e+00 4.041280e+00 4.817803e+00 4.376428e+00 2.216692e-03
<GCONST> 9.734883e+01
<MIXTURE> 71 1.406903e-02
<MEAN> 25
 4.865325e+00 1.636028e+00 5.186967e+00 2.183455e+00 -4.195268e+00 -2.829546e+00 -2.596939e+00 -7.165941e+00 -5.705818e+00 -1.185010e+00 -4.520100e+00 -2.869391e+00 -1.745521e+00 -4.492560e-01 -7.915295e-01 -1.860245e+00 1.443743e+00 -2.196229e-02 -3.787161e-01 3.307683e-01 2.356950e-01 -3.256269e-01 1.074808e+00 7.870968e-03 3.323419e-02
<VARIANCE> 25
 1.883270e+01 3.203320e+01 2.285379e+01 3.861401e+01 3.674597e+01 3.118245e+01 3.920738e+01 4.940601e+01 3.220219e+01 3.036830e+01 2.890932e+01 2.140506e+01 1.584731e+00 2.421843e+00 4.182029e+00 3.861020e+00 3.609812e+00 4.736652e+00 4.166060e+00 5.788843e+00 3.358996e+00 4.966257e+00 2.849668e+00 2.691121e+00 1.481881e-03
<GCONST> 9.554365e+01
<MIXTURE> 72 8.134747e-03
<MEAN> 25
 1.002136e+00 -4.939327e+00 4.982656e+00 -4.659063e-01 -1.068743e+01 -1.143800e+01 -3.146070e+00 7.117717e-01 -5.153275e+00 -2.697286e+00 -1.582327e+00 1.423135e+00 6.504163e-01 -8.537402e-01 -2.252469e+00 2.739168e-01 1.744920e+00 -4.673778e-01 -1.121495e+00 1.248056e+00 1.912185e+00 -6.232757e-01 -1.210753e+00 8.903286e-02 2.957467e-03
<VARIANCE> 25
 1.596532e+01 1.570425e+01 2.621285e+01 3.206377e+01 2.173039e+01 3.615125e+01 3.081063e+01 3.126290e+01 5.150460e+01 2.972801e+01 2.612759e+01 1.863636e+01 5.174690e-01 1.070214e+00 1.629075e+00 1.487224e+00 1.635360e+00 2.816635e+00 2.625213e+00 1.942689e+00 1.984071e+00 2.666840e+00 1.688647e+00 2.213961e+00 5.382846e-04
<GCONST> 8.417209e+01
<MIXTURE> 73 1.213625e-02
<MEAN> 25
 -3.737846e+00 4.611082e-01 -1.513736e+00 3.449546e+00 3.876314e+00 2.158775e+00 5.489688e+00 3.708178e+00 4.250162e+00 3.994491e+00 3.084545e+00 2.562258e+00 1.910106e-01 -1.146273e+00 -8.603299e-01 -2.458785e+00 -1.731486e+00 -1.640291e+00 -7.805898e-01 -5.713900e-01 -1.091563e+00 -1.004353e+00 -4.114830e-01 -6.788415e-01 1.394507e-01
<VARIANCE> 25
 1.612005e+01 1.406706e+01 1.304359e+01 1.866325e+01 1.752044e+01 2.534960e+01 1.702226e+01 1.666492e+01 1.989496e+01 1.866076e+01 2.100229e+01 1.331553e+01 3.869671e+00 2.708677e+00 6.870831e+00 5.471568e+00 6.256713e+00 4.945701e+00 3.858109e+00 3.452982e+00 4.805278e+00 4.291535e+00 3.761436e+00 2.584842e+00 3.368064e-03
<GCONST> 9.176555e+01
<MIXTURE> 74 1.756491e-02
<MEAN> 25
 3.347198e+00 -3.465006e+00 5.240411e+00 1.488955e+00 -9.665181e+00 -8.189087e+00 -4.068539e+00 -1.142101e+00 -3.627983e+00 -4.106569e+00 5.409437e-01 3.947672e-02 6.005633e-01 1.827443e+00 -2.353431e-01 1.193764e+00 1.363623e+00 6.671396e-01 2.936930e-01 -4.255094e-01 2.574692e-01 7.221519e-01 -3.364874e-01 3.316829e-02 -8.417296e-02
<VARIANCE> 25
 7.296265e+00 2.054094e+01 3.483566e+01 2.467419e+01 3.025803e+01 3.859724e+01 3.379978e+01 3.340143e+01 4.641187e+01 3.049682e+01 3.436450e+01 2.319185e+01 1.444277e+00 1.354779e+00 2.778228e+00 1.682225e+00 2.697170e+00 2.238463e+00 3.125728e+00 3.225742e+00 3.081394e+00 3.750333e+00 1.998464e+00 1.861476e+00 1.320635e-03
<GCONST> 8.919442e+01
<MIXTURE> 75 9.711651e-03
<MEAN> 25
 8.775924e-01 -4.157444e+00 1.024857e+01 3.318489e+00 -1.254363e+01 -8.900362e+00 -3.731362e+00 -3.025306e+00 -7.123244e+00 -6.898485e+00 3.890181e+00 2.616658e-01 1.465644e+00 -1.763423e+00 5.980394e-01 1.069954e-01 -2.642365e+00 -8.354415e-01 -1.879029e+00 1.666233e-01 3.952201e-03 -4.917170e-01 6.161816e-01 -1.875606e-01 5.150576e-02
<VARIANCE> 25
 1.181963e+01 1.594523e+01 1.996993e+01 1.892157e+01 2.566502e+01 3.141375e+01 2.507949e+01 1.789645e+01 3.215988e+01 2.507732e+01 2.366577e+01 1.206701e+01 1.788313e+00 1.838345e+00 2.667641e+00 2.228179e+00 4.015564e+00 3.342667e+00 3.681240e+00 2.541222e+00 3.115268e+00 2.486650e+00 3.272205e+00 1.891281e+00 1.966093e-03
<GCONST> 8.771023e+01
<MIXTURE> 76 1.052359e-02
<MEAN> 25
 -3.920848e+00 -4.530575e-02 -2.756109e+00 2.477730e+00 5.274196e+00 2.307193e+00 4.164644e+00 2.314735e+00 2.805362e+00 1.386658e+00 8.173225e-01 1.586094e+00 -9.966398e-03 -3.291245e-01 -2.188044e-01 -7.197576e-01 -7.074459e-01 -6.543255e-01 -4.390489e-01 -1.634686e-01 -3.768873e-01 -5.097578e-01 -1.238780e-01 -2.132661e-01 1.349229e-02
<VARIANCE> 25
 2.547783e+01 2.424128e+01 1.664961e+01 2.207838e+01 2.671829e+01 2.599640e+01 2.182146e+01 2.760515e+01 2.137218e+01 2.036697e+01 1.959158e+01 1.536381e+01 1.203635e+00 1.097784e+00 1.210400e+00 1.151267e+00 1.456535e+00 1.539468e+00 1.286818e+00 1.431375e+00 1.630996e+00 1.451252e+00 1.449575e+00 1.405684e+00 1.095572e-03
<GCONST> 7.979278e+01
<MIXTURE> 77 1.244626e-02
<MEAN> 25
 -1.894379e+00 6.544475e+00 1.124112e+01 -1.079699e+01 -7.352729e+00 2.187109e+00 -9.818392e+00 -7.886916e+00 -3.360868e+00 -2.218924e+00 -4.189379e+00 -1.835007e+00 1.434240e-01 -7.093985e-02 1.202303e-01 1.875245e-01 -1.022713e-01 1.086367e-01 8.869683e-02 2.460314e-01 1.778268e-01 1.316958e-02 -9.459635e-02 4.343093e-02 -8.310460e-03
<VARIANCE> 25
 1.291311e+01 2.488965e+01 2.589100e+01 4.065306e+01 2.869110e+01 2.940882e+01 2.808707e+01 2.488530e+01 2.598019e+01 3.530562e+01 2.878655e+01 2.681704e+01 2.450323e-01 6.961522e-01 5.182321e-01 9.485412e-01 1.168134e+00 1.012619e+00 1.134920e+00 1.252958e+00 8.944871e-01 8.638697e-01 7.928920e-01 7.157925e-01 4.725370e-04
<GCONST> 7.499603e+01
<MIXTURE> 78 9.702551e-03
<MEAN> 25
 -1.072445e+01 1.640201e+00 -1.735114e+00 2.380920e+00 3.599431e+00 -2.660414e+00 3.430132e+00 2.246301e+00 2.600797e+00 8.027390e-01 -5.844181e-01 2.580200e+00 2.151779e+00 -1.455100e-01 9.052686e-02 4.729142e-01 -8.432933e-04 7.303792e-02 -2.678057e-01 -9.474424e-02 1.379228e-01 8.448213e-02 -4.695596e-01 -4.892851e-01 -5.449696e-02
<VARIANCE> 25
 4.351349e+01 3.322065e+01 2.878876e+01 3.237453e+01 4.088081e+01 3.892371e+01 3.320449e+01 3.271923e+01 3.083036e+01 2.718132e+01 2.592983e+01 2.033120e+01 5.034360e+00 2.581734e+00 2.605788e+00 2.945621e+00 2.721326e+00 3.382009e+00 2.970058e+00 2.822803e+00 2.239298e+00 2.491462e+00 2.416413e+00 2.161101e+00 4.796840e-03
<GCONST> 9.440285e+01
<MIXTURE> 79 1.156824e-02
<MEAN> 25
 1.394920e+00 -9.516026e-01 9.504983e+00 -4.436940e+00 -1.168108e+01 -1.476541e+00 -2.677910e+00 -8.157537e+00 -6.795879e+00 -2.066837e+00 -3.313900e+00 -2.404270e+00 1.341592e+00 -3.245899e-01 -1.127822e+00 2.286902e+00 2.076660e-01 -1.024868e+00 4.047091e-01 7.642036e-01 -1.598999e-01 -2.006816e-01 4.212388e-01 4.168121e-01 -4.047977e-02
<VARIANCE> 25
 1.658429e+01 2.119190e+01 2.325912e+01 3.776224e+01 2.943980e+01 3.649577e+01 3.305247e+01 2.671068e+01 2.851911e+01 3.450266e+01 2.883134e+01 3.147853e+01 1.000789e+00 1.832977e+00 1.948719e+00 1.849082e+00 1.925294e+00 2.646787e+00 3.637454e+00 4.219931e+00 1.820549e+00 2.638380e+00 1.937916e+00 1.820785e+00 9.468314e-04
<GCONST> 8.816800e+01
<MIXTURE> 80 7.550998e-03
<MEAN> 25
 -1.453879e+01 4.185815e+00 6.966674e-01 2.971706e+00 2.193058e+00 1.011317e+00 6.382833e+00 2.347573e+00 2.282273e+00 2.136184e+00 4.932477e+00 1.075513e+00 4.212756e+00 -2.049577e-01 1.675725e+00 -1.074382e+00 -2.835027e+00 -2.836373e+00 -2.365729e+00 -2.029881e+00 -2.029018e+00 -1.732448e+00 -1.480963e+00 -5.905456e-01 -3.864934e-02
<VARIANCE> 25
 1.988780e+01 1.987036e+01 3.290572e+01 3.310315e+01 2.975565e+01 3.023737e+01 2.685761e+01 2.764648e+01 2.838263e+01 2.816333e+01 2.592479e+01 1.733687e+01 2.343399e+00 3.215881e+00 2.581010e+00 4.009992e+00 3.278604e+00 2.663823e+00 2.967086e+00 3.039435e+00 2.657476e+00 2.699919e+00 3.086400e+00 2.037273e+00 1.947254e-03
<GCONST> 9.141449e+01
<MIXTURE> 81 8.025434e-03
<MEAN> 25
 -1.799474e+00 2.807453e+00 9.411232e+00 -1.418975e+01 -8.893885e+00 1.644998e-01 -7.711169e+00 -9.011301e+00 -4.443527e+00 -1.702827e+00 -6.525434e+00 -2.266149e+00 1.147773e-01 -3.992969e-01 -9.171886e-02 -6.074609e-01 -3.085259e-01 3.556384e-01 1.557599e-01 2.134311e-01 -2.064764e-02 1.185787e-01 -3.905357e-01 -1.583196e-01 1.037906e-02
<VARIANCE> 25
 1.297800e+01 3.231216e+01 2.881404e+01 3.450290e+01 2.865457e+01 3.398974e+01 4.173705e+01 2.553388e+01 3.198231e+01 3.216039e+01 2.594604e+01 2.550514e+01 6.555865e-01 1.987671e+00 1.534390e+00 3.048635e+00 2.472914e+00 2.327372e+00 4.076128e+00 2.276893e+00 2.370587e+00 2.256935e+00 1.928792e+00 1.755727e+00 1.011412e-03
<GCONST> 8.795728e+01
<MIXTURE> 82 8.213053e-03
<MEAN> 25
 -1.018283e+01 -4.275812e+00 2.780044e+00 -3.044147e+00 2.245304e+00 -4.496104e-01 2.225435e+00 7.250320e-01 1.665738e+00 2.616473e+00 2.610101e+00 1.523809e+00 -1.568952e+00 -5.606547e-01 7.636062e-01 -1.982513e+00 -1.569945e+00 -1.400303e+00 -8.072304e-01 -1.275156e+00 -1.215165e+00 -8.709051e-01 3.480862e-02 -2.128861e-01 1.707507e-01
<VARIANCE> 25
 1.848472e+01 2.509530e+01 2.438534e+01 2.683408e+01 3.151890e+01 2.856421e+01 3.771932e+01 2.967244e+01 3.858225e+01 3.491396e+01 2.217651e+01 2.066021e+01 3.340264e+00 2.949333e+00 2.986370e+00 4.367965e+00 3.167281e+00 2.719495e+00 2.943060e+00 2.488916e+00 3.849863e+00 2.363168e+00 2.350469e+00 1.670617e+00 2.915757e-03
<GCONST> 9.246508e+01
<MIXTURE> 83 1.167529e-02
<MEAN> 25
 -1.992035e+01 5.741933e+00 -2.010455e+00 -1.201335e-01 7.641544e+00 -1.103730e+00 5.426913e+00 2.889452e+00 1.149483e+00 1.901532e+00 6.543323e-01 2.660149e+00 8.150011e-02 -4.933746e-01 -2.974461e-02 -4.147068e-01 -3.669227e-01 -1.536147e-01 -8.556479e-02 -1.405591e-01 -9.322596e-02 1.915317e-02 -3.815963e-02 -5.495818e-02 4.311125e-03
<VARIANCE> 25
 8.715390e+00 1.679965e+01 2.817854e+01 2.303794e+01 2.102432e+01 2.330637e+01 2.104490e+01 2.276143e+01 1.953559e+01 2.285020e+01 2.223311e+01 1.479293e+01 1.247607e+00 9.325119e-01 1.206773e+00 1.067293e+00 1.638844e+00 1.248701e+00 1.272697e+00 1.358686e+00 1.339867e+00 1.320698e+00 1.170935e+00 1.031494e+00 8.556510e-04
<GCONST> 7.703624e+01
<MIXTURE> 84 1.066614e-02
<MEAN> 25
 8.081259e-01 7.635273e+00 6.075623e+00 6.937680e+00 2.593565e+00 -1.637087e+00 -2.328251e+00 -4.629476e+00 -4.213048e+00 -2.209848e+00 -2.412613e+00 -1.343477e+00 -1.352799e+00 -8.365248e-01 -1.009238e+00 9.449092e-01 2.039172e+00 1.432668e+00 1.257190e+00 1.034717e+00 1.429475e+00 6.856602e-01 2.580561e-01 5.578188e-01 -6.754693e-02
<VARIANCE> 25
 2.061048e+01 2.189748e+01 2.195840e+01 2.492809e+01 2.274377e+01 2.728312e+01 2.439530e+01 2.278398e+01 1.993014e+01 2.359751e+01 1.921680e+01 2.021602e+01 2.011503e+00 2.478368e+00 3.215820e+00 2.813659e+00 2.936370e+00 3.673868e+00 2.543170e+00 2.747191e+00 3.454310e+00 3.343190e+00 3.400613e+00 2.976961e+00 2.939669e-03
<GCONST> 9.029430e+01
<MIXTURE> 85 7.591393e-03
<MEAN> 25
 -3.651165e+00 6.925350e+00 5.269094e+00 2.175877e+00 -3.661298e+00 -5.694773e+00 -2.130846e+00 -5.943710e+00 -4.635070e+00 -3.272553e+00 1.660640e-01 -1.761961e+00 3.766915e+00 -7.428632e-02 1.782185e+00 -1.552327e+00 -3.246631e+00 -2.494484e+00 -2.911577e+00 -2.174007e+00 -2.307411e+00 -1.598024e+00 -1.821581e+00 -4.423791e-01 1.567896e-02
<VARIANCE> 25
 4.119484e+01 2.469800e+01 3.545717e+01 3.635716e+01 3.765791e+01 4.169873e+01 3.159199e+01 2.422863e+01 2.746862e+01 2.494013e+01 2.413922e+01 1.714889e+01 2.502256e+00 5.058885e+00 3.444225e+00 5.913953e+00 4.131716e+00 3.690571e+00 3.528968e+00 3.497050e+00 3.370666e+00 4.793898e+00 4.149692e+00 3.333841e+00 5.122965e-03
<GCONST> 9.751377e+01
<MIXTURE> 86 1.273941e-02
<MEAN> 25
 -1.688057e+00 1.981077e+00 -1.786132e+00 4.196492e+00 6.431531e+00 2.461857e+00 4.889044e+00 6.096799e+00 4.983183e+00 4.935810e+00 1.558738e+00 2.109010e+00 6.116658e-03 -1.921967e-02 -1.054836e-02 -4.053005e-02 -1.250108e-01 -1.392100e-01 -1.285502e-01 -3.130782e-01 -2.705851e-01 -1.849327e-01 -2.244485e-01 -1.295657e-01 -1.545163e-03
<VARIANCE> 25
 3.983937e+00 4.101644e+00 4.628617e+00 6.324019e+00 8.781718e+00 8.606739e+00 8.205831e+00 9.551001e+00 1.027303e+01 1.159770e+01 1.153267e+01 9.504250e+00 8.387016e-02 1.829090e-01 2.625300e-01 4.320624e-01 5.508062e-01 6.159487e-01 8.931829e-01 7.255312e-01 7.539932e-01 8.355936e-01 9.139495e-01 8.829166e-01 1.015693e-04
<GCONST> 5.254130e+01
<MIXTURE> 87 1.100681e-02
<MEAN> 25
 -2.200756e+00 4.516640e+00 3.006800e+00 5.462696e+00 5.148708e+00 5.662538e-01 9.663114e-01 -3.044300e-01 -8.500416e-01 -8.200756e-01 -5.891330e-01 -1.457085e-01 -2.272343e+00 -2.653840e+00 -2.027892e+00 -1.913628e+00 1.259458e-01 -5.090743e-01 3.517581e-01 8.726748e-01 7.250903e-01 9.260191e-01 7.578374e-01 5.878968e-01 1.163913e-01
<VARIANCE> 25
 3.118717e+01 2.250436e+01 2.251936e+01 3.001259e+01 2.314877e+01 2.418794e+01 2.388344e+01 2.112064e+01 2.074244e+01 2.008829e+01 2.307922e+01 1.971951e+01 3.722811e+00 2.372797e+00 6.271984e+00 3.782702e+00 5.313786e+00 4.124915e+00 4.813166e+00 3.473899e+00 3.989204e+00 2.794269e+00 2.878875e+00 3.055651e+00 4.917970e-03
<GCONST> 9.424047e+01
<MIXTURE> 88 1.256585e-02
<MEAN> 25
 -1.895759e+00 1.641968e+00 -1.505662e+00 3.667780e+00 5.897422e+00 2.810600e+00 5.142800e+00 5.181930e+00 3.601559e+00 2.892853e+00 3.097275e-01 1.448267e+00 -1.054556e-02 -2.960424e-02 1.042371e-01 1.908496e-01 4.072401e-01 3.068452e-01 4.008441e-02 -1.209626e-01 -5.621157e-01 -2.461741e-01 -7.203443e-02 -8.985958e-02 -5.123062e-03
<VARIANCE> 25
 4.835260e+00 5.974458e+00 8.065840e+00 1.137868e+01 1.340891e+01 1.464684e+01 1.240169e+01 1.535701e+01 1.486252e+01 1.358364e+01 1.404381e+01 1.528755e+01 8.598344e-01 8.386881e-01 1.744404e+00 1.404880e+00 2.546328e+00 1.958926e+00 1.521870e+00 2.215714e+00 2.269433e+00 2.494056e+00 1.531934e+00 2.180432e+00 9.024583e-04
<GCONST> 7.435730e+01
<MIXTURE> 89 9.333527e-03
<MEAN> 25
 4.711560e+00 -6.038349e+00 -3.420516e+00 -3.945057e+00 -1.986793e+00 -6.204640e+00 -6.778779e+00 2.856012e+00 3.228145e+00 -1.060129e+00 -5.952471e+00 -3.308081e+00 -4.948508e-01 1.937212e-01 2.051995e+00 1.005309e+00 -1.910297e+00 -1.494467e+00 7.015504e-01 1.341862e+00 -6.222566e-01 -1.579812e+00 2.950998e-01 1.159986e+00 -3.458069e-03
<VARIANCE> 25
 1.347937e+01 2.467881e+01 2.476191e+01 2.734580e+01 3.143064e+01 4.446164e+01 5.682328e+01 3.832236e+01 3.723182e+01 4.110931e+01 3.115112e+01 2.577436e+01 4.018436e-01 7.605277e-01 1.643866e+00 1.756726e+00 1.842411e+00 1.850777e+00 2.280275e+00 1.720999e+00 1.963331e+00 2.757837e+00 2.252907e+00 1.822399e+00 3.619587e-04
<GCONST> 8.486836e+01
<MIXTURE> 90 7.114505e-03
<MEAN> 25
 2.067188e+00 -9.352884e+00 -4.930995e+00 -5.584756e+00 -2.929045e+00 -1.238992e+00 2.460485e+00 6.303669e-01 -7.155953e+00 -1.005148e+01 -3.134956e+00 -1.011737e+00 -1.054843e-01 8.351747e-01 1.211533e+00 -7.512444e-01 -1.567979e+00 -1.823018e-01 6.515338e-01 -2.775342e-01 -2.610796e-01 7.705089e-01 1.888590e-01 -5.291375e-01 -1.224012e-02
<VARIANCE> 25
 8.892224e+00 1.747825e+01 1.820086e+01 5.019157e+01 3.557738e+01 3.456362e+01 4.075269e+01 3.573873e+01 3.917151e+01 2.715517e+01 2.565734e+01 2.491116e+01 2.359778e-01 6.015255e-01 7.521009e-01 1.042801e+00 1.393265e+00 1.443932e+00 1.721874e+00 1.542193e+00 1.804973e+00 1.570405e+00 1.347732e+00 1.257430e+00 2.103631e-04
<GCONST> 7.822136e+01
<MIXTURE> 91 7.852945e-03
<MEAN> 25
 5.101027e+00 -7.238548e+00 -8.395867e+00 -5.812792e+00 3.397879e+00 1.142997e+00 -1.976206e+00 -5.937976e-01 2.117901e+00 -2.006898e+00 -3.888938e+00 -5.192210e+00 3.093476e-01 9.426500e-01 2.781243e-01 4.563819e-01 7.919089e-03 -5.939146e-01 -3.894978e-01 -9.327284e-02 -1.291453e-01 3.601452e-01 -3.295033e-02 2.388060e-01 -3.693370e-02
<VARIANCE> 25
 1.314558e+01 2.375712e+01 1.636940e+01 4.345720e+01 3.279440e+01 5.631538e+01 4.485550e+01 4.270260e+01 5.439013e+01 5.870549e+01 3.460765e+01 3.510791e+01 4.761206e-01 7.924321e-01 1.196256e+00 1.499504e+00 2.088789e+00 2.112596e+00 2.056594e+00 2.237296e+00 2.143805e+00 2.198168e+00 1.894973e+00 1.702773e+00 6.281387e-04
<GCONST> 8.647758e+01
<MIXTURE> 92 7.852945e-03
<MEAN> 25
 5.101027e+00 -7.238548e+00 -8.395867e+00 -5.812792e+00 3.397879e+00 1.142997e+00 -1.976206e+00 -5.937976e-01 2.117901e+00 -2.006898e+00 -3.888938e+00 -5.192210e+00 3.093476e-01 9.426500e-01 2.781243e-01 4.563819e-01 7.919089e-03 -5.939146e-01 -3.894978e-01 -9.327284e-02 -1.291453e-01 3.601452e-01 -3.295033e-02 2.388060e-01 -3.693370e-02
<VARIANCE> 25
 1.314558e+01 2.375712e+01 1.636940e+01 4.345720e+01 3.279440e+01 5.631538e+01 4.485550e+01 4.270260e+01 5.439013e+01 5.870549e+01 3.460765e+01 3.510791e+01 4.761206e-01 7.924321e-01 1.196256e+00 1.499504e+00 2.088789e+00 2.112596e+00 2.056594e+00 2.237296e+00 2.143805e+00 2.198168e+00 1.894973e+00 1.702773e+00 6.281387e-04
<GCONST> 8.647758e+01
<MIXTURE> 93 6.122769e-03
<MEAN> 25
 -5.635158e+00 -5.954841e-01 -2.214759e+00 5.569323e+00 6.015441e+00 3.483099e+00 6.003345e+00 4.496969e+00 4.330811e+00 2.567251e+00 1.308809e+00 3.360870e+00 -5.699530e-02 -1.620336e-01 -2.791837e-01 -3.534935e-01 -3.574475e-01 -2.510288e-01 -2.204314e-01 -1.796436e-01 -1.105639e-01 -1.244748e-01 -6.203603e-02 5.734566e-02 -9.062951e-05
<VARIANCE> 25
 1.169789e+01 6.253906e+00 7.590539e+00 9.593371e+00 1.075750e+01 1.431600e+01 1.343698e+01 1.692651e+01 1.478128e+01 1.302664e+01 1.543966e+01 1.278610e+01 7.773197e-02 1.407870e-01 2.402787e-01 3.589304e-01 4.595114e-01 6.111237e-01 7.642407e-01 1.025710e+00 1.086752e+00 1.061835e+00 8.330104e-01 1.092126e+00 1.289314e-06
<GCONST> 5.354512e+01
<MIXTURE> 94 6.122769e-03
<MEAN> 25
 -5.635158e+00 -5.954841e-01 -2.214759e+00 5.569323e+00 6.015441e+00 3.483099e+00 6.003345e+00 4.496969e+00 4.330811e+00 2.567251e+00 1.308809e+00 3.360870e+00 -5.699530e-02 -1.620336e-01 -2.791837e-01 -3.534935e-01 -3.574475e-01 -2.510288e-01 -2.204314e-01 -1.796436e-01 -1.105639e-01 -1.244748e-01 -6.203603e-02 5.734566e-02 -9.062951e-05
<VARIANCE> 25
 1.169789e+01 6.253906e+00 7.590539e+00 9.593371e+00 1.075750e+01 1.431600e+01 1.343698e+01 1.692651e+01 1.478128e+01 1.302664e+01 1.543966e+01 1.278610e+01 7.773197e-02 1.407870e-01 2.402787e-01 3.589304e-01 4.595114e-01 6.111237e-01 7.642407e-01 1.025710e+00 1.086752e+00 1.061835e+00 8.330104e-01 1.092126e+00 1.289314e-06
<GCONST> 5.354512e+01
<MIXTURE> 95 5.258835e-03
<MEAN> 25
 -3.158153e+00 1.048634e+00 -2.261932e+00 3.937099e+00 5.550967e+00 2.988553e+00 5.102580e+00 3.772795e+00 2.522646e+00 1.333806e+00 -4.986295e-01 2.029179e+00 1.959872e-01 1.316463e-01 -1.877246e-02 1.715761e-03 -2.123399e-01 -5.361242e-01 -1.011719e+00 -1.348289e+00 -1.252055e+00 -9.007272e-01 -4.526475e-01 -2.497816e-01 -1.773960e-03
<VARIANCE> 25
 8.768926e+00 5.743224e+00 7.110013e+00 1.079179e+01 1.364277e+01 1.258406e+01 1.314675e+01 1.595413e+01 1.281590e+01 1.315950e+01 1.721491e+01 1.212167e+01 1.536633e-01 2.907718e-01 4.346658e-01 6.021494e-01 8.300158e-01 7.320672e-01 8.734097e-01 8.606911e-01 1.141800e+00 9.807701e-01 1.091336e+00 1.044104e+00 7.134963e-05
<GCONST> 6.063023e+01
<MIXTURE> 96 7.034694e-03
<MEAN> 25
 -3.669229e+00 5.517987e-01 -2.145288e+00 4.737876e+00 4.516424e+00 1.697476e+00 3.742939e+00 2.904611e+00 2.726554e+00 1.233953e+00 1.264406e-02 2.656489e+00 -8.634126e-04 1.340775e-01 3.059339e-01 4.670702e-01 4.837882e-01 4.901348e-01 1.116970e-01 -1.879192e-01 -3.520481e-01 -7.697622e-01 -6.656883e-01 -3.179409e-01 -8.550332e-05
<VARIANCE> 25
 1.106163e+01 9.137084e+00 9.852798e+00 1.136965e+01 1.187016e+01 1.658161e+01 1.434088e+01 1.862344e+01 1.605195e+01 1.407025e+01 1.823406e+01 1.606293e+01 9.931582e-02 2.065141e-01 2.994375e-01 3.976497e-01 4.315710e-01 5.844455e-01 8.395755e-01 9.368302e-01 9.389601e-01 8.264772e-01 8.357293e-01 8.919328e-01 1.617390e-06
<GCONST> 5.573654e+01
<MIXTURE> 97 7.034694e-03
<MEAN> 25
 -3.669229e+00 5.517987e-01 -2.145288e+00 4.737876e+00 4.516424e+00 1.697476e+00 3.742939e+00 2.904611e+00 2.726554e+00 1.233953e+00 1.264406e-02 2.656489e+00 -8.634126e-04 1.340775e-01 3.059339e-01 4.670702e-01 4.837882e-01 4.901348e-01 1.116970e-01 -1.879192e-01 -3.520481e-01 -7.697622e-01 -6.656883e-01 -3.179409e-01 -8.550332e-05
<VARIANCE> 25
 1.106163e+01 9.137084e+00 9.852798e+00 1.136965e+01 1.187016e+01 1.658161e+01 1.434088e+01 1.862344e+01 1.605195e+01 1.407025e+01 1.823406e+01 1.606293e+01 9.931582e-02 2.065141e-01 2.994375e-01 3.976497e-01 4.315710e-01 5.844455e-01 8.395755e-01 9.368302e-01 9.389601e-01 8.264772e-01 8.357293e-01 8.919328e-01 1.617390e-06
<GCONST> 5.573654e+01
<MIXTURE> 98 9.917808e-03
<MEAN> 25
 -7.127101e-01 1.609872e+00 -4.538762e-01 3.759346e+00 3.308548e+00 1.315633e+00 1.291078e+00 9.605154e-01 2.340493e+00 1.947208e+00 8.174576e-01 8.888897e-01 -1.581411e+00 -1.056400e+00 -7.359041e-01 2.130095e-01 8.490841e-01 6.004081e-01 1.100497e+00 1.404116e+00 1.356462e+00 1.134293e+00 1.020108e+00 7.750633e-01 -2.840356e-02
<VARIANCE> 25
 1.130674e+01 1.757912e+01 2.194268e+01 2.919835e+01 3.191349e+01 3.417437e+01 3.211957e+01 2.541757e+01 2.995613e+01 2.387186e+01 2.074941e+01 2.328267e+01 1.198520e+00 2.045985e+00 2.186460e+00 2.075067e+00 2.443779e+00 2.761946e+00 2.202868e+00 2.322406e+00 2.488119e+00 2.787354e+00 2.332564e+00 2.132745e+00 2.204072e-03
<GCONST> 8.752831e+01
<MIXTURE> 99 6.696178e-03
<MEAN> 25
 -6.966728e+00 8.935617e+00 2.080860e+00 5.675679e+00 8.692645e-01 -5.696603e+00 -2.321406e+00 -4.775186e+00 -3.277883e+00 -2.828284e+00 -3.247910e+00 -1.149195e+00 2.553913e-01 -3.314515e-01 1.723700e-01 -2.725921e-01 -5.362991e-01 -5.469951e-01 2.123020e-02 -9.402293e-02 -5.150237e-01 -3.682729e-01 2.177541e-01 1.804082e-01 1.138975e-02
<VARIANCE> 25
 2.483532e+01 1.717642e+01 3.005297e+01 2.060725e+01 2.124911e+01 2.618345e+01 1.568427e+01 2.304713e+01 2.102560e+01 2.057335e+01 1.547493e+01 1.862577e+01 3.405222e+00 1.343322e+00 9.222841e-01 1.677285e+00 1.861110e+00 2.851632e+00 1.450527e+00 2.143473e+00 1.143258e+00 1.388723e+00 1.289913e+00 1.225625e+00 2.427857e-03
<GCONST> 8.203616e+01
<MIXTURE> 100 4.498084e-03
<MEAN> 25
 -1.569391e+00 5.881321e+00 1.034814e+01 -7.091285e+00 -1.077846e+01 -5.170113e+00 -4.812096e+00 -9.862547e+00 -4.799030e+00 -1.108075e+00 -2.698954e+00 -2.641154e+00 2.910068e+00 -1.281284e+00 1.338911e+00 -1.961647e+00 -3.488967e+00 -7.030045e-01 -1.049049e+00 -8.928848e-01 -1.377152e+00 3.056064e-01 -1.580494e+00 -3.433669e-01 1.454077e-03
<VARIANCE> 25
 1.331912e+01 2.441539e+01 2.167204e+01 2.801475e+01 2.263370e+01 2.280869e+01 2.865159e+01 2.152460e+01 2.627145e+01 2.253708e+01 2.126394e+01 2.059691e+01 1.736159e+00 3.915951e+00 2.799206e+00 4.903620e+00 4.361376e+00 4.532133e+00 4.314081e+00 4.183420e+00 4.222462e+00 4.161059e+00 3.863311e+00 3.192297e+00 1.614294e-03
<GCONST> 9.263952e+01
<MIXTURE> 101 6.007792e-03
<MEAN> 25
 7.420292e+00 -3.723434e+00 -5.925125e+00 -6.971309e+00 7.266991e-01 -6.529572e-01 -1.011800e+01 -3.013994e+00 9.595506e-01 2.403890e+00 -1.960986e+00 -5.059850e+00 6.656871e-01 6.472622e-01 -1.460733e+00 -1.646646e+00 1.024569e+00 2.239799e+00 1.774666e-01 -1.293978e+00 -9.447038e-01 9.759318e-01 1.297854e+00 -3.712716e-01 -3.349485e-03
<VARIANCE> 25
 1.287140e+01 1.606281e+01 2.893584e+01 5.082304e+01 3.579905e+01 3.688385e+01 3.632399e+01 4.306369e+01 3.926163e+01 4.157558e+01 4.922534e+01 2.241525e+01 2.910782e-01 6.315221e-01 1.103095e+00 1.544510e+00 1.691679e+00 2.032775e+00 1.985034e+00 2.110387e+00 2.307745e+00 2.186931e+00 1.868071e+00 1.865486e+00 3.390855e-04
<GCONST> 8.390126e+01
<MIXTURE> 102 6.007792e-03
<MEAN> 25
 7.420292e+00 -3.723434e+00 -5.925125e+00 -6.971309e+00 7.266991e-01 -6.529572e-01 -1.011800e+01 -3.013994e+00 9.595506e-01 2.403890e+00 -1.960986e+00 -5.059850e+00 6.656871e-01 6.472622e-01 -1.460733e+00 -1.646646e+00 1.024569e+00 2.239799e+00 1.774666e-01 -1.293978e+00 -9.447038e-01 9.759318e-01 1.297854e+00 -3.712716e-01 -3.349485e-03
<VARIANCE> 25
 1.287140e+01 1.606281e+01 2.893584e+01 5.082304e+01 3.579905e+01 3.688385e+01 3.632399e+01 4.306369e+01 3.926163e+01 4.157558e+01 4.922534e+01 2.241525e+01 2.910782e-01 6.315221e-01 1.103095e+00 1.544510e+00 1.691679e+00 2.032775e+00 1.985034e+00 2.110387e+00 2.307745e+00 2.186931e+00 1.868071e+00 1.865486e+00 3.390855e-04
<GCONST> 8.390126e+01
<MIXTURE> 103 5.694618e-03
<MEAN> 25
 2.399279e+00 -9.397608e+00 -5.767163e+00 -3.667492e+00 -2.229664e+00 -2.185615e+00 1.407920e+00 1.639928e+00 -4.203626e+00 -8.140409e+00 -4.547309e+00 3.119715e-01 -1.518304e-01 -1.436213e+00 -1.058708e+00 2.990435e-01 1.273474e+00 8.727131e-01 1.706608e-01 -1.992673e-01 -5.213103e-01 -7.568733e-01 -1.772248e-01 1.134009e-01 2.638750e-02
<VARIANCE> 25
 1.319626e+01 1.876585e+01 2.315644e+01 4.042554e+01 4.575486e+01 3.498483e+01 4.646819e+01 3.770653e+01 4.610883e+01 3.164784e+01 2.836533e+01 2.360233e+01 6.087099e-01 1.283423e+00 1.508394e+00 1.852453e+00 2.506101e+00 2.648394e+00 2.949563e+00 2.324158e+00 2.576052e+00 3.068115e+00 1.963925e+00 2.236630e+00 7.603758e-04
<GCONST> 8.790355e+01
<MIXTURE> 104 5.694618e-03
<MEAN> 25
 2.399279e+00 -9.397608e+00 -5.767163e+00 -3.667492e+00 -2.229664e+00 -2.185615e+00 1.407920e+00 1.639928e+00 -4.203626e+00 -8.140409e+00 -4.547309e+00 3.119715e-01 -1.518304e-01 -1.436213e+00 -1.058708e+00 2.990435e-01 1.273474e+00 8.727131e-01 1.706608e-01 -1.992673e-01 -5.213103e-01 -7.568733e-01 -1.772248e-01 1.134009e-01 2.638750e-02
<VARIANCE> 25
 1.319626e+01 1.876585e+01 2.315644e+01 4.042554e+01 4.575486e+01 3.498483e+01 4.646819e+01 3.770653e+01 4.610883e+01 3.164784e+01 2.836533e+01 2.360233e+01 6.087099e-01 1.283423e+00 1.508394e+00 1.852453e+00 2.506101e+00 2.648394e+00 2.949563e+00 2.324158e+00 2.576052e+00 3.068115e+00 1.963925e+00 2.236630e+00 7.603758e-04
<GCONST> 8.790355e+01
<MIXTURE> 105 4.710235e-03
<MEAN> 25
 1.523677e+00 -3.553357e+00 1.099433e+01 -1.602462e+00 -1.408825e+01 -4.039583e+00 -5.655195e+00 -3.313075e+00 -5.334844e+00 -3.831078e+00 2.255075e+00 4.348040e-02 1.811366e-02 -1.454689e-02 4.729392e-02 -1.695365e-01 4.982057e-02 1.467449e-01 -1.372048e-02 -1.277985e-01 -3.850012e-02 3.463405e-02 -6.367318e-02 -8.013073e-02 -3.235961e-03
<VARIANCE> 25
 1.158007e+01 2.568537e+01 3.807923e+01 3.318528e+01 4.207415e+01 4.722817e+01 3.228406e+01 3.741243e+01 3.125147e+01 3.340268e+01 3.768435e+01 2.292107e+01 8.040455e-02 1.963531e-01 3.364982e-01 3.677384e-01 3.784367e-01 4.921556e-01 5.074766e-01 5.361275e-01 5.711784e-01 5.588133e-01 3.547762e-01 3.506981e-01 7.787165e-05
<GCONST> 6.527994e+01
<MIXTURE> 106 4.710235e-03
<MEAN> 25
 1.523677e+00 -3.553357e+00 1.099433e+01 -1.602462e+00 -1.408825e+01 -4.039583e+00 -5.655195e+00 -3.313075e+00 -5.334844e+00 -3.831078e+00 2.255075e+00 4.348040e-02 1.811366e-02 -1.454689e-02 4.729392e-02 -1.695365e-01 4.982057e-02 1.467449e-01 -1.372048e-02 -1.277985e-01 -3.850012e-02 3.463405e-02 -6.367318e-02 -8.013073e-02 -3.235961e-03
<VARIANCE> 25
 1.158007e+01 2.568537e+01 3.807923e+01 3.318528e+01 4.207415e+01 4.722817e+01 3.228406e+01 3.741243e+01 3.125147e+01 3.340268e+01 3.768435e+01 2.292107e+01 8.040455e-02 1.963531e-01 3.364982e-01 3.677384e-01 3.784367e-01 4.921556e-01 5.074766e-01 5.361275e-01 5.711784e-01 5.588133e-01 3.547762e-01 3.506981e-01 7.787165e-05
<GCONST> 6.527994e+01
<MIXTURE> 107 5.452374e-03
<MEAN> 25
 7.402581e+00 -2.898765e+00 -7.777201e+00 -1.029339e+01 1.484656e+00 2.185529e+00 -9.099814e+00 -5.368895e+00 -1.480847e+00 3.796524e+00 1.383102e+00 -4.512437e+00 -5.833727e-01 -5.892892e-01 9.353500e-01 1.673224e+00 1.015067e-01 -2.085806e+00 -1.049519e+00 9.533232e-01 1.802453e+00 4.763490e-02 -1.633121e+00 -8.921664e-01 -3.469926e-03
<VARIANCE> 25
 1.715620e+01 2.023985e+01 2.545254e+01 4.284007e+01 3.279614e+01 4.199128e+01 4.804393e+01 3.680281e+01 4.278505e+01 4.205103e+01 4.789399e+01 2.850994e+01 3.265917e-01 1.079103e+00 1.691574e+00 2.395732e+00 2.316358e+00 2.664916e+00 2.581518e+00 2.578338e+00 2.060102e+00 2.983205e+00 1.868704e+00 2.019003e+00 6.465237e-04
<GCONST> 8.808282e+01
<MIXTURE> 108 5.452374e-03
<MEAN> 25
 7.402581e+00 -2.898765e+00 -7.777201e+00 -1.029339e+01 1.484656e+00 2.185529e+00 -9.099814e+00 -5.368895e+00 -1.480847e+00 3.796524e+00 1.383102e+00 -4.512437e+00 -5.833727e-01 -5.892892e-01 9.353500e-01 1.673224e+00 1.015067e-01 -2.085806e+00 -1.049519e+00 9.533232e-01 1.802453e+00 4.763490e-02 -1.633121e+00 -8.921664e-01 -3.469926e-03
<VARIANCE> 25
 1.715620e+01 2.023985e+01 2.545254e+01 4.284007e+01 3.279614e+01 4.199128e+01 4.804393e+01 3.680281e+01 4.278505e+01 4.205103e+01 4.789399e+01 2.850994e+01 3.265917e-01 1.079103e+00 1.691574e+00 2.395732e+00 2.316358e+00 2.664916e+00 2.581518e+00 2.578338e+00 2.060102e+00 2.983205e+00 1.868704e+00 2.019003e+00 6.465237e-04
<GCONST> 8.808282e+01
<MIXTURE> 109 6.661064e-03
<MEAN> 25
 3.330900e+00 -1.026821e+01 -8.237821e+00 -2.333517e+00 2.143517e+00 -2.474902e-01 -5.479161e-01 1.344105e+00 -1.858856e+00 -8.064889e+00 -5.460790e+00 -3.801405e-01 6.493869e-03 -1.480434e-01 -9.145939e-02 1.935665e-01 2.904333e-01 1.047041e-01 -1.200003e-01 -1.656204e-01 1.729938e-02 -1.375835e-01 2.323522e-01 -9.696314e-02 -4.060074e-03
<VARIANCE> 25
 1.272848e+01 1.761320e+01 1.817393e+01 4.183230e+01 4.046700e+01 3.653242e+01 4.423032e+01 3.353588e+01 5.053578e+01 3.467753e+01 2.785933e+01 2.784678e+01 2.032832e-01 3.964263e-01 5.760632e-01 6.469443e-01 1.298772e+00 9.464725e-01 1.260035e+00 1.096269e+00 1.188622e+00 9.844193e-01 8.488523e-01 9.731873e-01 1.793216e-04
<GCONST> 7.508018e+01
<MIXTURE> 110 6.661064e-03
<MEAN> 25
 3.330900e+00 -1.026821e+01 -8.237821e+00 -2.333517e+00 2.143517e+00 -2.474902e-01 -5.479161e-01 1.344105e+00 -1.858856e+00 -8.064889e+00 -5.460790e+00 -3.801405e-01 6.493869e-03 -1.480434e-01 -9.145939e-02 1.935665e-01 2.904333e-01 1.047041e-01 -1.200003e-01 -1.656204e-01 1.729938e-02 -1.375835e-01 2.323522e-01 -9.696314e-02 -4.060074e-03
<VARIANCE> 25
 1.272848e+01 1.761320e+01 1.817393e+01 4.183230e+01 4.046700e+01 3.653242e+01 4.423032e+01 3.353588e+01 5.053578e+01 3.467753e+01 2.785933e+01 2.784678e+01 2.032832e-01 3.964263e-01 5.760632e-01 6.469443e-01 1.298772e+00 9.464725e-01 1.260035e+00 1.096269e+00 1.188622e+00 9.844193e-01 8.488523e-01 9.731873e-01 1.793216e-04
<GCONST> 7.508018e+01
<MIXTURE> 111 4.337247e-03
<MEAN> 25
 -2.992411e+00 5.393177e-01 -1.954789e+00 1.682140e+00 2.444229e+00 3.870420e-01 9.849058e-01 1.010638e+00 4.554707e-01 3.770297e-01 -9.363301e-01 1.636954e+00 -1.003373e-02 -1.463881e-02 -8.951035e-02 -1.072397e-01 -6.413938e-03 1.058077e-01 7.626881e-02 -7.859576e-03 -8.583719e-02 -1.904417e-01 -2.729483e-01 -1.853562e-01 -4.636180e-04
<VARIANCE> 25
 6.925598e+00 5.804549e+00 8.132877e+00 7.454280e+00 1.416447e+01 1.777291e+01 1.355348e+01 1.225181e+01 1.136702e+01 1.352056e+01 1.132164e+01 1.008558e+01 7.013725e-02 1.562644e-01 2.639770e-01 4.209007e-01 5.015852e-01 6.245604e-01 7.451811e-01 7.389363e-01 8.415560e-01 8.084428e-01 8.500779e-01 7.843701e-01 2.922097e-05
<GCONST> 5.445977e+01
<MIXTURE> 112 4.337247e-03
<MEAN> 25
 -2.992411e+00 5.393177e-01 -1.954789e+00 1.682140e+00 2.444229e+00 3.870420e-01 9.849058e-01 1.010638e+00 4.554707e-01 3.770297e-01 -9.363301e-01 1.636954e+00 -1.003373e-02 -1.463881e-02 -8.951035e-02 -1.072397e-01 -6.413938e-03 1.058077e-01 7.626881e-02 -7.859576e-03 -8.583719e-02 -1.904417e-01 -2.729483e-01 -1.853562e-01 -4.636180e-04
<VARIANCE> 25
 6.925598e+00 5.804549e+00 8.132877e+00 7.454280e+00 1.416447e+01 1.777291e+01 1.355348e+01 1.225181e+01 1.136702e+01 1.352056e+01 1.132164e+01 1.008558e+01 7.013725e-02 1.562644e-01 2.639770e-01 4.209007e-01 5.015852e-01 6.245604e-01 7.451811e-01 7.389363e-01 8.415560e-01 8.084428e-01 8.500779e-01 7.843701e-01 2.922097e-05
<GCONST> 5.445977e+01
<MIXTURE> 113 5.938666e-03
<MEAN> 25
 9.474675e+00 1.410573e+00 -8.663624e+00 -1.732376e+01 -9.780042e-01 5.748014e+00 -5.400943e+00 -1.573063e+00 -5.719020e+00 -9.846797e-01 1.916404e-01 -2.845067e-01 3.537955e-04 1.024074e-02 -5.541870e-02 -1.178188e-01 1.186655e-01 1.487334e-01 1.208522e-01 -2.716393e-03 -1.008433e-01 -5.117225e-02 1.749081e-01 -9.025639e-04 -1.528518e-03
<VARIANCE> 25
 1.307258e+01 1.781160e+01 2.859709e+01 3.422641e+01 5.031584e+01 3.288984e+01 3.826627e+01 3.823790e+01 3.558146e+01 4.885388e+01 3.488844e+01 2.728600e+01 1.191549e-01 3.173148e-01 3.387093e-01 6.215016e-01 6.142083e-01 6.301148e-01 8.376658e-01 8.703128e-01 1.031705e+00 8.897766e-01 6.941440e-01 7.485366e-01 1.235180e-04
<GCONST> 7.146452e+01
<MIXTURE> 114 5.938666e-03
<MEAN> 25
 9.474675e+00 1.410573e+00 -8.663624e+00 -1.732376e+01 -9.780042e-01 5.748014e+00 -5.400943e+00 -1.573063e+00 -5.719020e+00 -9.846797e-01 1.916404e-01 -2.845067e-01 3.537955e-04 1.024074e-02 -5.541870e-02 -1.178188e-01 1.186655e-01 1.487334e-01 1.208522e-01 -2.716393e-03 -1.008433e-01 -5.117225e-02 1.749081e-01 -9.025639e-04 -1.528518e-03
<VARIANCE> 25
 1.307258e+01 1.781160e+01 2.859709e+01 3.422641e+01 5.031584e+01 3.288984e+01 3.826627e+01 3.823790e+01 3.558146e+01 4.885388e+01 3.488844e+01 2.728600e+01 1.191549e-01 3.173148e-01 3.387093e-01 6.215016e-01 6.142083e-01 6.301148e-01 8.376658e-01 8.703128e-01 1.031705e+00 8.897766e-01 6.941440e-01 7.485366e-01 1.235180e-04
<GCONST> 7.146452e+01
<MIXTURE> 115 2.935202e-03
<MEAN> 25
 -3.656319e+00 -5.190981e-01 -3.046569e+00 3.456739e+00 2.597750e+00 -2.536212e-01 2.316712e+00 1.068963e+00 1.714695e+00 -1.589884e-01 -5.381841e-01 2.518156e+00 5.218562e-02 -3.609540e-02 -2.538261e-01 -4.355285e-01 -5.766765e-01 -6.748722e-01 -6.393863e-01 -4.642523e-01 -4.777003e-01 -4.335580e-01 -3.173545e-01 -1.924818e-01 -6.187872e-05
<VARIANCE> 25
 9.063458e+00 1.012603e+01 1.206411e+01 1.196407e+01 1.241529e+01 1.593147e+01 1.578153e+01 2.142936e+01 1.701698e+01 1.722968e+01 2.039498e+01 1.506169e+01 2.050314e-01 3.572831e-01 4.633115e-01 5.337687e-01 6.452100e-01 7.461644e-01 9.466126e-01 1.108654e+00 1.062396e+00 9.693763e-01 9.741892e-01 1.195563e+00 1.071022e-06
<GCONST> 5.969886e+01
<MIXTURE> 116 2.935202e-03
<MEAN> 25
 -3.656319e+00 -5.190981e-01 -3.046569e+00 3.456739e+00 2.597750e+00 -2.536212e-01 2.316712e+00 1.068963e+00 1.714695e+00 -1.589884e-01 -5.381841e-01 2.518156e+00 5.218562e-02 -3.609540e-02 -2.538261e-01 -4.355285e-01 -5.766765e-01 -6.748722e-01 -6.393863e-01 -4.642523e-01 -4.777003e-01 -4.335580e-01 -3.173545e-01 -1.924818e-01 -6.187872e-05
<VARIANCE> 25
 9.063458e+00 1.012603e+01 1.206411e+01 1.196407e+01 1.241529e+01 1.593147e+01 1.578153e+01 2.142936e+01 1.701698e+01 1.722968e+01 2.039498e+01 1.506169e+01 2.050314e-01 3.572831e-01 4.633115e-01 5.337687e-01 6.452100e-01 7.461644e-01 9.466126e-01 1.108654e+00 1.062396e+00 9.693763e-01 9.741892e-01 1.195563e+00 1.071022e-06
<GCONST> 5.969886e+01
<MIXTURE> 117 6.506003e-03
<MEAN> 25
 -4.306215e+00 1.261889e+00 8.791156e-01 9.407591e+00 6.395889e+00 5.954752e+00 6.407353e+00 5.197931e+00 6.309344e+00 4.890029e+00 5.820671e+00 2.580341e+00 -6.321888e-02 -2.238063e-01 -3.577757e-01 -4.378223e-01 -3.629541e-01 -2.779740e-01 -3.192969e-01 -3.409193e-01 -4.339664e-01 -3.585642e-01 -2.165695e-01 -7.825013e-02 -3.475561e-05
<VARIANCE> 25
 7.788847e+00 8.598801e+00 9.607894e+00 1.467054e+01 1.528656e+01 1.601395e+01 1.684734e+01 1.717148e+01 1.593435e+01 1.533368e+01 1.857366e+01 1.447645e+01 2.073046e-01 2.991057e-01 4.033569e-01 6.069782e-01 8.281097e-01 1.033754e+00 1.225866e+00 1.280009e+00 1.288527e+00 1.224016e+00 1.147485e+00 1.106324e+00 1.109717e-06
<GCONST> 6.045058e+01
<MIXTURE> 118 6.506003e-03
<MEAN> 25
 -4.306215e+00 1.261889e+00 8.791156e-01 9.407591e+00 6.395889e+00 5.954752e+00 6.407353e+00 5.197931e+00 6.309344e+00 4.890029e+00 5.820671e+00 2.580341e+00 -6.321888e-02 -2.238063e-01 -3.577757e-01 -4.378223e-01 -3.629541e-01 -2.779740e-01 -3.192969e-01 -3.409193e-01 -4.339664e-01 -3.585642e-01 -2.165695e-01 -7.825013e-02 -3.475561e-05
<VARIANCE> 25
 7.788847e+00 8.598801e+00 9.607894e+00 1.467054e+01 1.528656e+01 1.601395e+01 1.684734e+01 1.717148e+01 1.593435e+01 1.533368e+01 1.857366e+01 1.447645e+01 2.073046e-01 2.991057e-01 4.033569e-01 6.069782e-01 8.281097e-01 1.033754e+00 1.225866e+00 1.280009e+00 1.288527e+00 1.224016e+00 1.147485e+00 1.106324e+00 1.109717e-06
<GCONST> 6.045058e+01
<MIXTURE> 119 4.297961e-03
<MEAN> 25
 -4.879565e+00 -7.321321e+00 2.137972e+00 1.812163e+00 2.479292e+00 3.946319e-01 5.333348e+00 5.729647e+00 1.198076e+00 1.246887e+00 6.145674e+00 1.060241e+00 -6.537518e-02 -7.762849e-02 2.811021e-02 -4.220476e-02 -1.144405e-01 -1.448955e-01 -2.739716e-02 -2.571716e-02 -5.687406e-02 -2.050317e-01 -6.894049e-02 -1.084467e-01 1.438590e-03
<VARIANCE> 25
 8.191525e+00 1.234162e+01 1.675497e+01 2.086822e+01 2.246230e+01 2.224401e+01 2.361912e+01 2.727799e+01 2.384978e+01 2.816939e+01 2.154051e+01 2.463780e+01 1.613435e-01 2.774661e-01 4.902257e-01 6.457700e-01 7.583345e-01 9.652193e-01 1.121710e+00 1.304581e+00 1.241768e+00 1.305959e+00 1.135281e+00 1.194550e+00 2.272017e-04
<GCONST> 7.009689e+01
<MIXTURE> 120 4.297961e-03
<MEAN> 25
 -4.879565e+00 -7.321321e+00 2.137972e+00 1.812163e+00 2.479292e+00 3.946319e-01 5.333348e+00 5.729647e+00 1.198076e+00 1.246887e+00 6.145674e+00 1.060241e+00 -6.537518e-02 -7.762849e-02 2.811021e-02 -4.220476e-02 -1.144405e-01 -1.448955e-01 -2.739716e-02 -2.571716e-02 -5.687406e-02 -2.050317e-01 -6.894049e-02 -1.084467e-01 1.438590e-03
<VARIANCE> 25
 8.191525e+00 1.234162e+01 1.675497e+01 2.086822e+01 2.246230e+01 2.224401e+01 2.361912e+01 2.727799e+01 2.384978e+01 2.816939e+01 2.154051e+01 2.463780e+01 1.613435e-01 2.774661e-01 4.902257e-01 6.457700e-01 7.583345e-01 9.652193e-01 1.121710e+00 1.304581e+00 1.241768e+00 1.305959e+00 1.135281e+00 1.194550e+00 2.272017e-04
<GCONST> 7.009689e+01
<MIXTURE> 121 4.567511e-03
<MEAN> 25
 -2.191772e-01 -2.516514e+00 5.494391e+00 -1.281491e+01 -1.236082e+01 -9.296863e-01 1.460238e-01 -5.631018e+00 -4.084880e+00 -1.115710e+00 -5.533110e+00 -4.253418e+00 3.089372e-02 1.195961e-01 -6.598116e-02 5.506483e-02 1.779195e-01 2.000960e-03 8.019108e-02 -2.557854e-01 -2.870283e-01 -1.516497e-01 -1.518736e-01 -8.693751e-02 -6.762026e-03
<VARIANCE> 25
 9.332853e+00 1.455806e+01 1.920557e+01 1.972468e+01 2.377573e+01 3.183682e+01 3.369412e+01 2.537920e+01 3.280979e+01 2.993908e+01 1.909702e+01 1.944177e+01 1.448037e-01 6.004607e-01 5.907443e-01 7.308305e-01 7.598051e-01 1.176077e+00 1.326241e+00 1.146909e+00 1.202140e+00 1.225930e+00 9.103630e-01 8.730111e-01 2.046139e-04
<GCONST> 7.167130e+01
<MIXTURE> 122 4.567511e-03
<MEAN> 25
 -2.191772e-01 -2.516514e+00 5.494391e+00 -1.281491e+01 -1.236082e+01 -9.296863e-01 1.460238e-01 -5.631018e+00 -4.084880e+00 -1.115710e+00 -5.533110e+00 -4.253418e+00 3.089372e-02 1.195961e-01 -6.598116e-02 5.506483e-02 1.779195e-01 2.000960e-03 8.019108e-02 -2.557854e-01 -2.870283e-01 -1.516497e-01 -1.518736e-01 -8.693751e-02 -6.762026e-03
<VARIANCE> 25
 9.332853e+00 1.455806e+01 1.920557e+01 1.972468e+01 2.377573e+01 3.183682e+01 3.369412e+01 2.537920e+01 3.280979e+01 2.993908e+01 1.909702e+01 1.944177e+01 1.448037e-01 6.004607e-01 5.907443e-01 7.308305e-01 7.598051e-01 1.176077e+00 1.326241e+00 1.146909e+00 1.202140e+00 1.225930e+00 9.103630e-01 8.730111e-01 2.046139e-04
<GCONST> 7.167130e+01
<MIXTURE> 123 4.393044e-03
<MEAN> 25
 -1.856421e+00 2.287739e+00 -7.907650e-01 4.820337e+00 6.585877e+00 2.820669e+00 3.746620e+00 3.093230e+00 1.475133e+00 1.149376e+00 -1.126378e+00 5.241365e-01 -3.296309e-01 -6.220326e-01 -7.457129e-01 -6.265838e-01 -3.590402e-01 -8.552599e-02 1.318045e-01 4.548504e-01 6.433699e-01 7.349985e-01 5.363901e-01 1.891296e-01 -4.000310e-03
<VARIANCE> 25
 6.396754e+00 6.476913e+00 9.100809e+00 1.264901e+01 1.366758e+01 1.643412e+01 1.736274e+01 1.846226e+01 1.427348e+01 1.178239e+01 1.629364e+01 1.642882e+01 2.729522e-01 2.665205e-01 4.306599e-01 6.119745e-01 1.165486e+00 8.713465e-01 1.136159e+00 9.281780e-01 8.732616e-01 1.109198e+00 1.123801e+00 1.310624e+00 1.553072e-04
<GCONST> 6.401566e+01
<MIXTURE> 124 4.069876e-03
<MEAN> 25
 -4.091534e+00 3.618351e-01 -2.705728e+00 4.452687e+00 5.878264e+00 3.088933e+00 5.224873e+00 4.013644e+00 3.754593e+00 2.380647e+00 1.480378e-01 2.388294e+00 -1.467569e-01 -2.527796e-01 -3.151010e-01 -2.469748e-01 4.418527e-02 4.096336e-01 6.971291e-01 8.060017e-01 6.238005e-01 2.589541e-01 2.645889e-02 -1.269036e-01 1.814132e-04
<VARIANCE> 25
 1.157782e+01 7.104015e+00 7.976087e+00 1.051141e+01 9.427446e+00 1.370458e+01 1.385306e+01 1.614994e+01 1.269298e+01 1.304076e+01 1.540737e+01 1.205343e+01 1.013122e-01 1.734464e-01 2.669033e-01 4.315094e-01 6.212391e-01 6.671030e-01 7.158130e-01 8.391026e-01 7.875572e-01 1.013600e+00 9.567860e-01 9.646572e-01 2.690123e-05
<GCONST> 5.696851e+01
<MIXTURE> 125 4.069876e-03
<MEAN> 25
 -4.091534e+00 3.618351e-01 -2.705728e+00 4.452687e+00 5.878264e+00 3.088933e+00 5.224873e+00 4.013644e+00 3.754593e+00 2.380647e+00 1.480378e-01 2.388294e+00 -1.467569e-01 -2.527796e-01 -3.151010e-01 -2.469748e-01 4.418527e-02 4.096336e-01 6.971291e-01 8.060017e-01 6.238005e-01 2.589541e-01 2.645889e-02 -1.269036e-01 1.814132e-04
<VARIANCE> 25
 1.157782e+01 7.104015e+00 7.976087e+00 1.051141e+01 9.427446e+00 1.370458e+01 1.385306e+01 1.614994e+01 1.269298e+01 1.304076e+01 1.540737e+01 1.205343e+01 1.013122e-01 1.734464e-01 2.669033e-01 4.315094e-01 6.212391e-01 6.671030e-01 7.158130e-01 8.391026e-01 7.875572e-01 1.013600e+00 9.567860e-01 9.646572e-01 2.690123e-05
<GCONST> 5.696851e+01
<MIXTURE> 126 2.402244e-03
<MEAN> 25
 -3.767030e+00 -6.290035e+00 -5.180987e+00 1.539423e+00 3.332780e+00 -3.640226e+00 2.887600e-02 4.232194e+00 4.397783e+00 -2.876697e+00 -2.327737e+00 1.848151e+00 4.527806e-02 -7.522497e-02 -8.298817e-02 -2.370648e-01 -1.104153e-01 -2.579934e-01 -3.320151e-01 -2.846290e-01 7.583825e-03 -5.939753e-02 -6.303058e-02 -2.551135e-01 -4.161849e-03
<VARIANCE> 25
 6.804274e+00 1.697129e+01 1.160374e+01 1.573132e+01 3.166724e+01 2.411637e+01 2.129248e+01 2.532765e+01 3.138361e+01 2.678714e+01 2.108639e+01 2.390682e+01 1.767120e-01 3.274978e-01 4.704479e-01 6.048465e-01 1.091134e+00 9.663879e-01 1.023682e+00 1.315843e+00 1.267604e+00 1.136315e+00 1.051466e+00 1.430877e+00 2.084489e-04
<GCONST> 7.033055e+01
<MIXTURE> 127 2.402244e-03
<MEAN> 25
 -3.767030e+00 -6.290035e+00 -5.180987e+00 1.539423e+00 3.332780e+00 -3.640226e+00 2.887600e-02 4.232194e+00 4.397783e+00 -2.876697e+00 -2.327737e+00 1.848151e+00 4.527806e-02 -7.522497e-02 -8.298817e-02 -2.370648e-01 -1.104153e-01 -2.579934e-01 -3.320151e-01 -2.846290e-01 7.583825e-03 -5.939753e-02 -6.303058e-02 -2.551135e-01 -4.161849e-03
<VARIANCE> 25
 6.804274e+00 1.697129e+01 1.160374e+01 1.573132e+01 3.166724e+01 2.411637e+01 2.129248e+01 2.532765e+01 3.138361e+01 2.678714e+01 2.108639e+01 2.390682e+01 1.767120e-01 3.274978e-01 4.704479e-01 6.048465e-01 1.091134e+00 9.663879e-01 1.023682e+00 1.315843e+00 1.267604e+00 1.136315e+00 1.051466e+00 1.430877e+00 2.084489e-04
<GCONST> 7.033055e+01
<MIXTURE> 128 3.790457e-03
<MEAN> 25
 -3.715692e+00 1.657571e+00 -4.291140e-01 6.354691e+00 3.600974e+00 1.841402e+00 3.639596e+00 2.530666e+00 3.894322e+00 3.779661e+00 3.528496e+00 3.376145e+00 -3.702231e-01 -1.616099e-01 9.049906e-02 7.146795e-01 1.139416e+00 1.143461e+00 7.196238e-01 1.209328e-01 -4.245209e-01 -7.718878e-01 -6.416396e-01 -3.778774e-01 -4.338626e-05
<VARIANCE> 25
 1.068756e+01 1.140763e+01 1.444184e+01 1.966277e+01 1.975484e+01 2.093046e+01 2.393329e+01 2.432511e+01 2.547460e+01 2.310262e+01 2.645324e+01 1.832802e+01 9.051465e-01 1.128537e+00 1.344448e+00 1.475132e+00 1.632929e+00 1.790023e+00 2.250573e+00 2.249478e+00 2.146077e+00 1.883664e+00 1.779748e+00 1.776696e+00 1.162945e-06
<GCONST> 7.363597e+01
<TRANSP> 3
 0.000000e+00 1.000000e+00 0.000000e+00
 0.000000e+00 9.999990e-01 9.999998e-07
 0.000000e+00 0.000000e+00 0.000000e+00
<ENDHMM>
