~o
<STREAMINFO> 1 25
<VECSIZE> 25<NULLD><MFCC_E_D_N><DIAGC>
~h "jmodel"
<BEGINHMM>
<NUMSTATES> 3
<STATE> 2
<NUMMIXES> 128
<MIXTURE> 1 5.748963e-03
<MEAN> 25
 -2.577103e+00 3.181870e+00 2.307739e+00 8.744085e+00 4.371467e+00 3.437841e+00 4.053682e+00 3.926111e+00 5.818993e+00 5.250089e+00 5.872287e+00 3.075410e+00 -2.000665e+00 -1.631911e+00 -8.646265e-01 1.075224e+00 1.560413e+00 2.228635e+00 2.152773e+00 2.085339e+00 1.692638e+00 1.269638e+00 1.563768e+00 6.106304e-01 -4.686026e-02
<VARIANCE> 25
 1.007084e+01 1.175457e+01 1.494171e+01 1.871916e+01 2.315635e+01 2.219040e+01 2.191726e+01 2.205159e+01 2.104370e+01 2.251599e+01 2.099895e+01 1.706407e+01 1.793865e+00 2.112867e+00 3.022790e+00 3.206825e+00 3.733568e+00 3.359371e+00 3.315078e+00 3.374027e+00 3.517393e+00 3.721761e+00 3.514889e+00 2.834706e+00 3.118546e-03
<GCONST> 8.846745e+01
<MIXTURE> 2 4.549242e-03
<MEAN> 25
 -4.786577e+00 1.346586e+00 9.378317e-01 9.800713e+00 6.737411e+00 7.390678e+00 7.865437e+00 7.002981e+00 8.288314e+00 6.374523e+00 7.518839e+00 3.039272e+00 -5.857767e-02 4.627679e-02 1.381765e-01 2.258879e-01 2.517910e-01 2.806806e-01 2.943343e-01 3.207080e-01 3.563037e-01 2.952200e-01 1.995409e-01 7.717758e-02 6.776140e-07
<VARIANCE> 25
 7.269119e+00 8.835258e+00 1.070772e+01 1.625879e+01 1.707547e+01 1.547173e+01 1.674921e+01 1.829056e+01 1.670734e+01 1.717026e+01 1.849125e+01 1.418015e+01 1.254129e-01 2.248582e-01 3.325425e-01 4.619784e-01 6.609690e-01 8.050631e-01 9.223773e-01 9.993395e-01 1.048955e+00 1.073715e+00 1.087230e+00 1.012121e+00 9.954288e-07
<GCONST> 5.803897e+01
<MIXTURE> 3 4.549242e-03
<MEAN> 25
 -4.786577e+00 1.346586e+00 9.378317e-01 9.800713e+00 6.737411e+00 7.390678e+00 7.865437e+00 7.002981e+00 8.288314e+00 6.374523e+00 7.518839e+00 3.039272e+00 -5.857767e-02 4.627679e-02 1.381765e-01 2.258879e-01 2.517910e-01 2.806806e-01 2.943343e-01 3.207080e-01 3.563037e-01 2.952200e-01 1.995409e-01 7.717758e-02 6.776140e-07
<VARIANCE> 25
 7.269119e+00 8.835258e+00 1.070772e+01 1.625879e+01 1.707547e+01 1.547173e+01 1.674921e+01 1.829056e+01 1.670734e+01 1.717026e+01 1.849125e+01 1.418015e+01 1.254129e-01 2.248582e-01 3.325425e-01 4.619784e-01 6.609690e-01 8.050631e-01 9.223773e-01 9.993395e-01 1.048955e+00 1.073715e+00 1.087230e+00 1.012121e+00 9.954288e-07
<GCONST> 5.803897e+01
<MIXTURE> 4 1.671429e-02
<MEAN> 25
 3.311780e+00 2.593079e+00 -3.446109e+00 2.618849e-01 3.548020e+00 -1.287105e-01 -1.612308e+00 -1.668063e+00 1.348901e+00 2.152569e+00 -1.240136e+00 6.195758e-02 -3.059603e+00 1.578520e+00 1.821774e+00 2.684648e+00 6.348380e-01 5.071381e-01 1.798521e+00 1.030023e+00 1.067568e+00 3.845338e-01 5.487935e-01 9.318669e-01 -8.984347e-02
<VARIANCE> 25
 1.966358e+01 2.614970e+01 2.521760e+01 3.864815e+01 4.383174e+01 6.455177e+01 6.309096e+01 5.553420e+01 4.550812e+01 5.426376e+01 4.291592e+01 3.319800e+01 3.378521e+00 4.680551e+00 4.109456e+00 4.524420e+00 4.667975e+00 5.236156e+00 5.527349e+00 4.761702e+00 4.990475e+00 5.605266e+00 6.906651e+00 3.632987e+00 5.882043e-03
<GCONST> 1.038227e+02
<MIXTURE> 5 3.206198e-03
<MEAN> 25
 -3.401923e+00 2.186632e+00 5.970203e-01 9.397014e+00 6.701732e+00 6.319837e+00 7.109463e+00 4.736114e+00 5.484385e+00 3.847382e+00 4.632452e+00 2.602310e+00 -3.235849e-01 7.526149e-01 1.221787e+00 1.031949e+00 3.078276e-01 -9.854288e-02 -8.195028e-02 3.538546e-02 4.573040e-01 6.796333e-01 4.020354e-01 8.726484e-02 -2.836330e-05
<VARIANCE> 25
 1.028357e+01 1.390843e+01 2.349017e+01 2.587924e+01 2.017092e+01 1.938093e+01 2.005822e+01 2.036429e+01 2.139255e+01 2.124470e+01 2.425083e+01 1.631303e+01 1.206406e+00 1.241269e+00 1.355420e+00 1.668693e+00 2.277677e+00 2.370673e+00 2.298473e+00 2.272665e+00 2.312346e+00 2.236298e+00 2.086142e+00 1.875619e+00 1.000187e-06
<GCONST> 7.515199e+01
<MIXTURE> 6 5.475854e-03
<MEAN> 25
 8.617966e+00 -3.554477e-01 -6.841029e+00 -1.115102e+01 -2.853259e+00 6.356185e+00 -5.284506e+00 -7.216086e+00 -3.214791e+00 8.154601e-01 6.041804e+00 -8.844936e-01 4.780148e-01 9.289753e-01 -4.029133e-01 -1.543209e+00 -5.169779e-01 1.429202e+00 1.548825e+00 4.761297e-01 -1.340417e+00 -1.054415e+00 3.133032e-01 1.120581e+00 -7.476755e-03
<VARIANCE> 25
 1.238869e+01 1.463000e+01 2.044889e+01 3.449818e+01 3.320349e+01 2.814175e+01 4.021439e+01 4.814966e+01 3.690437e+01 3.731804e+01 4.310986e+01 2.424005e+01 2.922528e-01 7.638437e-01 9.312660e-01 1.925006e+00 1.416126e+00 2.034214e+00 1.748284e+00 2.126037e+00 2.172792e+00 1.861218e+00 1.934977e+00 1.288541e+00 5.366252e-04
<GCONST> 8.252937e+01
<MIXTURE> 7 5.475854e-03
<MEAN> 25
 8.617966e+00 -3.554477e-01 -6.841029e+00 -1.115102e+01 -2.853259e+00 6.356185e+00 -5.284506e+00 -7.216086e+00 -3.214791e+00 8.154601e-01 6.041804e+00 -8.844936e-01 4.780148e-01 9.289753e-01 -4.029133e-01 -1.543209e+00 -5.169779e-01 1.429202e+00 1.548825e+00 4.761297e-01 -1.340417e+00 -1.054415e+00 3.133032e-01 1.120581e+00 -7.476755e-03
<VARIANCE> 25
 1.238869e+01 1.463000e+01 2.044889e+01 3.449818e+01 3.320349e+01 2.814175e+01 4.021439e+01 4.814966e+01 3.690437e+01 3.731804e+01 4.310986e+01 2.424005e+01 2.922528e-01 7.638437e-01 9.312660e-01 1.925006e+00 1.416126e+00 2.034214e+00 1.748284e+00 2.126037e+00 2.172792e+00 1.861218e+00 1.934977e+00 1.288541e+00 5.366252e-04
<GCONST> 8.252937e+01
<MIXTURE> 8 1.165917e-02
<MEAN> 25
 -4.706473e+00 1.357688e+00 1.272071e+00 9.536376e+00 6.568765e+00 6.209990e+00 6.462792e+00 5.698700e+00 6.648022e+00 5.623756e+00 6.529778e+00 3.136857e+00 -6.261284e-01 -1.431121e+00 -1.075505e+00 -1.727341e+00 -2.236681e-01 -9.450293e-01 -1.824191e-01 -2.853379e-01 -2.520776e-01 -1.699134e-01 -2.123259e-01 8.539867e-02 9.874897e-02
<VARIANCE> 25
 9.435218e+00 9.836085e+00 1.166693e+01 1.611303e+01 1.657576e+01 1.612029e+01 1.815411e+01 1.747200e+01 1.700392e+01 1.731755e+01 1.917939e+01 1.399995e+01 2.747114e+00 2.816710e+00 3.922035e+00 3.748758e+00 3.458671e+00 3.302224e+00 3.123574e+00 3.075618e+00 2.861988e+00 2.648000e+00 2.425003e+00 1.902199e+00 6.659324e-03
<GCONST> 8.631394e+01
<MIXTURE> 9 1.199672e-02
<MEAN> 25
 8.501234e+00 2.948536e+00 -5.503533e+00 -1.000871e+01 -1.674346e+00 4.399690e+00 -1.674361e+00 -3.865056e+00 -6.862710e+00 -2.072640e+00 3.075222e+00 1.369128e+00 1.535405e+00 -6.560022e-01 7.833855e-02 -2.487355e+00 -2.240166e+00 6.466364e-01 -8.428743e-01 -3.841333e-01 -1.284472e-01 -8.559414e-01 6.128322e-01 6.549587e-02 7.222381e-02
<VARIANCE> 25
 1.232613e+01 2.070558e+01 2.830582e+01 4.326709e+01 4.643457e+01 2.596975e+01 3.325072e+01 4.752292e+01 3.890158e+01 3.806156e+01 4.393982e+01 2.735888e+01 1.971859e+00 2.563417e+00 4.977181e+00 3.870245e+00 5.482193e+00 3.366357e+00 3.417111e+00 5.708384e+00 4.278131e+00 3.368295e+00 3.360476e+00 2.942249e+00 1.801932e-03
<GCONST> 9.655674e+01
<MIXTURE> 10 6.596976e-03
<MEAN> 25
 8.156887e-01 7.622721e+00 5.319424e+00 7.126394e+00 1.617068e+00 -2.139040e+00 -5.696532e-01 -1.718172e+00 8.609759e-01 8.932430e-01 8.306372e-01 6.285319e-01 -1.925582e+00 -6.443174e-01 -4.623004e-01 3.010590e+00 2.446688e+00 2.706140e+00 2.370695e+00 2.267531e+00 1.852936e+00 1.546259e+00 2.315857e+00 5.230433e-01 -1.374895e-01
<VARIANCE> 25
 1.941772e+01 2.061782e+01 2.261815e+01 2.895252e+01 3.821319e+01 3.484215e+01 3.529807e+01 3.378388e+01 2.743326e+01 2.904458e+01 2.681744e+01 2.496983e+01 2.222259e+00 3.525265e+00 5.501294e+00 5.173440e+00 5.556170e+00 4.449791e+00 4.671537e+00 4.829214e+00 4.367907e+00 4.986877e+00 4.465945e+00 3.169959e+00 2.735815e-03
<GCONST> 9.744973e+01
<MIXTURE> 11 1.633820e-02
<MEAN> 25
 7.347762e+00 2.376017e+00 2.399031e+00 3.694482e+00 -3.550718e+00 -1.134016e+00 -8.976331e-01 -6.872390e+00 -4.928808e+00 7.169217e-01 -3.187175e+00 -2.051579e+00 -2.943975e-01 8.540192e-01 -5.502920e-02 2.879602e-02 6.284165e-01 -1.480474e-01 2.363474e-01 2.775605e-01 -4.045313e-01 9.772467e-02 6.381344e-02 1.495738e-01 -2.328266e-02
<VARIANCE> 25
 1.009364e+01 2.592115e+01 1.468238e+01 2.567785e+01 4.000535e+01 3.177029e+01 3.748813e+01 4.725973e+01 3.917087e+01 2.602857e+01 3.034093e+01 2.611870e+01 7.686130e-01 1.423168e+00 1.826124e+00 1.753454e+00 1.719213e+00 1.816983e+00 1.677899e+00 3.105713e+00 2.040385e+00 1.916680e+00 1.500560e+00 1.182699e+00 9.720444e-04
<GCONST> 8.472025e+01
<MIXTURE> 12 5.904134e-03
<MEAN> 25
 1.034204e+01 2.966374e+00 -4.411539e+00 -1.583560e+01 -8.791189e+00 8.117482e+00 -6.548463e-01 -2.731048e+00 -2.521887e+00 -5.105182e+00 2.957805e+00 7.768233e-01 1.689969e-01 2.330661e-01 7.173441e-03 -3.541542e-01 -4.236989e-01 1.537935e-01 2.998531e-01 5.403057e-01 1.553269e-01 -3.347903e-01 -4.511535e-01 -1.127122e-01 -6.234412e-03
<VARIANCE> 25
 9.526544e+00 2.160824e+01 2.091304e+01 3.069674e+01 3.699913e+01 2.811611e+01 3.601454e+01 4.895383e+01 4.163964e+01 3.265008e+01 4.037843e+01 2.541425e+01 2.770308e-01 6.449183e-01 6.664693e-01 1.149233e+00 1.271816e+00 1.023439e+00 1.041034e+00 1.362909e+00 1.144041e+00 1.234810e+00 1.112346e+00 1.314966e+00 5.520576e-04
<GCONST> 7.815759e+01
<MIXTURE> 13 5.904134e-03
<MEAN> 25
 1.034204e+01 2.966374e+00 -4.411539e+00 -1.583560e+01 -8.791189e+00 8.117482e+00 -6.548463e-01 -2.731048e+00 -2.521887e+00 -5.105182e+00 2.957805e+00 7.768233e-01 1.689969e-01 2.330661e-01 7.173441e-03 -3.541542e-01 -4.236989e-01 1.537935e-01 2.998531e-01 5.403057e-01 1.553269e-01 -3.347903e-01 -4.511535e-01 -1.127122e-01 -6.234412e-03
<VARIANCE> 25
 9.526544e+00 2.160824e+01 2.091304e+01 3.069674e+01 3.699913e+01 2.811611e+01 3.601454e+01 4.895383e+01 4.163964e+01 3.265008e+01 4.037843e+01 2.541425e+01 2.770308e-01 6.449183e-01 6.664693e-01 1.149233e+00 1.271816e+00 1.023439e+00 1.041034e+00 1.362909e+00 1.144041e+00 1.234810e+00 1.112346e+00 1.314966e+00 5.520576e-04
<GCONST> 7.815759e+01
<MIXTURE> 14 6.488954e-03
<MEAN> 25
 -4.075807e+00 -1.303048e-01 -4.611103e-01 8.635831e+00 7.503195e+00 7.233409e+00 8.010424e+00 7.487535e+00 6.973969e+00 5.246501e+00 6.413431e+00 3.890008e+00 -2.458723e-01 2.087379e-01 3.642494e-01 3.157504e-01 1.316540e-02 6.389824e-02 9.997942e-02 1.538482e-01 2.957653e-01 5.227292e-01 5.069345e-01 7.621650e-02 -9.131263e-03
<VARIANCE> 25
 9.882895e+00 1.434848e+01 1.816189e+01 1.848836e+01 2.003903e+01 1.944001e+01 2.115279e+01 2.042851e+01 2.063125e+01 2.288298e+01 2.423532e+01 1.626703e+01 9.383888e-01 1.595063e+00 1.701630e+00 1.872552e+00 2.169707e+00 2.268875e+00 2.204887e+00 2.195003e+00 2.193573e+00 2.419069e+00 2.124689e+00 1.781234e+00 9.987443e-04
<GCONST> 8.170950e+01
<MIXTURE> 15 2.475190e-03
<MEAN> 25
 -5.161925e+00 -4.738251e-01 -3.356505e-01 7.143394e+00 5.807386e+00 5.573393e+00 6.247410e+00 5.199861e+00 4.931772e+00 4.254172e+00 5.090365e+00 2.573316e+00 -1.111332e-01 -4.016220e-02 7.100213e-02 2.250784e-01 4.920491e-01 8.180231e-01 1.054001e+00 1.159472e+00 1.051172e+00 7.563105e-01 4.638144e-01 1.363948e-01 2.910717e-05
<VARIANCE> 25
 7.691156e+00 5.789091e+00 9.155151e+00 1.324100e+01 1.353234e+01 1.398164e+01 1.497410e+01 1.546058e+01 1.469304e+01 1.371509e+01 1.741189e+01 1.225463e+01 1.226539e-01 2.041516e-01 3.053695e-01 5.029781e-01 6.852338e-01 8.618717e-01 7.409823e-01 7.836649e-01 8.820202e-01 9.959186e-01 1.118497e+00 1.021081e+00 2.882971e-05
<GCONST> 5.881516e+01
<MIXTURE> 16 2.475190e-03
<MEAN> 25
 -5.161925e+00 -4.738251e-01 -3.356505e-01 7.143394e+00 5.807386e+00 5.573393e+00 6.247410e+00 5.199861e+00 4.931772e+00 4.254172e+00 5.090365e+00 2.573316e+00 -1.111332e-01 -4.016220e-02 7.100213e-02 2.250784e-01 4.920491e-01 8.180231e-01 1.054001e+00 1.159472e+00 1.051172e+00 7.563105e-01 4.638144e-01 1.363948e-01 2.910717e-05
<VARIANCE> 25
 7.691156e+00 5.789091e+00 9.155151e+00 1.324100e+01 1.353234e+01 1.398164e+01 1.497410e+01 1.546058e+01 1.469304e+01 1.371509e+01 1.741189e+01 1.225463e+01 1.226539e-01 2.041516e-01 3.053695e-01 5.029781e-01 6.852338e-01 8.618717e-01 7.409823e-01 7.836649e-01 8.820202e-01 9.959186e-01 1.118497e+00 1.021081e+00 2.882971e-05
<GCONST> 5.881516e+01
<MIXTURE> 17 9.518312e-03
<MEAN> 25
 3.466475e+00 1.405414e-01 6.565298e+00 2.022516e+00 -5.733231e+00 -4.040168e+00 -3.700204e+00 -1.784641e+00 -3.551297e+00 -2.881825e+00 -4.293642e-01 -3.693507e-01 -6.019423e-01 -1.130833e+00 1.803969e+00 -1.429803e+00 -3.088302e+00 1.610703e-01 -3.408542e-01 1.741326e-01 -3.745615e-01 -7.884769e-01 1.429403e+00 3.739048e-01 8.069009e-02
<VARIANCE> 25
 1.268358e+01 2.574442e+01 2.567614e+01 4.771341e+01 4.498027e+01 4.772965e+01 4.544403e+01 2.856453e+01 3.146720e+01 2.428788e+01 2.466504e+01 2.026237e+01 1.228079e+00 1.886164e+00 3.282803e+00 2.787913e+00 3.784857e+00 3.944894e+00 4.302379e+00 3.958576e+00 3.019093e+00 3.423190e+00 2.587366e+00 2.331109e+00 2.394819e-03
<GCONST> 9.323026e+01
<MIXTURE> 18 1.221018e-02
<MEAN> 25
 3.897019e+00 3.653585e+00 5.680534e+00 4.066592e+00 -3.259035e+00 -8.646820e+00 -3.074735e+00 -1.989812e+00 -2.842473e+00 -1.901236e+00 2.720420e-02 9.808126e-02 -1.092805e+00 2.572084e+00 -4.545559e-01 1.548942e+00 2.994488e+00 1.340196e+00 1.069907e+00 -2.092972e-01 3.696508e-01 9.194994e-01 -3.877396e-01 -1.149195e-01 -1.094452e-01
<VARIANCE> 25
 1.373650e+01 2.568698e+01 3.360339e+01 2.234898e+01 4.287953e+01 3.199520e+01 3.734063e+01 2.981995e+01 3.045513e+01 2.858323e+01 3.001360e+01 2.776043e+01 2.403592e+00 3.290785e+00 3.992829e+00 3.736114e+00 3.484500e+00 3.876474e+00 3.926019e+00 3.661359e+00 3.713048e+00 3.695143e+00 3.720103e+00 2.894307e+00 3.613801e-03
<GCONST> 9.557966e+01
<MIXTURE> 19 9.912824e-03
<MEAN> 25
 -8.511911e+00 2.575242e+00 -3.191648e-01 9.868306e-01 4.864111e+00 1.983017e+00 3.584852e+00 1.495745e+00 1.057187e+00 1.006668e+00 9.076344e-01 1.327703e+00 1.948602e+00 1.560128e+00 2.136600e+00 6.346340e-01 -1.116523e+00 -9.329208e-01 -1.099446e+00 -1.685507e+00 -1.392553e+00 -1.123958e+00 -6.957451e-01 -4.834293e-01 5.388173e-03
<VARIANCE> 25
 6.047299e+01 2.749880e+01 4.791992e+01 5.101796e+01 3.325214e+01 2.897474e+01 2.725977e+01 2.789473e+01 2.899299e+01 2.578228e+01 2.830084e+01 1.937815e+01 2.129990e+00 2.009101e+00 2.108316e+00 2.086759e+00 2.338375e+00 1.995871e+00 2.180991e+00 2.379862e+00 1.819407e+00 1.803837e+00 2.313461e+00 2.082866e+00 2.150048e-03
<GCONST> 9.033445e+01
<MIXTURE> 20 6.308331e-03
<MEAN> 25
 -1.416069e+01 7.619901e+00 1.482916e+00 5.638697e+00 4.994032e+00 1.426207e+00 4.638951e+00 8.137401e-01 8.061612e-01 7.006239e-01 2.082254e+00 1.935760e-02 -3.259331e+00 -7.857206e-01 -1.486964e+00 2.601842e-01 1.582246e+00 1.850626e+00 1.922212e+00 2.003878e+00 2.009978e+00 1.956607e+00 1.544333e+00 8.474431e-01 4.777457e-02
<VARIANCE> 25
 1.815103e+01 2.266414e+01 3.185031e+01 3.675364e+01 3.037239e+01 2.614332e+01 3.043513e+01 3.017726e+01 2.818129e+01 2.591754e+01 2.512260e+01 2.013139e+01 1.944530e+00 2.066106e+00 1.824291e+00 2.443228e+00 2.529502e+00 2.660257e+00 2.158523e+00 2.130285e+00 2.277883e+00 2.539573e+00 2.205238e+00 1.800205e+00 1.716326e-03
<GCONST> 8.843490e+01
<MIXTURE> 21 7.928653e-03
<MEAN> 25
 4.329081e+00 -5.699649e+00 5.614115e+00 -1.057525e+00 -1.015637e+01 -8.997114e+00 -3.092082e+00 3.035994e+00 -6.020995e-01 -4.122490e+00 1.186043e+00 6.123401e-01 -5.911608e-01 1.430963e+00 2.300682e+00 1.896309e-01 -1.507840e+00 1.914221e-01 4.228527e-01 -1.402385e+00 -2.113842e+00 4.080979e-01 1.231516e+00 5.156892e-01 -1.482360e-02
<VARIANCE> 25
 8.349037e+00 2.246053e+01 2.509487e+01 3.151815e+01 2.669395e+01 2.754554e+01 3.724554e+01 3.691786e+01 4.549716e+01 2.825543e+01 3.182627e+01 1.940842e+01 3.662722e-01 1.018017e+00 1.772830e+00 1.275980e+00 1.977180e+00 1.860552e+00 3.120660e+00 2.211496e+00 2.008502e+00 2.399874e+00 1.684705e+00 2.100225e+00 4.710912e-04
<GCONST> 8.350551e+01
<MIXTURE> 22 8.827789e-03
<MEAN> 25
 -1.790223e+01 7.171128e+00 -3.911723e+00 7.148987e+00 4.467048e+00 2.699484e+00 8.385795e+00 1.742563e+00 5.339815e+00 3.307163e+00 5.602893e+00 1.213117e+00 -3.200774e-01 -1.871790e-01 -1.525575e-01 -1.266309e-01 1.042595e-02 1.297521e-01 1.818803e-01 1.847489e-01 2.146844e-01 2.048110e-01 1.563493e-01 1.955684e-01 8.781403e-03
<VARIANCE> 25
 8.013516e+00 1.651178e+01 1.921478e+01 2.741442e+01 2.377879e+01 2.083392e+01 1.920836e+01 1.850249e+01 1.790049e+01 2.051807e+01 1.964070e+01 1.359768e+01 1.088572e+00 1.368520e+00 1.390395e+00 1.613829e+00 1.420491e+00 1.516861e+00 1.510846e+00 1.525957e+00 1.648571e+00 1.529633e+00 1.349249e+00 1.151767e+00 1.724271e-03
<GCONST> 7.848370e+01
<MIXTURE> 23 6.455497e-03
<MEAN> 25
 7.501720e+00 1.400064e+00 3.020732e+00 3.042679e+00 -5.508512e+00 -2.580598e+00 -4.089557e+00 -7.163906e+00 -3.712999e+00 -1.164580e+00 -3.835579e+00 -1.953535e+00 2.869417e-02 2.173140e-01 9.656416e-03 1.195041e-01 3.531279e-02 -3.701375e-02 -4.117466e-02 -1.385274e-01 -1.990085e-02 1.468738e-01 5.572811e-02 1.175320e-02 -4.772554e-03
<VARIANCE> 25
 1.149570e+01 2.828405e+01 2.170643e+01 4.280067e+01 3.871565e+01 5.193980e+01 5.844283e+01 5.408385e+01 4.348167e+01 4.399409e+01 4.886222e+01 3.642432e+01 1.226966e-01 3.316003e-01 3.458538e-01 4.822026e-01 5.814144e-01 7.153156e-01 8.504972e-01 8.962644e-01 8.663672e-01 8.648139e-01 8.232023e-01 6.732469e-01 1.052136e-04
<GCONST> 7.309074e+01
<MIXTURE> 24 6.455497e-03
<MEAN> 25
 7.501720e+00 1.400064e+00 3.020732e+00 3.042679e+00 -5.508512e+00 -2.580598e+00 -4.089557e+00 -7.163906e+00 -3.712999e+00 -1.164580e+00 -3.835579e+00 -1.953535e+00 2.869417e-02 2.173140e-01 9.656416e-03 1.195041e-01 3.531279e-02 -3.701375e-02 -4.117466e-02 -1.385274e-01 -1.990085e-02 1.468738e-01 5.572811e-02 1.175320e-02 -4.772554e-03
<VARIANCE> 25
 1.149570e+01 2.828405e+01 2.170643e+01 4.280067e+01 3.871565e+01 5.193980e+01 5.844283e+01 5.408385e+01 4.348167e+01 4.399409e+01 4.886222e+01 3.642432e+01 1.226966e-01 3.316003e-01 3.458538e-01 4.822026e-01 5.814144e-01 7.153156e-01 8.504972e-01 8.962644e-01 8.663672e-01 8.648139e-01 8.232023e-01 6.732469e-01 1.052136e-04
<GCONST> 7.309074e+01
<MIXTURE> 25 1.118642e-02
<MEAN> 25
 5.116837e-01 2.551732e+00 1.608871e+01 -6.241313e-01 -1.211316e+01 -9.016473e-01 -6.171012e+00 -2.283464e+00 -5.342085e+00 -6.346793e+00 4.097347e+00 -3.840463e-01 -1.735370e-01 4.707255e-01 8.155311e-02 1.767240e-01 3.828010e-01 -8.773087e-02 4.454972e-01 -1.021932e-01 -2.065483e-01 1.728423e-01 -1.011477e-01 1.519867e-01 -1.118081e-02
<VARIANCE> 25
 6.988433e+00 1.918357e+01 2.017230e+01 3.917662e+01 2.983146e+01 4.098192e+01 2.550049e+01 2.695019e+01 2.833916e+01 2.988959e+01 2.592384e+01 2.323276e+01 4.646577e-01 1.281637e+00 1.736861e+00 1.130390e+00 2.534418e+00 1.979779e+00 1.693645e+00 1.468109e+00 1.394191e+00 2.058834e+00 1.315721e+00 1.195518e+00 1.498774e-03
<GCONST> 8.198594e+01
<MIXTURE> 26 7.727677e-03
<MEAN> 25
 2.261305e+00 -6.020856e+00 -1.014359e+01 -2.844242e+00 7.819472e+00 5.617150e+00 3.691059e+00 1.158145e-01 2.005890e+00 -7.399613e-01 -1.762302e+00 -2.177256e+00 -5.865238e-01 8.579278e-01 2.404119e-01 7.972896e-01 2.311685e-01 3.950159e-01 4.816810e-01 5.707830e-01 4.022894e-02 3.457415e-01 6.186115e-02 4.050155e-01 -5.678767e-02
<VARIANCE> 25
 2.012798e+01 3.475396e+01 2.245831e+01 7.019817e+01 3.238696e+01 3.574292e+01 4.375682e+01 4.074290e+01 3.529237e+01 4.492515e+01 4.117356e+01 4.442505e+01 1.382988e+00 2.031466e+00 1.767051e+00 1.967510e+00 1.998216e+00 2.527768e+00 2.469293e+00 3.387069e+00 2.139688e+00 2.468037e+00 2.435469e+00 1.985901e+00 3.235703e-03
<GCONST> 9.280997e+01
<MIXTURE> 27 7.727677e-03
<MEAN> 25
 2.261305e+00 -6.020856e+00 -1.014359e+01 -2.844242e+00 7.819472e+00 5.617150e+00 3.691059e+00 1.158145e-01 2.005890e+00 -7.399613e-01 -1.762302e+00 -2.177256e+00 -5.865238e-01 8.579278e-01 2.404119e-01 7.972896e-01 2.311685e-01 3.950159e-01 4.816810e-01 5.707830e-01 4.022894e-02 3.457415e-01 6.186115e-02 4.050155e-01 -5.678767e-02
<VARIANCE> 25
 2.012798e+01 3.475396e+01 2.245831e+01 7.019817e+01 3.238696e+01 3.574292e+01 4.375682e+01 4.074290e+01 3.529237e+01 4.492515e+01 4.117356e+01 4.442505e+01 1.382988e+00 2.031466e+00 1.767051e+00 1.967510e+00 1.998216e+00 2.527768e+00 2.469293e+00 3.387069e+00 2.139688e+00 2.468037e+00 2.435469e+00 1.985901e+00 3.235703e-03
<GCONST> 9.280997e+01
<MIXTURE> 28 5.036674e-03
<MEAN> 25
 -4.940058e+00 2.476271e-01 -1.777623e+00 6.041985e+00 5.565981e+00 3.508502e+00 5.515665e+00 3.642025e+00 3.728466e+00 2.503627e+00 2.029251e+00 3.068984e+00 -1.082450e-01 2.338734e-01 5.166638e-01 7.990401e-01 8.068606e-01 7.213262e-01 5.693890e-01 4.028677e-01 4.255356e-01 4.736862e-01 4.336676e-01 1.350368e-01 -8.022244e-05
<VARIANCE> 25
 1.204668e+01 8.173840e+00 1.228732e+01 1.783578e+01 1.488745e+01 1.729561e+01 1.672537e+01 1.995367e+01 1.606000e+01 1.611357e+01 2.242256e+01 1.401700e+01 2.387074e-01 3.714756e-01 3.779238e-01 4.467187e-01 5.853571e-01 8.008584e-01 1.023262e+00 1.086193e+00 1.039485e+00 9.960636e-01 1.023233e+00 1.077733e+00 1.027302e-06
<GCONST> 6.008451e+01
<MIXTURE> 29 5.036674e-03
<MEAN> 25
 -4.940058e+00 2.476271e-01 -1.777623e+00 6.041985e+00 5.565981e+00 3.508502e+00 5.515665e+00 3.642025e+00 3.728466e+00 2.503627e+00 2.029251e+00 3.068984e+00 -1.082450e-01 2.338734e-01 5.166638e-01 7.990401e-01 8.068606e-01 7.213262e-01 5.693890e-01 4.028677e-01 4.255356e-01 4.736862e-01 4.336676e-01 1.350368e-01 -8.022244e-05
<VARIANCE> 25
 1.204668e+01 8.173840e+00 1.228732e+01 1.783578e+01 1.488745e+01 1.729561e+01 1.672537e+01 1.995367e+01 1.606000e+01 1.611357e+01 2.242256e+01 1.401700e+01 2.387074e-01 3.714756e-01 3.779238e-01 4.467187e-01 5.853571e-01 8.008584e-01 1.023262e+00 1.086193e+00 1.039485e+00 9.960636e-01 1.023233e+00 1.077733e+00 1.027302e-06
<GCONST> 6.008451e+01
<MIXTURE> 30 8.917812e-03
<MEAN> 25
 -2.597593e+00 1.376781e+00 -8.463959e-01 6.936033e+00 7.820623e+00 6.830802e+00 9.049449e+00 8.242465e+00 5.206161e+00 5.305160e+00 3.946853e+00 2.323309e+00 4.037061e-02 2.536643e-02 4.538109e-02 -4.218140e-03 -1.063971e-02 1.381089e-01 7.651751e-02 -1.374220e-02 -7.405257e-02 4.411116e-02 7.988699e-02 -3.221665e-02 -9.157120e-04
<VARIANCE> 25
 7.541817e+00 8.985714e+00 9.791953e+00 1.387606e+01 1.131292e+01 1.149942e+01 1.565437e+01 1.670085e+01 1.375468e+01 1.254043e+01 2.256861e+01 1.256830e+01 9.527293e-02 1.884980e-01 2.934225e-01 4.087403e-01 6.055976e-01 9.176680e-01 8.156291e-01 9.623858e-01 8.188785e-01 7.267538e-01 8.659791e-01 8.125468e-01 8.592923e-05
<GCONST> 5.910473e+01
<MIXTURE> 31 4.136493e-03
<MEAN> 25
 -3.006475e+00 -4.724759e+00 -1.817323e-01 4.691666e+00 3.882039e+00 1.857311e+00 5.505262e+00 6.690755e+00 2.486673e+00 1.535937e+00 5.672740e+00 2.905818e+00 2.744208e-01 4.965171e-01 -2.123519e-01 3.343460e-01 1.706050e-01 4.102438e-01 2.530988e-01 1.029586e-01 3.614229e-01 3.227637e-01 8.284387e-02 6.311897e-02 -1.862651e-02
<VARIANCE> 25
 7.246725e+00 2.045252e+01 1.643623e+01 1.732143e+01 2.362125e+01 2.264127e+01 2.316133e+01 2.427079e+01 2.418912e+01 2.622102e+01 2.345236e+01 1.767241e+01 1.789931e-01 4.889370e-01 5.822638e-01 7.214397e-01 9.109790e-01 1.044508e+00 1.186192e+00 1.456683e+00 1.261183e+00 1.242117e+00 1.263426e+00 1.214279e+00 2.556368e-04
<GCONST> 7.148917e+01
<MIXTURE> 32 4.136493e-03
<MEAN> 25
 -3.006475e+00 -4.724759e+00 -1.817323e-01 4.691666e+00 3.882039e+00 1.857311e+00 5.505262e+00 6.690755e+00 2.486673e+00 1.535937e+00 5.672740e+00 2.905818e+00 2.744208e-01 4.965171e-01 -2.123519e-01 3.343460e-01 1.706050e-01 4.102438e-01 2.530988e-01 1.029586e-01 3.614229e-01 3.227637e-01 8.284387e-02 6.311897e-02 -1.862651e-02
<VARIANCE> 25
 7.246725e+00 2.045252e+01 1.643623e+01 1.732143e+01 2.362125e+01 2.264127e+01 2.316133e+01 2.427079e+01 2.418912e+01 2.622102e+01 2.345236e+01 1.767241e+01 1.789931e-01 4.889370e-01 5.822638e-01 7.214397e-01 9.109790e-01 1.044508e+00 1.186192e+00 1.456683e+00 1.261183e+00 1.242117e+00 1.263426e+00 1.214279e+00 2.556368e-04
<GCONST> 7.148917e+01
<MIXTURE> 33 1.508826e-02
<MEAN> 25
 5.682901e+00 -4.856384e+00 -1.883494e+00 -1.359657e+00 -3.199941e+00 -6.136902e+00 -7.513608e+00 -1.864671e-01 2.959585e+00 -1.447314e+00 -2.941564e+00 -2.097435e+00 6.510242e-01 -9.709415e-01 -2.333511e+00 -2.138585e+00 1.466742e+00 1.473833e+00 -5.931348e-01 8.395445e-02 9.599758e-01 5.586632e-01 7.659796e-02 -1.526308e+00 3.025851e-02
<VARIANCE> 25
 1.034384e+01 2.152869e+01 2.800692e+01 4.366114e+01 4.086977e+01 4.446889e+01 4.342815e+01 5.098216e+01 3.504675e+01 4.223566e+01 3.229923e+01 2.788664e+01 1.247507e+00 1.849012e+00 1.996674e+00 2.240263e+00 4.047756e+00 2.983492e+00 3.586899e+00 6.722001e+00 3.682727e+00 3.871957e+00 3.019111e+00 2.165728e+00 2.000710e-03
<GCONST> 9.410121e+01
<MIXTURE> 34 1.588179e-02
<MEAN> 25
 8.431268e+00 -1.783683e+00 -3.559217e-02 2.448073e-01 -3.492626e+00 -7.203727e-01 -5.302630e+00 -5.720412e+00 -2.345327e+00 -5.614359e-02 -2.660809e+00 -3.553340e+00 4.130547e-02 1.370067e+00 1.442825e+00 2.317036e+00 -3.282699e-01 -3.672377e-02 9.661553e-01 -1.544458e+00 -7.111792e-01 3.709153e-01 -1.036365e+00 1.314757e-02 -6.302411e-02
<VARIANCE> 25
 6.874636e+00 3.701031e+01 2.461772e+01 4.213137e+01 3.722141e+01 5.059221e+01 5.112495e+01 5.502661e+01 4.618530e+01 3.388692e+01 4.588749e+01 2.501826e+01 1.264205e+00 1.822191e+00 3.379815e+00 3.431927e+00 5.836029e+00 4.415305e+00 4.482198e+00 5.258802e+00 4.181036e+00 3.948955e+00 4.578447e+00 3.097027e+00 1.038712e-03
<GCONST> 9.659509e+01
<MIXTURE> 35 1.467755e-02
<MEAN> 25
 -1.107422e+00 -5.361146e+00 -1.020970e+01 -6.242976e-01 9.728809e+00 -6.050535e-01 -1.560015e-01 3.817569e+00 9.506904e-01 4.796559e+00 -2.431721e-01 1.318226e+00 3.574473e-01 -1.405348e+00 -1.104075e+00 -1.403568e+00 1.810109e-03 -9.856013e-01 -1.367092e+00 -2.976486e-01 -1.112318e-01 2.421375e-01 -2.324519e-01 -4.718083e-01 1.080004e-01
<VARIANCE> 25
 1.510685e+01 2.619766e+01 3.453252e+01 4.463622e+01 3.617524e+01 5.045121e+01 4.681051e+01 3.644485e+01 3.569230e+01 2.975336e+01 2.673647e+01 3.098663e+01 2.703688e+00 2.733961e+00 5.414870e+00 4.115739e+00 5.666003e+00 4.562796e+00 4.134719e+00 3.569899e+00 3.500179e+00 3.161188e+00 2.889210e+00 3.071929e+00 3.660278e-03
<GCONST> 9.793249e+01
<MIXTURE> 36 1.093293e-02
<MEAN> 25
 3.549665e+00 -5.393450e+00 6.738218e+00 7.444900e+00 -1.203599e+01 -9.076340e+00 -7.827987e+00 -2.290361e+00 -1.462390e+00 -7.914761e+00 1.009722e+00 2.466636e+00 2.942607e-01 -2.945673e-02 -8.809190e-01 -3.064530e-01 9.869387e-01 -2.422781e-01 -6.689639e-01 -1.829559e-01 6.170032e-01 5.119129e-01 -2.078587e-01 -4.200077e-01 -8.028463e-03
<VARIANCE> 25
 6.318925e+00 1.394002e+01 1.488230e+01 3.046247e+01 2.799344e+01 2.941391e+01 3.202685e+01 2.688576e+01 2.078351e+01 2.360221e+01 3.451744e+01 1.895156e+01 3.582141e-01 4.828171e-01 1.109346e+00 1.175743e+00 1.276982e+00 2.530145e+00 1.915326e+00 1.483010e+00 1.790852e+00 1.071053e+00 1.508788e+00 1.126356e+00 7.125923e-04
<GCONST> 7.735506e+01
<MIXTURE> 37 1.246826e-02
<MEAN> 25
 4.348428e-01 7.583143e+00 1.218078e+01 -5.310855e+00 -7.599602e+00 -6.879838e-01 -5.304103e+00 -7.493467e+00 -3.381209e+00 -9.506254e-01 -2.482249e+00 -3.566802e-01 -8.796258e-02 9.113613e-01 -1.564896e+00 3.100899e+00 2.259068e+00 -5.271553e-01 1.352266e+00 2.646175e-01 3.214257e-01 2.009526e-01 -5.262421e-02 9.645930e-03 -8.940925e-02
<VARIANCE> 25
 1.350421e+01 2.324429e+01 2.708257e+01 4.271185e+01 3.066246e+01 2.764190e+01 3.711012e+01 3.196624e+01 3.239225e+01 3.228258e+01 3.882277e+01 2.933500e+01 2.845204e+00 3.173174e+00 2.702698e+00 4.284778e+00 4.107952e+00 3.514070e+00 3.759110e+00 3.287391e+00 3.164082e+00 4.276045e+00 4.659113e+00 2.389947e+00 3.436653e-03
<GCONST> 9.573592e+01
<MIXTURE> 38 1.154525e-02
<MEAN> 25
 -5.361886e+00 8.394321e+00 5.616375e+00 1.421791e+00 -2.309696e-01 -3.943251e+00 -6.159112e-01 -2.920429e+00 -1.783014e+00 -1.449778e+00 -1.464682e+00 4.677335e-01 -4.568828e+00 1.312811e+00 -5.435476e-03 1.110558e+00 2.130096e+00 1.168824e+00 2.143862e+00 1.194824e+00 8.636719e-01 2.910063e-01 1.517207e-01 1.101165e-01 3.988103e-02
<VARIANCE> 25
 3.090893e+01 2.262247e+01 2.935420e+01 2.679403e+01 3.871180e+01 3.848758e+01 2.713693e+01 3.107220e+01 2.681546e+01 2.598045e+01 1.882723e+01 2.411162e+01 2.243816e+00 2.901337e+00 3.615193e+00 4.238925e+00 4.346801e+00 3.655058e+00 4.859359e+00 3.321610e+00 3.169847e+00 3.490561e+00 3.707629e+00 2.300479e+00 1.678243e-03
<GCONST> 9.417951e+01
<MIXTURE> 39 9.501865e-03
<MEAN> 25
 1.358928e+00 2.576348e+00 1.020998e+01 -9.123169e+00 -1.123329e+01 -1.002103e+00 -3.026973e+00 -6.460637e+00 -4.526446e+00 8.033586e-01 -3.686651e+00 -2.275671e+00 -7.300441e-01 1.499227e+00 1.633491e+00 -1.380147e+00 5.476445e-02 1.223431e+00 -1.198249e+00 -1.223840e+00 4.256116e-01 4.250376e-01 -4.861007e-01 1.298160e-01 1.539754e-03
<VARIANCE> 25
 8.829398e+00 2.977847e+01 3.145620e+01 3.849160e+01 3.746732e+01 4.216993e+01 4.422637e+01 3.407685e+01 3.906236e+01 3.343291e+01 3.575219e+01 2.920222e+01 6.826438e-01 1.571831e+00 1.499110e+00 2.897483e+00 2.453609e+00 2.787973e+00 3.017965e+00 2.807041e+00 2.424298e+00 2.623769e+00 2.127328e+00 2.049451e+00 1.175396e-03
<GCONST> 8.960173e+01
<MIXTURE> 40 1.030800e-02
<MEAN> 25
 -6.359133e+00 3.014781e+00 -1.617871e+00 6.345829e+00 4.659524e+00 5.277907e+00 6.330902e+00 5.189240e+00 3.764669e+00 4.623566e+00 3.264868e+00 1.124476e+00 -4.856058e-02 -1.413235e-01 -4.807962e-03 -8.619496e-02 -8.371035e-02 -2.018146e-01 -3.756698e-02 -5.574893e-02 3.808897e-02 4.021083e-02 2.121353e-02 1.779593e-01 1.857931e-03
<VARIANCE> 25
 4.857647e+01 1.592679e+01 2.395060e+01 2.404247e+01 2.191267e+01 1.555585e+01 1.842654e+01 1.974728e+01 1.479924e+01 1.398148e+01 2.139962e+01 1.422729e+01 6.564968e-01 6.034134e-01 6.879579e-01 8.664075e-01 8.895255e-01 1.293347e+00 1.266634e+00 1.297421e+00 1.075234e+00 9.873633e-01 1.054095e+00 1.135590e+00 6.890428e-04
<GCONST> 7.388597e+01
<MIXTURE> 41 6.713375e-03
<MEAN> 25
 1.266626e+00 1.846030e+00 1.036006e+01 -6.819427e+00 -1.016239e+01 -3.255487e+00 -2.956290e+00 -5.187066e+00 -4.478864e+00 2.269518e+00 -1.759310e+00 -8.495688e-01 6.924255e-02 -7.482422e-01 1.855266e+00 -3.446209e+00 -2.639299e+00 -6.200697e-02 -6.638632e-01 -3.867706e-01 -7.665830e-01 8.375777e-01 -8.335315e-01 9.144720e-02 8.974381e-02
<VARIANCE> 25
 1.118163e+01 2.842708e+01 3.156046e+01 3.831113e+01 3.847554e+01 4.531937e+01 3.921965e+01 2.932669e+01 3.256838e+01 3.001261e+01 3.075629e+01 2.632932e+01 3.002337e+00 3.128431e+00 4.057748e+00 3.815215e+00 5.144137e+00 5.597729e+00 4.945724e+00 4.356339e+00 3.870281e+00 4.980257e+00 4.331710e+00 3.089262e+00 3.113281e-03
<GCONST> 9.808990e+01
<MIXTURE> 42 1.106211e-02
<MEAN> 25
 -2.851473e+00 3.825614e+00 4.347256e+00 3.119993e+00 -8.976240e-01 -6.604947e+00 -1.688269e+00 -1.833538e+00 -8.813787e-01 -2.225735e+00 -2.273035e+00 2.134180e+00 4.234036e+00 -1.243736e+00 9.099128e-01 4.241798e-01 -2.708330e+00 -1.551934e+00 -2.529801e+00 -8.892201e-01 -6.301484e-01 -8.704200e-01 4.450590e-01 -7.001554e-01 1.017195e-02
<VARIANCE> 25
 3.448265e+01 1.912695e+01 4.494712e+01 2.175394e+01 3.720872e+01 3.484997e+01 3.184578e+01 2.198104e+01 2.981265e+01 3.399024e+01 1.873767e+01 1.818102e+01 3.364853e+00 5.473055e+00 5.835803e+00 4.104250e+00 4.687539e+00 5.737847e+00 4.074995e+00 4.251703e+00 4.099337e+00 3.904461e+00 3.447438e+00 2.927351e+00 3.789927e-03
<GCONST> 9.753708e+01
<MIXTURE> 43 7.108249e-03
<MEAN> 25
 3.195876e+00 -6.346766e+00 -2.205602e+00 -5.133992e+00 -7.251286e+00 -3.243005e+00 3.955822e+00 1.052854e+00 -5.059163e+00 -6.912004e+00 -4.224418e+00 -1.206077e+00 2.436271e-01 2.130024e+00 1.905658e+00 -7.082594e-02 -1.441262e+00 -7.801663e-01 -8.906249e-01 -7.758805e-01 7.938197e-01 1.442117e+00 2.975715e-01 2.706321e-02 -4.541262e-02
<VARIANCE> 25
 9.580471e+00 2.005880e+01 2.686992e+01 3.496726e+01 3.854625e+01 3.719960e+01 3.379412e+01 4.153794e+01 3.881351e+01 3.880757e+01 2.646944e+01 2.894215e+01 6.988245e-01 1.268612e+00 1.536444e+00 2.544231e+00 2.364172e+00 2.340029e+00 2.798693e+00 3.052957e+00 2.581222e+00 2.560946e+00 2.372933e+00 1.891450e+00 9.255814e-04
<GCONST> 8.802823e+01
<MIXTURE> 44 7.328289e-03
<MEAN> 25
 -1.604658e+01 3.443593e+00 4.465500e+00 -3.641721e+00 2.768772e+00 1.292476e+00 1.716469e+00 3.238670e+00 1.926510e+00 -3.471809e-01 1.204019e+00 1.744111e+00 -3.118729e-01 1.962841e-01 -1.043258e-01 3.134387e-01 -7.959845e-03 2.450597e-01 5.167438e-01 2.680654e-01 -1.130549e-01 1.032935e-01 3.561382e-02 2.074587e-01 6.245054e-03
<VARIANCE> 25
 3.838036e+01 2.489560e+01 2.795265e+01 2.703110e+01 2.640145e+01 2.790712e+01 2.412539e+01 3.095017e+01 2.188202e+01 2.244141e+01 2.256999e+01 1.522804e+01 1.235927e+00 1.279819e+00 1.377167e+00 1.341100e+00 1.901478e+00 1.378152e+00 1.412953e+00 1.458730e+00 1.540911e+00 1.469505e+00 1.102636e+00 1.063465e+00 1.139293e-03
<GCONST> 8.164880e+01
<MIXTURE> 45 1.364932e-02
<MEAN> 25
 -1.246107e+01 4.219103e+00 4.315003e-01 1.712846e+00 4.665690e+00 -3.710341e-01 3.929544e+00 2.549396e+00 3.288380e+00 1.887249e+00 1.757549e+00 2.487930e+00 -2.944246e+00 5.515975e-01 -4.344085e-01 -5.836641e-01 3.981675e-01 1.154664e-01 7.653165e-01 3.650232e-01 1.003614e-01 -4.036852e-02 1.802174e-01 -2.496661e-02 1.032296e-01
<VARIANCE> 25
 3.023051e+01 2.726749e+01 3.397235e+01 3.325048e+01 3.434759e+01 2.584972e+01 2.926453e+01 2.373948e+01 2.350289e+01 2.053903e+01 2.405357e+01 1.307833e+01 2.266613e+00 2.527720e+00 2.380218e+00 2.450988e+00 2.322452e+00 2.489577e+00 2.441459e+00 2.093208e+00 2.117044e+00 1.801205e+00 1.665017e+00 1.384345e+00 3.875860e-03
<GCONST> 8.846998e+01
<MIXTURE> 46 9.336259e-03
<MEAN> 25
 -9.768761e+00 2.808293e+00 1.144326e+00 7.063849e+00 5.864242e+00 3.004310e+00 6.884278e+00 4.649452e+00 5.325978e+00 4.659709e+00 4.732784e+00 2.911745e+00 1.093960e+00 -2.006954e-01 -7.968523e-02 1.073525e+00 6.909810e-01 9.569423e-01 3.608315e-01 6.558453e-01 4.178938e-01 5.246640e-01 5.751684e-01 5.078620e-01 -1.036748e-01
<VARIANCE> 25
 3.471533e+01 4.519013e+01 3.733658e+01 5.097396e+01 4.904535e+01 4.058963e+01 3.585439e+01 3.460256e+01 3.357782e+01 2.928543e+01 2.809578e+01 1.914088e+01 3.800241e+00 4.046521e+00 3.903713e+00 4.014181e+00 4.185414e+00 3.647350e+00 3.230306e+00 2.960455e+00 2.885609e+00 2.745577e+00 2.257389e+00 1.711532e+00 7.628339e-03
<GCONST> 9.776798e+01
<MIXTURE> 47 7.116147e-03
<MEAN> 25
 6.465385e+00 -7.929861e+00 -8.111002e+00 -7.156375e+00 1.009720e+00 4.442284e-01 -2.444163e+00 7.328799e-01 4.038267e+00 -3.713562e-02 -3.164892e+00 -6.801024e+00 -7.972766e-02 -1.254881e+00 -5.711192e-01 -6.542313e-01 7.756274e-01 7.530140e-01 8.570337e-01 1.702335e-01 1.188233e-01 -9.863348e-01 -3.655013e-01 -3.090359e-01 3.119113e-02
<VARIANCE> 25
 1.330204e+01 2.054035e+01 1.624178e+01 2.854382e+01 3.300821e+01 4.276259e+01 3.921994e+01 3.334864e+01 4.291595e+01 3.924549e+01 3.905587e+01 2.587856e+01 5.876487e-01 7.494830e-01 1.247630e+00 1.609607e+00 1.794542e+00 2.135013e+00 1.924021e+00 2.658364e+00 2.094947e+00 2.082128e+00 1.700994e+00 1.837311e+00 5.044603e-04
<GCONST> 8.434540e+01
<MIXTURE> 48 7.116147e-03
<MEAN> 25
 6.465385e+00 -7.929861e+00 -8.111002e+00 -7.156375e+00 1.009720e+00 4.442284e-01 -2.444163e+00 7.328799e-01 4.038267e+00 -3.713562e-02 -3.164892e+00 -6.801024e+00 -7.972766e-02 -1.254881e+00 -5.711192e-01 -6.542313e-01 7.756274e-01 7.530140e-01 8.570337e-01 1.702335e-01 1.188233e-01 -9.863348e-01 -3.655013e-01 -3.090359e-01 3.119113e-02
<VARIANCE> 25
 1.330204e+01 2.054035e+01 1.624178e+01 2.854382e+01 3.300821e+01 4.276259e+01 3.921994e+01 3.334864e+01 4.291595e+01 3.924549e+01 3.905587e+01 2.587856e+01 5.876487e-01 7.494830e-01 1.247630e+00 1.609607e+00 1.794542e+00 2.135013e+00 1.924021e+00 2.658364e+00 2.094947e+00 2.082128e+00 1.700994e+00 1.837311e+00 5.044603e-04
<GCONST> 8.434540e+01
<MIXTURE> 49 5.548473e-03
<MEAN> 25
 -3.549815e+00 1.203785e+00 -7.224438e-01 7.043899e+00 6.691732e+00 6.084516e+00 7.058454e+00 5.293000e+00 4.582193e+00 4.266865e+00 3.392406e+00 2.740086e+00 2.898969e-01 6.255764e-01 6.933770e-01 3.794841e-01 -1.607368e-01 -7.199031e-01 -9.016353e-01 -1.216242e+00 -8.879910e-01 -5.100340e-01 -4.000350e-01 -2.983035e-01 -2.081133e-04
<VARIANCE> 25
 1.181283e+01 9.057271e+00 1.271601e+01 1.668525e+01 1.315699e+01 1.538990e+01 1.771734e+01 1.874066e+01 1.792239e+01 1.607067e+01 2.102003e+01 1.348988e+01 2.264129e-01 2.096833e-01 3.031904e-01 4.629567e-01 9.203193e-01 1.130979e+00 8.245769e-01 1.054969e+00 9.481618e-01 1.084096e+00 1.048363e+00 1.184528e+00 1.877202e-05
<GCONST> 6.265398e+01
<MIXTURE> 50 6.234641e-03
<MEAN> 25
 -4.390492e+00 2.893844e-01 -1.249428e+00 6.018974e+00 4.323308e+00 2.370232e+00 3.804350e+00 2.337673e+00 2.728579e+00 1.802766e+00 1.948338e+00 2.558456e+00 5.818784e-02 1.679557e-01 7.716464e-02 -2.071313e-01 -5.134267e-01 -5.867040e-01 -4.363368e-01 -6.159910e-02 4.273290e-01 8.039074e-01 8.070429e-01 3.829113e-01 -1.724108e-05
<VARIANCE> 25
 1.085629e+01 1.093098e+01 1.430219e+01 1.487085e+01 1.460306e+01 1.765691e+01 1.797169e+01 1.993523e+01 1.742301e+01 1.859060e+01 2.115699e+01 1.551869e+01 1.359731e-01 2.291321e-01 3.613729e-01 5.123339e-01 5.656696e-01 7.073501e-01 9.653599e-01 1.081419e+00 1.006883e+00 9.012559e-01 9.871950e-01 1.015269e+00 9.943874e-07
<GCONST> 5.914688e+01
<MIXTURE> 51 6.234641e-03
<MEAN> 25
 -4.390492e+00 2.893844e-01 -1.249428e+00 6.018974e+00 4.323308e+00 2.370232e+00 3.804350e+00 2.337673e+00 2.728579e+00 1.802766e+00 1.948338e+00 2.558456e+00 5.818784e-02 1.679557e-01 7.716464e-02 -2.071313e-01 -5.134267e-01 -5.867040e-01 -4.363368e-01 -6.159910e-02 4.273290e-01 8.039074e-01 8.070429e-01 3.829113e-01 -1.724108e-05
<VARIANCE> 25
 1.085629e+01 1.093098e+01 1.430219e+01 1.487085e+01 1.460306e+01 1.765691e+01 1.797169e+01 1.993523e+01 1.742301e+01 1.859060e+01 2.115699e+01 1.551869e+01 1.359731e-01 2.291321e-01 3.613729e-01 5.123339e-01 5.656696e-01 7.073501e-01 9.653599e-01 1.081419e+00 1.006883e+00 9.012559e-01 9.871950e-01 1.015269e+00 9.943874e-07
<GCONST> 5.914688e+01
<MIXTURE> 52 6.367945e-03
<MEAN> 25
 9.837588e+00 1.283308e+00 -5.926709e+00 -1.304838e+01 -4.766242e+00 7.939165e+00 -2.236099e+00 -3.840019e+00 -4.527410e+00 -2.312280e+00 4.404632e+00 1.022373e+00 -3.307682e-01 -3.453196e-01 -1.069053e-01 1.293909e+00 1.427918e+00 -5.120077e-01 -8.339999e-01 -6.776356e-01 1.779606e-01 1.452869e+00 3.212425e-01 -4.617845e-01 -1.681035e-02
<VARIANCE> 25
 9.003381e+00 2.052594e+01 2.185362e+01 3.741734e+01 4.014215e+01 2.646820e+01 3.982771e+01 4.465613e+01 3.522617e+01 4.209280e+01 3.749447e+01 2.712750e+01 4.873602e-01 1.326642e+00 1.167870e+00 2.342526e+00 2.096862e+00 1.949924e+00 2.743539e+00 2.633505e+00 2.505281e+00 2.693006e+00 2.189027e+00 1.901102e+00 1.482529e-03
<GCONST> 8.732810e+01
<MIXTURE> 53 6.367945e-03
<MEAN> 25
 9.837588e+00 1.283308e+00 -5.926709e+00 -1.304838e+01 -4.766242e+00 7.939165e+00 -2.236099e+00 -3.840019e+00 -4.527410e+00 -2.312280e+00 4.404632e+00 1.022373e+00 -3.307682e-01 -3.453196e-01 -1.069053e-01 1.293909e+00 1.427918e+00 -5.120077e-01 -8.339999e-01 -6.776356e-01 1.779606e-01 1.452869e+00 3.212425e-01 -4.617845e-01 -1.681035e-02
<VARIANCE> 25
 9.003381e+00 2.052594e+01 2.185362e+01 3.741734e+01 4.014215e+01 2.646820e+01 3.982771e+01 4.465613e+01 3.522617e+01 4.209280e+01 3.749447e+01 2.712750e+01 4.873602e-01 1.326642e+00 1.167870e+00 2.342526e+00 2.096862e+00 1.949924e+00 2.743539e+00 2.633505e+00 2.505281e+00 2.693006e+00 2.189027e+00 1.901102e+00 1.482529e-03
<GCONST> 8.732810e+01
<MIXTURE> 54 7.368620e-03
<MEAN> 25
 -3.017455e+00 5.694281e-01 -5.944641e-01 7.242772e+00 6.713820e+00 4.558828e+00 5.093363e+00 5.236621e+00 3.737247e+00 4.147246e+00 3.705552e+00 2.282614e+00 -1.073525e-02 3.496893e-02 2.444525e-02 2.160653e-02 2.450580e-02 5.892087e-02 5.672290e-02 8.889024e-02 6.830529e-02 4.029475e-02 9.910026e-02 -4.741435e-02 3.546871e-05
<VARIANCE> 25
 9.026889e+00 9.782080e+00 9.033379e+00 1.773223e+01 1.172868e+01 1.247999e+01 1.177293e+01 1.150403e+01 1.061333e+01 1.394667e+01 1.870537e+01 1.081941e+01 4.223300e-02 1.020467e-01 1.449779e-01 2.502278e-01 3.300838e-01 3.824126e-01 4.546030e-01 5.382050e-01 5.604883e-01 5.084318e-01 5.955483e-01 5.718157e-01 1.146753e-06
<GCONST> 4.745406e+01
<MIXTURE> 55 7.368620e-03
<MEAN> 25
 -3.017455e+00 5.694281e-01 -5.944641e-01 7.242772e+00 6.713820e+00 4.558828e+00 5.093363e+00 5.236621e+00 3.737247e+00 4.147246e+00 3.705552e+00 2.282614e+00 -1.073525e-02 3.496893e-02 2.444525e-02 2.160653e-02 2.450580e-02 5.892087e-02 5.672290e-02 8.889024e-02 6.830529e-02 4.029475e-02 9.910026e-02 -4.741435e-02 3.546871e-05
<VARIANCE> 25
 9.026889e+00 9.782080e+00 9.033379e+00 1.773223e+01 1.172868e+01 1.247999e+01 1.177293e+01 1.150403e+01 1.061333e+01 1.394667e+01 1.870537e+01 1.081941e+01 4.223300e-02 1.020467e-01 1.449779e-01 2.502278e-01 3.300838e-01 3.824126e-01 4.546030e-01 5.382050e-01 5.604883e-01 5.084318e-01 5.955483e-01 5.718157e-01 1.146753e-06
<GCONST> 4.745406e+01
<MIXTURE> 56 6.132464e-03
<MEAN> 25
 6.855258e+00 -7.114710e+00 -8.953820e+00 -9.429313e+00 4.384538e+00 3.841275e+00 -1.659434e+00 -1.865799e+00 2.310813e+00 -3.944037e-02 -1.744315e+00 -6.732904e+00 -8.963607e-02 2.638972e-02 -6.456227e-02 -1.120060e-01 2.740734e-01 3.979820e-02 1.490092e-01 -1.636071e-01 -2.443206e-01 5.987047e-03 1.011415e-01 -6.695843e-02 -6.397695e-03
<VARIANCE> 25
 9.875306e+00 2.601993e+01 1.699629e+01 4.181483e+01 2.852248e+01 4.173971e+01 5.416747e+01 3.649636e+01 3.725256e+01 3.825544e+01 3.626871e+01 2.624530e+01 2.477323e-01 3.892870e-01 4.599428e-01 8.105088e-01 7.000540e-01 1.107032e+00 8.584607e-01 8.966570e-01 1.194940e+00 9.601657e-01 1.073559e+00 9.313248e-01 3.222765e-04
<GCONST> 7.510895e+01
<MIXTURE> 57 6.132464e-03
<MEAN> 25
 6.855258e+00 -7.114710e+00 -8.953820e+00 -9.429313e+00 4.384538e+00 3.841275e+00 -1.659434e+00 -1.865799e+00 2.310813e+00 -3.944037e-02 -1.744315e+00 -6.732904e+00 -8.963607e-02 2.638972e-02 -6.456227e-02 -1.120060e-01 2.740734e-01 3.979820e-02 1.490092e-01 -1.636071e-01 -2.443206e-01 5.987047e-03 1.011415e-01 -6.695843e-02 -6.397695e-03
<VARIANCE> 25
 9.875306e+00 2.601993e+01 1.699629e+01 4.181483e+01 2.852248e+01 4.173971e+01 5.416747e+01 3.649636e+01 3.725256e+01 3.825544e+01 3.626871e+01 2.624530e+01 2.477323e-01 3.892870e-01 4.599428e-01 8.105088e-01 7.000540e-01 1.107032e+00 8.584607e-01 8.966570e-01 1.194940e+00 9.601657e-01 1.073559e+00 9.313248e-01 3.222765e-04
<GCONST> 7.510895e+01
<MIXTURE> 58 6.172147e-03
<MEAN> 25
 2.584036e+00 -3.008494e+00 7.524655e+00 -4.936666e+00 -1.345618e+01 -5.445538e+00 1.371085e+00 7.931972e-01 -2.485318e+00 1.476080e+00 4.954784e-01 -7.519073e-01 -4.196875e-02 -1.225535e-01 -5.384126e-02 -1.579119e-01 1.145532e-03 2.219633e-01 3.660859e-01 2.304439e-01 3.393397e-02 -1.709867e-02 -5.142768e-02 -1.233334e-01 -2.794860e-03
<VARIANCE> 25
 7.128684e+00 1.489240e+01 2.056562e+01 3.075420e+01 2.386136e+01 4.537738e+01 3.388206e+01 3.452279e+01 3.121508e+01 3.338045e+01 2.288570e+01 1.964262e+01 3.083081e-01 7.780668e-01 7.761955e-01 1.017845e+00 8.761346e-01 1.290801e+00 1.126369e+00 1.285825e+00 1.045086e+00 1.070897e+00 9.163675e-01 8.493620e-01 7.241588e-04
<GCONST> 7.563206e+01
<MIXTURE> 59 6.172147e-03
<MEAN> 25
 2.584036e+00 -3.008494e+00 7.524655e+00 -4.936666e+00 -1.345618e+01 -5.445538e+00 1.371085e+00 7.931972e-01 -2.485318e+00 1.476080e+00 4.954784e-01 -7.519073e-01 -4.196875e-02 -1.225535e-01 -5.384126e-02 -1.579119e-01 1.145532e-03 2.219633e-01 3.660859e-01 2.304439e-01 3.393397e-02 -1.709867e-02 -5.142768e-02 -1.233334e-01 -2.794860e-03
<VARIANCE> 25
 7.128684e+00 1.489240e+01 2.056562e+01 3.075420e+01 2.386136e+01 4.537738e+01 3.388206e+01 3.452279e+01 3.121508e+01 3.338045e+01 2.288570e+01 1.964262e+01 3.083081e-01 7.780668e-01 7.761955e-01 1.017845e+00 8.761346e-01 1.290801e+00 1.126369e+00 1.285825e+00 1.045086e+00 1.070897e+00 9.163675e-01 8.493620e-01 7.241588e-04
<GCONST> 7.563206e+01
<MIXTURE> 60 4.479129e-03
<MEAN> 25
 -3.747954e+00 -3.233087e-01 -1.070486e+00 3.496557e+00 2.201493e+00 2.252273e+00 2.130951e+00 2.055823e+00 1.925787e+00 1.745531e+00 1.659214e+00 1.843175e+00 -2.415522e-03 5.048531e-02 9.816736e-02 1.517199e-01 1.221323e-01 1.286488e-01 1.869853e-01 3.398404e-01 5.492117e-01 6.565328e-01 6.029941e-01 2.068964e-01 1.122016e-04
<VARIANCE> 25
 7.756228e+00 4.905557e+00 9.820861e+00 1.122722e+01 1.440378e+01 1.594655e+01 1.575430e+01 1.277114e+01 1.328444e+01 1.333736e+01 1.759973e+01 1.218660e+01 8.837910e-02 1.602588e-01 2.721182e-01 4.339077e-01 5.435055e-01 7.364519e-01 7.603826e-01 8.522262e-01 8.418030e-01 7.916933e-01 9.195682e-01 9.276341e-01 2.674105e-05
<GCONST> 5.673799e+01
<MIXTURE> 61 4.479129e-03
<MEAN> 25
 -3.747954e+00 -3.233087e-01 -1.070486e+00 3.496557e+00 2.201493e+00 2.252273e+00 2.130951e+00 2.055823e+00 1.925787e+00 1.745531e+00 1.659214e+00 1.843175e+00 -2.415522e-03 5.048531e-02 9.816736e-02 1.517199e-01 1.221323e-01 1.286488e-01 1.869853e-01 3.398404e-01 5.492117e-01 6.565328e-01 6.029941e-01 2.068964e-01 1.122016e-04
<VARIANCE> 25
 7.756228e+00 4.905557e+00 9.820861e+00 1.122722e+01 1.440378e+01 1.594655e+01 1.575430e+01 1.277114e+01 1.328444e+01 1.333736e+01 1.759973e+01 1.218660e+01 8.837910e-02 1.602588e-01 2.721182e-01 4.339077e-01 5.435055e-01 7.364519e-01 7.603826e-01 8.522262e-01 8.418030e-01 7.916933e-01 9.195682e-01 9.276341e-01 2.674105e-05
<GCONST> 5.673799e+01
<MIXTURE> 62 3.278034e-03
<MEAN> 25
 -5.041053e+00 1.263274e+00 1.016285e+00 8.778433e+00 6.154841e+00 4.972680e+00 5.466271e+00 4.042708e+00 4.959772e+00 3.943945e+00 4.849608e+00 2.926611e+00 -9.957660e-01 -1.159929e+00 -9.463454e-01 -2.725429e-01 4.312230e-01 1.005306e+00 1.385867e+00 1.553757e+00 1.477332e+00 1.237801e+00 1.053695e+00 7.135662e-01 -1.263521e-03
<VARIANCE> 25
 1.000800e+01 9.910732e+00 1.305449e+01 1.672927e+01 1.731499e+01 1.807657e+01 1.980793e+01 1.900684e+01 1.878524e+01 1.867519e+01 2.267574e+01 1.481114e+01 4.033420e-01 4.322266e-01 5.541589e-01 7.820222e-01 1.032915e+00 1.192963e+00 1.243147e+00 1.270053e+00 1.320330e+00 1.360022e+00 1.424611e+00 1.374167e+00 1.637583e-05
<GCONST> 6.760424e+01
<MIXTURE> 63 4.351215e-03
<MEAN> 25
 -2.550584e+00 -4.932240e-01 -4.059671e+00 2.159438e+00 4.162274e+00 6.506720e-01 3.653404e+00 2.952777e+00 1.587290e+00 5.619690e-01 -1.876416e+00 1.837217e+00 -5.296521e-02 3.061947e-01 3.157044e-01 4.988209e-01 3.925950e-01 2.835556e-01 4.309933e-01 3.125006e-01 2.711274e-01 2.560511e-01 2.458775e-01 1.673702e-01 -6.088794e-03
<VARIANCE> 25
 9.502284e+00 1.514403e+01 1.423989e+01 1.423086e+01 1.558940e+01 2.294728e+01 2.247301e+01 2.413766e+01 1.999863e+01 1.973710e+01 1.600037e+01 1.612714e+01 2.512197e-01 4.106142e-01 5.462466e-01 6.296605e-01 8.059334e-01 1.125814e+00 1.312902e+00 1.463661e+00 1.233891e+00 1.110725e+00 1.201409e+00 1.320866e+00 2.089827e-04
<GCONST> 6.945554e+01
<MIXTURE> 64 4.351215e-03
<MEAN> 25
 -2.550584e+00 -4.932240e-01 -4.059671e+00 2.159438e+00 4.162274e+00 6.506720e-01 3.653404e+00 2.952777e+00 1.587290e+00 5.619690e-01 -1.876416e+00 1.837217e+00 -5.296521e-02 3.061947e-01 3.157044e-01 4.988209e-01 3.925950e-01 2.835556e-01 4.309933e-01 3.125006e-01 2.711274e-01 2.560511e-01 2.458775e-01 1.673702e-01 -6.088794e-03
<VARIANCE> 25
 9.502284e+00 1.514403e+01 1.423989e+01 1.423086e+01 1.558940e+01 2.294728e+01 2.247301e+01 2.413766e+01 1.999863e+01 1.973710e+01 1.600037e+01 1.612714e+01 2.512197e-01 4.106142e-01 5.462466e-01 6.296605e-01 8.059334e-01 1.125814e+00 1.312902e+00 1.463661e+00 1.233891e+00 1.110725e+00 1.201409e+00 1.320866e+00 2.089827e-04
<GCONST> 6.945554e+01
<MIXTURE> 65 1.721197e-02
<MEAN> 25
 7.706451e+00 1.459128e+00 1.922199e+00 1.005395e+00 -5.634822e+00 -3.766143e+00 -5.239559e+00 -7.016613e+00 -4.058176e+00 -2.081216e+00 -4.972291e+00 -1.586408e+00 9.971025e-02 1.812986e-01 7.231046e-03 1.342121e-01 -1.212802e-01 1.950685e-01 -1.424239e-01 -5.126219e-02 1.701597e-01 -1.826194e-02 7.306854e-02 -1.409530e-01 -5.801712e-03
<VARIANCE> 25
 1.025429e+01 2.302822e+01 2.351861e+01 3.766269e+01 4.012454e+01 5.580718e+01 5.687968e+01 5.704089e+01 5.224022e+01 5.305425e+01 5.450965e+01 4.819485e+01 5.841239e-01 9.357716e-01 1.660157e+00 1.847920e+00 1.999367e+00 2.150039e+00 2.217792e+00 2.944208e+00 2.491318e+00 2.393332e+00 2.330987e+00 1.910988e+00 4.700881e-04
<GCONST> 8.926563e+01
<MIXTURE> 66 1.191532e-02
<MEAN> 25
 6.670854e+00 -4.406562e+00 -5.331128e+00 -4.398109e+00 1.028040e+00 -4.937246e+00 -6.923908e+00 1.513937e+00 1.358437e+00 -1.613402e+00 -5.149712e+00 -3.231749e+00 -1.204906e-01 1.919296e+00 2.033408e+00 2.202300e+00 -1.071799e+00 -9.842121e-01 3.534676e-01 -6.679592e-01 -1.664580e-01 -2.828320e-01 -7.449383e-01 7.698857e-01 -7.032832e-02
<VARIANCE> 25
 9.611417e+00 2.216263e+01 2.178816e+01 2.955559e+01 3.004354e+01 5.241043e+01 5.071564e+01 4.729719e+01 4.863307e+01 4.945417e+01 3.649989e+01 2.952291e+01 1.165295e+00 2.155443e+00 1.858865e+00 1.965391e+00 3.632396e+00 3.398847e+00 4.289316e+00 4.345173e+00 3.437887e+00 3.936191e+00 3.703939e+00 2.768574e+00 1.267900e-03
<GCONST> 9.360575e+01
<MIXTURE> 67 1.559142e-02
<MEAN> 25
 8.033670e+00 8.548304e-01 -6.150116e+00 -8.045013e+00 5.106480e-01 3.628664e+00 -3.197042e+00 -3.882518e+00 -2.613275e+00 1.921618e-01 2.487271e+00 -2.714458e+00 -7.892747e-01 1.838598e+00 1.314630e+00 2.789625e+00 1.220623e+00 -4.471362e-01 1.362626e+00 1.004191e+00 1.644649e-01 5.107158e-01 -1.253610e+00 7.425221e-01 -1.220395e-01
<VARIANCE> 25
 9.995926e+00 3.019393e+01 2.302617e+01 3.783085e+01 3.711731e+01 3.946970e+01 4.860778e+01 4.972643e+01 4.411026e+01 4.912439e+01 5.000598e+01 4.565502e+01 2.483142e+00 2.547121e+00 2.501724e+00 3.143883e+00 2.961096e+00 2.963361e+00 3.675790e+00 4.826715e+00 3.851659e+00 3.548449e+00 4.363249e+00 2.521818e+00 2.445433e-03
<GCONST> 9.687515e+01
<MIXTURE> 68 1.485092e-02
<MEAN> 25
 -1.800599e+00 -1.853722e+00 -3.652364e+00 9.138241e-01 5.243467e+00 -1.584264e-01 1.593422e+00 1.715400e+00 2.130439e+00 1.982579e+00 2.031706e-01 1.966151e+00 2.516701e+00 4.446184e-01 3.491119e-01 -2.527793e+00 -2.591783e+00 -1.218407e+00 -2.524693e+00 -1.871918e+00 -1.323618e+00 -1.599778e+00 -1.602772e+00 -8.819285e-01 1.034595e-01
<VARIANCE> 25
 2.332061e+01 3.180770e+01 5.654764e+01 4.739477e+01 4.184845e+01 5.682983e+01 4.287609e+01 3.863529e+01 3.937408e+01 3.894764e+01 3.524972e+01 2.530985e+01 2.196280e+00 3.692924e+00 6.352057e+00 5.253439e+00 4.533670e+00 6.085822e+00 5.658231e+00 4.482553e+00 5.076115e+00 4.908973e+00 5.393817e+00 3.514813e+00 5.446078e-03
<GCONST> 1.028618e+02
<MIXTURE> 69 1.204884e-02
<MEAN> 25
 4.606820e+00 -4.282640e+00 -3.619456e+00 -3.583533e+00 -3.452939e+00 -7.766955e+00 -1.294640e+00 2.148094e+00 -2.322098e-01 -4.465508e+00 -5.423779e+00 8.142264e-01 1.662940e+00 -2.227219e+00 -1.306720e+00 -2.234118e+00 -5.759456e-01 -3.146321e-01 -4.780186e-01 5.670526e-01 -5.841872e-01 -1.430272e+00 -2.115176e+00 -2.315962e-01 6.273513e-02
<VARIANCE> 25
 8.982224e+00 2.196427e+01 2.629833e+01 2.616790e+01 4.215731e+01 3.551558e+01 4.889047e+01 3.105186e+01 3.907116e+01 3.866427e+01 3.198196e+01 2.483078e+01 3.550885e+00 2.929851e+00 3.336885e+00 3.635720e+00 5.838563e+00 4.959875e+00 6.936787e+00 5.992362e+00 5.866295e+00 5.712936e+00 4.429704e+00 3.747701e+00 2.380900e-03
<GCONST> 9.861216e+01
<MIXTURE> 70 1.329190e-02
<MEAN> 25
 6.172641e+00 -3.908338e+00 -4.850587e+00 -4.151578e+00 -1.100916e+00 -3.574696e-01 -7.435666e+00 -3.228700e+00 1.959860e+00 2.934777e+00 1.258003e+00 -5.601748e+00 1.577554e+00 -1.863657e+00 -7.016717e-01 -2.246183e+00 -1.604726e+00 8.548651e-01 -1.022590e+00 -4.731510e-01 1.256783e+00 -3.463020e-01 5.517502e-01 -1.548582e+00 6.967775e-02
<VARIANCE> 25
 9.439722e+00 2.145219e+01 1.918015e+01 3.288633e+01 2.577656e+01 3.974064e+01 3.628370e+01 3.045926e+01 3.693152e+01 2.199336e+01 3.080031e+01 1.976362e+01 4.121663e+00 3.716799e+00 4.105946e+00 3.544816e+00 4.893975e+00 4.360356e+00 4.836350e+00 5.098913e+00 4.749803e+00 3.941277e+00 4.637451e+00 3.269720e+00 1.798391e-03
<GCONST> 9.575581e+01
<MIXTURE> 71 1.406903e-02
<MEAN> 25
 6.401753e+00 4.965353e+00 3.298310e+00 2.675657e+00 -2.821285e+00 -2.903383e+00 -2.839450e+00 -6.170923e+00 -4.954679e+00 -2.028075e+00 -4.805076e+00 -3.139371e+00 -1.530076e+00 -7.621650e-01 -4.811306e-01 -1.781492e+00 1.068946e+00 9.103838e-02 -2.615134e-01 1.406975e+00 4.495692e-01 -2.998908e-01 8.721919e-01 5.397940e-02 4.039990e-02
<VARIANCE> 25
 1.690231e+01 2.163204e+01 2.401239e+01 4.045477e+01 3.796714e+01 3.757387e+01 3.792280e+01 3.634923e+01 3.802811e+01 3.772636e+01 3.539906e+01 2.958717e+01 1.488523e+00 2.726458e+00 5.340145e+00 4.186985e+00 4.500085e+00 4.206089e+00 5.056256e+00 4.858236e+00 5.531930e+00 3.569648e+00 3.537310e+00 2.933245e+00 1.408810e-03
<GCONST> 9.684921e+01
<MIXTURE> 72 8.134747e-03
<MEAN> 25
 3.692643e+00 -3.812804e+00 5.574337e+00 -1.924061e+00 -1.054775e+01 -9.695255e+00 -2.696698e+00 1.662845e+00 -4.789352e+00 -2.564824e+00 -1.805906e+00 8.415005e-01 9.190714e-01 -7.859647e-01 -2.535571e+00 4.068800e-01 2.114093e+00 -6.660391e-01 -1.285775e+00 1.450630e+00 1.831980e+00 -5.614836e-01 -1.270197e+00 3.666558e-01 -5.819691e-03
<VARIANCE> 25
 1.073591e+01 1.945649e+01 3.242993e+01 4.499238e+01 3.257732e+01 3.289467e+01 4.137857e+01 3.689530e+01 4.304451e+01 4.378190e+01 3.836857e+01 2.901229e+01 4.297959e-01 9.989912e-01 2.010555e+00 1.550443e+00 2.147899e+00 2.312771e+00 2.995580e+00 2.830035e+00 2.578784e+00 2.900722e+00 1.980227e+00 2.099507e+00 5.355285e-04
<GCONST> 8.737526e+01
<MIXTURE> 73 1.213625e-02
<MEAN> 25
 -5.158811e+00 -1.092886e+00 -1.625008e+00 4.305621e+00 4.176370e+00 1.924101e+00 5.216672e+00 3.942831e+00 4.225001e+00 3.499716e+00 3.884755e+00 2.960619e+00 8.231460e-01 -1.142070e+00 -1.042017e+00 -2.624272e+00 -1.087517e+00 -1.513731e+00 -9.631737e-01 -5.119610e-01 -7.785518e-01 -6.052667e-01 -9.128416e-01 -2.722984e-01 1.490194e-01
<VARIANCE> 25
 1.381453e+01 1.361269e+01 1.496081e+01 2.479113e+01 2.105329e+01 2.491295e+01 1.909157e+01 2.100695e+01 1.639378e+01 1.707476e+01 2.326916e+01 1.456688e+01 3.838585e+00 2.935777e+00 5.946890e+00 4.238893e+00 6.211240e+00 4.693607e+00 4.087628e+00 4.001072e+00 3.762766e+00 3.987728e+00 3.549796e+00 2.718076e+00 4.094347e-03
<GCONST> 9.210989e+01
<MIXTURE> 74 1.756491e-02
<MEAN> 25
 4.661644e+00 -2.800017e+00 4.648973e+00 -2.951272e-01 -7.671683e+00 -8.132171e+00 -5.592417e+00 -7.630811e-01 -3.044894e+00 -3.261643e+00 -1.098684e+00 3.210120e-01 -4.379218e-02 2.180369e+00 -2.102883e-01 1.082676e+00 1.588656e+00 3.794302e-01 3.929261e-01 -8.868697e-01 -2.430308e-01 6.927877e-01 -1.583293e-01 -3.738233e-01 -7.645340e-02
<VARIANCE> 25
 9.422967e+00 2.263376e+01 3.231581e+01 2.853382e+01 3.073826e+01 3.324558e+01 6.026517e+01 3.607115e+01 3.547563e+01 3.376795e+01 3.291224e+01 2.713276e+01 1.798126e+00 2.112492e+00 3.472513e+00 2.558769e+00 3.584725e+00 3.217185e+00 4.466187e+00 3.480803e+00 3.641549e+00 3.299515e+00 3.137777e+00 2.674479e+00 1.350491e-03
<GCONST> 9.334698e+01
<MIXTURE> 75 9.711651e-03
<MEAN> 25
 2.337288e+00 -2.453979e+00 1.001706e+01 4.007866e+00 -1.243409e+01 -5.927548e+00 -5.582061e+00 -2.753079e+00 -3.735283e+00 -5.628422e+00 1.984900e+00 1.190288e+00 1.431128e+00 -1.736882e+00 2.951543e-01 2.982596e-01 -2.333150e+00 -3.902397e-01 -1.277182e+00 4.779333e-01 2.551557e-03 -8.065202e-01 1.198714e+00 -3.031268e-01 4.037269e-02
<VARIANCE> 25
 8.919882e+00 1.466271e+01 2.861902e+01 3.527621e+01 2.672557e+01 3.919705e+01 3.170204e+01 2.562415e+01 2.816879e+01 2.979655e+01 2.079166e+01 1.856907e+01 3.035185e+00 1.908970e+00 3.034852e+00 1.899747e+00 3.289582e+00 2.785367e+00 3.014366e+00 2.998985e+00 2.516212e+00 2.382217e+00 2.279228e+00 1.872548e+00 1.120167e-03
<GCONST> 8.845375e+01
<MIXTURE> 76 1.052359e-02
<MEAN> 25
 -4.999747e+00 2.077819e-01 -2.610873e+00 3.802000e+00 5.146831e+00 1.326945e+00 3.882694e+00 2.731767e+00 1.830622e+00 1.838310e+00 2.507342e-02 1.091498e+00 7.955678e-02 -6.872725e-01 -1.143190e-01 -7.414910e-01 -5.070076e-01 -6.913507e-01 -6.431679e-01 -4.153082e-01 -2.960222e-01 -3.308352e-01 -2.015095e-01 -1.341354e-01 2.643185e-02
<VARIANCE> 25
 3.519276e+01 2.932457e+01 2.405997e+01 2.092272e+01 2.540351e+01 2.556958e+01 2.692460e+01 2.457251e+01 2.064696e+01 1.950811e+01 2.596271e+01 1.838784e+01 9.799072e-01 1.715615e+00 1.174490e+00 1.123744e+00 1.172802e+00 1.547912e+00 1.451314e+00 1.774347e+00 1.407487e+00 1.312277e+00 1.392305e+00 1.136276e+00 1.327240e-03
<GCONST> 8.103210e+01
<MIXTURE> 77 1.244626e-02
<MEAN> 25
 -4.806854e-01 8.415711e+00 1.222994e+01 -1.118332e+01 -6.865579e+00 8.896915e-01 -9.086322e+00 -7.100860e+00 -3.439852e+00 -3.532691e-01 -4.584033e+00 -1.320711e+00 5.530356e-02 1.469174e-01 5.616074e-02 2.456067e-01 -4.955008e-03 6.811316e-02 -6.831277e-02 -1.015327e-01 7.367207e-02 -8.051358e-03 8.391546e-02 1.316134e-01 -1.012814e-02
<VARIANCE> 25
 1.020135e+01 2.015833e+01 2.870983e+01 4.451927e+01 3.314079e+01 3.279534e+01 3.647435e+01 3.177300e+01 3.414847e+01 3.273284e+01 3.663645e+01 3.427330e+01 2.947440e-01 7.504109e-01 6.439669e-01 1.048749e+00 1.204069e+00 9.608168e-01 1.199790e+00 1.088151e+00 1.014455e+00 1.076684e+00 1.057406e+00 8.945056e-01 5.300958e-04
<GCONST> 7.762820e+01
<MIXTURE> 78 9.702551e-03
<MEAN> 25
 -1.149477e+01 3.810400e+00 -1.286344e+00 1.690682e+00 4.300341e+00 -1.463139e+00 3.865823e+00 3.282511e+00 1.954324e+00 1.347479e+00 -8.332817e-01 2.759539e+00 2.594042e+00 -7.230051e-01 -3.186187e-01 9.519998e-01 1.731544e-01 -1.770872e-01 -5.124042e-01 -3.459689e-02 2.718653e-01 7.395641e-02 -3.088768e-01 -2.891025e-01 -7.047654e-02
<VARIANCE> 25
 3.554817e+01 3.363240e+01 3.541527e+01 2.297363e+01 3.801129e+01 2.758181e+01 2.713350e+01 3.094615e+01 2.337276e+01 2.038756e+01 1.911504e+01 1.465115e+01 3.939533e+00 2.874788e+00 2.483763e+00 2.415844e+00 2.570235e+00 3.919044e+00 2.582353e+00 2.100626e+00 1.763871e+00 1.696331e+00 1.709868e+00 1.788157e+00 4.075298e-03
<GCONST> 9.015475e+01
<MIXTURE> 79 1.156824e-02
<MEAN> 25
 2.490192e+00 1.391621e+00 9.068248e+00 -5.939901e+00 -1.239436e+01 -1.653644e+00 -1.802623e+00 -6.596513e+00 -6.576162e+00 -5.373302e-02 -3.207682e+00 -3.186299e+00 1.171413e+00 -5.081527e-01 -1.408417e+00 2.325327e+00 3.435701e-01 -1.485236e+00 5.296824e-01 8.713462e-01 -3.892147e-01 -5.875201e-01 3.743478e-01 2.817267e-01 -3.418256e-02
<VARIANCE> 25
 1.389446e+01 2.414012e+01 3.714701e+01 5.926324e+01 3.562344e+01 4.251890e+01 4.175639e+01 3.617855e+01 3.756951e+01 4.222538e+01 4.498882e+01 2.987306e+01 9.670166e-01 2.209923e+00 1.852560e+00 2.046712e+00 2.463149e+00 2.725447e+00 3.079520e+00 3.422636e+00 2.484766e+00 2.743913e+00 2.272544e+00 1.954476e+00 1.341320e-03
<GCONST> 9.182297e+01
<MIXTURE> 80 7.550998e-03
<MEAN> 25
 -1.556835e+01 4.589682e+00 2.136166e+00 2.425873e+00 2.301464e+00 2.522149e+00 6.287236e+00 3.130227e+00 2.694585e+00 1.534793e+00 4.189997e+00 1.870400e+00 4.149957e+00 -1.958660e-01 1.375384e+00 -7.479722e-01 -2.862441e+00 -2.985138e+00 -2.501409e+00 -2.181226e+00 -1.901212e+00 -1.800681e+00 -1.668174e+00 -3.452834e-01 -4.149742e-02
<VARIANCE> 25
 2.221499e+01 1.817967e+01 3.728629e+01 2.975093e+01 2.586442e+01 3.046395e+01 2.384087e+01 2.737825e+01 2.264478e+01 2.715572e+01 2.824701e+01 1.710605e+01 2.111438e+00 2.435604e+00 2.514683e+00 4.054968e+00 2.956029e+00 2.677481e+00 2.696833e+00 2.862067e+00 2.376698e+00 2.371262e+00 2.534926e+00 2.080802e+00 1.291288e-03
<GCONST> 8.952392e+01
<MIXTURE> 81 8.025434e-03
<MEAN> 25
 -1.114010e+00 4.063359e+00 1.017639e+01 -1.479143e+01 -9.073388e+00 -1.424730e+00 -6.765885e+00 -8.419094e+00 -4.154263e+00 -4.177080e-01 -7.570894e+00 -2.247011e+00 1.328608e-01 -5.874570e-01 6.549880e-05 -5.562109e-01 -4.669946e-01 3.359133e-01 3.184334e-01 1.367037e-01 -1.417727e-01 1.053151e-01 -4.672033e-01 -1.239639e-01 1.153010e-02
<VARIANCE> 25
 1.015969e+01 3.278443e+01 2.645115e+01 2.937760e+01 3.374269e+01 3.049893e+01 4.540277e+01 2.828731e+01 3.798320e+01 3.187396e+01 2.528758e+01 3.102417e+01 7.722394e-01 2.275179e+00 1.552184e+00 2.869716e+00 2.671514e+00 2.124420e+00 3.279069e+00 2.286823e+00 2.356119e+00 2.538980e+00 2.300884e+00 2.077935e+00 1.183050e-03
<GCONST> 8.869144e+01
<MIXTURE> 82 8.213053e-03
<MEAN> 25
 -9.799003e+00 -3.917929e+00 1.501283e+00 -2.955626e+00 3.160379e+00 5.808446e-01 1.951818e+00 1.066127e+00 2.965370e+00 1.785902e+00 1.732485e+00 3.091132e+00 -1.253628e+00 -1.507666e-01 2.892093e-01 -2.609946e+00 -1.127992e+00 -1.213145e+00 -1.020442e+00 -8.905172e-01 -2.830505e-01 -4.839280e-01 -2.772676e-01 -1.290291e-01 1.768191e-01
<VARIANCE> 25
 1.885482e+01 2.473342e+01 3.282649e+01 3.039638e+01 3.254017e+01 3.265601e+01 3.153041e+01 3.320370e+01 3.029020e+01 2.470348e+01 3.051594e+01 1.723027e+01 3.871292e+00 3.026669e+00 3.304840e+00 3.201569e+00 3.571768e+00 3.354417e+00 2.948630e+00 2.983424e+00 2.783007e+00 2.463321e+00 2.461134e+00 1.903099e+00 3.467873e-03
<GCONST> 9.308498e+01
<MIXTURE> 83 1.167529e-02
<MEAN> 25
 -2.105137e+01 7.785419e+00 3.655665e+00 -1.246860e+00 7.160487e+00 6.498380e-01 5.844140e+00 5.089690e+00 7.760509e-01 2.153932e+00 -9.227891e-01 1.968488e+00 -3.034381e-01 -3.017041e-01 4.733597e-02 -1.517141e-01 -3.568767e-01 2.069356e-01 1.245546e-01 2.509117e-01 9.206549e-02 -2.106146e-01 7.324718e-02 -6.978200e-02 6.865861e-03
<VARIANCE> 25
 8.470894e+00 1.011963e+01 2.142441e+01 1.289582e+01 1.747041e+01 1.650927e+01 1.167944e+01 2.155019e+01 1.390435e+01 1.390670e+01 1.421575e+01 1.064068e+01 7.501352e-01 5.637479e-01 7.664166e-01 9.073009e-01 9.833434e-01 1.056285e+00 9.873748e-01 1.216684e+00 9.351763e-01 1.154796e+00 8.409995e-01 8.277009e-01 5.001887e-04
<GCONST> 6.860725e+01
<MIXTURE> 84 1.066614e-02
<MEAN> 25
 1.010155e+00 8.750123e+00 6.776533e+00 7.383021e+00 2.790437e+00 -1.059594e+00 -1.710814e+00 -4.380734e+00 -3.874958e+00 -2.470742e+00 -2.240947e+00 -1.329079e+00 -1.768427e+00 -9.607258e-01 -1.264562e+00 1.211854e+00 2.225867e+00 1.394529e+00 1.441641e+00 1.244039e+00 1.049614e+00 4.362531e-01 2.795616e-01 3.259639e-01 -6.631910e-02
<VARIANCE> 25
 2.252315e+01 1.818311e+01 2.401427e+01 2.573146e+01 2.790707e+01 2.622738e+01 2.644129e+01 2.476919e+01 2.334276e+01 2.575333e+01 2.331798e+01 2.365934e+01 2.011558e+00 2.899761e+00 3.575553e+00 3.085995e+00 3.139863e+00 3.272164e+00 2.994545e+00 3.317233e+00 3.370258e+00 3.107878e+00 3.440082e+00 2.688024e+00 3.541444e-03
<GCONST> 9.190047e+01
<MIXTURE> 85 7.591393e-03
<MEAN> 25
 -3.568485e+00 7.676036e+00 6.030700e+00 1.458704e+00 -3.563277e+00 -5.392401e+00 -3.053225e+00 -5.671360e+00 -3.516699e+00 -3.670937e+00 -6.334880e-01 -1.358664e+00 4.003495e+00 1.198796e-01 1.673560e+00 -1.888040e+00 -3.452098e+00 -2.687984e+00 -2.936503e+00 -2.355193e+00 -2.245847e+00 -1.350587e+00 -2.289237e+00 -5.467020e-01 8.497750e-03
<VARIANCE> 25
 4.382058e+01 2.303397e+01 3.625615e+01 3.666509e+01 3.792195e+01 3.921595e+01 3.055905e+01 2.967621e+01 2.527356e+01 2.868603e+01 2.526808e+01 2.416606e+01 2.637167e+00 4.764147e+00 3.955160e+00 5.556093e+00 4.195744e+00 3.898852e+00 3.684698e+00 3.772524e+00 3.663376e+00 3.935960e+00 3.775031e+00 3.366312e+00 5.175363e-03
<GCONST> 9.816607e+01
<MIXTURE> 86 1.273941e-02
<MEAN> 25
 -2.698603e+00 8.236580e-01 -1.265642e+00 4.840839e+00 5.969789e+00 4.665998e+00 6.898734e+00 5.887871e+00 3.389708e+00 4.767926e+00 2.234236e+00 1.534165e+00 3.894773e-02 -6.219245e-03 -2.404109e-02 -6.400715e-02 -1.606471e-01 -1.385129e-01 -3.029670e-01 -3.607873e-01 -4.105165e-01 -2.676621e-01 -2.691358e-01 -7.473212e-02 -1.440412e-03
<VARIANCE> 25
 7.910708e+00 6.664857e+00 8.748815e+00 9.133221e+00 1.141983e+01 1.101960e+01 1.322804e+01 1.353600e+01 1.235527e+01 1.077012e+01 1.539134e+01 1.421861e+01 9.812254e-02 1.714317e-01 3.290500e-01 3.757213e-01 4.851284e-01 9.327590e-01 7.161062e-01 9.285010e-01 9.051307e-01 6.654285e-01 7.288948e-01 9.069333e-01 8.386029e-05
<GCONST> 5.691087e+01
<MIXTURE> 87 1.100681e-02
<MEAN> 25
 -2.824188e+00 4.235340e+00 2.946890e+00 6.689903e+00 5.415751e+00 4.368192e-01 1.598204e+00 -5.190110e-01 -1.899831e-01 -5.961189e-01 -6.648422e-01 4.836919e-02 -1.929032e+00 -2.723175e+00 -2.239740e+00 -2.118545e+00 2.224032e-01 -2.100912e-01 3.553537e-01 1.315883e+00 1.184297e+00 1.032307e+00 8.581863e-01 9.999763e-01 1.010764e-01
<VARIANCE> 25
 3.803269e+01 2.861769e+01 2.825988e+01 3.351279e+01 2.616213e+01 3.228880e+01 2.609884e+01 2.816052e+01 2.560383e+01 2.270887e+01 2.317929e+01 2.143531e+01 3.884539e+00 2.534048e+00 3.998142e+00 3.367569e+00 4.948137e+00 3.921588e+00 4.332664e+00 3.531287e+00 3.619053e+00 3.083466e+00 3.116130e+00 2.653803e+00 4.519722e-03
<GCONST> 9.541114e+01
<MIXTURE> 88 1.256585e-02
<MEAN> 25
 -3.083526e+00 4.313340e-01 -1.792996e+00 4.585570e+00 5.189739e+00 2.952373e+00 5.237494e+00 4.277827e+00 2.460266e+00 3.022304e+00 1.087837e+00 1.866347e+00 9.694983e-02 1.750450e-01 1.825999e-01 3.457809e-01 2.920250e-01 1.763856e-01 -4.520914e-02 -2.374575e-01 -1.792507e-01 -1.758908e-01 -1.014971e-01 -6.954803e-02 -7.284462e-03
<VARIANCE> 25
 9.774480e+00 1.072602e+01 1.293385e+01 1.398979e+01 1.588595e+01 1.770493e+01 1.939699e+01 1.953716e+01 1.602721e+01 1.511461e+01 2.155079e+01 1.328966e+01 1.048168e+00 1.701511e+00 1.822523e+00 1.766144e+00 2.009146e+00 2.387349e+00 2.271708e+00 2.335648e+00 1.971425e+00 2.035860e+00 1.914755e+00 1.949994e+00 1.311225e-03
<GCONST> 7.957619e+01
<MIXTURE> 89 9.333527e-03
<MEAN> 25
 6.235291e+00 -8.917115e+00 -1.649663e+00 -3.695105e+00 -1.815596e+00 -6.061428e+00 -5.449682e+00 3.060657e+00 5.341259e+00 -3.097490e+00 -3.932114e+00 -3.680387e+00 -4.654526e-01 1.244843e-01 1.773924e+00 8.151661e-01 -1.531128e+00 -1.470910e+00 7.670366e-01 9.147931e-01 -6.349299e-01 -1.323661e+00 4.316001e-01 1.676054e+00 -4.708471e-03
<VARIANCE> 25
 6.516425e+00 3.295233e+01 2.667295e+01 2.473481e+01 2.658105e+01 2.961418e+01 4.030206e+01 2.957199e+01 3.591982e+01 2.987772e+01 2.941023e+01 2.551707e+01 2.539582e-01 7.706735e-01 1.210180e+00 9.784958e-01 2.108433e+00 1.540063e+00 2.059213e+00 1.809350e+00 1.599504e+00 1.536960e+00 1.767341e+00 9.898970e-01 3.314782e-04
<GCONST> 7.963683e+01
<MIXTURE> 90 7.114505e-03
<MEAN> 25
 2.453834e+00 -9.722093e+00 -4.758168e+00 -4.004663e+00 -3.348381e+00 -1.792504e+00 3.350976e+00 1.156932e+00 -7.504630e+00 -1.018721e+01 -3.418459e+00 -7.488410e-01 -1.627565e-01 9.065551e-01 1.165561e+00 -8.498631e-01 -1.608045e+00 -2.103752e-01 6.429901e-01 -2.125969e-01 -1.722835e-01 7.379084e-01 1.848223e-01 -5.494026e-01 -1.119606e-02
<VARIANCE> 25
 8.477049e+00 1.785519e+01 1.977545e+01 2.822685e+01 3.705519e+01 3.218052e+01 3.843053e+01 3.654236e+01 3.535230e+01 2.786868e+01 2.705975e+01 2.605313e+01 2.270164e-01 6.126145e-01 7.881384e-01 1.046248e+00 1.473174e+00 1.586846e+00 1.776708e+00 1.652531e+00 1.810326e+00 1.672398e+00 1.493475e+00 1.311061e+00 2.149285e-04
<GCONST> 7.816856e+01
<MIXTURE> 91 7.852945e-03
<MEAN> 25
 6.123590e+00 -7.877818e+00 -8.464626e+00 -5.939494e+00 3.633248e+00 1.544819e-02 -2.287591e+00 6.160668e-01 5.364288e-01 -1.996930e+00 -3.651788e+00 -4.903312e+00 3.278672e-01 9.615784e-01 3.444643e-01 5.387739e-01 -5.676700e-02 -5.760470e-01 -3.439825e-01 -1.083635e-01 -1.774984e-01 2.464650e-01 -2.097971e-01 2.233353e-01 -3.520579e-02
<VARIANCE> 25
 1.038348e+01 2.393867e+01 1.778310e+01 3.839154e+01 3.100029e+01 5.306273e+01 4.964340e+01 4.402955e+01 4.630039e+01 5.527142e+01 3.685425e+01 3.452048e+01 4.910618e-01 7.978013e-01 1.061318e+00 1.280840e+00 2.122338e+00 2.248505e+00 2.140954e+00 2.469183e+00 2.056590e+00 2.211809e+00 1.998337e+00 1.742818e+00 5.652910e-04
<GCONST> 8.596221e+01
<MIXTURE> 92 7.852945e-03
<MEAN> 25
 6.123590e+00 -7.877818e+00 -8.464626e+00 -5.939494e+00 3.633248e+00 1.544819e-02 -2.287591e+00 6.160668e-01 5.364288e-01 -1.996930e+00 -3.651788e+00 -4.903312e+00 3.278672e-01 9.615784e-01 3.444643e-01 5.387739e-01 -5.676700e-02 -5.760470e-01 -3.439825e-01 -1.083635e-01 -1.774984e-01 2.464650e-01 -2.097971e-01 2.233353e-01 -3.520579e-02
<VARIANCE> 25
 1.038348e+01 2.393867e+01 1.778310e+01 3.839154e+01 3.100029e+01 5.306273e+01 4.964340e+01 4.402955e+01 4.630039e+01 5.527142e+01 3.685425e+01 3.452048e+01 4.910618e-01 7.978013e-01 1.061318e+00 1.280840e+00 2.122338e+00 2.248505e+00 2.140954e+00 2.469183e+00 2.056590e+00 2.211809e+00 1.998337e+00 1.742818e+00 5.652910e-04
<GCONST> 8.596221e+01
<MIXTURE> 93 6.122769e-03
<MEAN> 25
 -6.572719e+00 -8.229517e-01 -2.386011e+00 5.684402e+00 5.920763e+00 3.896077e+00 6.216249e+00 3.781823e+00 4.077106e+00 2.666560e+00 1.673290e+00 3.603415e+00 -5.764630e-02 -1.588871e-01 -2.609411e-01 -3.370911e-01 -3.420210e-01 -2.882278e-01 -1.894470e-01 -1.546781e-01 -1.450666e-01 -1.225028e-01 -9.162475e-02 -5.582011e-02 -1.670455e-05
<VARIANCE> 25
 1.053808e+01 6.359379e+00 7.965990e+00 1.139879e+01 1.123227e+01 1.563978e+01 1.512069e+01 1.683312e+01 1.442317e+01 1.489335e+01 1.701267e+01 1.336351e+01 8.127878e-02 1.541788e-01 2.573786e-01 3.766244e-01 4.940875e-01 6.291466e-01 7.864082e-01 8.766503e-01 9.062719e-01 8.846328e-01 8.838575e-01 9.174022e-01 1.055738e-06
<GCONST> 5.371927e+01
<MIXTURE> 94 6.122769e-03
<MEAN> 25
 -6.572719e+00 -8.229517e-01 -2.386011e+00 5.684402e+00 5.920763e+00 3.896077e+00 6.216249e+00 3.781823e+00 4.077106e+00 2.666560e+00 1.673290e+00 3.603415e+00 -5.764630e-02 -1.588871e-01 -2.609411e-01 -3.370911e-01 -3.420210e-01 -2.882278e-01 -1.894470e-01 -1.546781e-01 -1.450666e-01 -1.225028e-01 -9.162475e-02 -5.582011e-02 -1.670455e-05
<VARIANCE> 25
 1.053808e+01 6.359379e+00 7.965990e+00 1.139879e+01 1.123227e+01 1.563978e+01 1.512069e+01 1.683312e+01 1.442317e+01 1.489335e+01 1.701267e+01 1.336351e+01 8.127878e-02 1.541788e-01 2.573786e-01 3.766244e-01 4.940875e-01 6.291466e-01 7.864082e-01 8.766503e-01 9.062719e-01 8.846328e-01 8.838575e-01 9.174022e-01 1.055738e-06
<GCONST> 5.371927e+01
<MIXTURE> 95 5.258835e-03
<MEAN> 25
 -3.651134e+00 1.044423e+00 -2.200401e+00 4.178395e+00 4.751829e+00 2.534170e+00 5.227345e+00 3.106853e+00 1.323452e+00 2.367481e+00 -2.962222e-01 1.578626e+00 4.863048e-02 1.322615e-01 1.390243e-01 -5.978644e-02 -2.331783e-01 -6.952668e-01 -1.076902e+00 -1.374307e+00 -1.305613e+00 -7.049923e-01 -5.368308e-01 -3.304653e-01 -3.418103e-03
<VARIANCE> 25
 1.136203e+01 7.528069e+00 8.285393e+00 1.011245e+01 1.024679e+01 1.833974e+01 1.876341e+01 1.581347e+01 1.432855e+01 1.577604e+01 1.674976e+01 1.683169e+01 1.725896e-01 2.340312e-01 3.597851e-01 4.560576e-01 6.796842e-01 1.009349e+00 7.417544e-01 8.800539e-01 1.092003e+00 8.774673e-01 8.040916e-01 1.453811e+00 5.996993e-05
<GCONST> 6.138724e+01
<MIXTURE> 96 7.034694e-03
<MEAN> 25
 -4.477937e+00 -7.559876e-02 -1.891266e+00 4.907924e+00 4.283979e+00 2.122151e+00 3.593028e+00 2.086090e+00 2.284514e+00 1.568106e+00 4.520222e-01 2.327652e+00 -5.191407e-02 8.611324e-02 2.230264e-01 4.690479e-01 5.330567e-01 4.168710e-01 2.468706e-01 -1.329123e-01 -5.233002e-01 -6.851262e-01 -6.646712e-01 -1.891363e-01 -5.217419e-05
<VARIANCE> 25
 1.185794e+01 9.626102e+00 1.260691e+01 1.317325e+01 1.474902e+01 2.071782e+01 1.723641e+01 1.890570e+01 1.685283e+01 1.741166e+01 2.181348e+01 1.597557e+01 1.106147e-01 2.019423e-01 2.880243e-01 3.924795e-01 4.486944e-01 6.384854e-01 8.195715e-01 9.754604e-01 1.044941e+00 7.820453e-01 8.680515e-01 1.413712e+00 1.111098e-06
<GCONST> 5.767805e+01
<MIXTURE> 97 7.034694e-03
<MEAN> 25
 -4.477937e+00 -7.559876e-02 -1.891266e+00 4.907924e+00 4.283979e+00 2.122151e+00 3.593028e+00 2.086090e+00 2.284514e+00 1.568106e+00 4.520222e-01 2.327652e+00 -5.191407e-02 8.611324e-02 2.230264e-01 4.690479e-01 5.330567e-01 4.168710e-01 2.468706e-01 -1.329123e-01 -5.233002e-01 -6.851262e-01 -6.646712e-01 -1.891363e-01 -5.217419e-05
<VARIANCE> 25
 1.185794e+01 9.626102e+00 1.260691e+01 1.317325e+01 1.474902e+01 2.071782e+01 1.723641e+01 1.890570e+01 1.685283e+01 1.741166e+01 2.181348e+01 1.597557e+01 1.106147e-01 2.019423e-01 2.880243e-01 3.924795e-01 4.486944e-01 6.384854e-01 8.195715e-01 9.754604e-01 1.044941e+00 7.820453e-01 8.680515e-01 1.413712e+00 1.111098e-06
<GCONST> 5.767805e+01
<MIXTURE> 98 9.917808e-03
<MEAN> 25
 -9.470140e-01 1.309724e+00 -4.210531e-01 4.043937e+00 3.764935e+00 2.196190e+00 2.702379e+00 1.442992e+00 1.310217e+00 1.188185e+00 4.418678e-01 7.891425e-01 -1.612484e+00 -1.242447e+00 -1.015570e+00 2.009732e-01 6.980632e-01 8.187210e-01 1.329465e+00 1.539664e+00 1.537354e+00 1.093120e+00 1.010763e+00 8.222442e-01 -3.515780e-02
<VARIANCE> 25
 1.431054e+01 1.935562e+01 2.895120e+01 3.122460e+01 3.699013e+01 3.363724e+01 3.003198e+01 2.902444e+01 2.428106e+01 2.730119e+01 2.511495e+01 2.137852e+01 1.380159e+00 1.651654e+00 2.154989e+00 2.271642e+00 2.620861e+00 2.686337e+00 2.725179e+00 2.685975e+00 2.486000e+00 2.698273e+00 3.039669e+00 2.140814e+00 2.287012e-03
<GCONST> 8.910712e+01
<MIXTURE> 99 6.696178e-03
<MEAN> 25
 -5.515772e+00 9.210774e+00 4.956787e+00 3.317225e+00 1.101097e+00 -4.377308e+00 -1.480876e+00 -4.023685e+00 -3.100991e+00 -2.382445e+00 -2.184074e+00 -8.106373e-02 5.879678e-01 -7.915037e-01 2.882042e-01 -3.277252e-01 -1.215943e+00 -5.238128e-01 -5.556473e-01 -2.064160e-01 -1.900025e-01 -2.822430e-01 3.242474e-01 3.423019e-01 1.502397e-02
<VARIANCE> 25
 5.109895e+01 2.130712e+01 4.462784e+01 2.609956e+01 3.453878e+01 2.691117e+01 2.417915e+01 2.555887e+01 2.153134e+01 2.596615e+01 2.570945e+01 2.277376e+01 1.995157e+00 1.966890e+00 1.282949e+00 1.616430e+00 2.616988e+00 1.987121e+00 1.677507e+00 1.726047e+00 1.413817e+00 1.426818e+00 1.164441e+00 1.116775e+00 1.505424e-03
<GCONST> 8.523402e+01
<MIXTURE> 100 4.498084e-03
<MEAN> 25
 -1.597045e+00 6.340638e+00 1.027458e+01 -7.460015e+00 -1.077748e+01 -5.076025e+00 -4.941862e+00 -9.965773e+00 -4.721758e+00 -8.568470e-01 -2.734101e+00 -2.707428e+00 2.916125e+00 -1.260736e+00 1.300354e+00 -2.184340e+00 -3.420078e+00 -7.833447e-01 -1.218934e+00 -8.194210e-01 -1.475861e+00 3.452208e-01 -1.653777e+00 -2.853496e-01 2.035501e-03
<VARIANCE> 25
 1.363104e+01 2.107337e+01 2.245792e+01 2.642758e+01 2.304208e+01 2.370820e+01 2.909297e+01 2.171263e+01 2.748840e+01 2.265545e+01 2.239849e+01 2.133626e+01 1.805379e+00 3.952178e+00 2.919643e+00 4.287783e+00 4.182454e+00 4.536435e+00 4.013350e+00 4.338301e+00 4.165814e+00 3.896960e+00 3.913442e+00 3.224207e+00 1.674419e-03
<GCONST> 9.257079e+01
<MIXTURE> 101 6.007792e-03
<MEAN> 25
 7.460669e+00 -3.752374e+00 -5.775948e+00 -6.190567e+00 -1.532778e-01 -1.864523e+00 -1.024430e+01 -4.492488e+00 2.494617e+00 1.588782e+00 -9.954135e-01 -4.601708e+00 6.173086e-01 7.511554e-01 -1.549436e+00 -1.880822e+00 1.054956e+00 2.439793e+00 2.837296e-01 -1.499759e+00 -1.123564e+00 1.057990e+00 1.531794e+00 -4.470430e-01 -4.502297e-03
<VARIANCE> 25
 1.063147e+01 1.542133e+01 2.869472e+01 4.181939e+01 3.834012e+01 3.466280e+01 3.383620e+01 7.152888e+01 3.896093e+01 4.640966e+01 5.873746e+01 2.310565e+01 2.887111e-01 6.718175e-01 1.118063e+00 1.906937e+00 1.516986e+00 1.947687e+00 1.938653e+00 2.404953e+00 2.358108e+00 1.953945e+00 1.792584e+00 1.804343e+00 3.304701e-04
<GCONST> 8.426005e+01
<MIXTURE> 102 6.007792e-03
<MEAN> 25
 7.460669e+00 -3.752374e+00 -5.775948e+00 -6.190567e+00 -1.532778e-01 -1.864523e+00 -1.024430e+01 -4.492488e+00 2.494617e+00 1.588782e+00 -9.954135e-01 -4.601708e+00 6.173086e-01 7.511554e-01 -1.549436e+00 -1.880822e+00 1.054956e+00 2.439793e+00 2.837296e-01 -1.499759e+00 -1.123564e+00 1.057990e+00 1.531794e+00 -4.470430e-01 -4.502297e-03
<VARIANCE> 25
 1.063147e+01 1.542133e+01 2.869472e+01 4.181939e+01 3.834012e+01 3.466280e+01 3.383620e+01 7.152888e+01 3.896093e+01 4.640966e+01 5.873746e+01 2.310565e+01 2.887111e-01 6.718175e-01 1.118063e+00 1.906937e+00 1.516986e+00 1.947687e+00 1.938653e+00 2.404953e+00 2.358108e+00 1.953945e+00 1.792584e+00 1.804343e+00 3.304701e-04
<GCONST> 8.426005e+01
<MIXTURE> 103 5.694618e-03
<MEAN> 25
 3.048840e+00 -9.474119e+00 -6.452198e+00 -3.731493e+00 -1.012248e+00 -1.568815e+00 2.036986e+00 2.051986e+00 -4.491309e+00 -8.545318e+00 -4.433930e+00 -3.494008e-02 -8.837041e-02 -1.408381e+00 -8.434128e-01 2.856656e-01 1.313172e+00 1.086383e+00 2.163022e-01 -3.322444e-01 -8.961515e-01 -8.752134e-01 3.247340e-02 1.957373e-01 2.500210e-02
<VARIANCE> 25
 1.030368e+01 2.129038e+01 2.304622e+01 3.192822e+01 4.563613e+01 3.314898e+01 4.391301e+01 3.589125e+01 4.109062e+01 3.083511e+01 3.036722e+01 2.585271e+01 7.242199e-01 1.194939e+00 1.833740e+00 2.006887e+00 2.751184e+00 2.239980e+00 2.668989e+00 2.542540e+00 2.480237e+00 2.325868e+00 1.938660e+00 2.038815e+00 7.785591e-04
<GCONST> 8.729379e+01
<MIXTURE> 104 5.694618e-03
<MEAN> 25
 3.048840e+00 -9.474119e+00 -6.452198e+00 -3.731493e+00 -1.012248e+00 -1.568815e+00 2.036986e+00 2.051986e+00 -4.491309e+00 -8.545318e+00 -4.433930e+00 -3.494008e-02 -8.837041e-02 -1.408381e+00 -8.434128e-01 2.856656e-01 1.313172e+00 1.086383e+00 2.163022e-01 -3.322444e-01 -8.961515e-01 -8.752134e-01 3.247340e-02 1.957373e-01 2.500210e-02
<VARIANCE> 25
 1.030368e+01 2.129038e+01 2.304622e+01 3.192822e+01 4.563613e+01 3.314898e+01 4.391301e+01 3.589125e+01 4.109062e+01 3.083511e+01 3.036722e+01 2.585271e+01 7.242199e-01 1.194939e+00 1.833740e+00 2.006887e+00 2.751184e+00 2.239980e+00 2.668989e+00 2.542540e+00 2.480237e+00 2.325868e+00 1.938660e+00 2.038815e+00 7.785591e-04
<GCONST> 8.729379e+01
<MIXTURE> 105 4.710235e-03
<MEAN> 25
 2.147308e+00 -1.965905e+00 8.852993e+00 1.402464e+00 -1.256338e+01 -5.008781e+00 -5.333956e+00 -2.213740e+00 -3.673356e+00 -4.638042e+00 2.227589e+00 -1.285424e-01 -1.126375e-02 -2.061580e-02 5.675124e-02 -4.717321e-02 1.525800e-01 -5.523024e-02 -1.084763e-01 3.304888e-02 7.045488e-02 9.799327e-02 -6.427239e-02 5.652842e-02 -4.826803e-04
<VARIANCE> 25
 1.002618e+01 2.202226e+01 3.438533e+01 7.526479e+01 3.450240e+01 4.388823e+01 3.879781e+01 4.400487e+01 2.868760e+01 3.530962e+01 3.359057e+01 2.552396e+01 8.419752e-02 1.538925e-01 3.121294e-01 2.823125e-01 4.506195e-01 5.207506e-01 6.892834e-01 4.291209e-01 4.707406e-01 4.245204e-01 4.274550e-01 3.575618e-01 1.128403e-04
<GCONST> 6.562161e+01
<MIXTURE> 106 4.710235e-03
<MEAN> 25
 2.147308e+00 -1.965905e+00 8.852993e+00 1.402464e+00 -1.256338e+01 -5.008781e+00 -5.333956e+00 -2.213740e+00 -3.673356e+00 -4.638042e+00 2.227589e+00 -1.285424e-01 -1.126375e-02 -2.061580e-02 5.675124e-02 -4.717321e-02 1.525800e-01 -5.523024e-02 -1.084763e-01 3.304888e-02 7.045488e-02 9.799327e-02 -6.427239e-02 5.652842e-02 -4.826803e-04
<VARIANCE> 25
 1.002618e+01 2.202226e+01 3.438533e+01 7.526479e+01 3.450240e+01 4.388823e+01 3.879781e+01 4.400487e+01 2.868760e+01 3.530962e+01 3.359057e+01 2.552396e+01 8.419752e-02 1.538925e-01 3.121294e-01 2.823125e-01 4.506195e-01 5.207506e-01 6.892834e-01 4.291209e-01 4.707406e-01 4.245204e-01 4.274550e-01 3.575618e-01 1.128403e-04
<GCONST> 6.562161e+01
<MIXTURE> 107 5.452374e-03
<MEAN> 25
 8.648611e+00 -2.322862e+00 -8.022718e+00 -9.521960e+00 1.939270e+00 2.975364e+00 -8.614959e+00 -4.578614e+00 -9.141985e-01 3.401674e+00 9.230109e-01 -5.050871e+00 -6.188896e-01 -7.437504e-01 8.371183e-01 1.765894e+00 2.396501e-01 -2.002374e+00 -9.311801e-01 8.293368e-01 1.769639e+00 6.934388e-02 -1.656404e+00 -8.037741e-01 -2.089630e-03
<VARIANCE> 25
 9.220916e+00 2.039580e+01 2.811774e+01 4.256683e+01 3.561083e+01 3.822589e+01 5.100043e+01 3.626974e+01 4.546406e+01 4.138583e+01 5.154206e+01 3.021212e+01 3.687449e-01 1.029830e+00 1.453590e+00 2.396821e+00 2.291353e+00 2.808054e+00 2.602643e+00 2.563231e+00 2.291257e+00 3.076676e+00 1.933115e+00 2.217642e+00 7.060673e-04
<GCONST> 8.809277e+01
<MIXTURE> 108 5.452374e-03
<MEAN> 25
 8.648611e+00 -2.322862e+00 -8.022718e+00 -9.521960e+00 1.939270e+00 2.975364e+00 -8.614959e+00 -4.578614e+00 -9.141985e-01 3.401674e+00 9.230109e-01 -5.050871e+00 -6.188896e-01 -7.437504e-01 8.371183e-01 1.765894e+00 2.396501e-01 -2.002374e+00 -9.311801e-01 8.293368e-01 1.769639e+00 6.934388e-02 -1.656404e+00 -8.037741e-01 -2.089630e-03
<VARIANCE> 25
 9.220916e+00 2.039580e+01 2.811774e+01 4.256683e+01 3.561083e+01 3.822589e+01 5.100043e+01 3.626974e+01 4.546406e+01 4.138583e+01 5.154206e+01 3.021212e+01 3.687449e-01 1.029830e+00 1.453590e+00 2.396821e+00 2.291353e+00 2.808054e+00 2.602643e+00 2.563231e+00 2.291257e+00 3.076676e+00 1.933115e+00 2.217642e+00 7.060673e-04
<GCONST> 8.809277e+01
<MIXTURE> 109 6.661064e-03
<MEAN> 25
 3.956219e+00 -1.008502e+01 -8.271368e+00 -1.695519e+00 2.964590e+00 1.611938e-01 1.529505e-02 1.446768e+00 -2.481630e+00 -7.936472e+00 -5.401327e+00 -1.315194e-01 -2.940385e-02 -1.442556e-01 2.019310e-02 2.410314e-01 1.727566e-01 1.090155e-01 -1.502562e-01 -1.742368e-01 -7.169837e-02 -7.829916e-02 2.332516e-01 1.225164e-03 -3.981938e-03
<VARIANCE> 25
 8.924339e+00 2.250911e+01 1.897411e+01 3.201286e+01 3.902382e+01 3.494284e+01 4.400582e+01 3.318655e+01 4.457135e+01 3.573270e+01 2.939409e+01 2.689497e+01 2.058232e-01 4.068850e-01 5.440688e-01 6.243546e-01 1.223456e+00 9.752458e-01 1.225819e+00 1.129378e+00 1.193426e+00 9.591088e-01 8.330896e-01 9.333856e-01 1.774509e-04
<GCONST> 7.439800e+01
<MIXTURE> 110 6.661064e-03
<MEAN> 25
 3.956219e+00 -1.008502e+01 -8.271368e+00 -1.695519e+00 2.964590e+00 1.611938e-01 1.529505e-02 1.446768e+00 -2.481630e+00 -7.936472e+00 -5.401327e+00 -1.315194e-01 -2.940385e-02 -1.442556e-01 2.019310e-02 2.410314e-01 1.727566e-01 1.090155e-01 -1.502562e-01 -1.742368e-01 -7.169837e-02 -7.829916e-02 2.332516e-01 1.225164e-03 -3.981938e-03
<VARIANCE> 25
 8.924339e+00 2.250911e+01 1.897411e+01 3.201286e+01 3.902382e+01 3.494284e+01 4.400582e+01 3.318655e+01 4.457135e+01 3.573270e+01 2.939409e+01 2.689497e+01 2.058232e-01 4.068850e-01 5.440688e-01 6.243546e-01 1.223456e+00 9.752458e-01 1.225819e+00 1.129378e+00 1.193426e+00 9.591088e-01 8.330896e-01 9.333856e-01 1.774509e-04
<GCONST> 7.439800e+01
<MIXTURE> 111 4.337247e-03
<MEAN> 25
 -4.106745e+00 -5.679117e-01 -1.599869e+00 1.809648e+00 1.323420e+00 9.126134e-01 5.611249e-01 4.947733e-01 -1.252749e-01 2.100470e-02 -6.581391e-01 1.962633e+00 -1.276610e-02 -6.136889e-02 -9.451447e-02 -3.142179e-02 -3.717854e-02 -3.233413e-02 5.230142e-02 -7.824803e-02 -1.932174e-01 -2.285700e-01 -2.056572e-01 -5.450561e-02 -7.880153e-05
<VARIANCE> 25
 7.595344e+00 5.700857e+00 1.015095e+01 8.919142e+00 1.336001e+01 2.291154e+01 1.538450e+01 1.343594e+01 1.169850e+01 1.451826e+01 1.307694e+01 1.094605e+01 8.144524e-02 1.702166e-01 2.692513e-01 4.150000e-01 5.333841e-01 7.394001e-01 8.107889e-01 8.166330e-01 9.770254e-01 8.639190e-01 8.534570e-01 9.035201e-01 2.368337e-05
<GCONST> 5.648172e+01
<MIXTURE> 112 4.337247e-03
<MEAN> 25
 -4.106745e+00 -5.679117e-01 -1.599869e+00 1.809648e+00 1.323420e+00 9.126134e-01 5.611249e-01 4.947733e-01 -1.252749e-01 2.100470e-02 -6.581391e-01 1.962633e+00 -1.276610e-02 -6.136889e-02 -9.451447e-02 -3.142179e-02 -3.717854e-02 -3.233413e-02 5.230142e-02 -7.824803e-02 -1.932174e-01 -2.285700e-01 -2.056572e-01 -5.450561e-02 -7.880153e-05
<VARIANCE> 25
 7.595344e+00 5.700857e+00 1.015095e+01 8.919142e+00 1.336001e+01 2.291154e+01 1.538450e+01 1.343594e+01 1.169850e+01 1.451826e+01 1.307694e+01 1.094605e+01 8.144524e-02 1.702166e-01 2.692513e-01 4.150000e-01 5.333841e-01 7.394001e-01 8.107889e-01 8.166330e-01 9.770254e-01 8.639190e-01 8.534570e-01 9.035201e-01 2.368337e-05
<GCONST> 5.648172e+01
<MIXTURE> 113 5.938666e-03
<MEAN> 25
 9.933682e+00 1.616664e+00 -8.614697e+00 -1.693480e+01 -1.392931e+00 5.680109e+00 -5.061975e+00 -1.520601e+00 -5.789600e+00 -7.118747e-01 5.866095e-01 -2.508700e-01 2.324183e-02 3.153621e-03 -9.045864e-02 -8.894573e-02 9.865031e-02 1.809496e-01 5.021725e-02 3.093724e-02 -4.749104e-02 -2.324889e-02 1.651552e-01 7.902347e-03 -1.299327e-03
<VARIANCE> 25
 9.019631e+00 1.646230e+01 2.950276e+01 3.345026e+01 5.497041e+01 3.265555e+01 3.943459e+01 3.859667e+01 3.633733e+01 4.609645e+01 3.723187e+01 2.753830e+01 1.286226e-01 3.191268e-01 3.421966e-01 6.417167e-01 6.062555e-01 6.579688e-01 7.624818e-01 8.343978e-01 9.341317e-01 9.336487e-01 7.097214e-01 7.194403e-01 1.242540e-04
<GCONST> 7.113644e+01
<MIXTURE> 114 5.938666e-03
<MEAN> 25
 9.933682e+00 1.616664e+00 -8.614697e+00 -1.693480e+01 -1.392931e+00 5.680109e+00 -5.061975e+00 -1.520601e+00 -5.789600e+00 -7.118747e-01 5.866095e-01 -2.508700e-01 2.324183e-02 3.153621e-03 -9.045864e-02 -8.894573e-02 9.865031e-02 1.809496e-01 5.021725e-02 3.093724e-02 -4.749104e-02 -2.324889e-02 1.651552e-01 7.902347e-03 -1.299327e-03
<VARIANCE> 25
 9.019631e+00 1.646230e+01 2.950276e+01 3.345026e+01 5.497041e+01 3.265555e+01 3.943459e+01 3.859667e+01 3.633733e+01 4.609645e+01 3.723187e+01 2.753830e+01 1.286226e-01 3.191268e-01 3.421966e-01 6.417167e-01 6.062555e-01 6.579688e-01 7.624818e-01 8.343978e-01 9.341317e-01 9.336487e-01 7.097214e-01 7.194403e-01 1.242540e-04
<GCONST> 7.113644e+01
<MIXTURE> 115 2.935202e-03
<MEAN> 25
 -4.020195e+00 -7.434873e-01 -3.095535e+00 3.654727e+00 2.421528e+00 -4.148073e-01 2.242112e+00 4.223450e-01 1.383526e+00 -2.315363e-04 2.635661e-02 2.678999e+00 3.119663e-02 -7.256529e-02 -2.304208e-01 -4.361358e-01 -6.318784e-01 -6.689492e-01 -5.881438e-01 -5.082532e-01 -4.884555e-01 -4.568583e-01 -3.439535e-01 -1.599808e-01 -1.928017e-06
<VARIANCE> 25
 9.281565e+00 9.882383e+00 1.355685e+01 1.266905e+01 1.347290e+01 1.762139e+01 1.709317e+01 2.081253e+01 1.790447e+01 1.729762e+01 1.925769e+01 1.465496e+01 2.032502e-01 3.450802e-01 4.845526e-01 5.642852e-01 6.338063e-01 7.968924e-01 1.011324e+00 1.130100e+00 1.077754e+00 9.944370e-01 1.024203e+00 1.079763e+00 1.007274e-06
<GCONST> 6.019230e+01
<MIXTURE> 116 2.935202e-03
<MEAN> 25
 -4.020195e+00 -7.434873e-01 -3.095535e+00 3.654727e+00 2.421528e+00 -4.148073e-01 2.242112e+00 4.223450e-01 1.383526e+00 -2.315363e-04 2.635661e-02 2.678999e+00 3.119663e-02 -7.256529e-02 -2.304208e-01 -4.361358e-01 -6.318784e-01 -6.689492e-01 -5.881438e-01 -5.082532e-01 -4.884555e-01 -4.568583e-01 -3.439535e-01 -1.599808e-01 -1.928017e-06
<VARIANCE> 25
 9.281565e+00 9.882383e+00 1.355685e+01 1.266905e+01 1.347290e+01 1.762139e+01 1.709317e+01 2.081253e+01 1.790447e+01 1.729762e+01 1.925769e+01 1.465496e+01 2.032502e-01 3.450802e-01 4.845526e-01 5.642852e-01 6.338063e-01 7.968924e-01 1.011324e+00 1.130100e+00 1.077754e+00 9.944370e-01 1.024203e+00 1.079763e+00 1.007274e-06
<GCONST> 6.019230e+01
<MIXTURE> 117 6.506003e-03
<MEAN> 25
 -4.580736e+00 1.151366e+00 1.026476e+00 9.693336e+00 6.283835e+00 6.253011e+00 6.481017e+00 5.092894e+00 6.346079e+00 4.960747e+00 6.283348e+00 2.688037e+00 -7.385124e-02 -2.271167e-01 -3.537363e-01 -4.119442e-01 -3.634526e-01 -3.003928e-01 -2.859791e-01 -3.294340e-01 -3.864315e-01 -3.685037e-01 -2.595282e-01 -1.135026e-01 -1.164156e-05
<VARIANCE> 25
 7.408155e+00 8.741652e+00 9.798051e+00 1.452218e+01 1.550418e+01 1.523728e+01 1.761416e+01 1.794719e+01 1.633977e+01 1.630064e+01 1.715529e+01 1.462837e+01 2.148151e-01 3.086118e-01 4.232966e-01 6.183097e-01 8.544912e-01 1.044679e+00 1.170098e+00 1.232632e+00 1.226442e+00 1.188043e+00 1.175285e+00 1.115055e+00 1.000046e-06
<GCONST> 6.043652e+01
<MIXTURE> 118 6.506003e-03
<MEAN> 25
 -4.580736e+00 1.151366e+00 1.026476e+00 9.693336e+00 6.283835e+00 6.253011e+00 6.481017e+00 5.092894e+00 6.346079e+00 4.960747e+00 6.283348e+00 2.688037e+00 -7.385124e-02 -2.271167e-01 -3.537363e-01 -4.119442e-01 -3.634526e-01 -3.003928e-01 -2.859791e-01 -3.294340e-01 -3.864315e-01 -3.685037e-01 -2.595282e-01 -1.135026e-01 -1.164156e-05
<VARIANCE> 25
 7.408155e+00 8.741652e+00 9.798051e+00 1.452218e+01 1.550418e+01 1.523728e+01 1.761416e+01 1.794719e+01 1.633977e+01 1.630064e+01 1.715529e+01 1.462837e+01 2.148151e-01 3.086118e-01 4.232966e-01 6.183097e-01 8.544912e-01 1.044679e+00 1.170098e+00 1.232632e+00 1.226442e+00 1.188043e+00 1.175285e+00 1.115055e+00 1.000046e-06
<GCONST> 6.043652e+01
<MIXTURE> 119 4.297961e-03
<MEAN> 25
 -4.967340e+00 -7.617974e+00 2.226635e+00 2.017171e+00 2.246637e+00 2.153607e-01 5.279159e+00 5.938494e+00 1.163064e+00 9.760585e-01 6.601027e+00 1.567275e+00 -4.940434e-02 -7.923909e-02 3.683744e-02 -5.662270e-02 -1.258494e-01 -1.798442e-01 -6.864829e-02 -1.455647e-02 -9.196301e-02 -1.125247e-01 -5.583792e-02 -5.843910e-02 1.103394e-03
<VARIANCE> 25
 8.525357e+00 9.954340e+00 1.656164e+01 2.015261e+01 2.286100e+01 2.320901e+01 2.498047e+01 2.648379e+01 2.502060e+01 2.806968e+01 2.046705e+01 2.041966e+01 1.605320e-01 2.823362e-01 4.598297e-01 6.322083e-01 8.024305e-01 1.004920e+00 1.099077e+00 1.277980e+00 1.286013e+00 1.244525e+00 1.191298e+00 1.113142e+00 2.314453e-04
<GCONST> 6.973325e+01
<MIXTURE> 120 4.297961e-03
<MEAN> 25
 -4.967340e+00 -7.617974e+00 2.226635e+00 2.017171e+00 2.246637e+00 2.153607e-01 5.279159e+00 5.938494e+00 1.163064e+00 9.760585e-01 6.601027e+00 1.567275e+00 -4.940434e-02 -7.923909e-02 3.683744e-02 -5.662270e-02 -1.258494e-01 -1.798442e-01 -6.864829e-02 -1.455647e-02 -9.196301e-02 -1.125247e-01 -5.583792e-02 -5.843910e-02 1.103394e-03
<VARIANCE> 25
 8.525357e+00 9.954340e+00 1.656164e+01 2.015261e+01 2.286100e+01 2.320901e+01 2.498047e+01 2.648379e+01 2.502060e+01 2.806968e+01 2.046705e+01 2.041966e+01 1.605320e-01 2.823362e-01 4.598297e-01 6.322083e-01 8.024305e-01 1.004920e+00 1.099077e+00 1.277980e+00 1.286013e+00 1.244525e+00 1.191298e+00 1.113142e+00 2.314453e-04
<GCONST> 6.973325e+01
<MIXTURE> 121 4.567511e-03
<MEAN> 25
 2.087815e-01 -2.522183e+00 5.153612e+00 -1.289331e+01 -1.264134e+01 -1.663285e+00 9.963175e-01 -5.108644e+00 -4.200736e+00 -4.914251e-01 -5.508131e+00 -4.309720e+00 2.393021e-02 1.327420e-01 -4.146570e-02 7.968751e-02 1.586209e-01 7.841364e-02 -7.938147e-02 -1.836622e-01 -2.687193e-01 -2.569241e-01 -1.133463e-01 1.077564e-03 -7.438793e-03
<VARIANCE> 25
 7.742531e+00 1.562817e+01 1.728036e+01 2.047157e+01 2.444819e+01 2.924364e+01 2.953898e+01 2.459774e+01 3.526783e+01 2.833527e+01 1.973681e+01 2.118856e+01 1.550744e-01 6.429273e-01 6.231641e-01 7.046998e-01 7.701538e-01 1.149676e+00 1.117539e+00 1.120847e+00 1.216810e+00 1.193093e+00 9.430600e-01 8.713810e-01 2.107967e-04
<GCONST> 7.140184e+01
<MIXTURE> 122 4.567511e-03
<MEAN> 25
 2.087815e-01 -2.522183e+00 5.153612e+00 -1.289331e+01 -1.264134e+01 -1.663285e+00 9.963175e-01 -5.108644e+00 -4.200736e+00 -4.914251e-01 -5.508131e+00 -4.309720e+00 2.393021e-02 1.327420e-01 -4.146570e-02 7.968751e-02 1.586209e-01 7.841364e-02 -7.938147e-02 -1.836622e-01 -2.687193e-01 -2.569241e-01 -1.133463e-01 1.077564e-03 -7.438793e-03
<VARIANCE> 25
 7.742531e+00 1.562817e+01 1.728036e+01 2.047157e+01 2.444819e+01 2.924364e+01 2.953898e+01 2.459774e+01 3.526783e+01 2.833527e+01 1.973681e+01 2.118856e+01 1.550744e-01 6.429273e-01 6.231641e-01 7.046998e-01 7.701538e-01 1.149676e+00 1.117539e+00 1.120847e+00 1.216810e+00 1.193093e+00 9.430600e-01 8.713810e-01 2.107967e-04
<GCONST> 7.140184e+01
<MIXTURE> 123 4.393044e-03
<MEAN> 25
 -2.994067e+00 1.886856e+00 -2.890661e-01 5.569476e+00 5.636616e+00 2.881260e+00 3.644522e+00 1.670657e+00 4.245680e-01 7.916968e-01 -1.235224e+00 6.854628e-01 -3.735690e-01 -6.363868e-01 -7.636334e-01 -4.409137e-01 -1.377764e-01 7.912130e-03 4.865572e-01 8.505093e-01 8.516083e-01 7.146077e-01 5.413017e-01 3.349092e-01 -2.893205e-03
<VARIANCE> 25
 1.080335e+01 1.040377e+01 1.395402e+01 1.476213e+01 1.845896e+01 2.642753e+01 2.365934e+01 1.994044e+01 1.627654e+01 1.736213e+01 2.302420e+01 1.821682e+01 3.210498e-01 3.289767e-01 4.488434e-01 7.647563e-01 8.988166e-01 1.200743e+00 1.202718e+00 1.255945e+00 1.012601e+00 1.098197e+00 1.637958e+00 1.231625e+00 1.099515e-04
<GCONST> 6.889020e+01
<MIXTURE> 124 4.069876e-03
<MEAN> 25
 -4.750336e+00 1.858488e-02 -2.739930e+00 4.645764e+00 5.609554e+00 3.028570e+00 5.916077e+00 3.874832e+00 2.597725e+00 2.224244e+00 -5.846143e-01 2.405439e+00 -1.762578e-01 -3.519458e-01 -3.234909e-01 -1.905666e-01 1.420153e-01 5.426672e-01 9.099661e-01 9.438244e-01 7.107370e-01 3.502968e-01 3.625527e-02 -9.453668e-02 5.090178e-05
<VARIANCE> 25
 1.393688e+01 8.194055e+00 8.934007e+00 1.001638e+01 1.086634e+01 1.878250e+01 1.482968e+01 1.748668e+01 1.426239e+01 1.517354e+01 2.259327e+01 1.362571e+01 9.880657e-02 1.469174e-01 2.399651e-01 4.614260e-01 6.282496e-01 1.024334e+00 7.448615e-01 8.184239e-01 7.787501e-01 9.045044e-01 1.077952e+00 9.071488e-01 2.231233e-05
<GCONST> 5.871035e+01
<MIXTURE> 125 4.069876e-03
<MEAN> 25
 -4.750336e+00 1.858488e-02 -2.739930e+00 4.645764e+00 5.609554e+00 3.028570e+00 5.916077e+00 3.874832e+00 2.597725e+00 2.224244e+00 -5.846143e-01 2.405439e+00 -1.762578e-01 -3.519458e-01 -3.234909e-01 -1.905666e-01 1.420153e-01 5.426672e-01 9.099661e-01 9.438244e-01 7.107370e-01 3.502968e-01 3.625527e-02 -9.453668e-02 5.090178e-05
<VARIANCE> 25
 1.393688e+01 8.194055e+00 8.934007e+00 1.001638e+01 1.086634e+01 1.878250e+01 1.482968e+01 1.748668e+01 1.426239e+01 1.517354e+01 2.259327e+01 1.362571e+01 9.880657e-02 1.469174e-01 2.399651e-01 4.614260e-01 6.282496e-01 1.024334e+00 7.448615e-01 8.184239e-01 7.787501e-01 9.045044e-01 1.077952e+00 9.071488e-01 2.231233e-05
<GCONST> 5.871035e+01
<MIXTURE> 126 2.402244e-03
<MEAN> 25
 -3.727908e+00 -6.796304e+00 -5.285192e+00 2.278997e+00 4.324761e+00 -3.154018e+00 1.209995e-01 3.598661e+00 3.292999e+00 -2.603030e+00 -1.472900e+00 3.030208e+00 -2.545504e-03 -7.923065e-03 -3.453817e-02 -1.530746e-01 -3.193844e-01 -3.929688e-01 -2.712102e-01 -1.546696e-01 -1.061406e-01 -1.103141e-01 -9.657171e-02 -1.446778e-02 -1.475347e-03
<VARIANCE> 25
 7.561756e+00 1.371225e+01 1.368436e+01 1.508112e+01 2.454407e+01 2.393646e+01 2.267293e+01 2.822943e+01 3.105552e+01 2.650700e+01 2.167829e+01 1.911198e+01 1.717147e-01 3.491887e-01 4.786942e-01 5.620015e-01 7.446636e-01 9.957746e-01 1.111677e+00 1.257388e+00 1.321505e+00 1.297749e+00 1.205729e+00 1.174797e+00 2.116261e-04
<GCONST> 6.983098e+01
<MIXTURE> 127 2.402244e-03
<MEAN> 25
 -3.727908e+00 -6.796304e+00 -5.285192e+00 2.278997e+00 4.324761e+00 -3.154018e+00 1.209995e-01 3.598661e+00 3.292999e+00 -2.603030e+00 -1.472900e+00 3.030208e+00 -2.545504e-03 -7.923065e-03 -3.453817e-02 -1.530746e-01 -3.193844e-01 -3.929688e-01 -2.712102e-01 -1.546696e-01 -1.061406e-01 -1.103141e-01 -9.657171e-02 -1.446778e-02 -1.475347e-03
<VARIANCE> 25
 7.561756e+00 1.371225e+01 1.368436e+01 1.508112e+01 2.454407e+01 2.393646e+01 2.267293e+01 2.822943e+01 3.105552e+01 2.650700e+01 2.167829e+01 1.911198e+01 1.717147e-01 3.491887e-01 4.786942e-01 5.620015e-01 7.446636e-01 9.957746e-01 1.111677e+00 1.257388e+00 1.321505e+00 1.297749e+00 1.205729e+00 1.174797e+00 2.116261e-04
<GCONST> 6.983098e+01
<MIXTURE> 128 3.790457e-03
<MEAN> 25
 -3.814743e+00 1.585678e+00 -3.895327e-01 6.526728e+00 3.860576e+00 1.589480e+00 3.594035e+00 2.481000e+00 3.854829e+00 3.948994e+00 3.440567e+00 3.536599e+00 -4.001293e-01 -2.065135e-01 9.927899e-02 6.861022e-01 1.197912e+00 1.155834e+00 7.680306e-01 1.631496e-01 -4.085846e-01 -7.849069e-01 -6.745665e-01 -3.841918e-01 -1.026659e-04
<VARIANCE> 25
 1.018026e+01 1.132944e+01 1.457806e+01 1.873131e+01 2.088579e+01 2.323539e+01 2.343215e+01 2.416362e+01 2.576231e+01 2.475486e+01 2.862816e+01 1.765476e+01 8.605826e-01 1.108933e+00 1.315705e+00 1.501158e+00 1.537674e+00 1.826399e+00 2.246068e+00 2.277647e+00 2.114747e+00 1.790060e+00 1.707873e+00 1.735698e+00 1.095746e-06
<GCONST> 7.350409e+01
<TRANSP> 3
 0.000000e+00 1.000000e+00 0.000000e+00
 0.000000e+00 9.999990e-01 9.999998e-07
 0.000000e+00 0.000000e+00 0.000000e+00
<ENDHMM>
