~o
<STREAMINFO> 1 25
<VECSIZE> 25<NULLD><MFCC_E_D_N><DIAGC>
~h "jmodel"
<BEGINHMM>
<NUMSTATES> 3
<STATE> 2
<NUMMIXES> 128
<MIXTURE> 1 5.748963e-03
<MEAN> 25
 -2.532588e+00 3.208586e+00 2.188283e+00 8.605342e+00 4.471786e+00 3.310270e+00 3.945677e+00 3.988050e+00 5.928335e+00 5.119069e+00 5.744385e+00 3.009351e+00 -1.932327e+00 -1.583703e+00 -8.343569e-01 1.049466e+00 1.537583e+00 2.198060e+00 2.170613e+00 2.092008e+00 1.728093e+00 1.271283e+00 1.533113e+00 6.219794e-01 -4.464936e-02
<VARIANCE> 25
 9.855275e+00 1.143834e+01 1.500263e+01 1.879124e+01 2.284537e+01 2.231932e+01 2.164582e+01 2.155194e+01 2.071513e+01 2.247476e+01 2.089305e+01 1.702923e+01 1.893433e+00 2.129398e+00 2.980962e+00 3.135842e+00 3.642138e+00 3.311812e+00 3.232388e+00 3.283406e+00 3.482981e+00 3.651463e+00 3.467001e+00 2.753495e+00 3.180934e-03
<GCONST> 8.824073e+01
<MIXTURE> 2 4.549242e-03
<MEAN> 25
 -4.818805e+00 1.330520e+00 9.513884e-01 9.834259e+00 6.709693e+00 7.379385e+00 7.813297e+00 6.961017e+00 8.354741e+00 6.329967e+00 7.534071e+00 3.059922e+00 -6.202754e-02 3.901716e-02 1.399893e-01 2.240941e-01 2.634699e-01 2.848461e-01 2.901046e-01 3.207670e-01 3.533855e-01 3.097524e-01 1.980016e-01 7.657132e-02 -3.034949e-06
<VARIANCE> 25
 7.112447e+00 8.842909e+00 1.067173e+01 1.609433e+01 1.708934e+01 1.558915e+01 1.689059e+01 1.844571e+01 1.647853e+01 1.744493e+01 1.868231e+01 1.429211e+01 1.241326e-01 2.268621e-01 3.355456e-01 4.662555e-01 6.444601e-01 8.113539e-01 9.306605e-01 9.990886e-01 1.062839e+00 1.075843e+00 1.068699e+00 1.007145e+00 1.028838e-06
<GCONST> 5.808398e+01
<MIXTURE> 3 4.549242e-03
<MEAN> 25
 -4.818805e+00 1.330520e+00 9.513884e-01 9.834259e+00 6.709693e+00 7.379385e+00 7.813297e+00 6.961017e+00 8.354741e+00 6.329967e+00 7.534071e+00 3.059922e+00 -6.202754e-02 3.901716e-02 1.399893e-01 2.240941e-01 2.634699e-01 2.848461e-01 2.901046e-01 3.207670e-01 3.533855e-01 3.097524e-01 1.980016e-01 7.657132e-02 -3.034949e-06
<VARIANCE> 25
 7.112447e+00 8.842909e+00 1.067173e+01 1.609433e+01 1.708934e+01 1.558915e+01 1.689059e+01 1.844571e+01 1.647853e+01 1.744493e+01 1.868231e+01 1.429211e+01 1.241326e-01 2.268621e-01 3.355456e-01 4.662555e-01 6.444601e-01 8.113539e-01 9.306605e-01 9.990886e-01 1.062839e+00 1.075843e+00 1.068699e+00 1.007145e+00 1.028838e-06
<GCONST> 5.808398e+01
<MIXTURE> 4 1.671429e-02
<MEAN> 25
 2.007907e+00 3.467524e+00 -4.049394e+00 -1.192320e+00 4.476990e+00 -6.958392e-01 -6.556988e-01 -2.086673e+00 -9.679044e-01 2.213819e+00 -9.330835e-01 2.916300e-01 -3.129897e+00 1.795957e+00 1.234074e+00 3.531045e+00 9.482825e-01 -1.000609e+00 1.833674e+00 9.383398e-01 1.118429e+00 2.964785e-01 8.728054e-01 6.827975e-01 -8.424683e-02
<VARIANCE> 25
 2.185707e+01 3.143488e+01 2.568098e+01 3.892704e+01 3.377309e+01 5.655678e+01 5.853244e+01 5.627201e+01 6.013289e+01 4.612752e+01 4.131197e+01 3.410037e+01 2.502845e+00 4.394137e+00 3.181499e+00 4.251058e+00 4.170854e+00 8.888560e+00 4.901828e+00 4.285038e+00 4.790069e+00 5.429020e+00 5.289228e+00 3.469511e+00 4.983658e-03
<GCONST> 1.027462e+02
<MIXTURE> 5 3.206198e-03
<MEAN> 25
 -3.393321e+00 2.207146e+00 5.760219e-01 9.348174e+00 6.690412e+00 6.258662e+00 7.075155e+00 4.705455e+00 5.464629e+00 3.855173e+00 4.620421e+00 2.562019e+00 -3.238742e-01 7.388144e-01 1.216114e+00 1.029010e+00 3.063399e-01 -1.027137e-01 -9.473959e-02 2.576715e-02 4.565571e-01 6.897545e-01 4.035372e-01 8.070662e-02 -3.860313e-05
<VARIANCE> 25
 1.028821e+01 1.389086e+01 2.341947e+01 2.590730e+01 2.008438e+01 1.954273e+01 2.016294e+01 2.031942e+01 2.140779e+01 2.112557e+01 2.418579e+01 1.641722e+01 1.199563e+00 1.252035e+00 1.352051e+00 1.662148e+00 2.263794e+00 2.379869e+00 2.313170e+00 2.267925e+00 2.297126e+00 2.234448e+00 2.071199e+00 1.882052e+00 1.042597e-06
<GCONST> 7.518392e+01
<MIXTURE> 6 5.475854e-03
<MEAN> 25
 8.889224e+00 -2.225423e+00 -4.757514e+00 -1.119639e+01 -4.459016e+00 8.825491e+00 -8.638521e+00 -7.373554e+00 -4.556015e+00 1.331326e+00 5.762349e+00 -9.917434e-01 4.436293e-01 8.639292e-01 -2.940672e-01 -1.720934e+00 -2.784963e-01 1.541926e+00 1.247112e+00 5.275407e-01 -1.396051e+00 -1.040527e+00 1.897337e-01 1.361145e+00 -9.886749e-03
<VARIANCE> 25
 9.408297e+00 2.276648e+01 2.696583e+01 3.648885e+01 4.479984e+01 3.606845e+01 5.284094e+01 4.356497e+01 3.378575e+01 3.645161e+01 4.030513e+01 2.568822e+01 4.560784e-01 7.079524e-01 9.583669e-01 2.334815e+00 1.759107e+00 2.779257e+00 1.898566e+00 1.900135e+00 1.945467e+00 1.675964e+00 2.162137e+00 1.662602e+00 5.707175e-04
<GCONST> 8.493080e+01
<MIXTURE> 7 5.475854e-03
<MEAN> 25
 8.889224e+00 -2.225423e+00 -4.757514e+00 -1.119639e+01 -4.459016e+00 8.825491e+00 -8.638521e+00 -7.373554e+00 -4.556015e+00 1.331326e+00 5.762349e+00 -9.917434e-01 4.436293e-01 8.639292e-01 -2.940672e-01 -1.720934e+00 -2.784963e-01 1.541926e+00 1.247112e+00 5.275407e-01 -1.396051e+00 -1.040527e+00 1.897337e-01 1.361145e+00 -9.886749e-03
<VARIANCE> 25
 9.408297e+00 2.276648e+01 2.696583e+01 3.648885e+01 4.479984e+01 3.606845e+01 5.284094e+01 4.356497e+01 3.378575e+01 3.645161e+01 4.030513e+01 2.568822e+01 4.560784e-01 7.079524e-01 9.583669e-01 2.334815e+00 1.759107e+00 2.779257e+00 1.898566e+00 1.900135e+00 1.945467e+00 1.675964e+00 2.162137e+00 1.662602e+00 5.707175e-04
<GCONST> 8.493080e+01
<MIXTURE> 8 1.165917e-02
<MEAN> 25
 -4.559445e+00 1.443386e+00 1.214834e+00 9.287882e+00 6.505850e+00 5.958136e+00 6.286059e+00 5.660045e+00 6.506615e+00 5.641931e+00 6.500977e+00 2.978069e+00 -6.373987e-01 -1.453727e+00 -1.038976e+00 -1.704933e+00 -2.654445e-01 -9.079958e-01 -1.810077e-01 -3.377157e-01 -2.271427e-01 -1.641514e-01 -2.164082e-01 4.864005e-02 9.719799e-02
<VARIANCE> 25
 9.688616e+00 9.768366e+00 1.146631e+01 1.728755e+01 1.616850e+01 1.752895e+01 1.886081e+01 1.711904e+01 1.712567e+01 1.722149e+01 1.917361e+01 1.430706e+01 2.666909e+00 2.775343e+00 3.830547e+00 3.661297e+00 3.395250e+00 3.243342e+00 3.014659e+00 3.092664e+00 2.856336e+00 2.585933e+00 2.386565e+00 1.895580e+00 6.522119e-03
<GCONST> 8.626213e+01
<MIXTURE> 9 1.199672e-02
<MEAN> 25
 7.635659e+00 3.118722e+00 -3.188572e+00 -1.292879e+01 -6.254412e+00 6.492897e+00 -1.561570e+00 -4.243615e+00 -6.359422e+00 -4.255371e+00 2.231691e+00 -1.743817e+00 1.047699e+00 -5.456302e-01 -4.844286e-01 -2.618327e+00 -1.904173e+00 1.149388e+00 -7.591686e-01 -9.944370e-01 -4.909001e-01 -8.476018e-01 9.981592e-01 -6.650584e-02 8.060504e-02
<VARIANCE> 25
 9.395578e+00 2.233895e+01 3.376762e+01 4.390370e+01 6.620862e+01 3.203916e+01 3.276657e+01 3.619344e+01 6.374015e+01 5.224689e+01 3.061154e+01 2.839578e+01 1.975629e+00 2.144076e+00 2.960647e+00 4.981174e+00 4.831610e+00 4.072352e+00 2.615436e+00 4.855851e+00 3.524854e+00 4.462937e+00 2.978395e+00 2.878655e+00 2.167481e-03
<GCONST> 9.663731e+01
<MIXTURE> 10 6.596976e-03
<MEAN> 25
 8.298936e-01 7.629263e+00 5.368480e+00 7.116932e+00 1.584715e+00 -2.106253e+00 -5.389875e-01 -1.695179e+00 8.551633e-01 8.418199e-01 8.410968e-01 6.585222e-01 -1.921626e+00 -6.664256e-01 -4.585829e-01 3.030570e+00 2.458503e+00 2.695398e+00 2.374209e+00 2.278588e+00 1.865911e+00 1.541050e+00 2.322031e+00 5.233832e-01 -1.379827e-01
<VARIANCE> 25
 1.961801e+01 2.064290e+01 2.231817e+01 2.922748e+01 3.818092e+01 3.488142e+01 3.519006e+01 3.376257e+01 2.761201e+01 2.910449e+01 2.686708e+01 2.493072e+01 2.232279e+00 3.428223e+00 5.514855e+00 5.163648e+00 5.538748e+00 4.524096e+00 4.684628e+00 4.827271e+00 4.380232e+00 5.008561e+00 4.475163e+00 3.180069e+00 2.696327e-03
<GCONST> 9.745355e+01
<MIXTURE> 11 1.633820e-02
<MEAN> 25
 7.877874e+00 1.981324e+00 3.130163e+00 4.270232e+00 -4.949841e+00 -2.918042e+00 -7.952971e-01 -6.409348e+00 -6.278398e+00 -9.300699e-01 -2.541913e+00 -3.388207e+00 -2.973605e-01 7.279195e-01 2.302101e-01 1.071405e-01 5.332846e-01 1.080405e-01 5.118007e-01 1.671356e-02 -4.305624e-01 -2.744490e-02 -5.986640e-01 1.700546e-02 -2.511824e-02
<VARIANCE> 25
 7.898308e+00 3.794898e+01 1.825817e+01 3.028901e+01 2.999496e+01 3.164855e+01 3.703067e+01 3.301838e+01 3.544159e+01 3.053314e+01 2.507101e+01 2.103117e+01 8.531582e-01 1.043720e+00 1.646769e+00 2.167150e+00 1.938319e+00 1.907191e+00 2.238124e+00 3.013205e+00 1.804364e+00 1.757529e+00 2.402531e+00 1.301525e+00 8.792895e-04
<GCONST> 8.481425e+01
<MIXTURE> 12 5.904134e-03
<MEAN> 25
 1.031211e+01 3.433615e+00 -3.600220e+00 -1.612859e+01 -9.467435e+00 8.589222e+00 -6.548041e-01 -2.316597e+00 -1.586651e+00 -5.725832e+00 2.197177e+00 -6.510110e-02 7.688802e-02 3.608120e-01 2.797214e-02 -2.785299e-01 -1.650510e-01 -7.293208e-02 3.038263e-01 4.147590e-01 -2.623528e-02 -3.082851e-01 -2.894739e-01 7.615425e-02 -6.372161e-03
<VARIANCE> 25
 1.002636e+01 2.351720e+01 2.674137e+01 3.560504e+01 4.381622e+01 3.183980e+01 4.242320e+01 4.674498e+01 4.924723e+01 4.171304e+01 3.607912e+01 3.382617e+01 2.424767e-01 7.018924e-01 6.755327e-01 1.392069e+00 1.250434e+00 1.239437e+00 1.058354e+00 1.285328e+00 1.346662e+00 1.328305e+00 1.343646e+00 9.372317e-01 6.946167e-04
<GCONST> 8.028986e+01
<MIXTURE> 13 5.904134e-03
<MEAN> 25
 1.031211e+01 3.433615e+00 -3.600220e+00 -1.612859e+01 -9.467435e+00 8.589222e+00 -6.548041e-01 -2.316597e+00 -1.586651e+00 -5.725832e+00 2.197177e+00 -6.510110e-02 7.688802e-02 3.608120e-01 2.797214e-02 -2.785299e-01 -1.650510e-01 -7.293208e-02 3.038263e-01 4.147590e-01 -2.623528e-02 -3.082851e-01 -2.894739e-01 7.615425e-02 -6.372161e-03
<VARIANCE> 25
 1.002636e+01 2.351720e+01 2.674137e+01 3.560504e+01 4.381622e+01 3.183980e+01 4.242320e+01 4.674498e+01 4.924723e+01 4.171304e+01 3.607912e+01 3.382617e+01 2.424767e-01 7.018924e-01 6.755327e-01 1.392069e+00 1.250434e+00 1.239437e+00 1.058354e+00 1.285328e+00 1.346662e+00 1.328305e+00 1.343646e+00 9.372317e-01 6.946167e-04
<GCONST> 8.028986e+01
<MIXTURE> 14 6.488954e-03
<MEAN> 25
 -3.759912e+00 1.327160e-01 -5.104530e-01 7.871128e+00 7.582286e+00 6.727596e+00 7.439564e+00 7.326977e+00 7.191428e+00 4.889224e+00 5.715874e+00 4.007000e+00 -2.415989e-01 2.149129e-01 3.643470e-01 3.546104e-01 1.493902e-02 -6.308582e-02 8.827484e-02 9.531800e-02 4.458347e-01 7.400135e-01 6.000635e-01 1.672424e-01 -6.181643e-03
<VARIANCE> 25
 9.270119e+00 1.332747e+01 1.644225e+01 2.021488e+01 1.814267e+01 1.910547e+01 2.134485e+01 1.974262e+01 1.783812e+01 2.108929e+01 2.371747e+01 1.521241e+01 8.393131e-01 1.410369e+00 1.610171e+00 1.736667e+00 2.093375e+00 2.107557e+00 2.171293e+00 2.219042e+00 2.282796e+00 2.528799e+00 1.990056e+00 1.751104e+00 9.999565e-04
<GCONST> 8.062754e+01
<MIXTURE> 15 2.475190e-03
<MEAN> 25
 -4.815470e+00 -2.222603e-01 -3.224158e-01 6.902119e+00 5.915265e+00 5.206731e+00 5.678809e+00 5.255606e+00 5.262035e+00 4.021091e+00 4.829348e+00 2.509053e+00 -9.924854e-02 -2.171540e-02 7.212094e-02 2.312428e-01 4.521313e-01 7.600068e-01 1.050388e+00 1.174410e+00 1.014164e+00 6.880360e-01 3.731612e-01 1.195972e-01 5.852365e-05
<VARIANCE> 25
 8.247019e+00 6.150677e+00 8.584612e+00 1.278882e+01 1.310269e+01 1.459232e+01 1.507217e+01 1.486136e+01 1.383612e+01 1.342793e+01 1.651833e+01 1.242870e+01 1.223685e-01 1.977503e-01 3.242069e-01 5.071447e-01 6.755166e-01 7.689677e-01 7.873558e-01 7.775101e-01 1.007186e+00 1.045068e+00 1.039478e+00 9.601739e-01 3.466236e-05
<GCONST> 5.889287e+01
<MIXTURE> 16 2.475190e-03
<MEAN> 25
 -4.815470e+00 -2.222603e-01 -3.224158e-01 6.902119e+00 5.915265e+00 5.206731e+00 5.678809e+00 5.255606e+00 5.262035e+00 4.021091e+00 4.829348e+00 2.509053e+00 -9.924854e-02 -2.171540e-02 7.212094e-02 2.312428e-01 4.521313e-01 7.600068e-01 1.050388e+00 1.174410e+00 1.014164e+00 6.880360e-01 3.731612e-01 1.195972e-01 5.852365e-05
<VARIANCE> 25
 8.247019e+00 6.150677e+00 8.584612e+00 1.278882e+01 1.310269e+01 1.459232e+01 1.507217e+01 1.486136e+01 1.383612e+01 1.342793e+01 1.651833e+01 1.242870e+01 1.223685e-01 1.977503e-01 3.242069e-01 5.071447e-01 6.755166e-01 7.689677e-01 7.873558e-01 7.775101e-01 1.007186e+00 1.045068e+00 1.039478e+00 9.601739e-01 3.466236e-05
<GCONST> 5.889287e+01
<MIXTURE> 17 9.518312e-03
<MEAN> 25
 3.890048e+00 -4.076588e+00 6.354090e+00 3.401375e+00 -8.811538e+00 -5.932690e+00 -3.914771e+00 -2.292897e+00 -4.561140e+00 -3.833198e+00 -5.138955e-01 2.849113e-01 -7.874829e-01 -9.936045e-01 1.299666e+00 -1.941365e+00 -2.476619e+00 5.328491e-01 1.162790e-02 5.062676e-01 -4.891529e-01 -9.394171e-01 1.037633e+00 7.344558e-01 7.413696e-02
<VARIANCE> 25
 1.780459e+01 3.930152e+01 2.999110e+01 4.830159e+01 5.965374e+01 5.257578e+01 3.357770e+01 4.209132e+01 3.150577e+01 2.769918e+01 1.927654e+01 1.775872e+01 2.283650e+00 2.376294e+00 3.158762e+00 3.185070e+00 5.267921e+00 5.245576e+00 3.093133e+00 3.979111e+00 4.867117e+00 4.562418e+00 2.052684e+00 1.980660e+00 2.245082e-03
<GCONST> 9.592103e+01
<MIXTURE> 18 1.221018e-02
<MEAN> 25
 3.922575e+00 3.262806e+00 6.436625e+00 4.676662e+00 -4.540000e+00 -7.547988e+00 -2.391995e+00 -1.025760e+00 -2.952980e+00 -2.490917e+00 -8.321078e-01 3.671396e-01 -7.437780e-01 2.206150e+00 -3.914070e-01 1.883946e+00 3.055640e+00 1.164283e+00 7.014518e-01 -2.191920e-01 7.047877e-01 5.006155e-01 -5.711292e-01 1.646713e-01 -1.181331e-01
<VARIANCE> 25
 1.566796e+01 2.867981e+01 3.372704e+01 2.450489e+01 3.845725e+01 2.949372e+01 3.303423e+01 3.454346e+01 3.569312e+01 2.944637e+01 2.889806e+01 2.696863e+01 2.306725e+00 2.672969e+00 3.974073e+00 3.620007e+00 3.435635e+00 4.714840e+00 3.990726e+00 4.008829e+00 4.184368e+00 3.522648e+00 3.997860e+00 3.172929e+00 3.498426e-03
<GCONST> 9.607960e+01
<MIXTURE> 19 9.912824e-03
<MEAN> 25
 -1.004639e+01 1.036727e+00 1.126812e-01 -3.994001e-01 3.350279e+00 1.574706e+00 3.052689e+00 2.645210e-01 1.588687e+00 1.186781e+00 7.596310e-01 1.792080e+00 2.144620e+00 1.513622e+00 2.066719e+00 8.482534e-01 -1.371789e+00 -8.613719e-01 -1.149636e+00 -1.497325e+00 -1.439514e+00 -1.341598e+00 -7.950501e-01 -7.551094e-01 1.124730e-03
<VARIANCE> 25
 4.553435e+01 3.259251e+01 4.044919e+01 5.775586e+01 3.171502e+01 2.912456e+01 2.590219e+01 2.711241e+01 2.879486e+01 2.439683e+01 2.455840e+01 1.804604e+01 2.180781e+00 2.078734e+00 2.003192e+00 1.958496e+00 3.070924e+00 2.078201e+00 2.064717e+00 1.954832e+00 1.918732e+00 2.022320e+00 1.896483e+00 1.481829e+00 1.948105e-03
<GCONST> 8.931250e+01
<MIXTURE> 20 6.308331e-03
<MEAN> 25
 -1.438192e+01 7.672434e+00 1.593902e-01 6.346610e+00 4.636634e+00 4.824465e-01 4.826631e+00 3.823041e-01 6.646746e-01 7.606499e-01 2.850097e+00 7.224730e-02 -2.853414e+00 -7.805948e-01 -1.276728e+00 2.913991e-01 1.393253e+00 2.069264e+00 2.190849e+00 1.943469e+00 2.022251e+00 1.978255e+00 1.766037e+00 9.060286e-01 4.058855e-02
<VARIANCE> 25
 1.746802e+01 2.086550e+01 2.990691e+01 3.311378e+01 2.789422e+01 3.209372e+01 2.742805e+01 2.945807e+01 2.480821e+01 2.470113e+01 2.234957e+01 1.987588e+01 2.926090e+00 1.963205e+00 2.177325e+00 2.395360e+00 2.714250e+00 2.059281e+00 2.357106e+00 2.120057e+00 2.038985e+00 2.379820e+00 2.148702e+00 1.638565e+00 1.970741e-03
<GCONST> 8.808783e+01
<MIXTURE> 21 7.928653e-03
<MEAN> 25
 4.260703e+00 -4.808000e+00 5.533393e+00 -1.132562e+00 -1.050281e+01 -8.668778e+00 -3.433317e+00 3.114098e+00 -2.068774e+00 -3.155988e+00 4.118252e-01 2.363776e-01 -8.238314e-01 1.266575e+00 2.461808e+00 -7.533619e-02 -1.529652e+00 2.948466e-01 5.936657e-01 -1.379911e+00 -1.860488e+00 1.909211e-01 1.283550e+00 2.016173e-01 -9.765301e-03
<VARIANCE> 25
 9.390178e+00 1.818281e+01 3.012531e+01 3.228907e+01 2.774003e+01 2.982908e+01 4.382664e+01 4.400420e+01 4.087018e+01 2.872117e+01 3.094841e+01 2.412427e+01 4.798325e-01 9.773443e-01 1.808878e+00 1.205296e+00 2.010151e+00 2.049129e+00 3.614992e+00 2.609152e+00 2.383431e+00 3.321735e+00 1.812323e+00 2.205301e+00 4.647699e-04
<GCONST> 8.539609e+01
<MIXTURE> 22 8.827789e-03
<MEAN> 25
 -1.715530e+01 7.391224e+00 -4.392431e+00 6.916441e+00 4.169891e+00 1.149979e+00 7.666164e+00 2.647382e-01 4.333709e+00 2.932451e+00 4.816165e+00 7.375524e-01 -1.854425e-01 -2.530404e-01 1.493927e-02 -5.392440e-02 2.865260e-02 1.801316e-01 3.843249e-01 3.349937e-01 2.247891e-01 1.225687e-01 1.139116e-02 1.803450e-01 5.822929e-03
<VARIANCE> 25
 7.557746e+00 1.284326e+01 1.426515e+01 2.130430e+01 1.892900e+01 2.296069e+01 2.131627e+01 1.967264e+01 1.892912e+01 1.801415e+01 1.741474e+01 1.195125e+01 1.044773e+00 1.051730e+00 1.225141e+00 1.422515e+00 1.246234e+00 1.620449e+00 2.012705e+00 1.306509e+00 1.536693e+00 1.360879e+00 1.873801e+00 9.387683e-01 1.381135e-03
<GCONST> 7.655932e+01
<MIXTURE> 23 6.455497e-03
<MEAN> 25
 7.772336e+00 2.380580e+00 3.029151e+00 2.429096e+00 -4.825278e+00 -3.147982e+00 -4.161584e+00 -6.277533e+00 -3.450955e+00 -8.819926e-01 -4.016629e+00 -2.228124e+00 3.406662e-02 1.753312e-01 -2.604217e-03 2.726196e-02 2.467817e-02 8.242225e-02 1.579550e-02 -1.542558e-02 2.209099e-02 3.919945e-02 1.623857e-02 4.533983e-02 -4.252990e-03
<VARIANCE> 25
 1.129876e+01 2.310410e+01 2.416861e+01 3.941389e+01 3.798528e+01 5.229263e+01 5.801479e+01 5.586815e+01 4.785637e+01 4.605690e+01 4.694327e+01 3.928302e+01 1.167458e-01 2.943549e-01 3.890695e-01 5.126744e-01 6.219594e-01 7.549581e-01 7.648453e-01 9.041804e-01 8.672619e-01 8.526540e-01 8.416947e-01 7.522470e-01 8.779197e-05
<GCONST> 7.305936e+01
<MIXTURE> 24 6.455497e-03
<MEAN> 25
 7.772336e+00 2.380580e+00 3.029151e+00 2.429096e+00 -4.825278e+00 -3.147982e+00 -4.161584e+00 -6.277533e+00 -3.450955e+00 -8.819926e-01 -4.016629e+00 -2.228124e+00 3.406662e-02 1.753312e-01 -2.604217e-03 2.726196e-02 2.467817e-02 8.242225e-02 1.579550e-02 -1.542558e-02 2.209099e-02 3.919945e-02 1.623857e-02 4.533983e-02 -4.252990e-03
<VARIANCE> 25
 1.129876e+01 2.310410e+01 2.416861e+01 3.941389e+01 3.798528e+01 5.229263e+01 5.801479e+01 5.586815e+01 4.785637e+01 4.605690e+01 4.694327e+01 3.928302e+01 1.167458e-01 2.943549e-01 3.890695e-01 5.126744e-01 6.219594e-01 7.549581e-01 7.648453e-01 9.041804e-01 8.672619e-01 8.526540e-01 8.416947e-01 7.522470e-01 8.779197e-05
<GCONST> 7.305936e+01
<MIXTURE> 25 1.118642e-02
<MEAN> 25
 -7.343951e-01 3.430698e-01 1.519987e+01 2.615379e+00 -1.481727e+01 -2.703207e+00 -5.116855e+00 -4.971800e+00 -8.221094e+00 -7.957673e+00 2.687901e+00 -7.081924e-01 -4.785298e-01 4.390466e-01 1.906389e-01 -1.342243e-01 2.686877e-01 -2.744683e-01 1.340688e-02 -1.180449e-01 -4.755591e-02 -1.555680e-01 -1.216953e-01 -1.979666e-01 2.971820e-04
<VARIANCE> 25
 1.481476e+01 2.482963e+01 1.727296e+01 5.035061e+01 5.242350e+01 5.042248e+01 1.868556e+01 2.550139e+01 2.219569e+01 3.689736e+01 1.787882e+01 2.023549e+01 8.575249e-01 1.019648e+00 1.106797e+00 1.364033e+00 2.890848e+00 2.699118e+00 1.992785e+00 1.572412e+00 1.391873e+00 2.138186e+00 1.107569e+00 1.119451e+00 1.256586e-03
<GCONST> 8.336864e+01
<MIXTURE> 26 7.727677e-03
<MEAN> 25
 1.788742e+00 -6.553176e+00 -9.734705e+00 -2.315116e+00 6.829418e+00 5.310087e+00 3.080514e+00 -1.000928e+00 2.531108e+00 4.551348e-02 -2.402243e+00 -1.520853e+00 -4.932259e-01 6.806006e-01 3.794021e-01 7.999468e-01 3.780625e-01 2.611890e-01 3.591880e-01 4.767560e-01 2.868009e-01 -1.616478e-02 1.209949e-01 3.915427e-01 -5.409918e-02
<VARIANCE> 25
 2.423909e+01 3.313522e+01 2.494782e+01 7.136942e+01 4.160488e+01 4.375961e+01 4.687309e+01 5.033361e+01 3.770504e+01 5.457346e+01 3.730754e+01 4.850678e+01 1.773889e+00 1.995807e+00 1.835173e+00 1.963104e+00 2.440851e+00 2.362579e+00 2.349169e+00 2.953768e+00 2.161106e+00 2.197714e+00 2.403011e+00 1.950329e+00 2.944112e-03
<GCONST> 9.403338e+01
<MIXTURE> 27 7.727677e-03
<MEAN> 25
 1.788742e+00 -6.553176e+00 -9.734705e+00 -2.315116e+00 6.829418e+00 5.310087e+00 3.080514e+00 -1.000928e+00 2.531108e+00 4.551348e-02 -2.402243e+00 -1.520853e+00 -4.932259e-01 6.806006e-01 3.794021e-01 7.999468e-01 3.780625e-01 2.611890e-01 3.591880e-01 4.767560e-01 2.868009e-01 -1.616478e-02 1.209949e-01 3.915427e-01 -5.409918e-02
<VARIANCE> 25
 2.423909e+01 3.313522e+01 2.494782e+01 7.136942e+01 4.160488e+01 4.375961e+01 4.687309e+01 5.033361e+01 3.770504e+01 5.457346e+01 3.730754e+01 4.850678e+01 1.773889e+00 1.995807e+00 1.835173e+00 1.963104e+00 2.440851e+00 2.362579e+00 2.349169e+00 2.953768e+00 2.161106e+00 2.197714e+00 2.403011e+00 1.950329e+00 2.944112e-03
<GCONST> 9.403338e+01
<MIXTURE> 28 5.036674e-03
<MEAN> 25
 -4.963325e+00 5.086822e-01 -1.589626e+00 6.370342e+00 5.451937e+00 3.251783e+00 5.105245e+00 3.268507e+00 3.844387e+00 2.242137e+00 2.039718e+00 2.854063e+00 -1.468561e-01 1.575305e-01 4.749115e-01 7.521724e-01 8.288258e-01 7.389891e-01 5.160424e-01 3.814758e-01 4.764554e-01 4.948567e-01 3.367287e-01 1.658126e-01 -4.678747e-05
<VARIANCE> 25
 1.273149e+01 9.708327e+00 1.112446e+01 1.430268e+01 1.444595e+01 1.653135e+01 1.731757e+01 2.090997e+01 1.633054e+01 1.665572e+01 2.333711e+01 1.470240e+01 2.548366e-01 3.470428e-01 4.188000e-01 4.548638e-01 6.207814e-01 9.437057e-01 1.075842e+00 1.116878e+00 1.072711e+00 9.980441e-01 9.608918e-01 1.059457e+00 1.134754e-06
<GCONST> 6.060741e+01
<MIXTURE> 29 5.036674e-03
<MEAN> 25
 -4.963325e+00 5.086822e-01 -1.589626e+00 6.370342e+00 5.451937e+00 3.251783e+00 5.105245e+00 3.268507e+00 3.844387e+00 2.242137e+00 2.039718e+00 2.854063e+00 -1.468561e-01 1.575305e-01 4.749115e-01 7.521724e-01 8.288258e-01 7.389891e-01 5.160424e-01 3.814758e-01 4.764554e-01 4.948567e-01 3.367287e-01 1.658126e-01 -4.678747e-05
<VARIANCE> 25
 1.273149e+01 9.708327e+00 1.112446e+01 1.430268e+01 1.444595e+01 1.653135e+01 1.731757e+01 2.090997e+01 1.633054e+01 1.665572e+01 2.333711e+01 1.470240e+01 2.548366e-01 3.470428e-01 4.188000e-01 4.548638e-01 6.207814e-01 9.437057e-01 1.075842e+00 1.116878e+00 1.072711e+00 9.980441e-01 9.608918e-01 1.059457e+00 1.134754e-06
<GCONST> 6.060741e+01
<MIXTURE> 30 8.917812e-03
<MEAN> 25
 -2.210088e+00 1.719916e+00 -4.859333e-01 6.460249e+00 7.869123e+00 5.595278e+00 6.631036e+00 7.612575e+00 6.231009e+00 3.742931e+00 3.308777e+00 3.155893e+00 4.775474e-03 7.506005e-02 1.733721e-02 4.657100e-02 -1.336810e-02 2.268810e-02 2.462716e-01 4.989095e-02 -1.370047e-01 8.808261e-03 6.975270e-03 4.902116e-02 -1.455856e-03
<VARIANCE> 25
 5.510970e+00 7.016841e+00 8.135586e+00 1.096578e+01 1.062055e+01 1.342231e+01 1.380909e+01 1.409038e+01 1.505962e+01 1.494611e+01 1.861098e+01 1.306197e+01 8.382376e-02 1.441593e-01 3.073323e-01 4.316151e-01 5.517427e-01 8.038540e-01 8.232861e-01 7.485473e-01 1.064777e+00 8.795033e-01 8.537120e-01 6.943019e-01 7.901851e-05
<GCONST> 5.746599e+01
<MIXTURE> 31 4.136493e-03
<MEAN> 25
 -2.758162e+00 -3.658569e+00 -1.854165e-02 4.100120e+00 4.010059e+00 1.299158e+00 4.695188e+00 6.479653e+00 3.020074e+00 1.579694e+00 5.155125e+00 2.841413e+00 2.626014e-01 4.716382e-01 -2.411746e-01 3.554607e-01 1.443404e-01 3.475869e-01 2.769492e-01 1.213248e-02 3.623229e-01 2.899038e-01 4.630729e-02 1.315519e-01 -1.826101e-02
<VARIANCE> 25
 6.595170e+00 2.031861e+01 1.523462e+01 1.571828e+01 2.267232e+01 2.236584e+01 2.006347e+01 2.310057e+01 2.357388e+01 2.372514e+01 1.988126e+01 1.848555e+01 1.763520e-01 4.363934e-01 5.202168e-01 7.479544e-01 8.919117e-01 1.059203e+00 1.209221e+00 1.461070e+00 1.318488e+00 1.192416e+00 1.141439e+00 1.166112e+00 2.606122e-04
<GCONST> 7.041389e+01
<MIXTURE> 32 4.136493e-03
<MEAN> 25
 -2.758162e+00 -3.658569e+00 -1.854165e-02 4.100120e+00 4.010059e+00 1.299158e+00 4.695188e+00 6.479653e+00 3.020074e+00 1.579694e+00 5.155125e+00 2.841413e+00 2.626014e-01 4.716382e-01 -2.411746e-01 3.554607e-01 1.443404e-01 3.475869e-01 2.769492e-01 1.213248e-02 3.623229e-01 2.899038e-01 4.630729e-02 1.315519e-01 -1.826101e-02
<VARIANCE> 25
 6.595170e+00 2.031861e+01 1.523462e+01 1.571828e+01 2.267232e+01 2.236584e+01 2.006347e+01 2.310057e+01 2.357388e+01 2.372514e+01 1.988126e+01 1.848555e+01 1.763520e-01 4.363934e-01 5.202168e-01 7.479544e-01 8.919117e-01 1.059203e+00 1.209221e+00 1.461070e+00 1.318488e+00 1.192416e+00 1.141439e+00 1.166112e+00 2.606122e-04
<GCONST> 7.041389e+01
<MIXTURE> 33 1.508826e-02
<MEAN> 25
 4.654051e+00 -5.947801e+00 -2.655651e-01 -3.166510e+00 -3.661082e+00 -4.168435e+00 -7.754281e+00 -3.098874e+00 1.562925e-01 3.204349e-01 -2.750103e+00 -3.847498e+00 4.670663e-01 -1.009013e+00 -2.392078e+00 -2.155926e+00 1.455110e+00 1.468840e+00 -8.909779e-01 7.483075e-01 1.591667e+00 7.804141e-01 -2.173329e-01 -1.196870e+00 2.808629e-02
<VARIANCE> 25
 1.607220e+01 2.143058e+01 2.936031e+01 4.084240e+01 3.206683e+01 4.544917e+01 4.121462e+01 5.822334e+01 3.428183e+01 3.403090e+01 2.761676e+01 2.690619e+01 1.363690e+00 2.134886e+00 1.837202e+00 1.905322e+00 2.946487e+00 3.574341e+00 3.575301e+00 5.856775e+00 3.267010e+00 4.695839e+00 3.346874e+00 2.059301e+00 1.317981e-03
<GCONST> 9.336520e+01
<MIXTURE> 34 1.588179e-02
<MEAN> 25
 8.711415e+00 -3.042445e+00 7.663001e-01 2.042016e+00 -4.737533e+00 -2.787521e+00 -5.430473e+00 -6.179737e+00 -3.348680e+00 2.922393e-01 -2.069773e+00 -3.720787e+00 1.725983e-01 1.314407e+00 1.309993e+00 2.546598e+00 -1.075539e-01 -5.963855e-01 8.861576e-01 -9.342859e-01 -1.166903e+00 -1.734926e-01 -5.532799e-01 6.437802e-02 -5.666273e-02
<VARIANCE> 25
 6.627517e+00 3.995832e+01 2.131099e+01 4.789193e+01 3.219608e+01 3.986832e+01 4.503796e+01 4.491709e+01 4.015784e+01 3.321185e+01 3.764055e+01 2.120826e+01 1.177620e+00 1.668066e+00 3.602417e+00 4.212743e+00 4.811315e+00 5.389748e+00 4.371574e+00 5.871497e+00 4.094877e+00 4.164389e+00 3.624516e+00 2.550823e+00 9.255841e-04
<GCONST> 9.507304e+01
<MIXTURE> 35 1.467755e-02
<MEAN> 25
 -2.095272e+00 -4.899627e+00 -9.246521e+00 9.201805e-02 8.758561e+00 2.425250e-02 1.339248e+00 2.259282e+00 1.190991e+00 4.569942e+00 -1.853052e-03 1.542872e+00 5.213297e-01 -1.224281e+00 -1.333598e+00 -1.544996e+00 1.770682e-01 -6.773837e-01 -6.151115e-01 -2.569757e-01 -2.086914e-01 2.125190e-01 -5.187638e-01 -5.116888e-01 1.066300e-01
<VARIANCE> 25
 1.830629e+01 2.821079e+01 4.372160e+01 6.012990e+01 4.449151e+01 5.836334e+01 4.711068e+01 4.320939e+01 5.130483e+01 3.559666e+01 3.394661e+01 2.978520e+01 3.459977e+00 3.434827e+00 6.237683e+00 5.833784e+00 5.313133e+00 6.546434e+00 4.537657e+00 4.684521e+00 5.123235e+00 4.248089e+00 4.120874e+00 3.714922e+00 5.049822e-03
<GCONST> 1.031732e+02
<MIXTURE> 36 1.093293e-02
<MEAN> 25
 3.671796e+00 -5.091417e+00 6.863821e+00 2.376422e+00 -1.093609e+01 -7.733755e+00 -6.093830e+00 5.362769e-01 -2.029390e+00 -2.959174e+00 2.071359e+00 4.619385e-01 3.131750e-01 2.435651e-01 -9.536107e-01 -3.778027e-01 8.605537e-01 4.692206e-01 -4.755663e-01 -3.705078e-02 2.036443e-01 7.711591e-01 -1.847183e-01 -4.598566e-01 -1.832898e-02
<VARIANCE> 25
 1.422259e+01 2.775432e+01 2.003520e+01 1.791743e+01 3.184590e+01 2.663277e+01 3.658630e+01 3.561982e+01 2.951801e+01 3.185226e+01 1.641398e+01 1.883735e+01 4.864702e-01 7.944030e-01 1.102281e+00 1.183120e+00 1.359532e+00 1.338777e+00 2.252500e+00 1.450654e+00 1.836054e+00 2.115545e+00 1.328977e+00 1.570937e+00 5.684705e-04
<GCONST> 8.002232e+01
<MIXTURE> 37 1.246826e-02
<MEAN> 25
 8.976067e-01 7.305309e+00 1.155002e+01 -5.311240e+00 -7.603123e+00 -1.093019e+00 -5.412707e+00 -8.202477e+00 -3.876486e+00 -1.092384e+00 -3.235874e+00 -1.305358e+00 8.495726e-02 6.800809e-01 -1.215448e+00 3.575978e+00 1.907346e+00 -3.463118e-01 1.119633e+00 5.750234e-01 7.758042e-01 -2.600138e-01 3.151378e-01 -8.028682e-02 -9.465174e-02
<VARIANCE> 25
 1.634032e+01 2.774640e+01 3.167175e+01 4.758245e+01 3.443654e+01 3.043204e+01 4.147362e+01 3.419806e+01 3.609788e+01 3.473658e+01 3.686248e+01 2.909062e+01 3.013397e+00 3.212980e+00 3.032245e+00 4.018283e+00 4.301557e+00 3.899870e+00 4.170962e+00 3.731690e+00 3.851780e+00 3.344202e+00 3.998341e+00 2.657358e+00 3.677258e-03
<GCONST> 9.735378e+01
<MIXTURE> 38 1.154525e-02
<MEAN> 25
 -5.260208e+00 7.766355e+00 3.352364e+00 1.249840e+00 2.797004e+00 -7.131874e+00 -1.295030e+00 -3.749393e+00 -3.681260e+00 -1.220321e+00 -1.284788e+00 -7.555993e-01 -4.636249e+00 1.661684e+00 -4.356974e-01 1.976609e+00 1.688776e+00 -5.423469e-01 2.027786e+00 4.380813e-01 6.052048e-01 8.711591e-02 1.083502e+00 5.493928e-01 4.174754e-02
<VARIANCE> 25
 2.987723e+01 2.350789e+01 3.262609e+01 2.634323e+01 4.369921e+01 3.449158e+01 2.762289e+01 3.601212e+01 2.614804e+01 3.695080e+01 2.263631e+01 2.194085e+01 1.817784e+00 3.088217e+00 2.572247e+00 4.023035e+00 4.725060e+00 8.143080e+00 3.739840e+00 3.125681e+00 3.552601e+00 4.614726e+00 4.676734e+00 2.157555e+00 2.008599e-03
<GCONST> 9.562844e+01
<MIXTURE> 39 9.501865e-03
<MEAN> 25
 1.508890e+00 1.966119e+00 9.906380e+00 -8.906068e+00 -1.119778e+01 -9.414016e-01 -3.173332e+00 -6.826622e+00 -5.077378e+00 4.943568e-01 -3.295302e+00 -2.235423e+00 -6.986009e-01 1.450341e+00 1.500184e+00 -1.376659e+00 1.517052e-01 1.168224e+00 -1.179580e+00 -1.156187e+00 4.709855e-01 5.055410e-01 -4.656645e-01 1.259490e-01 -8.935364e-05
<VARIANCE> 25
 1.052035e+01 3.269186e+01 3.280758e+01 3.894736e+01 3.673778e+01 4.297598e+01 4.460778e+01 3.307511e+01 4.116922e+01 3.307591e+01 3.636861e+01 2.865481e+01 6.957410e-01 1.590133e+00 1.633444e+00 2.914647e+00 2.428956e+00 2.882384e+00 2.937140e+00 2.861157e+00 2.460423e+00 2.599596e+00 2.105988e+00 2.083868e+00 1.285558e-03
<GCONST> 9.018124e+01
<MIXTURE> 40 1.030800e-02
<MEAN> 25
 -5.638159e+00 2.784792e+00 -1.421183e+00 5.886004e+00 4.751944e+00 3.599762e+00 4.732758e+00 4.726909e+00 4.861317e+00 3.723505e+00 3.476433e+00 1.531145e+00 -4.654261e-02 -2.325237e-01 -8.627597e-02 -1.596137e-01 -1.161458e-01 -1.777037e-01 7.918044e-03 1.082409e-01 1.341613e-01 7.059786e-02 2.857831e-02 4.449158e-03 2.531140e-03
<VARIANCE> 25
 3.668388e+01 1.421295e+01 1.926467e+01 2.035782e+01 1.832195e+01 1.681122e+01 1.676969e+01 1.752783e+01 1.342817e+01 1.519312e+01 1.697692e+01 1.272039e+01 5.811543e-01 5.598879e-01 6.808570e-01 9.694583e-01 1.000873e+00 1.104837e+00 1.167470e+00 1.326189e+00 1.384744e+00 1.182250e+00 1.075031e+00 1.086568e+00 7.127705e-04
<GCONST> 7.268342e+01
<MIXTURE> 41 6.713375e-03
<MEAN> 25
 1.139239e+00 1.047387e+00 1.026239e+01 -6.510178e+00 -1.101597e+01 -3.599079e+00 -2.801394e+00 -5.474450e+00 -5.220998e+00 1.872239e+00 -1.345328e+00 -7.342222e-01 3.317807e-03 -7.718151e-01 1.548431e+00 -3.385088e+00 -2.250971e+00 -2.736025e-01 -4.579074e-01 -3.532507e-01 -8.318939e-01 9.932951e-01 -9.734539e-01 9.294793e-02 8.429655e-02
<VARIANCE> 25
 1.206277e+01 3.142429e+01 3.338683e+01 4.482006e+01 4.214916e+01 4.016360e+01 3.589621e+01 2.984409e+01 3.418732e+01 3.186789e+01 3.041309e+01 2.516063e+01 3.252682e+00 3.119184e+00 3.667994e+00 3.899157e+00 6.443800e+00 6.215993e+00 4.314970e+00 4.204684e+00 3.752801e+00 4.263324e+00 3.721392e+00 3.142944e+00 2.809145e-03
<GCONST> 9.816277e+01
<MIXTURE> 42 1.106211e-02
<MEAN> 25
 -2.778645e+00 3.644533e+00 3.014109e+00 2.952159e+00 -9.301310e-02 -8.089347e+00 -9.831560e-01 -3.891687e+00 -2.590166e+00 -7.007446e-01 -1.373122e+00 3.853965e-01 4.309012e+00 -1.373926e+00 1.459069e+00 -6.798834e-02 -2.744953e+00 -9.520704e-01 -2.287478e+00 -1.034460e+00 -1.232071e+00 -7.048969e-01 8.124312e-01 -8.237469e-01 1.288717e-02
<VARIANCE> 25
 3.085029e+01 2.033180e+01 3.697137e+01 2.113213e+01 3.464771e+01 3.953032e+01 2.991469e+01 2.461931e+01 2.621865e+01 2.202159e+01 1.890124e+01 1.389459e+01 3.095473e+00 5.334589e+00 4.524474e+00 3.677367e+00 5.823680e+00 4.872403e+00 3.891934e+00 4.230532e+00 5.401623e+00 4.097338e+00 3.648870e+00 2.839745e+00 4.185237e-03
<GCONST> 9.652419e+01
<MIXTURE> 43 7.108249e-03
<MEAN> 25
 3.456345e+00 -6.627260e+00 -1.668696e+00 -4.653460e+00 -7.215652e+00 -3.040516e+00 2.964654e+00 1.343701e+00 -5.160805e+00 -6.657141e+00 -4.200053e+00 -1.680894e+00 1.746038e-01 2.214799e+00 1.809262e+00 1.028666e-02 -1.173499e+00 -9.327977e-01 -8.416281e-01 -7.521023e-01 8.045754e-01 1.396840e+00 3.198081e-01 3.072465e-02 -4.834824e-02
<VARIANCE> 25
 9.160189e+00 2.216956e+01 2.711081e+01 3.450402e+01 3.508684e+01 3.635614e+01 3.781699e+01 4.719870e+01 3.877904e+01 3.548291e+01 2.486264e+01 2.792537e+01 6.622963e-01 1.241915e+00 1.592611e+00 2.498578e+00 2.619165e+00 2.407934e+00 2.456127e+00 2.865599e+00 2.508350e+00 2.467660e+00 2.113003e+00 1.725784e+00 1.028919e-03
<GCONST> 8.772580e+01
<MIXTURE> 44 7.328289e-03
<MEAN> 25
 -1.348374e+01 2.696690e+00 1.629619e+00 -2.201106e+00 2.812765e+00 -3.408603e-03 -1.316801e-01 4.686491e-01 1.306554e+00 7.766183e-01 1.802532e+00 1.337718e+00 -3.026695e-01 4.731944e-02 3.077054e-01 3.695686e-01 -4.880785e-02 3.483226e-01 5.332069e-01 1.526196e-01 3.605466e-01 2.008575e-01 1.086328e-01 1.973306e-01 1.389792e-03
<VARIANCE> 25
 4.088017e+01 3.110028e+01 3.912068e+01 2.566334e+01 2.503728e+01 3.383632e+01 2.051779e+01 3.563826e+01 2.936449e+01 2.653733e+01 2.030783e+01 1.717186e+01 1.017239e+00 1.266581e+00 1.438996e+00 1.435543e+00 1.874128e+00 1.518667e+00 1.420277e+00 1.548119e+00 1.472166e+00 1.776205e+00 1.506161e+00 1.122968e+00 1.232282e-03
<GCONST> 8.345635e+01
<MIXTURE> 45 1.364932e-02
<MEAN> 25
 -1.215386e+01 4.537722e+00 -1.344876e+00 1.950780e+00 5.271907e+00 -2.203147e+00 3.724542e+00 1.711884e+00 2.139433e+00 2.308568e+00 2.245399e+00 1.775812e+00 -2.870238e+00 7.541677e-01 -6.478468e-01 -9.918308e-02 -1.451992e-02 2.689562e-02 4.481390e-01 -9.753439e-02 2.263644e-02 2.529087e-03 3.380713e-01 1.191931e-01 9.732653e-02
<VARIANCE> 25
 3.192199e+01 2.931420e+01 2.649101e+01 3.013991e+01 2.657123e+01 3.868528e+01 2.519088e+01 2.810324e+01 2.572609e+01 2.786563e+01 2.197393e+01 1.513132e+01 2.168908e+00 3.024763e+00 2.748063e+00 2.953250e+00 2.548560e+00 2.330724e+00 2.238971e+00 2.230112e+00 1.854099e+00 2.296789e+00 1.990178e+00 1.638909e+00 4.388725e-03
<GCONST> 8.991721e+01
<MIXTURE> 46 9.336259e-03
<MEAN> 25
 -9.346415e+00 2.714538e+00 7.652846e-01 6.965521e+00 5.721670e+00 2.718495e+00 6.917867e+00 3.697191e+00 5.387301e+00 4.649367e+00 4.585122e+00 2.618987e+00 1.100054e+00 -2.572832e-01 4.806691e-02 9.311721e-01 5.632334e-01 1.014572e+00 4.617278e-01 7.506163e-01 5.832959e-01 3.539026e-01 5.826505e-01 4.897949e-01 -1.034154e-01
<VARIANCE> 25
 3.197542e+01 4.131307e+01 3.598024e+01 4.801602e+01 4.692616e+01 4.051287e+01 3.417858e+01 3.757339e+01 3.189701e+01 2.820446e+01 2.669745e+01 1.908721e+01 3.695349e+00 3.766944e+00 3.563442e+00 3.796867e+00 3.879774e+00 3.613211e+00 3.218719e+00 3.010370e+00 2.890120e+00 2.856898e+00 2.165161e+00 1.636741e+00 7.298090e-03
<GCONST> 9.693700e+01
<MIXTURE> 47 7.116147e-03
<MEAN> 25
 7.008607e+00 -8.137048e+00 -7.435170e+00 -6.837873e+00 1.267724e+00 1.327954e+00 -2.544980e+00 9.161913e-01 2.814912e+00 1.028791e-02 -3.679281e+00 -6.919435e+00 -2.047182e-01 -1.281579e+00 -7.210947e-01 -5.253600e-01 6.191871e-01 7.156342e-01 7.546135e-01 4.514570e-01 2.632325e-01 -8.481935e-01 -5.462142e-01 -3.381335e-01 3.007958e-02
<VARIANCE> 25
 1.064734e+01 2.527968e+01 2.169860e+01 3.239189e+01 3.327316e+01 5.081512e+01 3.917544e+01 3.849372e+01 4.075619e+01 4.163550e+01 4.938923e+01 3.177680e+01 5.189078e-01 1.101369e+00 1.197375e+00 1.810353e+00 1.847910e+00 1.966132e+00 2.153700e+00 2.621854e+00 2.008428e+00 1.921572e+00 1.963419e+00 2.257298e+00 5.099103e-04
<GCONST> 8.613737e+01
<MIXTURE> 48 7.116147e-03
<MEAN> 25
 7.008607e+00 -8.137048e+00 -7.435170e+00 -6.837873e+00 1.267724e+00 1.327954e+00 -2.544980e+00 9.161913e-01 2.814912e+00 1.028791e-02 -3.679281e+00 -6.919435e+00 -2.047182e-01 -1.281579e+00 -7.210947e-01 -5.253600e-01 6.191871e-01 7.156342e-01 7.546135e-01 4.514570e-01 2.632325e-01 -8.481935e-01 -5.462142e-01 -3.381335e-01 3.007958e-02
<VARIANCE> 25
 1.064734e+01 2.527968e+01 2.169860e+01 3.239189e+01 3.327316e+01 5.081512e+01 3.917544e+01 3.849372e+01 4.075619e+01 4.163550e+01 4.938923e+01 3.177680e+01 5.189078e-01 1.101369e+00 1.197375e+00 1.810353e+00 1.847910e+00 1.966132e+00 2.153700e+00 2.621854e+00 2.008428e+00 1.921572e+00 1.963419e+00 2.257298e+00 5.099103e-04
<GCONST> 8.613737e+01
<MIXTURE> 49 5.548473e-03
<MEAN> 25
 -3.880956e+00 1.122926e+00 -4.381645e-01 7.250981e+00 6.182155e+00 4.743798e+00 5.769440e+00 5.102043e+00 4.931115e+00 3.150566e+00 3.354780e+00 2.762439e+00 3.080050e-01 5.876288e-01 6.374204e-01 3.653215e-01 -1.858039e-01 -6.227452e-01 -1.048607e+00 -1.081342e+00 -8.803065e-01 -5.017516e-01 -3.014342e-01 -3.016936e-01 3.249994e-04
<VARIANCE> 25
 1.062060e+01 9.167391e+00 1.248708e+01 1.585350e+01 1.291832e+01 1.616508e+01 1.608483e+01 1.718545e+01 1.647825e+01 1.785415e+01 2.384041e+01 1.293653e+01 2.417704e-01 2.266032e-01 3.242809e-01 5.754924e-01 7.983793e-01 9.309531e-01 9.675232e-01 9.212115e-01 1.002107e+00 1.370471e+00 1.319785e+00 1.124122e+00 1.794702e-05
<GCONST> 6.298145e+01
<MIXTURE> 50 6.234641e-03
<MEAN> 25
 -3.043558e+00 1.343047e+00 -1.593372e+00 5.047365e+00 4.750392e+00 1.932947e+00 3.460352e+00 3.409603e+00 3.202407e+00 9.086447e-01 8.219810e-01 2.728542e+00 3.330895e-02 1.247464e-01 9.919284e-02 -7.940815e-02 -5.640117e-01 -7.261147e-01 -5.491968e-01 -2.846854e-02 4.720991e-01 8.457464e-01 7.863783e-01 4.176064e-01 -6.086912e-05
<VARIANCE> 25
 8.969251e+00 8.847203e+00 9.591473e+00 1.227798e+01 1.237555e+01 1.390916e+01 1.389984e+01 1.702492e+01 1.634098e+01 1.680472e+01 1.827070e+01 1.314238e+01 1.068639e-01 1.918458e-01 3.770220e-01 4.938103e-01 5.604541e-01 7.559499e-01 9.678147e-01 1.304304e+00 9.298254e-01 1.072953e+00 8.172096e-01 9.957404e-01 1.979935e-06
<GCONST> 5.726575e+01
<MIXTURE> 51 6.234641e-03
<MEAN> 25
 -3.043558e+00 1.343047e+00 -1.593372e+00 5.047365e+00 4.750392e+00 1.932947e+00 3.460352e+00 3.409603e+00 3.202407e+00 9.086447e-01 8.219810e-01 2.728542e+00 3.330895e-02 1.247464e-01 9.919284e-02 -7.940815e-02 -5.640117e-01 -7.261147e-01 -5.491968e-01 -2.846854e-02 4.720991e-01 8.457464e-01 7.863783e-01 4.176064e-01 -6.086912e-05
<VARIANCE> 25
 8.969251e+00 8.847203e+00 9.591473e+00 1.227798e+01 1.237555e+01 1.390916e+01 1.389984e+01 1.702492e+01 1.634098e+01 1.680472e+01 1.827070e+01 1.314238e+01 1.068639e-01 1.918458e-01 3.770220e-01 4.938103e-01 5.604541e-01 7.559499e-01 9.678147e-01 1.304304e+00 9.298254e-01 1.072953e+00 8.172096e-01 9.957404e-01 1.979935e-06
<GCONST> 5.726575e+01
<MIXTURE> 52 6.367945e-03
<MEAN> 25
 8.465357e+00 -1.300727e-01 -3.364669e+00 -1.542270e+01 -5.780619e+00 9.286661e+00 -4.176896e+00 -5.224351e+00 -7.051500e+00 -2.479608e+00 4.734648e+00 5.218226e-01 -4.488897e-01 -1.667829e-01 -4.195245e-01 6.487919e-01 1.503630e+00 -4.714084e-01 -7.722574e-01 -7.996017e-01 2.913437e-02 1.431888e+00 3.652523e-01 -2.304556e-01 -4.680299e-03
<VARIANCE> 25
 1.074703e+01 2.577855e+01 2.728530e+01 3.130030e+01 3.415640e+01 3.429813e+01 4.561485e+01 4.237231e+01 3.698166e+01 4.636081e+01 3.037257e+01 2.500647e+01 5.649999e-01 2.114405e+00 1.383917e+00 3.126915e+00 2.008597e+00 2.781086e+00 2.427290e+00 2.640669e+00 2.592012e+00 2.667984e+00 2.550852e+00 2.474301e+00 1.823306e-03
<GCONST> 8.972331e+01
<MIXTURE> 53 6.367945e-03
<MEAN> 25
 8.465357e+00 -1.300727e-01 -3.364669e+00 -1.542270e+01 -5.780619e+00 9.286661e+00 -4.176896e+00 -5.224351e+00 -7.051500e+00 -2.479608e+00 4.734648e+00 5.218226e-01 -4.488897e-01 -1.667829e-01 -4.195245e-01 6.487919e-01 1.503630e+00 -4.714084e-01 -7.722574e-01 -7.996017e-01 2.913437e-02 1.431888e+00 3.652523e-01 -2.304556e-01 -4.680299e-03
<VARIANCE> 25
 1.074703e+01 2.577855e+01 2.728530e+01 3.130030e+01 3.415640e+01 3.429813e+01 4.561485e+01 4.237231e+01 3.698166e+01 4.636081e+01 3.037257e+01 2.500647e+01 5.649999e-01 2.114405e+00 1.383917e+00 3.126915e+00 2.008597e+00 2.781086e+00 2.427290e+00 2.640669e+00 2.592012e+00 2.667984e+00 2.550852e+00 2.474301e+00 1.823306e-03
<GCONST> 8.972331e+01
<MIXTURE> 54 7.368620e-03
<MEAN> 25
 -2.189349e+00 1.528091e+00 -9.288702e-01 6.372459e+00 6.808416e+00 3.971656e+00 4.658377e+00 5.194673e+00 4.573473e+00 2.955843e+00 2.266512e+00 2.410810e+00 -3.273842e-03 2.787369e-02 2.009818e-02 1.031859e-01 3.157210e-02 1.095085e-01 8.509661e-02 -2.891458e-02 9.994341e-02 1.789833e-02 7.940874e-02 -3.889686e-02 -8.045789e-05
<VARIANCE> 25
 6.751508e+00 8.449086e+00 6.487000e+00 1.415798e+01 1.050582e+01 1.067896e+01 9.063457e+00 1.096927e+01 1.135907e+01 1.287736e+01 1.671279e+01 1.225176e+01 3.559766e-02 8.549982e-02 1.720438e-01 2.107569e-01 2.608120e-01 4.908117e-01 5.387799e-01 4.839074e-01 8.161469e-01 5.503304e-01 4.487108e-01 5.131387e-01 1.870770e-06
<GCONST> 4.616784e+01
<MIXTURE> 55 7.368620e-03
<MEAN> 25
 -2.189349e+00 1.528091e+00 -9.288702e-01 6.372459e+00 6.808416e+00 3.971656e+00 4.658377e+00 5.194673e+00 4.573473e+00 2.955843e+00 2.266512e+00 2.410810e+00 -3.273842e-03 2.787369e-02 2.009818e-02 1.031859e-01 3.157210e-02 1.095085e-01 8.509661e-02 -2.891458e-02 9.994341e-02 1.789833e-02 7.940874e-02 -3.889686e-02 -8.045789e-05
<VARIANCE> 25
 6.751508e+00 8.449086e+00 6.487000e+00 1.415798e+01 1.050582e+01 1.067896e+01 9.063457e+00 1.096927e+01 1.135907e+01 1.287736e+01 1.671279e+01 1.225176e+01 3.559766e-02 8.549982e-02 1.720438e-01 2.107569e-01 2.608120e-01 4.908117e-01 5.387799e-01 4.839074e-01 8.161469e-01 5.503304e-01 4.487108e-01 5.131387e-01 1.870770e-06
<GCONST> 4.616784e+01
<MIXTURE> 56 6.132464e-03
<MEAN> 25
 7.288687e+00 -6.884698e+00 -9.016941e+00 -9.050551e+00 3.927068e+00 4.513355e+00 -1.956054e+00 -1.681265e+00 2.247550e+00 6.899976e-01 -1.941072e+00 -7.717470e+00 -5.204025e-02 -2.285521e-02 5.858680e-02 9.547601e-02 2.932776e-01 1.205753e-01 1.177894e-01 -1.084011e-01 -2.875977e-02 2.347077e-02 -3.923587e-02 3.508767e-03 -9.069186e-03
<VARIANCE> 25
 9.258494e+00 2.265936e+01 1.958247e+01 4.052629e+01 3.090133e+01 5.080545e+01 5.715795e+01 3.446422e+01 3.676072e+01 3.467231e+01 4.007504e+01 3.290580e+01 2.092477e-01 4.244850e-01 6.419230e-01 8.694310e-01 7.608574e-01 1.069917e+00 8.385260e-01 8.796077e-01 8.452240e-01 9.112450e-01 9.708334e-01 7.272902e-01 2.624900e-04
<GCONST> 7.488008e+01
<MIXTURE> 57 6.132464e-03
<MEAN> 25
 7.288687e+00 -6.884698e+00 -9.016941e+00 -9.050551e+00 3.927068e+00 4.513355e+00 -1.956054e+00 -1.681265e+00 2.247550e+00 6.899976e-01 -1.941072e+00 -7.717470e+00 -5.204025e-02 -2.285521e-02 5.858680e-02 9.547601e-02 2.932776e-01 1.205753e-01 1.177894e-01 -1.084011e-01 -2.875977e-02 2.347077e-02 -3.923587e-02 3.508767e-03 -9.069186e-03
<VARIANCE> 25
 9.258494e+00 2.265936e+01 1.958247e+01 4.052629e+01 3.090133e+01 5.080545e+01 5.715795e+01 3.446422e+01 3.676072e+01 3.467231e+01 4.007504e+01 3.290580e+01 2.092477e-01 4.244850e-01 6.419230e-01 8.694310e-01 7.608574e-01 1.069917e+00 8.385260e-01 8.796077e-01 8.452240e-01 9.112450e-01 9.708334e-01 7.272902e-01 2.624900e-04
<GCONST> 7.488008e+01
<MIXTURE> 58 6.172147e-03
<MEAN> 25
 2.665107e+00 -5.239209e+00 7.223172e+00 -3.789422e+00 -1.399234e+01 -5.551325e+00 -8.620731e-01 -2.377561e-01 -2.454716e+00 7.264540e-01 1.127821e+00 7.720906e-02 -2.028383e-01 -1.096802e-01 -4.771096e-02 -4.070672e-01 -7.082269e-02 3.591417e-01 2.726074e-01 3.469940e-01 6.218085e-03 1.473180e-01 1.284765e-01 -2.093846e-01 -9.761776e-04
<VARIANCE> 25
 9.309584e+00 2.052464e+01 1.543306e+01 2.591502e+01 2.436504e+01 3.558050e+01 2.994468e+01 3.120787e+01 2.980750e+01 2.385253e+01 1.777919e+01 1.739650e+01 5.331392e-01 7.595242e-01 7.378498e-01 9.662717e-01 7.535467e-01 8.823120e-01 1.074315e+00 1.019704e+00 8.752025e-01 1.018500e+00 9.223214e-01 8.838641e-01 6.928940e-04
<GCONST> 7.394360e+01
<MIXTURE> 59 6.172147e-03
<MEAN> 25
 2.665107e+00 -5.239209e+00 7.223172e+00 -3.789422e+00 -1.399234e+01 -5.551325e+00 -8.620731e-01 -2.377561e-01 -2.454716e+00 7.264540e-01 1.127821e+00 7.720906e-02 -2.028383e-01 -1.096802e-01 -4.771096e-02 -4.070672e-01 -7.082269e-02 3.591417e-01 2.726074e-01 3.469940e-01 6.218085e-03 1.473180e-01 1.284765e-01 -2.093846e-01 -9.761776e-04
<VARIANCE> 25
 9.309584e+00 2.052464e+01 1.543306e+01 2.591502e+01 2.436504e+01 3.558050e+01 2.994468e+01 3.120787e+01 2.980750e+01 2.385253e+01 1.777919e+01 1.739650e+01 5.331392e-01 7.595242e-01 7.378498e-01 9.662717e-01 7.535467e-01 8.823120e-01 1.074315e+00 1.019704e+00 8.752025e-01 1.018500e+00 9.223214e-01 8.838641e-01 6.928940e-04
<GCONST> 7.394360e+01
<MIXTURE> 60 4.479129e-03
<MEAN> 25
 -2.114756e+00 1.468360e+00 -1.303248e+00 3.203202e+00 3.768854e+00 1.638149e+00 2.332507e+00 3.406173e+00 3.021614e+00 8.296238e-01 1.175072e-01 1.511133e+00 -1.101168e-02 8.683975e-02 1.013617e-01 1.637852e-01 1.199272e-01 -1.924607e-03 -4.012126e-02 1.698676e-01 4.430703e-01 6.635410e-01 5.625150e-01 2.645317e-01 3.019336e-04
<VARIANCE> 25
 4.627825e+00 4.068194e+00 6.452246e+00 6.810015e+00 9.433898e+00 1.110479e+01 1.141918e+01 9.690443e+00 1.123724e+01 1.045734e+01 1.351190e+01 1.097600e+01 8.106589e-02 1.572655e-01 2.157358e-01 4.453495e-01 5.562200e-01 6.950784e-01 7.969107e-01 8.339475e-01 8.528534e-01 8.725456e-01 7.631409e-01 8.616616e-01 4.489789e-05
<GCONST> 5.299931e+01
<MIXTURE> 61 4.479129e-03
<MEAN> 25
 -2.114756e+00 1.468360e+00 -1.303248e+00 3.203202e+00 3.768854e+00 1.638149e+00 2.332507e+00 3.406173e+00 3.021614e+00 8.296238e-01 1.175072e-01 1.511133e+00 -1.101168e-02 8.683975e-02 1.013617e-01 1.637852e-01 1.199272e-01 -1.924607e-03 -4.012126e-02 1.698676e-01 4.430703e-01 6.635410e-01 5.625150e-01 2.645317e-01 3.019336e-04
<VARIANCE> 25
 4.627825e+00 4.068194e+00 6.452246e+00 6.810015e+00 9.433898e+00 1.110479e+01 1.141918e+01 9.690443e+00 1.123724e+01 1.045734e+01 1.351190e+01 1.097600e+01 8.106589e-02 1.572655e-01 2.157358e-01 4.453495e-01 5.562200e-01 6.950784e-01 7.969107e-01 8.339475e-01 8.528534e-01 8.725456e-01 7.631409e-01 8.616616e-01 4.489789e-05
<GCONST> 5.299931e+01
<MIXTURE> 62 3.278034e-03
<MEAN> 25
 -4.885965e+00 1.331726e+00 9.994408e-01 8.551861e+00 5.974057e+00 4.746085e+00 5.365317e+00 4.203063e+00 4.943367e+00 3.797779e+00 4.756083e+00 2.850592e+00 -9.955623e-01 -1.168875e+00 -8.953149e-01 -2.908603e-01 4.165002e-01 1.026406e+00 1.405327e+00 1.549527e+00 1.512211e+00 1.224993e+00 1.027764e+00 7.227873e-01 -1.246147e-03
<VARIANCE> 25
 1.058477e+01 9.825488e+00 1.274557e+01 1.800454e+01 1.786962e+01 1.968180e+01 1.953571e+01 1.940932e+01 1.836643e+01 1.858642e+01 2.219880e+01 1.454824e+01 3.938619e-01 4.306638e-01 6.299486e-01 7.588059e-01 1.007491e+00 1.169950e+00 1.242804e+00 1.244134e+00 1.349178e+00 1.330114e+00 1.393428e+00 1.336634e+00 1.594769e-05
<GCONST> 6.768678e+01
<MIXTURE> 63 4.351215e-03
<MEAN> 25
 -1.761123e+00 1.238348e+00 -3.078890e+00 2.326089e+00 4.582148e+00 1.202145e-01 3.048282e+00 4.267605e+00 3.450409e+00 -1.486458e-01 -1.704785e+00 1.947667e+00 -1.418263e-02 2.026576e-01 2.878858e-01 4.528270e-01 5.420831e-01 4.819695e-01 4.226479e-01 1.692251e-01 9.470843e-02 2.743898e-01 1.664667e-01 1.333389e-01 2.644670e-04
<VARIANCE> 25
 5.336645e+00 8.633074e+00 9.037722e+00 8.350626e+00 1.090295e+01 1.531853e+01 1.306212e+01 1.620684e+01 1.744604e+01 1.425332e+01 1.231829e+01 1.392447e+01 2.089615e-01 3.041857e-01 4.518077e-01 5.042969e-01 7.972327e-01 1.011893e+00 1.279179e+00 1.246744e+00 1.460276e+00 1.258073e+00 1.076809e+00 1.057253e+00 2.275969e-04
<GCONST> 6.360205e+01
<MIXTURE> 64 4.351215e-03
<MEAN> 25
 -1.761123e+00 1.238348e+00 -3.078890e+00 2.326089e+00 4.582148e+00 1.202145e-01 3.048282e+00 4.267605e+00 3.450409e+00 -1.486458e-01 -1.704785e+00 1.947667e+00 -1.418263e-02 2.026576e-01 2.878858e-01 4.528270e-01 5.420831e-01 4.819695e-01 4.226479e-01 1.692251e-01 9.470843e-02 2.743898e-01 1.664667e-01 1.333389e-01 2.644670e-04
<VARIANCE> 25
 5.336645e+00 8.633074e+00 9.037722e+00 8.350626e+00 1.090295e+01 1.531853e+01 1.306212e+01 1.620684e+01 1.744604e+01 1.425332e+01 1.231829e+01 1.392447e+01 2.089615e-01 3.041857e-01 4.518077e-01 5.042969e-01 7.972327e-01 1.011893e+00 1.279179e+00 1.246744e+00 1.460276e+00 1.258073e+00 1.076809e+00 1.057253e+00 2.275969e-04
<GCONST> 6.360205e+01
<MIXTURE> 65 1.721197e-02
<MEAN> 25
 7.963535e+00 -3.424930e-01 3.313478e+00 4.688361e-02 -6.645344e+00 -3.036299e+00 -3.151781e+00 -6.898923e+00 -5.935149e+00 -2.747719e+00 -5.072420e+00 -3.293778e+00 1.055353e-01 6.333239e-02 1.933045e-01 -2.676665e-01 -1.977883e-01 4.920769e-01 -2.273649e-01 1.288525e-01 1.824001e-01 -2.133561e-02 -1.108638e-01 -6.063405e-02 -4.475395e-03
<VARIANCE> 25
 8.286842e+00 2.765646e+01 2.734202e+01 3.709852e+01 2.877427e+01 4.974800e+01 5.452207e+01 4.274312e+01 4.436518e+01 4.841760e+01 4.333515e+01 4.018530e+01 4.869771e-01 8.163753e-01 1.389074e+00 2.650411e+00 1.660282e+00 2.178766e+00 2.049478e+00 2.840219e+00 2.450209e+00 2.059789e+00 2.651543e+00 2.104459e+00 3.883588e-04
<GCONST> 8.737105e+01
<MIXTURE> 66 1.191532e-02
<MEAN> 25
 6.406884e+00 -5.345737e+00 -4.889245e+00 -5.164404e+00 1.922291e-01 -3.437674e+00 -5.608176e+00 8.212667e-01 6.159015e-01 -8.297103e-01 -6.480663e+00 -3.845553e+00 -3.581373e-02 1.762290e+00 2.305970e+00 2.392883e+00 -1.003937e+00 -1.584248e+00 3.437133e-01 -4.173776e-01 -4.059717e-01 -1.695694e-01 -8.711997e-02 6.514723e-01 -6.440598e-02
<VARIANCE> 25
 7.416725e+00 2.300624e+01 2.682745e+01 3.146473e+01 2.983753e+01 4.566025e+01 4.523321e+01 4.266469e+01 3.872412e+01 5.171758e+01 3.031580e+01 2.589029e+01 1.675245e+00 2.288671e+00 2.075523e+00 2.672163e+00 4.463147e+00 3.510661e+00 3.382058e+00 5.053162e+00 3.765909e+00 4.110373e+00 3.054781e+00 2.869048e+00 1.273112e-03
<GCONST> 9.376581e+01
<MIXTURE> 67 1.559142e-02
<MEAN> 25
 7.049850e+00 4.586744e-01 -3.810260e+00 -1.060570e+01 1.020427e+00 6.137587e+00 -6.432484e+00 -4.536264e+00 -5.146822e+00 1.891059e+00 1.558095e+00 -1.450812e+00 -1.286059e+00 2.551436e+00 3.955884e-01 3.487745e+00 1.895736e+00 -2.055488e+00 1.688688e+00 5.875984e-01 3.538248e-01 8.637360e-02 -6.795864e-01 6.557980e-01 -1.078127e-01
<VARIANCE> 25
 9.564632e+00 3.092647e+01 2.661119e+01 4.318359e+01 3.313857e+01 4.545575e+01 5.881927e+01 5.144162e+01 7.090364e+01 4.144421e+01 4.269532e+01 4.040602e+01 2.239535e+00 2.782253e+00 2.623157e+00 3.169440e+00 2.997036e+00 5.075963e+00 3.408516e+00 3.525615e+00 4.188227e+00 3.422855e+00 3.028396e+00 3.211240e+00 2.468118e-03
<GCONST> 9.754358e+01
<MIXTURE> 68 1.485092e-02
<MEAN> 25
 -1.657432e+00 -1.894468e+00 -3.244119e+00 1.098231e+00 4.294351e+00 6.741668e-02 1.600916e+00 1.202865e+00 2.604752e+00 1.391205e+00 9.518569e-01 1.075228e+00 2.500229e+00 1.409871e-01 5.212218e-01 -2.465061e+00 -3.322536e+00 -9.970345e-01 -2.355975e+00 -2.083020e+00 -1.633263e+00 -1.856718e+00 -1.321520e+00 -9.002696e-01 1.130295e-01
<VARIANCE> 25
 2.112336e+01 2.699703e+01 5.060221e+01 5.681150e+01 4.907401e+01 5.181462e+01 4.016854e+01 3.937987e+01 4.691770e+01 3.817963e+01 3.144383e+01 2.419803e+01 1.763488e+00 3.343605e+00 6.070935e+00 8.393580e+00 6.850428e+00 7.542893e+00 4.983947e+00 4.472928e+00 5.445958e+00 5.600988e+00 5.539987e+00 3.769066e+00 5.402857e-03
<GCONST> 1.035796e+02
<MIXTURE> 69 1.204884e-02
<MEAN> 25
 4.704380e+00 -4.907172e+00 -3.091709e+00 -3.304109e+00 -3.729526e+00 -8.238894e+00 -1.231922e+00 1.291276e+00 -1.556150e+00 -3.913454e+00 -5.236381e+00 6.448000e-01 1.471193e+00 -2.440183e+00 -1.163818e+00 -1.911029e+00 -5.505311e-01 -3.609764e-01 -5.977811e-01 7.616466e-01 -4.297975e-01 -9.854246e-01 -1.840842e+00 9.410516e-02 6.095501e-02
<VARIANCE> 25
 7.714262e+00 2.389218e+01 2.761257e+01 2.392862e+01 3.947137e+01 3.495018e+01 4.073417e+01 3.322826e+01 3.912103e+01 3.768665e+01 2.780916e+01 2.304578e+01 3.738318e+00 2.656283e+00 2.812214e+00 3.962238e+00 5.559927e+00 5.459893e+00 6.057113e+00 6.335204e+00 5.802069e+00 6.161968e+00 4.132303e+00 3.804535e+00 2.186515e-03
<GCONST> 9.782858e+01
<MIXTURE> 70 1.329190e-02
<MEAN> 25
 5.820513e+00 -3.737231e+00 -3.176129e+00 -5.400877e+00 -1.582109e+00 1.051416e+00 -7.550675e+00 -6.290259e+00 -1.515735e+00 2.194949e+00 2.168180e+00 -5.312364e+00 2.131936e+00 -1.401876e+00 -1.256392e+00 -2.573688e+00 -1.195332e+00 2.321359e+00 -9.308788e-01 -6.680134e-01 3.442433e-01 2.586746e-02 7.896278e-01 -1.378044e+00 5.460331e-02
<VARIANCE> 25
 1.334060e+01 2.818641e+01 2.858170e+01 4.687359e+01 3.360688e+01 4.801244e+01 4.925114e+01 4.885709e+01 4.127306e+01 2.735693e+01 3.743880e+01 2.297554e+01 2.819844e+00 3.137273e+00 3.215077e+00 5.334071e+00 4.437204e+00 7.202810e+00 4.343894e+00 6.313663e+00 5.816590e+00 4.256353e+00 6.080919e+00 3.215302e+00 3.679211e-03
<GCONST> 1.004103e+02
<MIXTURE> 71 1.406903e-02
<MEAN> 25
 5.794501e+00 7.359755e-01 5.140746e+00 2.459472e+00 -5.937039e+00 -3.030273e+00 -3.650997e+00 -8.303314e+00 -7.395711e+00 -1.994081e+00 -3.146873e+00 -2.944235e+00 -1.540834e+00 -8.996965e-01 -4.305616e-01 -2.034973e+00 1.304924e+00 -2.529938e-01 -2.439665e-01 1.478114e+00 6.260304e-01 8.891851e-02 8.790776e-02 3.991624e-01 4.014803e-02
<VARIANCE> 25
 1.877113e+01 3.709509e+01 2.627432e+01 5.203847e+01 3.896712e+01 3.982753e+01 3.345554e+01 3.380479e+01 3.366372e+01 4.159130e+01 2.895016e+01 2.814653e+01 1.677554e+00 2.969452e+00 4.287348e+00 4.104529e+00 4.150581e+00 5.519310e+00 3.611629e+00 4.863237e+00 3.666848e+00 3.893452e+00 2.987917e+00 3.285838e+00 9.986418e-04
<GCONST> 9.654326e+01
<MIXTURE> 72 8.134747e-03
<MEAN> 25
 3.457920e+00 -4.035874e+00 5.230562e+00 -2.251836e+00 -1.033253e+01 -9.442820e+00 -2.846102e+00 1.081679e+00 -4.824935e+00 -2.187113e+00 -1.896986e+00 2.905360e-01 9.748483e-01 -7.256709e-01 -2.465566e+00 3.302309e-01 1.960423e+00 -5.432004e-01 -1.320846e+00 1.520830e+00 1.831008e+00 -4.174245e-01 -1.216364e+00 3.350877e-01 -6.529214e-03
<VARIANCE> 25
 1.275955e+01 1.955934e+01 3.440955e+01 3.661427e+01 3.125518e+01 3.454318e+01 4.137891e+01 4.006391e+01 4.138444e+01 4.196574e+01 3.589006e+01 2.910472e+01 4.254979e-01 1.033581e+00 2.017972e+00 1.587061e+00 2.359611e+00 2.357055e+00 3.163842e+00 2.849422e+00 2.585844e+00 3.420961e+00 2.143825e+00 2.068557e+00 5.021324e-04
<GCONST> 8.774429e+01
<MIXTURE> 73 1.213625e-02
<MEAN> 25
 -4.498446e+00 -3.195686e-01 -1.698237e+00 3.853143e+00 3.813530e+00 1.096082e+00 4.610412e+00 3.452992e+00 4.519163e+00 2.854534e+00 2.733187e+00 1.880794e+00 5.174797e-01 -1.315916e+00 -5.764144e-01 -2.484376e+00 -1.877830e+00 -1.497803e+00 -7.549586e-01 -9.492611e-01 -6.538672e-01 -7.481982e-01 -7.615877e-01 -4.410319e-01 1.414718e-01
<VARIANCE> 25
 1.337094e+01 1.283968e+01 1.323143e+01 2.028926e+01 1.811199e+01 2.254378e+01 1.880247e+01 1.816786e+01 1.536941e+01 1.584314e+01 2.171850e+01 1.653088e+01 3.727979e+00 2.491770e+00 5.047714e+00 4.509483e+00 6.400521e+00 5.521598e+00 3.265749e+00 4.633139e+00 4.622583e+00 4.871627e+00 3.584726e+00 2.709169e+00 3.856942e-03
<GCONST> 9.137496e+01
<MIXTURE> 74 1.756491e-02
<MEAN> 25
 4.362762e+00 -4.867412e+00 5.812437e+00 2.555482e-01 -9.412111e+00 -6.204841e+00 -4.481408e+00 -9.136212e-01 -3.985251e+00 -2.119193e+00 -2.184567e-02 -5.697915e-01 3.542421e-01 2.111847e+00 -1.212808e-02 1.542870e+00 1.677444e+00 1.885915e-01 1.434044e-01 -9.309808e-01 4.411732e-01 1.355669e-01 -4.748631e-01 -1.020290e-01 -8.574447e-02
<VARIANCE> 25
 1.438861e+01 3.635548e+01 2.964561e+01 2.786760e+01 3.553313e+01 2.938730e+01 3.477625e+01 5.920898e+01 4.573044e+01 2.742688e+01 2.881079e+01 2.071434e+01 1.559365e+00 2.090773e+00 3.125517e+00 2.346067e+00 3.190418e+00 2.915314e+00 4.042503e+00 4.178417e+00 3.631424e+00 2.470145e+00 2.563237e+00 2.403533e+00 1.447439e-03
<GCONST> 9.273560e+01
<MIXTURE> 75 9.711651e-03
<MEAN> 25
 1.450784e+00 -4.122241e+00 9.673898e+00 2.313537e+00 -1.333461e+01 -8.570036e+00 -5.666245e+00 -3.997771e+00 -5.369867e+00 -4.865553e+00 1.787261e+00 8.309929e-01 1.841874e+00 -1.535103e+00 3.877429e-01 -2.961007e-01 -2.112818e+00 -2.573352e-01 -1.904550e+00 5.183262e-01 3.262219e-01 3.095722e-02 7.414555e-01 -5.487475e-01 3.396920e-02
<VARIANCE> 25
 1.593872e+01 1.701100e+01 2.369029e+01 2.543924e+01 2.274144e+01 2.975821e+01 2.295434e+01 2.721997e+01 2.093173e+01 2.801762e+01 1.299309e+01 1.334779e+01 1.909576e+00 2.009424e+00 3.626809e+00 1.963796e+00 5.293408e+00 4.092721e+00 3.491250e+00 2.955455e+00 4.051908e+00 3.144251e+00 2.183253e+00 1.923742e+00 1.911577e-03
<GCONST> 8.887308e+01
<MIXTURE> 76 1.052359e-02
<MEAN> 25
 -4.061959e+00 8.630468e-01 -2.378943e+00 3.331897e+00 4.809944e+00 7.209033e-01 3.465322e+00 3.038756e+00 3.040592e+00 1.283602e+00 5.816827e-01 1.188084e+00 -1.733932e-01 -6.735054e-01 -2.457203e-01 -6.976515e-01 -6.861590e-01 -8.125229e-01 -5.386906e-01 -3.191907e-01 -2.793404e-01 -2.621861e-01 -3.713740e-01 -3.327928e-01 1.407104e-02
<VARIANCE> 25
 2.653420e+01 1.968812e+01 1.765140e+01 1.554465e+01 2.047683e+01 2.176784e+01 1.915405e+01 2.334833e+01 1.899571e+01 1.795932e+01 1.965864e+01 1.589920e+01 8.003492e-01 9.100670e-01 1.143801e+00 9.679399e-01 1.442705e+00 1.436328e+00 1.304741e+00 1.489636e+00 1.852101e+00 1.507704e+00 1.334299e+00 1.130098e+00 1.207149e-03
<GCONST> 7.749586e+01
<MIXTURE> 77 1.244626e-02
<MEAN> 25
 -4.793931e-01 8.513322e+00 1.241663e+01 -1.156354e+01 -7.026956e+00 9.454850e-01 -9.252685e+00 -7.255275e+00 -3.378395e+00 -2.116756e-01 -4.624173e+00 -1.482071e+00 7.053550e-02 1.397841e-01 6.971807e-02 2.490721e-01 -1.654042e-02 8.255026e-02 -7.168463e-02 -6.380516e-02 8.077731e-02 -4.673466e-02 2.264075e-02 1.209422e-01 -1.000027e-02
<VARIANCE> 25
 1.050063e+01 2.071317e+01 2.772987e+01 4.217204e+01 3.322398e+01 3.402874e+01 3.668977e+01 3.195064e+01 3.532892e+01 3.340863e+01 3.752715e+01 3.482193e+01 2.991302e-01 7.764087e-01 6.453204e-01 1.083385e+00 1.236022e+00 9.918081e-01 1.235108e+00 1.072322e+00 1.038557e+00 1.068580e+00 9.721922e-01 9.250722e-01 5.394069e-04
<GCONST> 7.787923e+01
<MIXTURE> 78 9.702551e-03
<MEAN> 25
 -1.105815e+01 3.757809e+00 -2.379642e+00 2.239967e+00 3.861256e+00 -4.040626e+00 4.035339e+00 -1.991572e-01 1.757196e+00 1.875910e+00 1.428111e-01 1.741314e+00 2.015487e+00 -5.245148e-01 5.018126e-02 2.340397e-01 7.655281e-03 4.635652e-01 1.544615e-01 2.595435e-01 6.344647e-01 -4.755346e-02 -3.555201e-01 -4.903944e-01 -5.708576e-02
<VARIANCE> 25
 3.145726e+01 2.944346e+01 2.042463e+01 2.301968e+01 2.726020e+01 3.558344e+01 2.497612e+01 3.100404e+01 2.357819e+01 2.460086e+01 1.882021e+01 1.485072e+01 4.417094e+00 2.231271e+00 2.183634e+00 2.801640e+00 2.370239e+00 4.179513e+00 2.831164e+00 2.424561e+00 2.315551e+00 2.169485e+00 1.854909e+00 1.881562e+00 3.843190e-03
<GCONST> 9.007794e+01
<MIXTURE> 79 1.156824e-02
<MEAN> 25
 2.881830e+00 -3.604136e-01 7.771687e+00 -7.135518e+00 -1.291726e+01 1.942529e-01 -2.432330e+00 -7.897700e+00 -6.136605e+00 -3.725845e+00 -1.156608e+00 -5.011713e+00 1.517618e+00 -4.301120e-01 -5.798112e-01 2.288381e+00 4.267179e-01 -1.377855e+00 6.008427e-01 1.000303e+00 -1.397001e+00 -2.081451e-01 -9.397725e-03 1.760625e-01 -3.249369e-02
<VARIANCE> 25
 1.623777e+01 2.988862e+01 2.654630e+01 5.481900e+01 2.549054e+01 3.856008e+01 4.626043e+01 3.579643e+01 4.834824e+01 6.950748e+01 3.969189e+01 2.351670e+01 8.073040e-01 1.592823e+00 1.798018e+00 1.285690e+00 2.094219e+00 3.247937e+00 3.040158e+00 2.610059e+00 2.998379e+00 2.093982e+00 1.781129e+00 1.265892e+00 7.453877e-04
<GCONST> 8.920252e+01
<MIXTURE> 80 7.550998e-03
<MEAN> 25
 -1.453966e+01 4.419298e+00 2.815838e-01 2.885255e+00 2.449299e+00 1.411565e+00 7.163414e+00 2.306844e+00 2.930242e+00 2.467050e+00 5.074348e+00 1.051366e+00 4.226893e+00 -3.282224e-01 1.682392e+00 -1.114906e+00 -2.684887e+00 -2.639147e+00 -2.311324e+00 -1.960791e+00 -2.048711e+00 -1.627908e+00 -1.500735e+00 -6.078629e-01 -3.893400e-02
<VARIANCE> 25
 1.824006e+01 1.864310e+01 3.143489e+01 3.014533e+01 2.607594e+01 3.087265e+01 3.081737e+01 2.517152e+01 2.460251e+01 2.498794e+01 2.641478e+01 1.578226e+01 2.125185e+00 2.877582e+00 2.447079e+00 3.601759e+00 3.634344e+00 2.493555e+00 2.656324e+00 2.800040e+00 2.620619e+00 2.367055e+00 2.564408e+00 1.913577e+00 1.481236e-03
<GCONST> 8.952744e+01
<MIXTURE> 81 8.025434e-03
<MEAN> 25
 -1.216047e+00 2.876750e+00 9.567125e+00 -1.381928e+01 -9.217306e+00 -1.681453e+00 -7.521458e+00 -8.943741e+00 -3.537051e+00 -1.776195e-02 -6.874828e+00 -2.437163e+00 2.516625e-01 -5.122979e-01 -4.215590e-02 -5.590460e-01 -3.306401e-01 5.477272e-01 3.149798e-01 1.040574e-01 -2.159113e-01 2.348934e-01 -4.171315e-01 -2.290118e-01 7.376015e-03
<VARIANCE> 25
 9.883199e+00 3.645095e+01 2.664210e+01 3.189035e+01 3.179823e+01 3.013011e+01 4.769940e+01 2.778732e+01 4.003853e+01 3.214083e+01 2.559523e+01 2.795171e+01 8.900235e-01 2.038993e+00 1.510802e+00 2.854871e+00 2.510990e+00 2.363261e+00 3.128281e+00 2.118079e+00 2.346727e+00 2.635594e+00 2.144397e+00 2.015389e+00 1.255046e-03
<GCONST> 8.870035e+01
<MIXTURE> 82 8.213053e-03
<MEAN> 25
 -9.131633e+00 -4.584753e+00 2.295061e+00 -4.402144e+00 9.971284e-01 1.526268e-01 1.214788e+00 1.428622e-01 2.073370e+00 3.038615e+00 1.199308e+00 2.207584e+00 -1.450617e+00 -8.249499e-01 3.161813e-01 -2.434462e+00 -1.385106e+00 -1.102694e+00 -7.416067e-01 -1.338867e+00 -7.942167e-01 -2.547177e-01 -9.877421e-02 -1.021496e-01 1.692265e-01
<VARIANCE> 25
 2.167052e+01 2.166638e+01 2.977609e+01 3.095726e+01 3.801564e+01 2.417399e+01 2.601184e+01 3.931858e+01 3.537186e+01 2.515385e+01 3.265800e+01 1.797408e+01 3.273076e+00 2.613906e+00 2.286546e+00 2.700848e+00 2.958986e+00 3.214918e+00 2.945296e+00 2.957842e+00 3.045961e+00 2.269334e+00 1.740925e+00 1.470491e+00 2.933625e-03
<GCONST> 9.127074e+01
<MIXTURE> 83 1.167529e-02
<MEAN> 25
 -1.891755e+01 6.925297e+00 -2.428947e+00 9.934596e-01 7.311581e+00 -2.772056e+00 4.800390e+00 1.403492e+00 3.944103e-01 1.102329e+00 -1.769607e-01 1.554318e+00 4.287427e-02 -2.958604e-01 -1.400987e-01 -1.218398e-01 -4.817969e-01 -2.507573e-02 6.665169e-02 -2.351937e-01 -9.436918e-02 -1.694748e-01 -2.722327e-01 -6.214761e-02 1.961944e-03
<VARIANCE> 25
 8.707495e+00 1.669517e+01 2.095703e+01 2.108636e+01 1.925568e+01 2.453936e+01 2.120522e+01 2.175865e+01 2.038735e+01 2.057622e+01 2.049578e+01 1.541570e+01 9.699124e-01 8.939866e-01 1.615037e+00 1.056987e+00 1.355628e+00 1.321222e+00 1.510445e+00 1.549537e+00 1.200332e+00 1.223265e+00 1.429281e+00 1.120585e+00 8.397163e-04
<GCONST> 7.670238e+01
<MIXTURE> 84 1.066614e-02
<MEAN> 25
 1.370290e+00 8.728880e+00 7.279304e+00 7.375491e+00 2.483603e+00 -7.970060e-01 -1.847856e+00 -4.483622e+00 -4.205973e+00 -2.883339e+00 -2.325007e+00 -1.616553e+00 -1.817253e+00 -1.099188e+00 -1.134241e+00 1.328460e+00 2.172125e+00 1.463337e+00 1.404421e+00 1.342758e+00 1.285599e+00 4.474069e-01 2.561159e-01 4.427064e-01 -7.102779e-02
<VARIANCE> 25
 2.282664e+01 1.840650e+01 2.209012e+01 2.781732e+01 3.039600e+01 2.798014e+01 2.790189e+01 2.555425e+01 2.408335e+01 2.390197e+01 2.293744e+01 2.427163e+01 2.066024e+00 2.564689e+00 3.688507e+00 3.215014e+00 3.191128e+00 3.407258e+00 3.312801e+00 3.302752e+00 3.540077e+00 3.101352e+00 3.734542e+00 2.662855e+00 3.461407e-03
<GCONST> 9.234748e+01
<MIXTURE> 85 7.591393e-03
<MEAN> 25
 -3.004928e+00 6.535706e+00 5.310931e+00 1.794786e+00 -3.818119e+00 -5.699918e+00 -2.826551e+00 -6.369031e+00 -3.771204e+00 -3.170908e+00 -3.206373e-01 -1.525603e+00 4.010908e+00 -3.032957e-01 1.866759e+00 -1.680608e+00 -3.696789e+00 -2.542197e+00 -3.129424e+00 -2.412218e+00 -2.373584e+00 -1.442283e+00 -2.043877e+00 -3.043736e-01 1.928455e-02
<VARIANCE> 25
 3.739472e+01 2.822602e+01 3.193746e+01 3.507511e+01 3.644841e+01 3.809479e+01 2.891109e+01 2.352303e+01 2.296643e+01 2.232201e+01 2.240777e+01 1.791109e+01 2.629767e+00 5.379915e+00 3.502454e+00 5.038618e+00 4.767441e+00 3.551964e+00 3.590414e+00 3.402753e+00 3.515245e+00 3.801236e+00 3.763286e+00 3.375377e+00 5.444277e-03
<GCONST> 9.669598e+01
<MIXTURE> 86 1.273941e-02
<MEAN> 25
 -1.428183e+00 2.113734e+00 -1.825812e+00 4.027407e+00 6.009556e+00 2.626387e+00 4.905692e+00 5.995573e+00 5.230542e+00 2.877364e+00 1.744201e+00 2.842390e+00 4.389947e-03 3.434926e-02 -1.365309e-01 -1.730904e-01 -1.920257e-01 -1.876365e-01 -2.010736e-01 -2.500274e-01 -3.067517e-01 -3.482437e-01 -2.216352e-01 -8.552322e-03 -3.863535e-03
<VARIANCE> 25
 3.254753e+00 3.092840e+00 5.269454e+00 6.587521e+00 7.372622e+00 9.057733e+00 9.087690e+00 8.371058e+00 1.028323e+01 1.273693e+01 9.820507e+00 9.790500e+00 7.379016e-02 1.353485e-01 2.948798e-01 4.703118e-01 5.154049e-01 7.380583e-01 7.480592e-01 7.836131e-01 8.918120e-01 1.013772e+00 8.450538e-01 9.618680e-01 8.642892e-05
<GCONST> 5.203036e+01
<MIXTURE> 87 1.100681e-02
<MEAN> 25
 -2.874487e+00 3.658022e+00 3.602339e+00 6.001567e+00 4.178196e+00 8.419023e-01 5.456476e-01 -4.116308e-02 -7.798331e-01 -5.976235e-01 -1.291270e+00 -1.340379e-01 -2.264122e+00 -2.818470e+00 -1.695141e+00 -2.192602e+00 -2.086986e-01 -1.924248e-01 8.301179e-01 1.119776e+00 1.232295e+00 1.194865e+00 7.070708e-01 6.832679e-01 1.045762e-01
<VARIANCE> 25
 3.262670e+01 2.618504e+01 2.694616e+01 3.157696e+01 3.378336e+01 2.925740e+01 2.753289e+01 2.596908e+01 2.493175e+01 1.993168e+01 2.636482e+01 1.919479e+01 4.205524e+00 2.272275e+00 3.816175e+00 3.549925e+00 4.219179e+00 4.105001e+00 3.713706e+00 4.017648e+00 4.327117e+00 2.970166e+00 3.226789e+00 3.082553e+00 4.392444e-03
<GCONST> 9.518784e+01
<MIXTURE> 88 1.256585e-02
<MEAN> 25
 -2.284959e+00 7.204919e-01 -1.112386e+00 3.158211e+00 5.606179e+00 2.210885e+00 3.492466e+00 4.138442e+00 3.863132e+00 1.871877e+00 8.424691e-01 1.576951e+00 3.760638e-02 2.045972e-01 2.296067e-01 4.920478e-01 3.841924e-01 1.296815e-01 -1.282886e-01 -2.166295e-01 -2.044653e-01 -5.988571e-02 5.655330e-02 2.060224e-01 -9.241131e-03
<VARIANCE> 25
 6.141898e+00 7.465580e+00 1.039816e+01 1.086406e+01 1.189407e+01 1.590980e+01 1.570286e+01 1.591257e+01 1.576543e+01 1.341140e+01 1.110218e+01 1.553148e+01 8.611629e-01 1.190510e+00 1.819517e+00 1.661524e+00 2.897768e+00 2.187062e+00 1.742947e+00 1.693027e+00 2.647832e+00 1.951416e+00 1.553551e+00 2.000337e+00 1.407329e-03
<GCONST> 7.603722e+01
<MIXTURE> 89 9.333527e-03
<MEAN> 25
 6.086921e+00 -7.575613e+00 -3.232318e+00 -2.012056e+00 -1.720147e+00 -5.983733e+00 -5.955791e+00 2.918640e+00 2.432175e+00 -2.561061e+00 -5.759329e+00 -3.285084e+00 -4.816031e-01 8.674856e-02 1.942064e+00 1.085615e+00 -1.810368e+00 -1.455116e+00 7.452176e-01 1.340970e+00 -6.744373e-01 -1.386744e+00 3.390641e-01 1.431911e+00 -6.316872e-03
<VARIANCE> 25
 7.768948e+00 2.781153e+01 3.138621e+01 4.767744e+01 3.260522e+01 4.939990e+01 5.082724e+01 4.738665e+01 3.858904e+01 3.634401e+01 3.157538e+01 2.766294e+01 3.674939e-01 9.277970e-01 1.316456e+00 1.472372e+00 1.689239e+00 2.102215e+00 2.341548e+00 1.827550e+00 1.984175e+00 2.350680e+00 2.009911e+00 1.290928e+00 3.663317e-04
<GCONST> 8.471127e+01
<MIXTURE> 90 7.114505e-03
<MEAN> 25
 2.469150e+00 -9.747378e+00 -4.708517e+00 -4.017810e+00 -3.394249e+00 -1.862047e+00 3.127740e+00 1.081748e+00 -7.523766e+00 -1.009540e+01 -3.326744e+00 -6.901410e-01 -1.748387e-01 8.919973e-01 1.171307e+00 -8.295744e-01 -1.599090e+00 -2.021451e-01 6.140116e-01 -2.216371e-01 -1.549685e-01 7.560753e-01 1.939343e-01 -5.584496e-01 -1.105731e-02
<VARIANCE> 25
 8.430439e+00 1.832784e+01 1.982584e+01 2.779120e+01 3.623320e+01 3.227689e+01 4.133343e+01 3.755661e+01 3.473566e+01 2.796540e+01 2.725626e+01 2.666305e+01 2.305892e-01 6.262180e-01 7.799092e-01 1.063434e+00 1.461440e+00 1.582722e+00 1.814811e+00 1.771340e+00 1.801172e+00 1.735190e+00 1.496777e+00 1.325640e+00 2.189560e-04
<GCONST> 7.846021e+01
<MIXTURE> 91 7.852945e-03
<MEAN> 25
 6.262775e+00 -8.484663e+00 -7.853918e+00 -6.121548e+00 2.356820e+00 9.403992e-01 -2.341021e+00 1.376659e-01 9.939134e-01 -2.132598e+00 -3.981496e+00 -6.079214e+00 2.445201e-01 1.121959e+00 2.679647e-01 4.339145e-01 8.780728e-02 -3.794980e-01 -2.295730e-01 2.890528e-01 -8.693897e-02 2.931300e-01 -3.891071e-01 1.524056e-01 -3.906834e-02
<VARIANCE> 25
 8.745263e+00 2.577697e+01 2.127694e+01 4.578229e+01 3.521881e+01 5.839978e+01 4.420280e+01 3.835385e+01 4.595789e+01 5.260443e+01 3.969250e+01 3.806974e+01 5.072269e-01 8.700226e-01 1.231804e+00 1.480069e+00 1.994871e+00 2.023770e+00 1.892940e+00 3.161367e+00 1.854237e+00 1.919783e+00 1.888625e+00 1.616043e+00 5.532899e-04
<GCONST> 8.627519e+01
<MIXTURE> 92 7.852945e-03
<MEAN> 25
 6.262775e+00 -8.484663e+00 -7.853918e+00 -6.121548e+00 2.356820e+00 9.403992e-01 -2.341021e+00 1.376659e-01 9.939134e-01 -2.132598e+00 -3.981496e+00 -6.079214e+00 2.445201e-01 1.121959e+00 2.679647e-01 4.339145e-01 8.780728e-02 -3.794980e-01 -2.295730e-01 2.890528e-01 -8.693897e-02 2.931300e-01 -3.891071e-01 1.524056e-01 -3.906834e-02
<VARIANCE> 25
 8.745263e+00 2.577697e+01 2.127694e+01 4.578229e+01 3.521881e+01 5.839978e+01 4.420280e+01 3.835385e+01 4.595789e+01 5.260443e+01 3.969250e+01 3.806974e+01 5.072269e-01 8.700226e-01 1.231804e+00 1.480069e+00 1.994871e+00 2.023770e+00 1.892940e+00 3.161367e+00 1.854237e+00 1.919783e+00 1.888625e+00 1.616043e+00 5.532899e-04
<GCONST> 8.627519e+01
<MIXTURE> 93 6.122769e-03
<MEAN> 25
 -5.961708e+00 -4.663585e-01 -2.278552e+00 5.564928e+00 5.898798e+00 3.766260e+00 6.060401e+00 4.153908e+00 4.198093e+00 2.170764e+00 1.417161e+00 3.671549e+00 -4.375922e-02 -1.502142e-01 -2.496813e-01 -3.069415e-01 -3.599717e-01 -3.040330e-01 -2.306287e-01 -1.461934e-01 -1.723426e-01 -1.380913e-01 -6.121164e-02 -3.706931e-02 -1.107086e-04
<VARIANCE> 25
 1.152166e+01 6.637294e+00 7.383519e+00 1.081807e+01 1.111808e+01 1.506170e+01 1.477688e+01 1.655627e+01 1.422083e+01 1.457336e+01 1.607033e+01 1.262909e+01 7.886945e-02 1.482138e-01 3.231946e-01 3.838772e-01 4.897901e-01 6.462721e-01 7.379983e-01 8.513007e-01 9.428501e-01 9.060034e-01 8.809172e-01 8.794761e-01 1.282375e-06
<GCONST> 5.380110e+01
<MIXTURE> 94 6.122769e-03
<MEAN> 25
 -5.961708e+00 -4.663585e-01 -2.278552e+00 5.564928e+00 5.898798e+00 3.766260e+00 6.060401e+00 4.153908e+00 4.198093e+00 2.170764e+00 1.417161e+00 3.671549e+00 -4.375922e-02 -1.502142e-01 -2.496813e-01 -3.069415e-01 -3.599717e-01 -3.040330e-01 -2.306287e-01 -1.461934e-01 -1.723426e-01 -1.380913e-01 -6.121164e-02 -3.706931e-02 -1.107086e-04
<VARIANCE> 25
 1.152166e+01 6.637294e+00 7.383519e+00 1.081807e+01 1.111808e+01 1.506170e+01 1.477688e+01 1.655627e+01 1.422083e+01 1.457336e+01 1.607033e+01 1.262909e+01 7.886945e-02 1.482138e-01 3.231946e-01 3.838772e-01 4.897901e-01 6.462721e-01 7.379983e-01 8.513007e-01 9.428501e-01 9.060034e-01 8.809172e-01 8.794761e-01 1.282375e-06
<GCONST> 5.380110e+01
<MIXTURE> 95 5.258835e-03
<MEAN> 25
 -2.352510e+00 1.949871e+00 -2.328609e+00 3.576002e+00 5.332879e+00 2.581321e+00 3.938401e+00 3.501588e+00 2.924387e+00 2.518906e-01 -7.925847e-01 2.141245e+00 6.988952e-02 1.295193e-01 1.361941e-01 -5.758094e-02 -3.021356e-01 -5.342913e-01 -1.007158e+00 -1.108679e+00 -1.048633e+00 -1.045017e+00 -6.468777e-01 -5.280160e-01 -3.157388e-03
<VARIANCE> 25
 6.673338e+00 4.704675e+00 6.025674e+00 7.675841e+00 8.375066e+00 1.233818e+01 1.109981e+01 1.122685e+01 9.248037e+00 1.322469e+01 1.559618e+01 1.109547e+01 1.382930e-01 2.187502e-01 4.139913e-01 6.006430e-01 7.302768e-01 7.434083e-01 8.134161e-01 7.323040e-01 7.860921e-01 1.249690e+00 1.352870e+00 1.148917e+00 6.876244e-05
<GCONST> 5.747059e+01
<MIXTURE> 96 7.034694e-03
<MEAN> 25
 -3.386934e+00 9.013290e-01 -2.095076e+00 4.329946e+00 4.499770e+00 1.578726e+00 3.276490e+00 3.246519e+00 3.064698e+00 6.086685e-01 -1.624798e-01 2.317270e+00 -2.843591e-02 3.582495e-02 1.464661e-01 3.837847e-01 5.435013e-01 5.454735e-01 2.512954e-01 -1.078154e-01 -5.187188e-01 -7.774597e-01 -6.269880e-01 -3.138766e-01 -1.109918e-04
<VARIANCE> 25
 1.068427e+01 8.989605e+00 9.356097e+00 1.185166e+01 1.240042e+01 1.798074e+01 1.854948e+01 2.046613e+01 1.507076e+01 1.594874e+01 1.911755e+01 1.395103e+01 1.096311e-01 1.859287e-01 2.588983e-01 3.472154e-01 4.504841e-01 6.156513e-01 6.884224e-01 1.009521e+00 9.829513e-01 9.147227e-01 8.858642e-01 9.558781e-01 1.250810e-06
<GCONST> 5.582189e+01
<MIXTURE> 97 7.034694e-03
<MEAN> 25
 -3.386934e+00 9.013290e-01 -2.095076e+00 4.329946e+00 4.499770e+00 1.578726e+00 3.276490e+00 3.246519e+00 3.064698e+00 6.086685e-01 -1.624798e-01 2.317270e+00 -2.843591e-02 3.582495e-02 1.464661e-01 3.837847e-01 5.435013e-01 5.454735e-01 2.512954e-01 -1.078154e-01 -5.187188e-01 -7.774597e-01 -6.269880e-01 -3.138766e-01 -1.109918e-04
<VARIANCE> 25
 1.068427e+01 8.989605e+00 9.356097e+00 1.185166e+01 1.240042e+01 1.798074e+01 1.854948e+01 2.046613e+01 1.507076e+01 1.594874e+01 1.911755e+01 1.395103e+01 1.096311e-01 1.859287e-01 2.588983e-01 3.472154e-01 4.504841e-01 6.156513e-01 6.884224e-01 1.009521e+00 9.829513e-01 9.147227e-01 8.858642e-01 9.558781e-01 1.250810e-06
<GCONST> 5.582189e+01
<MIXTURE> 98 9.917808e-03
<MEAN> 25
 -9.939861e-01 9.745604e-01 -1.356781e-01 4.232115e+00 3.532547e+00 1.353563e+00 1.795683e+00 1.840451e+00 1.570297e+00 1.003397e+00 7.660825e-01 1.116118e+00 -1.654384e+00 -1.242097e+00 -7.085403e-01 1.822634e-02 5.987201e-01 7.600526e-01 1.385788e+00 1.559815e+00 1.542496e+00 1.235920e+00 1.045228e+00 7.805318e-01 -2.687109e-02
<VARIANCE> 25
 1.310202e+01 1.778420e+01 2.539812e+01 3.236540e+01 3.431734e+01 3.985853e+01 3.201812e+01 2.757341e+01 2.873986e+01 2.455630e+01 2.055372e+01 1.975324e+01 1.371869e+00 1.425339e+00 2.179093e+00 2.298307e+00 2.333387e+00 2.480056e+00 2.408733e+00 2.505292e+00 2.984144e+00 2.600055e+00 2.494751e+00 1.895522e+00 2.217010e-03
<GCONST> 8.800523e+01
<MIXTURE> 99 6.696178e-03
<MEAN> 25
 -9.752074e+00 9.432390e+00 1.274557e+00 3.507009e+00 6.727285e-01 -6.654421e+00 -8.702548e-02 -6.166568e+00 -4.921376e+00 -2.852599e+00 -1.217326e+00 6.861141e-01 1.411397e-01 -6.811572e-01 1.895920e-01 9.055309e-02 -1.005292e+00 -5.273719e-01 -1.348701e-01 -6.967069e-02 3.315568e-01 -4.442174e-01 2.721720e-01 -1.112619e-01 4.600807e-03
<VARIANCE> 25
 2.786539e+01 2.472521e+01 4.682282e+01 1.852273e+01 3.252977e+01 2.594902e+01 1.982796e+01 2.144858e+01 2.330849e+01 2.993180e+01 2.124422e+01 2.313908e+01 2.192527e+00 1.436063e+00 1.189597e+00 1.383855e+00 2.282105e+00 1.967260e+00 1.750552e+00 1.820930e+00 1.345158e+00 2.659853e+00 1.854084e+00 1.397762e+00 1.678527e-03
<GCONST> 8.492757e+01
<MIXTURE> 100 4.498084e-03
<MEAN> 25
 -1.556321e+00 5.937487e+00 1.026401e+01 -7.309710e+00 -1.095048e+01 -4.945034e+00 -4.955853e+00 -9.982696e+00 -4.738474e+00 -8.941122e-01 -2.604633e+00 -2.613034e+00 2.911547e+00 -1.262228e+00 1.351699e+00 -2.069748e+00 -3.443824e+00 -7.971995e-01 -1.235779e+00 -8.251447e-01 -1.469976e+00 3.158658e-01 -1.610979e+00 -2.991795e-01 3.470047e-03
<VARIANCE> 25
 1.337471e+01 2.435342e+01 2.193679e+01 2.647021e+01 2.363353e+01 2.384880e+01 2.840988e+01 2.114977e+01 2.672459e+01 2.242573e+01 2.216924e+01 2.104370e+01 1.759517e+00 3.854865e+00 2.935944e+00 4.490663e+00 4.207505e+00 4.461662e+00 4.010789e+00 4.221754e+00 4.090275e+00 3.793257e+00 3.844490e+00 3.141275e+00 1.728428e-03
<GCONST> 9.249861e+01
<MIXTURE> 101 6.007792e-03
<MEAN> 25
 6.418074e+00 -4.231654e+00 -4.575111e+00 -7.910202e+00 -1.147678e+00 -1.425904e+00 -1.216590e+01 -4.710876e+00 9.100794e-01 3.362300e+00 -5.207369e-01 -3.958345e+00 8.059577e-01 5.851616e-01 -1.490256e+00 -1.757391e+00 1.007723e+00 2.711318e+00 -7.974271e-02 -1.351267e+00 -8.241155e-01 1.138044e+00 1.173141e+00 -3.625869e-01 -6.578554e-03
<VARIANCE> 25
 1.887498e+01 1.911362e+01 3.256653e+01 4.011019e+01 4.106744e+01 3.734364e+01 3.723018e+01 4.598628e+01 3.176782e+01 3.667385e+01 5.061234e+01 2.271715e+01 3.639081e-01 5.737010e-01 1.011130e+00 1.516774e+00 1.452968e+00 2.607640e+00 1.929690e+00 1.759299e+00 2.328964e+00 2.310134e+00 2.029911e+00 1.588019e+00 3.297158e-04
<GCONST> 8.415016e+01
<MIXTURE> 102 6.007792e-03
<MEAN> 25
 6.418074e+00 -4.231654e+00 -4.575111e+00 -7.910202e+00 -1.147678e+00 -1.425904e+00 -1.216590e+01 -4.710876e+00 9.100794e-01 3.362300e+00 -5.207369e-01 -3.958345e+00 8.059577e-01 5.851616e-01 -1.490256e+00 -1.757391e+00 1.007723e+00 2.711318e+00 -7.974271e-02 -1.351267e+00 -8.241155e-01 1.138044e+00 1.173141e+00 -3.625869e-01 -6.578554e-03
<VARIANCE> 25
 1.887498e+01 1.911362e+01 3.256653e+01 4.011019e+01 4.106744e+01 3.734364e+01 3.723018e+01 4.598628e+01 3.176782e+01 3.667385e+01 5.061234e+01 2.271715e+01 3.639081e-01 5.737010e-01 1.011130e+00 1.516774e+00 1.452968e+00 2.607640e+00 1.929690e+00 1.759299e+00 2.328964e+00 2.310134e+00 2.029911e+00 1.588019e+00 3.297158e-04
<GCONST> 8.415016e+01
<MIXTURE> 103 5.694618e-03
<MEAN> 25
 3.498277e+00 -9.532821e+00 -5.725289e+00 -3.263937e+00 -1.740102e+00 -2.094200e+00 1.775771e+00 2.177851e+00 -4.820899e+00 -8.923150e+00 -4.683218e+00 6.118522e-01 -1.797044e-01 -1.513338e+00 -9.194817e-01 3.811674e-01 1.121077e+00 8.855006e-01 -1.963391e-02 -2.645373e-01 -6.288581e-01 -7.634466e-01 8.851690e-02 2.497445e-01 2.603399e-02
<VARIANCE> 25
 9.985031e+00 2.166298e+01 2.537975e+01 3.124271e+01 4.813320e+01 3.432947e+01 4.760620e+01 3.822554e+01 4.025462e+01 2.854196e+01 2.913116e+01 2.688715e+01 6.551231e-01 1.215585e+00 1.465674e+00 1.893407e+00 2.946380e+00 2.879579e+00 3.103667e+00 2.486481e+00 2.692429e+00 2.975144e+00 2.192984e+00 2.121203e+00 7.724012e-04
<GCONST> 8.805248e+01
<MIXTURE> 104 5.694618e-03
<MEAN> 25
 3.498277e+00 -9.532821e+00 -5.725289e+00 -3.263937e+00 -1.740102e+00 -2.094200e+00 1.775771e+00 2.177851e+00 -4.820899e+00 -8.923150e+00 -4.683218e+00 6.118522e-01 -1.797044e-01 -1.513338e+00 -9.194817e-01 3.811674e-01 1.121077e+00 8.855006e-01 -1.963391e-02 -2.645373e-01 -6.288581e-01 -7.634466e-01 8.851690e-02 2.497445e-01 2.603399e-02
<VARIANCE> 25
 9.985031e+00 2.166298e+01 2.537975e+01 3.124271e+01 4.813320e+01 3.432947e+01 4.760620e+01 3.822554e+01 4.025462e+01 2.854196e+01 2.913116e+01 2.688715e+01 6.551231e-01 1.215585e+00 1.465674e+00 1.893407e+00 2.946380e+00 2.879579e+00 3.103667e+00 2.486481e+00 2.692429e+00 2.975144e+00 2.192984e+00 2.121203e+00 7.724012e-04
<GCONST> 8.805248e+01
<MIXTURE> 105 4.710235e-03
<MEAN> 25
 1.602276e+00 -1.788307e+00 8.752793e+00 -2.267208e+00 -1.162885e+01 -5.815189e+00 -4.330144e+00 -1.561898e+00 -4.155401e+00 -4.384010e+00 1.227389e+00 -1.060730e+00 2.662716e-02 -1.449828e-02 3.828640e-02 -7.556889e-02 -5.037118e-02 5.034156e-02 -1.036912e-01 7.959139e-02 -4.480379e-03 6.251195e-02 9.451601e-02 4.996953e-02 -1.208650e-03
<VARIANCE> 25
 1.866096e+01 2.795050e+01 3.772081e+01 3.996676e+01 3.645381e+01 5.183139e+01 3.627521e+01 4.562526e+01 3.819901e+01 5.618269e+01 3.748732e+01 2.727437e+01 9.350128e-02 2.082222e-01 3.424715e-01 2.952585e-01 3.768444e-01 4.302031e-01 5.210724e-01 4.652832e-01 4.563371e-01 5.348319e-01 4.071539e-01 4.159521e-01 8.496673e-05
<GCONST> 6.705295e+01
<MIXTURE> 106 4.710235e-03
<MEAN> 25
 1.602276e+00 -1.788307e+00 8.752793e+00 -2.267208e+00 -1.162885e+01 -5.815189e+00 -4.330144e+00 -1.561898e+00 -4.155401e+00 -4.384010e+00 1.227389e+00 -1.060730e+00 2.662716e-02 -1.449828e-02 3.828640e-02 -7.556889e-02 -5.037118e-02 5.034156e-02 -1.036912e-01 7.959139e-02 -4.480379e-03 6.251195e-02 9.451601e-02 4.996953e-02 -1.208650e-03
<VARIANCE> 25
 1.866096e+01 2.795050e+01 3.772081e+01 3.996676e+01 3.645381e+01 5.183139e+01 3.627521e+01 4.562526e+01 3.819901e+01 5.618269e+01 3.748732e+01 2.727437e+01 9.350128e-02 2.082222e-01 3.424715e-01 2.952585e-01 3.768444e-01 4.302031e-01 5.210724e-01 4.652832e-01 4.563371e-01 5.348319e-01 4.071539e-01 4.159521e-01 8.496673e-05
<GCONST> 6.705295e+01
<MIXTURE> 107 5.452374e-03
<MEAN> 25
 7.684790e+00 -3.671993e+00 -6.917377e+00 -9.752830e+00 4.600179e-01 2.543692e+00 -8.512680e+00 -6.599946e+00 -1.430355e+00 4.168599e+00 1.471199e+00 -4.245063e+00 -5.248260e-01 -9.114249e-01 7.999454e-01 2.033812e+00 1.612311e-01 -2.203779e+00 -6.153037e-01 5.796821e-01 1.741798e+00 1.952985e-01 -1.705037e+00 -8.383582e-01 -1.138336e-03
<VARIANCE> 25
 1.477820e+01 2.367799e+01 2.793863e+01 4.151022e+01 3.648816e+01 3.922430e+01 4.716952e+01 4.285019e+01 3.987567e+01 3.683207e+01 4.402467e+01 2.860395e+01 3.997600e-01 1.011262e+00 1.644635e+00 2.893331e+00 2.076801e+00 3.444968e+00 2.664200e+00 2.659163e+00 2.062119e+00 3.386190e+00 1.669263e+00 1.935813e+00 6.283192e-04
<GCONST> 8.849254e+01
<MIXTURE> 108 5.452374e-03
<MEAN> 25
 7.684790e+00 -3.671993e+00 -6.917377e+00 -9.752830e+00 4.600179e-01 2.543692e+00 -8.512680e+00 -6.599946e+00 -1.430355e+00 4.168599e+00 1.471199e+00 -4.245063e+00 -5.248260e-01 -9.114249e-01 7.999454e-01 2.033812e+00 1.612311e-01 -2.203779e+00 -6.153037e-01 5.796821e-01 1.741798e+00 1.952985e-01 -1.705037e+00 -8.383582e-01 -1.138336e-03
<VARIANCE> 25
 1.477820e+01 2.367799e+01 2.793863e+01 4.151022e+01 3.648816e+01 3.922430e+01 4.716952e+01 4.285019e+01 3.987567e+01 3.683207e+01 4.402467e+01 2.860395e+01 3.997600e-01 1.011262e+00 1.644635e+00 2.893331e+00 2.076801e+00 3.444968e+00 2.664200e+00 2.659163e+00 2.062119e+00 3.386190e+00 1.669263e+00 1.935813e+00 6.283192e-04
<GCONST> 8.849254e+01
<MIXTURE> 109 6.661064e-03
<MEAN> 25
 4.131433e+00 -1.103904e+01 -7.689983e+00 -1.591023e+00 2.454498e+00 5.651998e-04 -2.909942e-01 1.639102e+00 -2.565715e+00 -7.946600e+00 -5.176741e+00 -3.212052e-01 -5.464754e-02 -1.618259e-01 1.320847e-02 2.536545e-01 1.228893e-01 1.892072e-01 -1.289360e-01 7.858992e-02 -7.566132e-02 -1.557411e-01 2.341951e-01 9.265447e-02 -2.812940e-03
<VARIANCE> 25
 8.567087e+00 2.191037e+01 2.341017e+01 2.997673e+01 3.934361e+01 3.446384e+01 4.391631e+01 3.229964e+01 4.287078e+01 3.477491e+01 2.813105e+01 2.784215e+01 1.911067e-01 4.287379e-01 5.329704e-01 6.075246e-01 1.219716e+00 1.033369e+00 1.169971e+00 1.434141e+00 1.057245e+00 9.013008e-01 8.276061e-01 9.116081e-01 1.834647e-04
<GCONST> 7.436151e+01
<MIXTURE> 110 6.661064e-03
<MEAN> 25
 4.131433e+00 -1.103904e+01 -7.689983e+00 -1.591023e+00 2.454498e+00 5.651998e-04 -2.909942e-01 1.639102e+00 -2.565715e+00 -7.946600e+00 -5.176741e+00 -3.212052e-01 -5.464754e-02 -1.618259e-01 1.320847e-02 2.536545e-01 1.228893e-01 1.892072e-01 -1.289360e-01 7.858992e-02 -7.566132e-02 -1.557411e-01 2.341951e-01 9.265447e-02 -2.812940e-03
<VARIANCE> 25
 8.567087e+00 2.191037e+01 2.341017e+01 2.997673e+01 3.934361e+01 3.446384e+01 4.391631e+01 3.229964e+01 4.287078e+01 3.477491e+01 2.813105e+01 2.784215e+01 1.911067e-01 4.287379e-01 5.329704e-01 6.075246e-01 1.219716e+00 1.033369e+00 1.169971e+00 1.434141e+00 1.057245e+00 9.013008e-01 8.276061e-01 9.116081e-01 1.834647e-04
<GCONST> 7.436151e+01
<MIXTURE> 111 4.337247e-03
<MEAN> 25
 -2.525511e+00 1.100268e+00 -1.599619e+00 1.676008e+00 2.505533e+00 7.246708e-01 1.270613e+00 2.359781e+00 1.023480e+00 -6.510525e-01 -1.372956e+00 1.260230e+00 4.933002e-03 -1.719754e-02 -1.422330e-01 -1.315619e-01 -7.007999e-03 3.915270e-02 -4.919346e-02 -5.227567e-02 -1.522988e-01 -1.941078e-01 -1.531267e-01 -1.594645e-01 -1.250557e-03
<VARIANCE> 25
 5.735198e+00 5.506787e+00 7.335442e+00 7.341869e+00 1.289837e+01 1.643434e+01 1.237760e+01 1.232732e+01 1.138147e+01 9.641261e+00 1.103578e+01 1.098182e+01 7.400306e-02 1.747614e-01 2.555175e-01 4.452909e-01 5.489434e-01 6.543504e-01 7.203960e-01 9.787028e-01 9.517565e-01 8.279921e-01 8.252093e-01 1.048461e+00 3.750133e-05
<GCONST> 5.479650e+01
<MIXTURE> 112 4.337247e-03
<MEAN> 25
 -2.525511e+00 1.100268e+00 -1.599619e+00 1.676008e+00 2.505533e+00 7.246708e-01 1.270613e+00 2.359781e+00 1.023480e+00 -6.510525e-01 -1.372956e+00 1.260230e+00 4.933002e-03 -1.719754e-02 -1.422330e-01 -1.315619e-01 -7.007999e-03 3.915270e-02 -4.919346e-02 -5.227567e-02 -1.522988e-01 -1.941078e-01 -1.531267e-01 -1.594645e-01 -1.250557e-03
<VARIANCE> 25
 5.735198e+00 5.506787e+00 7.335442e+00 7.341869e+00 1.289837e+01 1.643434e+01 1.237760e+01 1.232732e+01 1.138147e+01 9.641261e+00 1.103578e+01 1.098182e+01 7.400306e-02 1.747614e-01 2.555175e-01 4.452909e-01 5.489434e-01 6.543504e-01 7.203960e-01 9.787028e-01 9.517565e-01 8.279921e-01 8.252093e-01 1.048461e+00 3.750133e-05
<GCONST> 5.479650e+01
<MIXTURE> 113 5.938666e-03
<MEAN> 25
 9.578177e+00 1.593365e+00 -8.501745e+00 -1.728086e+01 -1.208878e+00 6.217743e+00 -5.558067e+00 -2.109973e+00 -5.804275e+00 -1.743786e-01 7.523565e-01 -3.641478e-01 2.908799e-02 -7.490785e-04 -4.453641e-02 -6.132657e-02 1.458389e-01 1.488016e-01 -1.010798e-02 3.775602e-02 -5.762051e-02 -1.714639e-02 1.558521e-01 2.447894e-02 -1.432813e-03
<VARIANCE> 25
 1.147310e+01 1.619227e+01 2.992345e+01 3.368972e+01 5.085136e+01 3.816095e+01 3.972959e+01 4.541579e+01 3.577601e+01 4.670979e+01 3.851071e+01 2.771602e+01 1.299348e-01 3.106563e-01 3.094826e-01 6.696424e-01 6.146381e-01 6.256271e-01 8.302152e-01 8.120545e-01 9.199011e-01 8.876166e-01 7.297147e-01 6.828071e-01 1.203021e-04
<GCONST> 7.149166e+01
<MIXTURE> 114 5.938666e-03
<MEAN> 25
 9.578177e+00 1.593365e+00 -8.501745e+00 -1.728086e+01 -1.208878e+00 6.217743e+00 -5.558067e+00 -2.109973e+00 -5.804275e+00 -1.743786e-01 7.523565e-01 -3.641478e-01 2.908799e-02 -7.490785e-04 -4.453641e-02 -6.132657e-02 1.458389e-01 1.488016e-01 -1.010798e-02 3.775602e-02 -5.762051e-02 -1.714639e-02 1.558521e-01 2.447894e-02 -1.432813e-03
<VARIANCE> 25
 1.147310e+01 1.619227e+01 2.992345e+01 3.368972e+01 5.085136e+01 3.816095e+01 3.972959e+01 4.541579e+01 3.577601e+01 4.670979e+01 3.851071e+01 2.771602e+01 1.299348e-01 3.106563e-01 3.094826e-01 6.696424e-01 6.146381e-01 6.256271e-01 8.302152e-01 8.120545e-01 9.199011e-01 8.876166e-01 7.297147e-01 6.828071e-01 1.203021e-04
<GCONST> 7.149166e+01
<MIXTURE> 115 2.935202e-03
<MEAN> 25
 -3.272987e+00 4.310116e-02 -2.970050e+00 3.447490e+00 2.754499e+00 -2.386916e-01 2.305677e+00 1.396282e+00 1.854019e+00 4.963585e-03 -4.153712e-01 2.229012e+00 6.150511e-02 -5.101363e-02 -1.801848e-01 -4.206040e-01 -6.634967e-01 -6.254376e-01 -5.948086e-01 -4.908832e-01 -4.369796e-01 -4.691856e-01 -3.935886e-01 -2.247965e-01 -1.806700e-05
<VARIANCE> 25
 9.238414e+00 1.012828e+01 1.135388e+01 1.148108e+01 1.204479e+01 1.559118e+01 1.467409e+01 2.119802e+01 1.708178e+01 1.482136e+01 1.696490e+01 1.395362e+01 1.845509e-01 2.945575e-01 5.239204e-01 5.649913e-01 5.936667e-01 9.469511e-01 1.025893e+00 1.117959e+00 1.039397e+00 1.021581e+00 9.666402e-01 9.909208e-01 1.268675e-06
<GCONST> 5.920325e+01
<MIXTURE> 116 2.935202e-03
<MEAN> 25
 -3.272987e+00 4.310116e-02 -2.970050e+00 3.447490e+00 2.754499e+00 -2.386916e-01 2.305677e+00 1.396282e+00 1.854019e+00 4.963585e-03 -4.153712e-01 2.229012e+00 6.150511e-02 -5.101363e-02 -1.801848e-01 -4.206040e-01 -6.634967e-01 -6.254376e-01 -5.948086e-01 -4.908832e-01 -4.369796e-01 -4.691856e-01 -3.935886e-01 -2.247965e-01 -1.806700e-05
<VARIANCE> 25
 9.238414e+00 1.012828e+01 1.135388e+01 1.148108e+01 1.204479e+01 1.559118e+01 1.467409e+01 2.119802e+01 1.708178e+01 1.482136e+01 1.696490e+01 1.395362e+01 1.845509e-01 2.945575e-01 5.239204e-01 5.649913e-01 5.936667e-01 9.469511e-01 1.025893e+00 1.117959e+00 1.039397e+00 1.021581e+00 9.666402e-01 9.909208e-01 1.268675e-06
<GCONST> 5.920325e+01
<MIXTURE> 117 6.506003e-03
<MEAN> 25
 -4.307257e+00 1.315370e+00 9.327821e-01 9.341098e+00 6.287839e+00 5.975282e+00 6.553160e+00 5.170262e+00 6.167942e+00 4.886474e+00 6.025287e+00 2.744708e+00 -5.375416e-02 -2.329839e-01 -3.416006e-01 -4.471146e-01 -4.007818e-01 -2.560739e-01 -2.171028e-01 -2.518446e-01 -4.823583e-01 -4.042793e-01 -2.663882e-01 -1.327373e-01 -1.203463e-04
<VARIANCE> 25
 8.015710e+00 8.773194e+00 9.522757e+00 1.548896e+01 1.477547e+01 1.541281e+01 1.774580e+01 1.746527e+01 1.601581e+01 1.599109e+01 1.776215e+01 1.388469e+01 2.143592e-01 3.061355e-01 4.215837e-01 5.998352e-01 8.455699e-01 1.033568e+00 1.224350e+00 1.249162e+00 1.436508e+00 1.170561e+00 1.134521e+00 1.049681e+00 1.118247e-06
<GCONST> 6.059397e+01
<MIXTURE> 118 6.506003e-03
<MEAN> 25
 -4.307257e+00 1.315370e+00 9.327821e-01 9.341098e+00 6.287839e+00 5.975282e+00 6.553160e+00 5.170262e+00 6.167942e+00 4.886474e+00 6.025287e+00 2.744708e+00 -5.375416e-02 -2.329839e-01 -3.416006e-01 -4.471146e-01 -4.007818e-01 -2.560739e-01 -2.171028e-01 -2.518446e-01 -4.823583e-01 -4.042793e-01 -2.663882e-01 -1.327373e-01 -1.203463e-04
<VARIANCE> 25
 8.015710e+00 8.773194e+00 9.522757e+00 1.548896e+01 1.477547e+01 1.541281e+01 1.774580e+01 1.746527e+01 1.601581e+01 1.599109e+01 1.776215e+01 1.388469e+01 2.143592e-01 3.061355e-01 4.215837e-01 5.998352e-01 8.455699e-01 1.033568e+00 1.224350e+00 1.249162e+00 1.436508e+00 1.170561e+00 1.134521e+00 1.049681e+00 1.118247e-06
<GCONST> 6.059397e+01
<MIXTURE> 119 4.297961e-03
<MEAN> 25
 -4.944771e+00 -7.406529e+00 2.469432e+00 1.774641e+00 2.391949e+00 3.435455e-01 5.170804e+00 5.997363e+00 9.113250e-01 1.115291e+00 6.316339e+00 1.335590e+00 -4.591362e-02 -8.507930e-02 -5.635036e-03 -7.419916e-02 -6.674295e-02 -1.272103e-01 -2.205595e-02 6.485065e-02 -2.271374e-02 -1.303102e-01 -3.855075e-02 1.410931e-02 8.335036e-04
<VARIANCE> 25
 8.362388e+00 1.043910e+01 1.819473e+01 2.100336e+01 2.249550e+01 2.283558e+01 2.423453e+01 2.546798e+01 2.731417e+01 2.716078e+01 2.092984e+01 2.064987e+01 1.555891e-01 2.742694e-01 4.834685e-01 6.240751e-01 8.398216e-01 1.032761e+00 1.097394e+00 1.363927e+00 1.339537e+00 1.209301e+00 1.163325e+00 1.219221e+00 2.288135e-04
<GCONST> 7.006473e+01
<MIXTURE> 120 4.297961e-03
<MEAN> 25
 -4.944771e+00 -7.406529e+00 2.469432e+00 1.774641e+00 2.391949e+00 3.435455e-01 5.170804e+00 5.997363e+00 9.113250e-01 1.115291e+00 6.316339e+00 1.335590e+00 -4.591362e-02 -8.507930e-02 -5.635036e-03 -7.419916e-02 -6.674295e-02 -1.272103e-01 -2.205595e-02 6.485065e-02 -2.271374e-02 -1.303102e-01 -3.855075e-02 1.410931e-02 8.335036e-04
<VARIANCE> 25
 8.362388e+00 1.043910e+01 1.819473e+01 2.100336e+01 2.249550e+01 2.283558e+01 2.423453e+01 2.546798e+01 2.731417e+01 2.716078e+01 2.092984e+01 2.064987e+01 1.555891e-01 2.742694e-01 4.834685e-01 6.240751e-01 8.398216e-01 1.032761e+00 1.097394e+00 1.363927e+00 1.339537e+00 1.209301e+00 1.163325e+00 1.219221e+00 2.288135e-04
<GCONST> 7.006473e+01
<MIXTURE> 121 4.567511e-03
<MEAN> 25
 -6.824190e-01 -3.146514e+00 6.140893e+00 -1.221741e+01 -1.392739e+01 -1.114666e+00 7.018536e-01 -6.222649e+00 -5.073360e+00 -1.776016e+00 -4.460668e+00 -3.967715e+00 -2.944347e-02 2.427329e-01 -9.994412e-02 6.849412e-02 3.215743e-01 3.002370e-01 -6.995308e-02 -5.036869e-01 -2.758175e-01 -3.461687e-01 -9.861829e-02 -9.057166e-02 -5.612203e-03
<VARIANCE> 25
 1.001674e+01 1.444319e+01 1.722933e+01 1.828347e+01 2.676524e+01 2.599388e+01 2.434400e+01 2.879221e+01 3.118863e+01 2.831274e+01 1.985382e+01 1.805185e+01 1.817440e-01 6.035082e-01 5.147492e-01 6.139875e-01 9.136973e-01 1.174433e+00 1.382521e+00 1.480055e+00 1.022127e+00 1.125025e+00 1.131427e+00 7.516118e-01 2.138593e-04
<GCONST> 7.138835e+01
<MIXTURE> 122 4.567511e-03
<MEAN> 25
 -6.824190e-01 -3.146514e+00 6.140893e+00 -1.221741e+01 -1.392739e+01 -1.114666e+00 7.018536e-01 -6.222649e+00 -5.073360e+00 -1.776016e+00 -4.460668e+00 -3.967715e+00 -2.944347e-02 2.427329e-01 -9.994412e-02 6.849412e-02 3.215743e-01 3.002370e-01 -6.995308e-02 -5.036869e-01 -2.758175e-01 -3.461687e-01 -9.861829e-02 -9.057166e-02 -5.612203e-03
<VARIANCE> 25
 1.001674e+01 1.444319e+01 1.722933e+01 1.828347e+01 2.676524e+01 2.599388e+01 2.434400e+01 2.879221e+01 3.118863e+01 2.831274e+01 1.985382e+01 1.805185e+01 1.817440e-01 6.035082e-01 5.147492e-01 6.139875e-01 9.136973e-01 1.174433e+00 1.382521e+00 1.480055e+00 1.022127e+00 1.125025e+00 1.131427e+00 7.516118e-01 2.138593e-04
<GCONST> 7.138835e+01
<MIXTURE> 123 4.393044e-03
<MEAN> 25
 -2.193168e+00 2.370388e+00 -8.984239e-01 4.378868e+00 5.778404e+00 2.308007e+00 3.480734e+00 2.782311e+00 1.599722e+00 -4.683609e-01 -1.055070e+00 7.412287e-01 -3.384027e-01 -5.723429e-01 -6.871437e-01 -5.897727e-01 -3.235220e-01 -1.266056e-01 2.151170e-01 5.625309e-01 6.863804e-01 5.336445e-01 4.265028e-01 1.890032e-01 -6.457746e-03
<VARIANCE> 25
 6.873843e+00 6.809868e+00 9.984272e+00 1.237686e+01 1.506610e+01 1.716542e+01 1.487398e+01 1.683844e+01 1.379370e+01 1.346672e+01 1.371945e+01 1.434721e+01 2.541730e-01 2.702315e-01 3.681704e-01 5.363528e-01 8.430735e-01 9.873951e-01 1.150201e+00 9.613039e-01 1.069927e+00 1.032316e+00 1.021670e+00 1.380771e+00 1.510654e-04
<GCONST> 6.345765e+01
<MIXTURE> 124 4.069876e-03
<MEAN> 25
 -3.899464e+00 5.948929e-01 -2.447108e+00 4.688380e+00 5.881465e+00 3.095060e+00 5.059195e+00 4.413434e+00 3.580735e+00 7.655566e-01 -1.376574e-01 2.122074e+00 -1.316087e-01 -2.556281e-01 -3.703179e-01 -2.887582e-01 1.481637e-01 4.988203e-01 8.471920e-01 8.441489e-01 5.645099e-01 2.760802e-01 -4.849330e-02 -6.845273e-02 -6.296677e-04
<VARIANCE> 25
 1.215241e+01 7.148119e+00 8.106673e+00 9.061600e+00 9.766825e+00 1.424187e+01 1.497083e+01 1.693365e+01 1.360886e+01 1.478688e+01 1.586605e+01 1.167361e+01 9.284888e-02 1.609878e-01 2.606641e-01 4.177018e-01 5.578550e-01 6.842242e-01 7.893881e-01 8.200162e-01 9.052097e-01 9.614658e-01 8.506808e-01 9.558731e-01 2.503481e-05
<GCONST> 5.694484e+01
<MIXTURE> 125 4.069876e-03
<MEAN> 25
 -3.899464e+00 5.948929e-01 -2.447108e+00 4.688380e+00 5.881465e+00 3.095060e+00 5.059195e+00 4.413434e+00 3.580735e+00 7.655566e-01 -1.376574e-01 2.122074e+00 -1.316087e-01 -2.556281e-01 -3.703179e-01 -2.887582e-01 1.481637e-01 4.988203e-01 8.471920e-01 8.441489e-01 5.645099e-01 2.760802e-01 -4.849330e-02 -6.845273e-02 -6.296677e-04
<VARIANCE> 25
 1.215241e+01 7.148119e+00 8.106673e+00 9.061600e+00 9.766825e+00 1.424187e+01 1.497083e+01 1.693365e+01 1.360886e+01 1.478688e+01 1.586605e+01 1.167361e+01 9.284888e-02 1.609878e-01 2.606641e-01 4.177018e-01 5.578550e-01 6.842242e-01 7.893881e-01 8.200162e-01 9.052097e-01 9.614658e-01 8.506808e-01 9.558731e-01 2.503481e-05
<GCONST> 5.694484e+01
<MIXTURE> 126 2.402244e-03
<MEAN> 25
 -3.172948e+00 -5.291670e+00 -4.971544e+00 2.312502e+00 4.573116e+00 -2.946186e+00 2.388876e-01 3.740574e+00 3.583038e+00 -2.266881e+00 -1.802196e+00 2.440266e+00 1.817342e-02 -1.873582e-02 -6.924943e-02 -1.677434e-01 -2.616315e-01 -4.456472e-01 -2.940631e-01 -1.001574e-01 -1.108636e-01 -1.113848e-01 -1.426840e-01 -2.088588e-02 -9.313643e-04
<VARIANCE> 25
 7.426123e+00 1.954140e+01 1.252489e+01 1.283978e+01 2.226657e+01 2.186302e+01 2.046449e+01 2.539181e+01 2.818876e+01 2.386337e+01 1.979516e+01 1.911236e+01 1.610753e-01 3.444209e-01 4.391931e-01 5.234230e-01 6.900845e-01 9.910349e-01 1.080600e+00 1.273795e+00 1.279601e+00 1.220830e+00 1.132749e+00 1.115819e+00 2.326128e-04
<GCONST> 6.878458e+01
<MIXTURE> 127 2.402244e-03
<MEAN> 25
 -3.172948e+00 -5.291670e+00 -4.971544e+00 2.312502e+00 4.573116e+00 -2.946186e+00 2.388876e-01 3.740574e+00 3.583038e+00 -2.266881e+00 -1.802196e+00 2.440266e+00 1.817342e-02 -1.873582e-02 -6.924943e-02 -1.677434e-01 -2.616315e-01 -4.456472e-01 -2.940631e-01 -1.001574e-01 -1.108636e-01 -1.113848e-01 -1.426840e-01 -2.088588e-02 -9.313643e-04
<VARIANCE> 25
 7.426123e+00 1.954140e+01 1.252489e+01 1.283978e+01 2.226657e+01 2.186302e+01 2.046449e+01 2.539181e+01 2.818876e+01 2.386337e+01 1.979516e+01 1.911236e+01 1.610753e-01 3.444209e-01 4.391931e-01 5.234230e-01 6.900845e-01 9.910349e-01 1.080600e+00 1.273795e+00 1.279601e+00 1.220830e+00 1.132749e+00 1.115819e+00 2.326128e-04
<GCONST> 6.878458e+01
<MIXTURE> 128 3.790457e-03
<MEAN> 25
 -3.917645e+00 1.938359e+00 -5.418810e-01 6.204994e+00 3.624066e+00 1.734246e+00 3.425105e+00 2.149992e+00 4.047448e+00 3.768348e+00 3.540434e+00 3.054524e+00 -4.212177e-01 -2.553315e-01 1.608493e-01 6.744933e-01 1.109646e+00 1.063131e+00 7.261968e-01 2.506625e-01 -3.665112e-01 -7.078231e-01 -6.347919e-01 -3.976064e-01 -1.401303e-04
<VARIANCE> 25
 1.232145e+01 1.289700e+01 1.403262e+01 1.845237e+01 1.865056e+01 2.021250e+01 2.361594e+01 2.702363e+01 2.406166e+01 2.253126e+01 2.816209e+01 1.819779e+01 8.306578e-01 1.093773e+00 1.276529e+00 1.455150e+00 1.475150e+00 1.803429e+00 2.199034e+00 2.218589e+00 2.143261e+00 1.825116e+00 1.674676e+00 1.608485e+00 1.023940e-06
<GCONST> 7.314717e+01
<TRANSP> 3
 0.000000e+00 1.000000e+00 0.000000e+00
 0.000000e+00 9.999990e-01 9.999998e-07
 0.000000e+00 0.000000e+00 0.000000e+00
<ENDHMM>
