~o
<STREAMINFO> 1 25
<VECSIZE> 25<NULLD><MFCC_E_D_N><DIAGC>
~h "jmodel"
<BEGINHMM>
<NUMSTATES> 3
<STATE> 2
<NUMMIXES> 128
<MIXTURE> 1 5.748963e-03
<MEAN> 25
 -2.582840e+00 3.181194e+00 2.311035e+00 8.747500e+00 4.369990e+00 3.444426e+00 4.060218e+00 3.931256e+00 5.826841e+00 5.254900e+00 5.884361e+00 3.076632e+00 -2.004287e+00 -1.633655e+00 -8.624074e-01 1.075987e+00 1.558679e+00 2.231757e+00 2.153520e+00 2.082293e+00 1.693812e+00 1.267204e+00 1.567450e+00 6.127548e-01 -4.682087e-02
<VARIANCE> 25
 1.005703e+01 1.175055e+01 1.493329e+01 1.873105e+01 2.317482e+01 2.216069e+01 2.188415e+01 2.197875e+01 2.101330e+01 2.252865e+01 2.093038e+01 1.708519e+01 1.787668e+00 2.111836e+00 3.027442e+00 3.206964e+00 3.741534e+00 3.354520e+00 3.317285e+00 3.386911e+00 3.519105e+00 3.731083e+00 3.510649e+00 2.832198e+00 3.131332e-03
<GCONST> 8.846530e+01
<MIXTURE> 2 4.549242e-03
<MEAN> 25
 -4.874710e+00 1.311407e+00 9.940588e-01 9.897917e+00 6.691548e+00 7.423599e+00 7.846262e+00 6.957820e+00 8.372540e+00 6.372340e+00 7.623492e+00 3.075328e+00 -6.199868e-02 4.163269e-02 1.425478e-01 2.257972e-01 2.652290e-01 2.811346e-01 2.952923e-01 3.193973e-01 3.496946e-01 3.090512e-01 1.974179e-01 8.008334e-02 1.166298e-06
<VARIANCE> 25
 6.954697e+00 8.901088e+00 1.064977e+01 1.592315e+01 1.723582e+01 1.556468e+01 1.689837e+01 1.848279e+01 1.658639e+01 1.738488e+01 1.811419e+01 1.434067e+01 1.252374e-01 2.266128e-01 3.364648e-01 4.670675e-01 6.493620e-01 8.152673e-01 9.299566e-01 1.003311e+00 1.051648e+00 1.077767e+00 1.076014e+00 1.013792e+00 1.000434e-06
<GCONST> 5.804507e+01
<MIXTURE> 3 4.549242e-03
<MEAN> 25
 -4.874710e+00 1.311407e+00 9.940588e-01 9.897917e+00 6.691548e+00 7.423599e+00 7.846262e+00 6.957820e+00 8.372540e+00 6.372340e+00 7.623492e+00 3.075328e+00 -6.199868e-02 4.163269e-02 1.425478e-01 2.257972e-01 2.652290e-01 2.811346e-01 2.952923e-01 3.193973e-01 3.496946e-01 3.090512e-01 1.974179e-01 8.008334e-02 1.166298e-06
<VARIANCE> 25
 6.954697e+00 8.901088e+00 1.064977e+01 1.592315e+01 1.723582e+01 1.556468e+01 1.689837e+01 1.848279e+01 1.658639e+01 1.738488e+01 1.811419e+01 1.434067e+01 1.252374e-01 2.266128e-01 3.364648e-01 4.670675e-01 6.493620e-01 8.152673e-01 9.299566e-01 1.003311e+00 1.051648e+00 1.077767e+00 1.076014e+00 1.013792e+00 1.000434e-06
<GCONST> 5.804507e+01
<MIXTURE> 4 1.671429e-02
<MEAN> 25
 3.466113e+00 2.541911e+00 -3.799268e+00 9.348358e-01 4.290822e+00 -2.411861e-01 -5.358420e-03 -1.057306e-01 1.402476e+00 1.307350e+00 -1.836965e+00 1.447135e-01 -2.757504e+00 1.215955e+00 1.784551e+00 3.081864e+00 9.135576e-01 4.711467e-01 1.489526e+00 1.046913e+00 9.858998e-01 4.345880e-01 1.225783e+00 8.928877e-01 -1.038175e-01
<VARIANCE> 25
 2.104399e+01 2.921786e+01 2.892077e+01 3.945379e+01 4.535222e+01 6.817300e+01 6.529286e+01 5.449095e+01 5.590230e+01 6.156873e+01 4.951284e+01 3.574795e+01 2.342860e+00 5.005443e+00 3.703279e+00 4.906082e+00 4.980039e+00 6.190110e+00 6.117289e+00 5.522447e+00 5.924627e+00 6.375652e+00 6.078924e+00 4.423768e+00 6.046587e-03
<GCONST> 1.053690e+02
<MIXTURE> 5 3.206198e-03
<MEAN> 25
 -3.416142e+00 2.181472e+00 6.099974e-01 9.425933e+00 6.695726e+00 6.314596e+00 7.111142e+00 4.723223e+00 5.495051e+00 3.848322e+00 4.657260e+00 2.605496e+00 -3.245439e-01 7.526149e-01 1.224662e+00 1.032461e+00 3.075445e-01 -1.004943e-01 -8.425858e-02 3.364240e-02 4.584447e-01 6.840336e-01 4.038106e-01 8.801098e-02 -2.777777e-05
<VARIANCE> 25
 1.025012e+01 1.393977e+01 2.348009e+01 2.563436e+01 2.022141e+01 1.942588e+01 2.011246e+01 2.035419e+01 2.141609e+01 2.127745e+01 2.409963e+01 1.636549e+01 1.209734e+00 1.244229e+00 1.356824e+00 1.673131e+00 2.284210e+00 2.375982e+00 2.301758e+00 2.274808e+00 2.315823e+00 2.237949e+00 2.085183e+00 1.873489e+00 9.998641e-07
<GCONST> 7.516428e+01
<MIXTURE> 6 5.475854e-03
<MEAN> 25
 9.594436e+00 -5.915390e-01 -6.539859e+00 -1.097713e+01 -2.276051e+00 6.649873e+00 -6.151189e+00 -5.687229e+00 -3.869700e+00 1.866578e+00 4.720356e+00 -1.437876e+00 4.683380e-01 8.894650e-01 -4.020276e-01 -1.495296e+00 -5.502833e-01 1.330037e+00 1.569429e+00 2.490884e-01 -1.242313e+00 -1.216923e+00 3.322496e-01 1.219407e+00 -8.843041e-03
<VARIANCE> 25
 9.738122e+00 1.752502e+01 2.404076e+01 3.945067e+01 3.637931e+01 2.988346e+01 4.462718e+01 4.101152e+01 4.136476e+01 3.829230e+01 4.103424e+01 2.967649e+01 3.125908e-01 8.954352e-01 1.148920e+00 1.943346e+00 2.032079e+00 1.970291e+00 1.889095e+00 1.993252e+00 2.355047e+00 1.901494e+00 2.179799e+00 1.409907e+00 6.267686e-04
<GCONST> 8.440742e+01
<MIXTURE> 7 5.475854e-03
<MEAN> 25
 9.594436e+00 -5.915390e-01 -6.539859e+00 -1.097713e+01 -2.276051e+00 6.649873e+00 -6.151189e+00 -5.687229e+00 -3.869700e+00 1.866578e+00 4.720356e+00 -1.437876e+00 4.683380e-01 8.894650e-01 -4.020276e-01 -1.495296e+00 -5.502833e-01 1.330037e+00 1.569429e+00 2.490884e-01 -1.242313e+00 -1.216923e+00 3.322496e-01 1.219407e+00 -8.843041e-03
<VARIANCE> 25
 9.738122e+00 1.752502e+01 2.404076e+01 3.945067e+01 3.637931e+01 2.988346e+01 4.462718e+01 4.101152e+01 4.136476e+01 3.829230e+01 4.103424e+01 2.967649e+01 3.125908e-01 8.954352e-01 1.148920e+00 1.943346e+00 2.032079e+00 1.970291e+00 1.889095e+00 1.993252e+00 2.355047e+00 1.901494e+00 2.179799e+00 1.409907e+00 6.267686e-04
<GCONST> 8.440742e+01
<MIXTURE> 8 1.165917e-02
<MEAN> 25
 -4.725784e+00 1.363908e+00 1.288779e+00 9.543344e+00 6.570163e+00 6.250108e+00 6.473872e+00 5.681520e+00 6.649728e+00 5.630469e+00 6.570510e+00 3.153475e+00 -6.287259e-01 -1.427472e+00 -1.067585e+00 -1.728546e+00 -2.355983e-01 -9.451726e-01 -1.763227e-01 -2.900251e-01 -2.541472e-01 -1.743018e-01 -2.104999e-01 8.003484e-02 9.889842e-02
<VARIANCE> 25
 9.343148e+00 9.834837e+00 1.160959e+01 1.622974e+01 1.663415e+01 1.570988e+01 1.813283e+01 1.752716e+01 1.708924e+01 1.736117e+01 1.885670e+01 1.398829e+01 2.755468e+00 2.816158e+00 3.912135e+00 3.762170e+00 3.467723e+00 3.313205e+00 3.126262e+00 3.076965e+00 2.872693e+00 2.652856e+00 2.438069e+00 1.900828e+00 6.673957e-03
<GCONST> 8.629925e+01
<MIXTURE> 9 1.199672e-02
<MEAN> 25
 9.288145e+00 3.382334e+00 -6.202044e+00 -1.067113e+01 -2.218120e+00 4.963705e+00 -2.219727e+00 -2.322534e+00 -5.392523e+00 -1.249520e+00 5.718040e-01 -2.289671e-02 1.438709e+00 -1.287945e-01 -4.887355e-01 -2.702852e+00 -1.645734e+00 8.575873e-01 -9.675481e-01 -2.323374e-01 -1.812150e-01 -5.793272e-01 6.143479e-01 -1.517323e-01 7.323704e-02
<VARIANCE> 25
 1.233073e+01 2.149460e+01 3.353408e+01 5.346077e+01 5.012756e+01 3.225313e+01 4.327973e+01 5.229816e+01 4.204665e+01 4.158096e+01 3.608267e+01 2.701352e+01 2.090244e+00 2.449050e+00 4.580472e+00 4.871878e+00 5.015988e+00 4.094401e+00 4.247004e+00 6.036768e+00 5.035365e+00 4.077566e+00 4.009928e+00 2.803098e+00 2.220332e-03
<GCONST> 9.881573e+01
<MIXTURE> 10 6.596976e-03
<MEAN> 25
 8.210539e-01 7.634313e+00 5.375875e+00 7.148939e+00 1.587355e+00 -2.115178e+00 -5.182617e-01 -1.685459e+00 8.742669e-01 8.599452e-01 8.390346e-01 6.574329e-01 -1.924936e+00 -6.733233e-01 -4.585694e-01 3.028207e+00 2.463252e+00 2.710426e+00 2.373877e+00 2.277886e+00 1.861641e+00 1.545130e+00 2.335852e+00 5.248700e-01 -1.381427e-01
<VARIANCE> 25
 1.954194e+01 2.068579e+01 2.230496e+01 2.906123e+01 3.831285e+01 3.494051e+01 3.514610e+01 3.384170e+01 2.761344e+01 2.904929e+01 2.695883e+01 2.501441e+01 2.234826e+00 3.426173e+00 5.535637e+00 5.169517e+00 5.552362e+00 4.469726e+00 4.699896e+00 4.843538e+00 4.388561e+00 5.021058e+00 4.442236e+00 3.191065e+00 2.696752e-03
<GCONST> 9.745963e+01
<MIXTURE> 11 1.633820e-02
<MEAN> 25
 7.547010e+00 4.219891e+00 3.141473e+00 4.847486e+00 -2.863947e+00 -2.187701e+00 -2.762877e+00 -6.654528e+00 -3.613912e+00 2.373305e-01 -2.292754e+00 -1.843417e+00 -3.265803e-01 5.543483e-01 2.601995e-01 3.101500e-01 4.800414e-01 -2.354690e-01 1.264401e-01 1.939131e-02 -1.217728e-01 -3.682328e-02 -2.247004e-01 4.185931e-02 -2.019170e-02
<VARIANCE> 25
 1.112881e+01 2.233581e+01 2.071786e+01 3.062310e+01 3.935817e+01 3.810233e+01 5.094253e+01 4.187983e+01 4.288597e+01 3.287671e+01 3.474786e+01 2.856034e+01 9.369434e-01 1.152723e+00 1.696443e+00 2.137769e+00 1.966397e+00 2.294063e+00 2.131951e+00 2.857351e+00 2.279213e+00 1.838357e+00 1.818757e+00 1.649403e+00 9.999680e-04
<GCONST> 8.734755e+01
<MIXTURE> 12 5.904134e-03
<MEAN> 25
 1.076422e+01 3.742606e+00 -4.501950e+00 -1.599344e+01 -8.696127e+00 8.642634e+00 -8.972691e-01 -1.923196e+00 -1.722941e+00 -4.885468e+00 1.774657e+00 7.153123e-01 6.773736e-02 2.936630e-01 7.961935e-02 -3.683854e-01 -3.102373e-01 2.957297e-02 3.054842e-01 4.478337e-01 1.408330e-01 -3.847175e-01 -3.855541e-01 5.387759e-02 -6.302154e-03
<VARIANCE> 25
 8.895903e+00 2.101290e+01 2.335724e+01 3.503503e+01 4.205566e+01 3.095574e+01 4.180342e+01 4.899347e+01 4.406415e+01 3.739564e+01 3.799676e+01 2.894616e+01 2.467946e-01 6.884483e-01 6.859677e-01 1.169924e+00 1.186475e+00 1.054072e+00 1.171182e+00 1.386047e+00 1.240902e+00 1.222171e+00 1.221352e+00 9.563941e-01 5.787946e-04
<GCONST> 7.892415e+01
<MIXTURE> 13 5.904134e-03
<MEAN> 25
 1.076422e+01 3.742606e+00 -4.501950e+00 -1.599344e+01 -8.696127e+00 8.642634e+00 -8.972691e-01 -1.923196e+00 -1.722941e+00 -4.885468e+00 1.774657e+00 7.153123e-01 6.773736e-02 2.936630e-01 7.961935e-02 -3.683854e-01 -3.102373e-01 2.957297e-02 3.054842e-01 4.478337e-01 1.408330e-01 -3.847175e-01 -3.855541e-01 5.387759e-02 -6.302154e-03
<VARIANCE> 25
 8.895903e+00 2.101290e+01 2.335724e+01 3.503503e+01 4.205566e+01 3.095574e+01 4.180342e+01 4.899347e+01 4.406415e+01 3.739564e+01 3.799676e+01 2.894616e+01 2.467946e-01 6.884483e-01 6.859677e-01 1.169924e+00 1.186475e+00 1.054072e+00 1.171182e+00 1.386047e+00 1.240902e+00 1.222171e+00 1.221352e+00 9.563941e-01 5.787946e-04
<GCONST> 7.892415e+01
<MIXTURE> 14 6.488954e-03
<MEAN> 25
 -4.318005e+00 -3.791595e-01 -3.102505e-01 8.904119e+00 7.511045e+00 7.376326e+00 7.830215e+00 7.321669e+00 7.251076e+00 5.221808e+00 6.863884e+00 4.100437e+00 -2.740006e-01 1.931961e-01 3.654450e-01 3.102364e-01 6.235507e-03 6.122694e-02 9.801207e-02 1.770308e-01 2.956226e-01 5.393397e-01 5.061562e-01 7.640190e-02 -9.328851e-03
<VARIANCE> 25
 9.288227e+00 1.385041e+01 1.861517e+01 1.788861e+01 2.090898e+01 1.959897e+01 2.148872e+01 2.069013e+01 2.008262e+01 2.393628e+01 2.138200e+01 1.598040e+01 9.624079e-01 1.639718e+00 1.772922e+00 1.934433e+00 2.245865e+00 2.257938e+00 2.255807e+00 2.240399e+00 2.285693e+00 2.507381e+00 2.195837e+00 1.812430e+00 1.029754e-03
<GCONST> 8.191518e+01
<MIXTURE> 15 2.475190e-03
<MEAN> 25
 -5.371725e+00 -6.209444e-01 -2.140682e-01 7.294058e+00 5.699324e+00 5.665759e+00 6.038892e+00 4.975802e+00 5.152301e+00 4.147946e+00 5.452844e+00 2.506293e+00 -1.214679e-01 -2.984718e-02 7.036560e-02 2.405659e-01 4.894359e-01 7.859660e-01 1.068254e+00 1.179381e+00 1.056007e+00 7.535416e-01 4.272850e-01 1.566483e-01 -1.258534e-05
<VARIANCE> 25
 7.160737e+00 5.618537e+00 8.975191e+00 1.319255e+01 1.397863e+01 1.430354e+01 1.483615e+01 1.490106e+01 1.409495e+01 1.420514e+01 1.527412e+01 1.261980e+01 1.240060e-01 2.049400e-01 3.209958e-01 5.018024e-01 6.985745e-01 7.908390e-01 7.634523e-01 7.895717e-01 9.161761e-01 1.027490e+00 1.079823e+00 1.034581e+00 2.883650e-05
<GCONST> 5.867173e+01
<MIXTURE> 16 2.475190e-03
<MEAN> 25
 -5.371725e+00 -6.209444e-01 -2.140682e-01 7.294058e+00 5.699324e+00 5.665759e+00 6.038892e+00 4.975802e+00 5.152301e+00 4.147946e+00 5.452844e+00 2.506293e+00 -1.214679e-01 -2.984718e-02 7.036560e-02 2.405659e-01 4.894359e-01 7.859660e-01 1.068254e+00 1.179381e+00 1.056007e+00 7.535416e-01 4.272850e-01 1.566483e-01 -1.258534e-05
<VARIANCE> 25
 7.160737e+00 5.618537e+00 8.975191e+00 1.319255e+01 1.397863e+01 1.430354e+01 1.483615e+01 1.490106e+01 1.409495e+01 1.420514e+01 1.527412e+01 1.261980e+01 1.240060e-01 2.049400e-01 3.209958e-01 5.018024e-01 6.985745e-01 7.908390e-01 7.634523e-01 7.895717e-01 9.161761e-01 1.027490e+00 1.079823e+00 1.034581e+00 2.883650e-05
<GCONST> 5.867173e+01
<MIXTURE> 17 9.518312e-03
<MEAN> 25
 3.313371e+00 -1.057703e+00 6.139862e+00 2.401577e+00 -5.764792e+00 -6.106921e+00 -2.813003e+00 -1.268935e-01 -2.795563e+00 -3.042310e+00 3.520325e-01 3.927945e-02 -6.530640e-01 -1.399203e+00 1.433200e+00 -1.870495e+00 -2.437549e+00 -2.081981e-01 1.190050e-01 6.973865e-01 -4.023661e-01 -2.224841e-01 1.025824e+00 3.156068e-01 8.554476e-02
<VARIANCE> 25
 1.708270e+01 3.344065e+01 2.984579e+01 3.663510e+01 4.345106e+01 4.585147e+01 4.171621e+01 3.186182e+01 3.409913e+01 2.529096e+01 2.722591e+01 2.674293e+01 1.936416e+00 2.832925e+00 4.080100e+00 3.513775e+00 4.083162e+00 5.098697e+00 4.842567e+00 4.560401e+00 4.045602e+00 3.785497e+00 2.927200e+00 2.673689e+00 2.227184e-03
<GCONST> 9.660628e+01
<MIXTURE> 18 1.221018e-02
<MEAN> 25
 3.956131e+00 4.618971e+00 6.735749e+00 4.738292e+00 -4.608402e+00 -8.354139e+00 -1.749520e+00 -1.181802e+00 -3.376766e+00 -2.450149e+00 -8.772037e-01 5.812272e-01 -7.626397e-01 2.160264e+00 -1.970514e-01 2.032663e+00 3.114416e+00 1.480560e+00 8.016098e-01 -2.091437e-01 6.200169e-01 5.195608e-01 -2.900644e-01 -6.129942e-02 -1.238638e-01
<VARIANCE> 25
 1.607905e+01 2.531311e+01 3.296599e+01 2.615834e+01 4.004810e+01 3.365825e+01 3.868518e+01 3.518983e+01 3.919615e+01 3.452197e+01 3.251940e+01 3.095619e+01 2.561081e+00 3.031685e+00 4.739338e+00 4.046139e+00 4.097782e+00 4.683636e+00 4.657688e+00 4.453788e+00 4.487528e+00 4.310384e+00 4.565977e+00 3.624480e+00 4.103684e-03
<GCONST> 9.852536e+01
<MIXTURE> 19 9.912824e-03
<MEAN> 25
 -9.813242e+00 1.848276e+00 2.832102e-01 9.158826e-01 3.787356e+00 1.613874e+00 3.503757e+00 1.094275e+00 2.148865e+00 1.206765e+00 1.062072e+00 1.914280e+00 2.032274e+00 1.701038e+00 2.110011e+00 7.124377e-01 -9.617807e-01 -1.047404e+00 -1.077928e+00 -1.342399e+00 -1.541867e+00 -1.154931e+00 -8.271711e-01 -7.974426e-01 1.168087e-04
<VARIANCE> 25
 5.509020e+01 2.922550e+01 4.681644e+01 5.270776e+01 3.457784e+01 3.206033e+01 3.058553e+01 2.889370e+01 2.821160e+01 2.649969e+01 2.958629e+01 1.959689e+01 2.473261e+00 2.219915e+00 2.218507e+00 2.321771e+00 2.860349e+00 2.201588e+00 2.446094e+00 2.495890e+00 2.103701e+00 2.058964e+00 2.188942e+00 1.731605e+00 2.396314e-03
<GCONST> 9.167245e+01
<MIXTURE> 20 6.308331e-03
<MEAN> 25
 -1.418002e+01 7.414359e+00 8.454490e-01 6.151182e+00 4.842682e+00 1.638004e+00 5.209517e+00 8.518633e-01 9.248739e-01 7.974697e-01 2.568120e+00 -3.029766e-01 -3.285172e+00 -8.668406e-01 -1.564808e+00 3.324090e-01 1.540273e+00 2.063129e+00 1.979209e+00 2.055602e+00 2.144646e+00 2.039675e+00 1.684266e+00 9.452913e-01 4.731917e-02
<VARIANCE> 25
 1.966804e+01 2.346333e+01 3.095349e+01 3.717243e+01 3.084515e+01 2.788743e+01 2.992616e+01 3.148101e+01 2.798633e+01 2.821514e+01 2.515468e+01 2.091375e+01 2.093936e+00 2.181720e+00 1.910002e+00 2.540863e+00 2.704459e+00 2.312517e+00 2.309566e+00 2.320934e+00 2.234886e+00 2.652953e+00 2.241821e+00 1.865204e+00 1.886004e-03
<GCONST> 8.921997e+01
<MIXTURE> 21 7.928653e-03
<MEAN> 25
 4.005296e+00 -4.531180e+00 5.774209e+00 -1.548293e+00 -1.058303e+01 -8.726342e+00 -2.616325e+00 4.173496e+00 -2.071793e+00 -3.408999e+00 2.439882e-01 3.394340e-01 -7.191721e-01 1.341489e+00 2.589593e+00 -4.499982e-02 -1.552159e+00 3.360972e-01 5.891904e-01 -1.498132e+00 -1.958315e+00 3.132035e-01 1.326313e+00 2.465722e-01 -1.278462e-02
<VARIANCE> 25
 8.901554e+00 1.873112e+01 2.966203e+01 2.841909e+01 2.855869e+01 3.321180e+01 4.295296e+01 3.940718e+01 4.292919e+01 3.160343e+01 3.382619e+01 2.324836e+01 3.767038e-01 9.498658e-01 1.854699e+00 1.291026e+00 2.212853e+00 2.188564e+00 3.642060e+00 2.500941e+00 2.161142e+00 2.596322e+00 2.017950e+00 2.285001e+00 4.286319e-04
<GCONST> 8.509991e+01
<MIXTURE> 22 8.827789e-03
<MEAN> 25
 -1.791747e+01 7.151838e+00 -4.128866e+00 7.390429e+00 4.601315e+00 2.762268e+00 8.399125e+00 1.745108e+00 5.382063e+00 3.297712e+00 5.714417e+00 1.183722e+00 -3.094738e-01 -2.077838e-01 -1.256041e-01 -1.493819e-01 -7.861951e-03 1.377288e-01 1.814738e-01 1.777910e-01 2.493329e-01 2.072151e-01 1.724469e-01 1.927404e-01 8.867826e-03
<VARIANCE> 25
 8.143312e+00 1.684039e+01 1.739186e+01 2.517260e+01 2.289099e+01 2.083248e+01 1.942445e+01 1.873147e+01 1.815180e+01 2.088555e+01 1.924432e+01 1.378677e+01 1.090344e+00 1.356922e+00 1.363430e+00 1.571436e+00 1.409318e+00 1.527808e+00 1.509615e+00 1.532269e+00 1.615424e+00 1.544168e+00 1.356990e+00 1.167759e+00 1.745145e-03
<GCONST> 7.831520e+01
<MIXTURE> 23 6.455497e-03
<MEAN> 25
 7.792634e+00 2.452273e+00 3.004977e+00 2.430423e+00 -4.769114e+00 -3.126817e+00 -4.181690e+00 -6.349284e+00 -3.411822e+00 -1.073125e+00 -4.147392e+00 -2.142841e+00 3.634092e-02 1.799809e-01 3.263838e-03 3.935358e-02 1.393718e-02 4.577204e-02 9.723429e-03 -5.826910e-02 1.915729e-03 4.880688e-02 -5.642374e-04 2.763782e-02 -4.469609e-03
<VARIANCE> 25
 1.145691e+01 2.185205e+01 2.424560e+01 4.009074e+01 3.800011e+01 5.308602e+01 5.845003e+01 5.522387e+01 4.743227e+01 4.635949e+01 4.762476e+01 3.968279e+01 1.174310e-01 2.974085e-01 3.807904e-01 4.998930e-01 5.978773e-01 7.162917e-01 7.825447e-01 8.726229e-01 8.816091e-01 8.674271e-01 8.189695e-01 7.652103e-01 8.994807e-05
<GCONST> 7.298354e+01
<MIXTURE> 24 6.455497e-03
<MEAN> 25
 7.792634e+00 2.452273e+00 3.004977e+00 2.430423e+00 -4.769114e+00 -3.126817e+00 -4.181690e+00 -6.349284e+00 -3.411822e+00 -1.073125e+00 -4.147392e+00 -2.142841e+00 3.634092e-02 1.799809e-01 3.263838e-03 3.935358e-02 1.393718e-02 4.577204e-02 9.723429e-03 -5.826910e-02 1.915729e-03 4.880688e-02 -5.642374e-04 2.763782e-02 -4.469609e-03
<VARIANCE> 25
 1.145691e+01 2.185205e+01 2.424560e+01 4.009074e+01 3.800011e+01 5.308602e+01 5.845003e+01 5.522387e+01 4.743227e+01 4.635949e+01 4.762476e+01 3.968279e+01 1.174310e-01 2.974085e-01 3.807904e-01 4.998930e-01 5.978773e-01 7.162917e-01 7.825447e-01 8.726229e-01 8.816091e-01 8.674271e-01 8.189695e-01 7.652103e-01 8.994807e-05
<GCONST> 7.298354e+01
<MIXTURE> 25 1.118642e-02
<MEAN> 25
 2.946924e-01 3.481189e+00 1.678884e+01 -1.035316e+00 -1.133007e+01 -1.759859e+00 -4.992159e+00 -2.946365e+00 -6.939590e+00 -5.448551e+00 4.102201e+00 -1.645145e+00 -1.351494e-01 4.401293e-01 1.691366e-01 1.516047e-01 2.170892e-01 1.102850e-01 1.932077e-01 -1.691221e-01 -2.486858e-01 7.450297e-02 -7.351752e-02 -1.076117e-01 -1.293160e-02
<VARIANCE> 25
 8.848373e+00 2.222581e+01 2.084863e+01 2.867688e+01 3.166819e+01 4.109455e+01 2.736906e+01 2.998920e+01 2.837531e+01 3.661345e+01 2.096096e+01 2.760002e+01 5.959340e-01 1.445777e+00 1.405049e+00 1.382835e+00 2.275961e+00 2.037440e+00 1.748158e+00 1.630061e+00 1.536321e+00 1.649809e+00 1.348780e+00 1.298080e+00 1.282441e-03
<GCONST> 8.273730e+01
<MIXTURE> 26 7.727677e-03
<MEAN> 25
 2.168463e+00 -6.405038e+00 -1.036828e+01 -7.253376e-01 7.958340e+00 5.482518e+00 4.052239e+00 -3.142070e-01 2.265380e+00 -9.609539e-01 -2.884824e+00 -9.994829e-01 -6.546879e-01 6.240255e-01 3.657425e-01 6.930766e-01 1.740268e-01 2.435883e-01 2.892564e-01 3.311184e-01 2.915171e-01 7.722031e-02 3.856534e-01 4.290598e-01 -5.246672e-02
<VARIANCE> 25
 2.509508e+01 3.427335e+01 2.577156e+01 6.218525e+01 3.933345e+01 4.227123e+01 4.607539e+01 4.407063e+01 3.941004e+01 5.423460e+01 3.996810e+01 4.657185e+01 1.653840e+00 1.958301e+00 1.921628e+00 1.999128e+00 2.316420e+00 2.374276e+00 2.513362e+00 2.742003e+00 2.338764e+00 2.344556e+00 2.157358e+00 1.993786e+00 3.362943e-03
<GCONST> 9.393381e+01
<MIXTURE> 27 7.727677e-03
<MEAN> 25
 2.168463e+00 -6.405038e+00 -1.036828e+01 -7.253376e-01 7.958340e+00 5.482518e+00 4.052239e+00 -3.142070e-01 2.265380e+00 -9.609539e-01 -2.884824e+00 -9.994829e-01 -6.546879e-01 6.240255e-01 3.657425e-01 6.930766e-01 1.740268e-01 2.435883e-01 2.892564e-01 3.311184e-01 2.915171e-01 7.722031e-02 3.856534e-01 4.290598e-01 -5.246672e-02
<VARIANCE> 25
 2.509508e+01 3.427335e+01 2.577156e+01 6.218525e+01 3.933345e+01 4.227123e+01 4.607539e+01 4.407063e+01 3.941004e+01 5.423460e+01 3.996810e+01 4.657185e+01 1.653840e+00 1.958301e+00 1.921628e+00 1.999128e+00 2.316420e+00 2.374276e+00 2.513362e+00 2.742003e+00 2.338764e+00 2.344556e+00 2.157358e+00 1.993786e+00 3.362943e-03
<GCONST> 9.393381e+01
<MIXTURE> 28 5.036674e-03
<MEAN> 25
 -5.357804e+00 5.573218e-02 -1.525706e+00 6.546425e+00 5.201697e+00 3.498528e+00 5.354635e+00 3.072219e+00 3.828803e+00 2.321391e+00 2.582898e+00 3.188648e+00 -1.200512e-01 2.185494e-01 5.253612e-01 7.769179e-01 8.109769e-01 7.012576e-01 5.323926e-01 3.955554e-01 4.557675e-01 4.906065e-01 3.639346e-01 1.859052e-01 -2.005733e-05
<VARIANCE> 25
 1.076678e+01 8.345245e+00 1.208881e+01 1.491120e+01 1.460827e+01 1.758275e+01 1.799759e+01 1.898544e+01 1.757816e+01 1.691786e+01 2.048140e+01 1.486386e+01 2.541589e-01 3.337258e-01 4.017754e-01 4.641023e-01 6.259937e-01 8.442693e-01 1.068255e+00 1.127919e+00 1.110644e+00 1.020946e+00 1.034079e+00 1.051793e+00 9.980885e-07
<GCONST> 6.022957e+01
<MIXTURE> 29 5.036674e-03
<MEAN> 25
 -5.357804e+00 5.573218e-02 -1.525706e+00 6.546425e+00 5.201697e+00 3.498528e+00 5.354635e+00 3.072219e+00 3.828803e+00 2.321391e+00 2.582898e+00 3.188648e+00 -1.200512e-01 2.185494e-01 5.253612e-01 7.769179e-01 8.109769e-01 7.012576e-01 5.323926e-01 3.955554e-01 4.557675e-01 4.906065e-01 3.639346e-01 1.859052e-01 -2.005733e-05
<VARIANCE> 25
 1.076678e+01 8.345245e+00 1.208881e+01 1.491120e+01 1.460827e+01 1.758275e+01 1.799759e+01 1.898544e+01 1.757816e+01 1.691786e+01 2.048140e+01 1.486386e+01 2.541589e-01 3.337258e-01 4.017754e-01 4.641023e-01 6.259937e-01 8.442693e-01 1.068255e+00 1.127919e+00 1.110644e+00 1.020946e+00 1.034079e+00 1.051793e+00 9.980885e-07
<GCONST> 6.022957e+01
<MIXTURE> 30 8.917812e-03
<MEAN> 25
 -4.412652e+00 -1.427175e-01 6.223868e-01 8.926615e+00 7.722063e+00 7.373835e+00 7.502923e+00 6.881171e+00 6.550689e+00 4.865248e+00 6.868132e+00 3.442869e+00 -2.523546e-02 2.671109e-02 6.168401e-02 9.551496e-02 7.168940e-02 3.511730e-02 1.916932e-02 4.721666e-03 2.651902e-02 3.937994e-02 5.914076e-02 4.355935e-02 -4.786476e-04
<VARIANCE> 25
 7.100452e+00 9.811256e+00 1.027253e+01 1.469083e+01 1.562196e+01 1.699575e+01 1.918711e+01 1.803800e+01 1.641964e+01 1.824036e+01 2.195445e+01 1.439727e+01 9.666543e-02 1.974931e-01 3.221872e-01 4.771009e-01 6.216698e-01 7.222875e-01 7.633657e-01 8.132704e-01 8.834064e-01 9.340422e-01 9.122370e-01 8.571787e-01 5.145397e-05
<GCONST> 6.067220e+01
<MIXTURE> 31 4.136493e-03
<MEAN> 25
 -3.104382e+00 -5.247306e+00 5.911745e-02 4.574227e+00 3.395316e+00 1.342773e+00 5.094401e+00 6.697832e+00 2.789508e+00 1.176736e+00 6.170946e+00 3.247102e+00 2.401148e-01 4.810721e-01 -2.210508e-01 3.166260e-01 1.586751e-01 4.856796e-01 2.179256e-01 -2.774305e-02 1.977839e-01 2.677246e-01 5.794208e-02 3.429599e-02 -1.784527e-02
<VARIANCE> 25
 6.859568e+00 1.602673e+01 1.596520e+01 1.735959e+01 2.384941e+01 2.295659e+01 2.224132e+01 2.402702e+01 2.467219e+01 2.609521e+01 1.992342e+01 1.774353e+01 1.779078e-01 5.257916e-01 5.914990e-01 7.801788e-01 9.274654e-01 1.093471e+00 1.192059e+00 1.320387e+00 1.601237e+00 1.328530e+00 1.199849e+00 1.206850e+00 2.397715e-04
<GCONST> 7.130746e+01
<MIXTURE> 32 4.136493e-03
<MEAN> 25
 -3.104382e+00 -5.247306e+00 5.911745e-02 4.574227e+00 3.395316e+00 1.342773e+00 5.094401e+00 6.697832e+00 2.789508e+00 1.176736e+00 6.170946e+00 3.247102e+00 2.401148e-01 4.810721e-01 -2.210508e-01 3.166260e-01 1.586751e-01 4.856796e-01 2.179256e-01 -2.774305e-02 1.977839e-01 2.677246e-01 5.794208e-02 3.429599e-02 -1.784527e-02
<VARIANCE> 25
 6.859568e+00 1.602673e+01 1.596520e+01 1.735959e+01 2.384941e+01 2.295659e+01 2.224132e+01 2.402702e+01 2.467219e+01 2.609521e+01 1.992342e+01 1.774353e+01 1.779078e-01 5.257916e-01 5.914990e-01 7.801788e-01 9.274654e-01 1.093471e+00 1.192059e+00 1.320387e+00 1.601237e+00 1.328530e+00 1.199849e+00 1.206850e+00 2.397715e-04
<GCONST> 7.130746e+01
<MIXTURE> 33 1.508826e-02
<MEAN> 25
 6.550865e+00 -3.970270e+00 -2.060554e+00 -2.376591e+00 -2.241969e+00 -5.549939e+00 -7.651488e+00 1.372023e+00 1.995912e+00 -4.497237e-01 -4.472515e+00 -2.808717e+00 5.903720e-01 -1.141254e+00 -2.418800e+00 -1.885720e+00 1.454997e+00 1.399355e+00 -7.645508e-01 6.201826e-01 1.002020e+00 6.209977e-01 -2.962930e-01 -1.404879e+00 3.762730e-02
<VARIANCE> 25
 9.875583e+00 2.186381e+01 2.843423e+01 3.601754e+01 4.477982e+01 4.224065e+01 4.428991e+01 4.731560e+01 4.073774e+01 4.212790e+01 3.489479e+01 2.794039e+01 1.234014e+00 2.023220e+00 2.172305e+00 2.102574e+00 4.087904e+00 3.422851e+00 4.130647e+00 5.682988e+00 3.622577e+00 4.290996e+00 3.234566e+00 2.682419e+00 1.455589e-03
<GCONST> 9.437675e+01
<MIXTURE> 34 1.588179e-02
<MEAN> 25
 8.828713e+00 -6.916051e-03 -1.718786e-01 9.796571e-01 -2.825678e+00 -1.424017e+00 -6.494934e+00 -5.363512e+00 -2.463983e+00 2.656339e-01 -2.062123e+00 -3.279981e+00 -8.089858e-02 1.348185e+00 1.386835e+00 2.260022e+00 7.837672e-02 -2.142109e-01 7.666994e-01 -1.445425e+00 -8.006091e-01 2.468125e-01 -5.082055e-01 2.833056e-01 -6.338565e-02
<VARIANCE> 25
 7.565797e+00 2.928961e+01 2.868332e+01 4.763677e+01 4.054399e+01 4.659627e+01 5.314524e+01 5.804073e+01 5.401728e+01 4.037376e+01 4.911019e+01 3.231920e+01 1.254726e+00 1.841857e+00 4.635631e+00 4.333468e+00 5.670927e+00 5.773039e+00 5.362906e+00 6.166088e+00 5.258925e+00 4.695457e+00 4.698731e+00 3.643949e+00 1.124745e-03
<GCONST> 9.928465e+01
<MIXTURE> 35 1.467755e-02
<MEAN> 25
 -2.342172e+00 -5.940592e+00 -1.030685e+01 -1.581336e+00 8.955917e+00 5.360002e-02 -1.252754e+00 1.401458e+00 5.614535e-01 5.939099e+00 9.574738e-01 -9.684030e-01 3.175496e-01 -1.366373e+00 -1.334524e+00 -1.631793e+00 2.407162e-01 -2.894349e-01 -7.446137e-01 -5.313168e-01 -3.801356e-02 5.407535e-01 -4.010240e-01 -1.034233e+00 1.185756e-01
<VARIANCE> 25
 1.726492e+01 2.765949e+01 3.977523e+01 6.734861e+01 3.807893e+01 5.115215e+01 8.171629e+01 4.441031e+01 4.734522e+01 4.214325e+01 3.511315e+01 6.354371e+01 3.192350e+00 3.336318e+00 6.025939e+00 4.976476e+00 4.780054e+00 5.948117e+00 4.302773e+00 4.772942e+00 4.329873e+00 4.698252e+00 3.709694e+00 5.006436e+00 5.212252e-03
<GCONST> 1.039026e+02
<MIXTURE> 36 1.093293e-02
<MEAN> 25
 5.454681e+00 -4.295848e+00 6.999664e+00 3.259666e+00 -1.126456e+01 -8.758862e+00 -7.275403e+00 1.896754e+00 -2.306569e+00 -4.524682e+00 2.437599e+00 -2.040345e-01 3.950115e-01 3.139713e-01 -1.265180e+00 -8.308297e-02 8.808478e-01 2.452067e-01 -6.069678e-01 -1.770094e-01 5.499806e-01 6.588124e-01 -4.129548e-01 -4.295674e-01 -1.106948e-02
<VARIANCE> 25
 9.908494e+00 1.864691e+01 2.027857e+01 2.657964e+01 3.542033e+01 2.851307e+01 4.772694e+01 3.929409e+01 3.556994e+01 2.860982e+01 2.544096e+01 2.340996e+01 4.242276e-01 8.167415e-01 2.154296e+00 1.233973e+00 1.584792e+00 1.733391e+00 2.122273e+00 1.814325e+00 1.895937e+00 1.600974e+00 1.243944e+00 1.332822e+00 8.124621e-04
<GCONST> 8.200169e+01
<MIXTURE> 37 1.246826e-02
<MEAN> 25
 5.457801e-01 7.773643e+00 1.205688e+01 -5.554760e+00 -8.030919e+00 -1.052312e+00 -5.079776e+00 -8.323977e+00 -3.710084e+00 -9.072842e-01 -3.669733e+00 -1.292093e+00 1.825771e-01 6.471780e-01 -1.353777e+00 3.583478e+00 1.987952e+00 -3.009593e-01 1.091077e+00 4.361320e-01 5.278254e-01 -3.233549e-01 5.374514e-01 -9.746750e-02 -9.494221e-02
<VARIANCE> 25
 1.593197e+01 2.598466e+01 3.084783e+01 5.100959e+01 3.393614e+01 3.201529e+01 4.399149e+01 3.505462e+01 3.862104e+01 3.596639e+01 3.775179e+01 3.088870e+01 2.956313e+00 3.415722e+00 3.018796e+00 4.093368e+00 4.617659e+00 3.753045e+00 4.208743e+00 3.810591e+00 3.450376e+00 3.621529e+00 3.869758e+00 2.791789e+00 3.927674e-03
<GCONST> 9.778275e+01
<MIXTURE> 38 1.154525e-02
<MEAN> 25
 -4.472157e+00 8.966715e+00 4.589475e+00 3.220546e+00 8.442180e-01 -5.210359e+00 -6.043985e-01 -2.750775e+00 -2.850468e+00 -3.100918e+00 -1.491253e+00 -5.479859e-01 -4.514062e+00 1.248435e+00 -3.104030e-01 1.452895e+00 2.558597e+00 1.393419e+00 2.049306e+00 9.495549e-01 7.873789e-01 6.334887e-01 1.004668e+00 3.258897e-01 4.862058e-02
<VARIANCE> 25
 3.136553e+01 2.956433e+01 3.905261e+01 3.305412e+01 4.879471e+01 3.560583e+01 3.631854e+01 4.161487e+01 3.484597e+01 3.247976e+01 2.426387e+01 2.870976e+01 2.362897e+00 3.943500e+00 3.904751e+00 5.158435e+00 4.255608e+00 5.013882e+00 4.778097e+00 4.648156e+00 4.441669e+00 4.942955e+00 4.383553e+00 3.259853e+00 2.047785e-03
<GCONST> 9.925422e+01
<MIXTURE> 39 9.501865e-03
<MEAN> 25
 1.315596e+00 2.341496e+00 9.931196e+00 -9.301156e+00 -1.120094e+01 -9.006146e-01 -3.136183e+00 -6.789036e+00 -4.495740e+00 9.652153e-01 -3.563368e+00 -2.510113e+00 -6.859123e-01 1.480531e+00 1.661337e+00 -1.409558e+00 -4.055523e-03 1.265554e+00 -1.102312e+00 -1.261487e+00 3.842574e-01 3.694335e-01 -4.979987e-01 1.378919e-01 9.313867e-04
<VARIANCE> 25
 8.699972e+00 3.199501e+01 3.375164e+01 3.762604e+01 3.660369e+01 4.191362e+01 4.459338e+01 3.441581e+01 3.851034e+01 3.275399e+01 3.581490e+01 3.042865e+01 7.486544e-01 1.574805e+00 1.541300e+00 2.868864e+00 2.630206e+00 2.828876e+00 3.339671e+00 2.689069e+00 2.456981e+00 2.762326e+00 2.069430e+00 2.025059e+00 1.172303e-03
<GCONST> 8.998039e+01
<MIXTURE> 40 1.030800e-02
<MEAN> 25
 -9.034155e+00 2.104371e+00 -1.021300e+00 7.852912e+00 3.706093e+00 5.361895e+00 5.257462e+00 4.067375e+00 4.578775e+00 3.988582e+00 5.558483e+00 1.619158e+00 -8.349587e-02 -2.312243e-01 -2.471344e-02 -2.209552e-01 -1.289267e-01 -8.361550e-02 8.804025e-02 6.920823e-02 2.045381e-02 6.467112e-03 4.957953e-02 3.401386e-02 4.080753e-03
<VARIANCE> 25
 4.291730e+01 1.990541e+01 2.842581e+01 2.854406e+01 2.550185e+01 1.897961e+01 1.898360e+01 1.947268e+01 1.764582e+01 1.932843e+01 1.876627e+01 1.440055e+01 7.385997e-01 7.134181e-01 8.626385e-01 1.077837e+00 1.144121e+00 1.277511e+00 1.337396e+00 1.263350e+00 1.297892e+00 1.213906e+00 1.153128e+00 1.080273e+00 8.515916e-04
<GCONST> 7.671846e+01
<MIXTURE> 41 6.713375e-03
<MEAN> 25
 1.286366e+00 1.422549e+00 1.015182e+01 -7.008940e+00 -1.040363e+01 -3.729809e+00 -2.627362e+00 -5.273870e+00 -4.675488e+00 2.672953e+00 -1.624619e+00 -1.193608e+00 1.235011e-01 -7.708771e-01 1.757283e+00 -3.475104e+00 -2.509956e+00 -5.772966e-02 -4.591004e-01 -4.036285e-01 -8.543947e-01 9.682060e-01 -1.023094e+00 9.076090e-02 8.443388e-02
<VARIANCE> 25
 1.135089e+01 3.213809e+01 3.455592e+01 4.016638e+01 3.755202e+01 3.972741e+01 3.779016e+01 3.146175e+01 3.210916e+01 2.805508e+01 3.120401e+01 2.844975e+01 3.143414e+00 3.294121e+00 3.826023e+00 3.951873e+00 4.831277e+00 5.984637e+00 4.971127e+00 4.457903e+00 3.866814e+00 4.462376e+00 3.714989e+00 3.149763e+00 3.169051e-03
<GCONST> 9.813205e+01
<MIXTURE> 42 1.106211e-02
<MEAN> 25
 -1.841183e+00 4.250609e+00 4.701282e+00 2.826925e+00 -4.608294e-02 -6.302388e+00 -8.860389e-01 -1.900668e+00 -1.677474e+00 -1.231306e+00 -2.159137e+00 1.237158e+00 4.140415e+00 -4.198894e-01 1.584555e+00 2.308643e-01 -3.014209e+00 -1.194509e+00 -2.307497e+00 -8.360936e-01 -8.171697e-01 -7.575581e-01 4.976142e-01 -1.039023e+00 1.309277e-02
<VARIANCE> 25
 3.579988e+01 2.496584e+01 4.574855e+01 2.578394e+01 4.098080e+01 3.839017e+01 3.691321e+01 2.681093e+01 2.925649e+01 2.695384e+01 2.034558e+01 1.758578e+01 3.565704e+00 4.983798e+00 6.145460e+00 4.724773e+00 4.670655e+00 5.961082e+00 5.143728e+00 5.196301e+00 4.901592e+00 4.768075e+00 4.201208e+00 3.349768e+00 4.875176e-03
<GCONST> 9.995429e+01
<MIXTURE> 43 7.108249e-03
<MEAN> 25
 3.163812e+00 -6.298384e+00 -2.246866e+00 -5.185808e+00 -7.397340e+00 -3.394143e+00 4.142849e+00 1.305579e+00 -5.051881e+00 -7.086079e+00 -4.323745e+00 -1.248059e+00 2.380565e-01 2.163200e+00 1.912213e+00 -1.336748e-01 -1.427733e+00 -7.960435e-01 -9.705516e-01 -7.769191e-01 8.182979e-01 1.466177e+00 3.416007e-01 2.056692e-02 -4.512054e-02
<VARIANCE> 25
 9.597484e+00 1.974923e+01 2.733483e+01 3.518000e+01 3.838017e+01 3.668195e+01 3.329148e+01 3.979484e+01 3.977080e+01 3.866678e+01 2.651755e+01 2.952831e+01 6.910003e-01 1.250623e+00 1.572233e+00 2.489544e+00 2.378576e+00 2.381575e+00 2.650818e+00 3.027866e+00 2.615783e+00 2.581023e+00 2.329087e+00 1.917579e+00 9.428039e-04
<GCONST> 8.797559e+01
<MIXTURE> 44 7.328289e-03
<MEAN> 25
 -1.397939e+01 1.436646e+00 3.347567e+00 -2.935065e+00 3.183033e+00 2.177691e+00 3.910179e-01 1.592454e+00 1.979950e+00 -1.090940e+00 1.566932e+00 1.435657e+00 -1.626634e-01 -1.078458e-01 1.813588e-01 2.676127e-01 -2.415332e-01 3.419092e-01 5.162091e-01 8.898254e-02 4.224341e-01 8.119534e-02 3.064714e-02 1.848797e-01 7.817678e-03
<VARIANCE> 25
 4.889011e+01 2.452039e+01 3.127805e+01 2.779021e+01 2.615513e+01 2.790067e+01 2.418715e+01 3.328827e+01 3.077375e+01 2.544988e+01 2.485740e+01 1.890873e+01 1.156577e+00 1.451652e+00 1.257233e+00 1.207063e+00 2.075492e+00 1.660712e+00 1.548494e+00 1.586960e+00 1.661417e+00 1.483821e+00 1.266117e+00 1.151231e+00 1.274272e-03
<GCONST> 8.358899e+01
<MIXTURE> 45 1.364932e-02
<MEAN> 25
 -1.207851e+01 3.406858e+00 -1.200533e+00 2.734463e+00 5.590386e+00 6.346378e-02 4.649236e+00 2.699186e+00 3.199302e+00 2.296780e+00 2.418629e+00 2.448032e+00 -2.892565e+00 5.610361e-01 -4.336280e-01 -4.915869e-01 1.604353e-01 3.161470e-02 4.714421e-01 2.397540e-02 -2.827157e-03 -1.199243e-01 2.851050e-01 9.163822e-02 1.175664e-01
<VARIANCE> 25
 3.628558e+01 2.929888e+01 2.998859e+01 3.434706e+01 3.100076e+01 2.836441e+01 2.910222e+01 2.661791e+01 2.437837e+01 2.363284e+01 2.750384e+01 1.580317e+01 2.415093e+00 3.012103e+00 2.839215e+00 2.646243e+00 2.457933e+00 2.620905e+00 2.241828e+00 2.267136e+00 2.218063e+00 2.135041e+00 1.947003e+00 1.590184e+00 4.016532e-03
<GCONST> 9.037325e+01
<MIXTURE> 46 9.336259e-03
<MEAN> 25
 -9.290752e+00 2.291135e+00 1.139487e+00 7.361241e+00 5.679048e+00 3.390778e+00 7.111367e+00 4.354887e+00 5.768126e+00 4.728628e+00 4.968742e+00 2.890474e+00 1.085585e+00 -2.203811e-01 3.277626e-02 9.536644e-01 5.704738e-01 9.013265e-01 3.777212e-01 6.994714e-01 4.302157e-01 5.235419e-01 6.133855e-01 5.149269e-01 -1.050108e-01
<VARIANCE> 25
 3.507913e+01 4.300022e+01 3.796732e+01 5.111158e+01 5.336631e+01 4.016228e+01 3.645651e+01 3.567263e+01 3.270911e+01 3.050280e+01 2.794716e+01 1.990793e+01 3.872508e+00 4.085522e+00 3.811356e+00 4.174717e+00 4.149798e+00 3.718735e+00 3.323848e+00 3.089431e+00 3.029136e+00 2.825826e+00 2.302607e+00 1.754075e+00 7.833933e-03
<GCONST> 9.819171e+01
<MIXTURE> 47 7.116147e-03
<MEAN> 25
 7.020537e+00 -7.434583e+00 -7.479147e+00 -6.965093e+00 1.159953e+00 1.188888e+00 -2.715548e+00 4.959508e-01 2.608762e+00 4.091133e-01 -3.858685e+00 -7.092732e+00 -1.879319e-01 -1.255846e+00 -6.671280e-01 -4.549724e-01 5.965682e-01 8.365505e-01 8.671953e-01 3.062063e-01 7.390022e-02 -8.493913e-01 -4.428534e-01 -4.595345e-01 3.030273e-02
<VARIANCE> 25
 1.232729e+01 2.046367e+01 2.134468e+01 3.759063e+01 3.729044e+01 5.330334e+01 4.584673e+01 5.053866e+01 4.538883e+01 4.671615e+01 5.007529e+01 3.536483e+01 5.001412e-01 7.386290e-01 1.094567e+00 1.644494e+00 1.939782e+00 2.125004e+00 2.244841e+00 2.386021e+00 2.154327e+00 2.110453e+00 2.107711e+00 1.935817e+00 5.323201e-04
<GCONST> 8.671516e+01
<MIXTURE> 48 7.116147e-03
<MEAN> 25
 7.020537e+00 -7.434583e+00 -7.479147e+00 -6.965093e+00 1.159953e+00 1.188888e+00 -2.715548e+00 4.959508e-01 2.608762e+00 4.091133e-01 -3.858685e+00 -7.092732e+00 -1.879319e-01 -1.255846e+00 -6.671280e-01 -4.549724e-01 5.965682e-01 8.365505e-01 8.671953e-01 3.062063e-01 7.390022e-02 -8.493913e-01 -4.428534e-01 -4.595345e-01 3.030273e-02
<VARIANCE> 25
 1.232729e+01 2.046367e+01 2.134468e+01 3.759063e+01 3.729044e+01 5.330334e+01 4.584673e+01 5.053866e+01 4.538883e+01 4.671615e+01 5.007529e+01 3.536483e+01 5.001412e-01 7.386290e-01 1.094567e+00 1.644494e+00 1.939782e+00 2.125004e+00 2.244841e+00 2.386021e+00 2.154327e+00 2.110453e+00 2.107711e+00 1.935817e+00 5.323201e-04
<GCONST> 8.671516e+01
<MIXTURE> 49 5.548473e-03
<MEAN> 25
 -4.968840e+00 3.960675e-01 1.716397e-01 8.284440e+00 6.037779e+00 5.496551e+00 5.917168e+00 4.400800e+00 4.950685e+00 3.713228e+00 4.929964e+00 2.875092e+00 3.645228e-01 6.532814e-01 6.977890e-01 3.464524e-01 -1.869460e-01 -6.590816e-01 -9.850278e-01 -1.107813e+00 -9.621500e-01 -6.749723e-01 -4.865565e-01 -2.897134e-01 -1.588277e-06
<VARIANCE> 25
 9.925073e+00 9.913035e+00 1.400580e+01 1.672950e+01 1.601812e+01 1.734651e+01 1.998548e+01 1.947675e+01 1.814164e+01 1.774103e+01 2.067331e+01 1.440302e+01 2.745615e-01 2.593102e-01 3.522238e-01 6.016762e-01 8.631765e-01 9.949015e-01 1.018195e+00 1.039665e+00 1.134164e+00 1.210034e+00 1.261496e+00 1.210127e+00 1.484242e-05
<GCONST> 6.438660e+01
<MIXTURE> 50 6.234641e-03
<MEAN> 25
 -3.933876e+00 2.915457e-01 -1.204684e+00 5.234426e+00 3.821398e+00 2.152976e+00 3.554862e+00 2.419264e+00 2.841161e+00 1.684356e+00 2.084894e+00 2.875077e+00 5.145881e-02 1.328898e-01 1.663662e-01 -1.087811e-01 -5.521104e-01 -7.068587e-01 -5.016741e-01 -5.390153e-02 5.118171e-01 8.166099e-01 7.315331e-01 5.142711e-01 -6.491031e-05
<VARIANCE> 25
 1.055147e+01 1.017283e+01 1.220746e+01 1.662159e+01 1.480635e+01 1.592000e+01 1.538693e+01 1.772365e+01 1.640591e+01 1.530251e+01 2.071485e+01 1.587677e+01 1.282066e-01 2.195286e-01 3.437307e-01 4.623111e-01 5.814009e-01 7.154055e-01 9.847626e-01 1.046020e+00 1.077325e+00 9.467450e-01 8.994322e-01 1.039225e+00 1.082880e-06
<GCONST> 5.828705e+01
<MIXTURE> 51 6.234641e-03
<MEAN> 25
 -3.933876e+00 2.915457e-01 -1.204684e+00 5.234426e+00 3.821398e+00 2.152976e+00 3.554862e+00 2.419264e+00 2.841161e+00 1.684356e+00 2.084894e+00 2.875077e+00 5.145881e-02 1.328898e-01 1.663662e-01 -1.087811e-01 -5.521104e-01 -7.068587e-01 -5.016741e-01 -5.390153e-02 5.118171e-01 8.166099e-01 7.315331e-01 5.142711e-01 -6.491031e-05
<VARIANCE> 25
 1.055147e+01 1.017283e+01 1.220746e+01 1.662159e+01 1.480635e+01 1.592000e+01 1.538693e+01 1.772365e+01 1.640591e+01 1.530251e+01 2.071485e+01 1.587677e+01 1.282066e-01 2.195286e-01 3.437307e-01 4.623111e-01 5.814009e-01 7.154055e-01 9.847626e-01 1.046020e+00 1.077325e+00 9.467450e-01 8.994322e-01 1.039225e+00 1.082880e-06
<GCONST> 5.828705e+01
<MIXTURE> 52 6.367945e-03
<MEAN> 25
 1.011561e+01 2.028269e+00 -6.219025e+00 -1.424632e+01 -4.194616e+00 8.514840e+00 -2.784007e+00 -3.109805e+00 -4.458297e+00 -2.127012e+00 3.362638e+00 7.454891e-01 -3.876973e-01 -4.688562e-01 -7.468944e-02 1.136157e+00 1.346869e+00 -4.755661e-01 -5.891929e-01 -6.493835e-01 4.451569e-02 1.235553e+00 3.817992e-01 -5.314319e-01 -1.427426e-02
<VARIANCE> 25
 9.265215e+00 2.046406e+01 2.530918e+01 3.868036e+01 4.564600e+01 3.065644e+01 4.648042e+01 4.910593e+01 4.329811e+01 4.580028e+01 3.974426e+01 2.989878e+01 4.483193e-01 1.496859e+00 1.319334e+00 2.753731e+00 2.329128e+00 2.195197e+00 3.007623e+00 2.800601e+00 2.998180e+00 2.676513e+00 2.514386e+00 2.303917e+00 1.577283e-03
<GCONST> 8.976888e+01
<MIXTURE> 53 6.367945e-03
<MEAN> 25
 1.011561e+01 2.028269e+00 -6.219025e+00 -1.424632e+01 -4.194616e+00 8.514840e+00 -2.784007e+00 -3.109805e+00 -4.458297e+00 -2.127012e+00 3.362638e+00 7.454891e-01 -3.876973e-01 -4.688562e-01 -7.468944e-02 1.136157e+00 1.346869e+00 -4.755661e-01 -5.891929e-01 -6.493835e-01 4.451569e-02 1.235553e+00 3.817992e-01 -5.314319e-01 -1.427426e-02
<VARIANCE> 25
 9.265215e+00 2.046406e+01 2.530918e+01 3.868036e+01 4.564600e+01 3.065644e+01 4.648042e+01 4.910593e+01 4.329811e+01 4.580028e+01 3.974426e+01 2.989878e+01 4.483193e-01 1.496859e+00 1.319334e+00 2.753731e+00 2.329128e+00 2.195197e+00 3.007623e+00 2.800601e+00 2.998180e+00 2.676513e+00 2.514386e+00 2.303917e+00 1.577283e-03
<GCONST> 8.976888e+01
<MIXTURE> 54 7.368620e-03
<MEAN> 25
 -3.544800e+00 6.651364e-02 -6.263587e-01 7.786602e+00 6.254079e+00 4.626624e+00 4.695718e+00 4.564385e+00 4.119416e+00 3.478671e+00 4.216870e+00 2.373031e+00 -6.398133e-03 3.937156e-02 4.506085e-02 5.054097e-02 3.940258e-02 4.464595e-02 3.025384e-02 5.930074e-02 5.385085e-02 2.760387e-02 3.455028e-03 -1.067526e-02 -1.951015e-05
<VARIANCE> 25
 9.067089e+00 1.006050e+01 9.105363e+00 1.947170e+01 1.449353e+01 1.319704e+01 1.165310e+01 1.101291e+01 1.137716e+01 1.353412e+01 1.895915e+01 1.221932e+01 4.057151e-02 9.155884e-02 1.546045e-01 2.212380e-01 3.081293e-01 3.885242e-01 4.505176e-01 5.361272e-01 5.464917e-01 5.127581e-01 5.075654e-01 5.179708e-01 1.001334e-06
<GCONST> 4.729193e+01
<MIXTURE> 55 7.368620e-03
<MEAN> 25
 -3.544800e+00 6.651364e-02 -6.263587e-01 7.786602e+00 6.254079e+00 4.626624e+00 4.695718e+00 4.564385e+00 4.119416e+00 3.478671e+00 4.216870e+00 2.373031e+00 -6.398133e-03 3.937156e-02 4.506085e-02 5.054097e-02 3.940258e-02 4.464595e-02 3.025384e-02 5.930074e-02 5.385085e-02 2.760387e-02 3.455028e-03 -1.067526e-02 -1.951015e-05
<VARIANCE> 25
 9.067089e+00 1.006050e+01 9.105363e+00 1.947170e+01 1.449353e+01 1.319704e+01 1.165310e+01 1.101291e+01 1.137716e+01 1.353412e+01 1.895915e+01 1.221932e+01 4.057151e-02 9.155884e-02 1.546045e-01 2.212380e-01 3.081293e-01 3.885242e-01 4.505176e-01 5.361272e-01 5.464917e-01 5.127581e-01 5.075654e-01 5.179708e-01 1.001334e-06
<GCONST> 4.729193e+01
<MIXTURE> 56 6.132464e-03
<MEAN> 25
 7.248961e+00 -6.944243e+00 -8.851315e+00 -9.018250e+00 3.556691e+00 4.085289e+00 -2.475281e+00 -1.979487e+00 1.596211e+00 8.889117e-01 -2.262030e+00 -7.462226e+00 -1.830029e-02 -1.724771e-02 -9.284496e-02 1.624805e-02 2.641510e-01 6.950066e-02 1.185196e-01 -1.003210e-01 -7.163205e-02 -2.052101e-02 -1.002735e-01 1.190986e-02 -5.880279e-03
<VARIANCE> 25
 1.119337e+01 2.320672e+01 2.138864e+01 4.288836e+01 3.568040e+01 4.975632e+01 6.162158e+01 4.143513e+01 4.045636e+01 3.751114e+01 4.003406e+01 3.230423e+01 1.994679e-01 4.590317e-01 4.366457e-01 7.585380e-01 7.675340e-01 1.084692e+00 8.772495e-01 9.060090e-01 8.888608e-01 8.964302e-01 1.008587e+00 7.639845e-01 2.670597e-04
<GCONST> 7.552029e+01
<MIXTURE> 57 6.132464e-03
<MEAN> 25
 7.248961e+00 -6.944243e+00 -8.851315e+00 -9.018250e+00 3.556691e+00 4.085289e+00 -2.475281e+00 -1.979487e+00 1.596211e+00 8.889117e-01 -2.262030e+00 -7.462226e+00 -1.830029e-02 -1.724771e-02 -9.284496e-02 1.624805e-02 2.641510e-01 6.950066e-02 1.185196e-01 -1.003210e-01 -7.163205e-02 -2.052101e-02 -1.002735e-01 1.190986e-02 -5.880279e-03
<VARIANCE> 25
 1.119337e+01 2.320672e+01 2.138864e+01 4.288836e+01 3.568040e+01 4.975632e+01 6.162158e+01 4.143513e+01 4.045636e+01 3.751114e+01 4.003406e+01 3.230423e+01 1.994679e-01 4.590317e-01 4.366457e-01 7.585380e-01 7.675340e-01 1.084692e+00 8.772495e-01 9.060090e-01 8.888608e-01 8.964302e-01 1.008587e+00 7.639845e-01 2.670597e-04
<GCONST> 7.552029e+01
<MIXTURE> 58 6.172147e-03
<MEAN> 25
 2.478794e+00 -2.905175e+00 7.159580e+00 -5.183784e+00 -1.314892e+01 -5.390986e+00 1.765008e+00 8.281841e-01 -2.307074e+00 1.773934e+00 4.445871e-01 -8.355796e-01 -2.343060e-02 -1.465888e-01 -8.745517e-02 -1.711424e-01 -3.205344e-03 2.200644e-01 3.483569e-01 2.171351e-01 -1.854500e-02 7.962146e-03 -1.008155e-01 -1.641681e-01 -3.611030e-03
<VARIANCE> 25
 7.404016e+00 1.562472e+01 2.070041e+01 2.653113e+01 2.516535e+01 4.643115e+01 3.242324e+01 3.371877e+01 3.223743e+01 3.038867e+01 2.246782e+01 1.959827e+01 2.996076e-01 7.930413e-01 7.432925e-01 9.875108e-01 8.735570e-01 1.216074e+00 1.181588e+00 1.293613e+00 1.129704e+00 1.047442e+00 9.055927e-01 9.303650e-01 7.325706e-04
<GCONST> 7.555772e+01
<MIXTURE> 59 6.172147e-03
<MEAN> 25
 2.478794e+00 -2.905175e+00 7.159580e+00 -5.183784e+00 -1.314892e+01 -5.390986e+00 1.765008e+00 8.281841e-01 -2.307074e+00 1.773934e+00 4.445871e-01 -8.355796e-01 -2.343060e-02 -1.465888e-01 -8.745517e-02 -1.711424e-01 -3.205344e-03 2.200644e-01 3.483569e-01 2.171351e-01 -1.854500e-02 7.962146e-03 -1.008155e-01 -1.641681e-01 -3.611030e-03
<VARIANCE> 25
 7.404016e+00 1.562472e+01 2.070041e+01 2.653113e+01 2.516535e+01 4.643115e+01 3.242324e+01 3.371877e+01 3.223743e+01 3.038867e+01 2.246782e+01 1.959827e+01 2.996076e-01 7.930413e-01 7.432925e-01 9.875108e-01 8.735570e-01 1.216074e+00 1.181588e+00 1.293613e+00 1.129704e+00 1.047442e+00 9.055927e-01 9.303650e-01 7.325706e-04
<GCONST> 7.555772e+01
<MIXTURE> 60 4.479129e-03
<MEAN> 25
 -2.394372e+00 3.375081e-01 -2.835562e-01 2.632237e+00 1.548460e+00 1.096818e+00 1.958027e+00 1.808413e+00 1.963357e+00 9.691028e-01 5.278957e-01 1.257705e+00 -2.279592e-02 5.083238e-02 1.069557e-01 1.371747e-01 1.222590e-01 9.454589e-02 1.647071e-01 2.743022e-01 5.992904e-01 6.650421e-01 4.143156e-01 3.308277e-01 1.629682e-03
<VARIANCE> 25
 5.451478e+00 4.246799e+00 8.071591e+00 9.329451e+00 9.109669e+00 1.221947e+01 9.616348e+00 1.064827e+01 1.284877e+01 1.453605e+01 1.363562e+01 1.108562e+01 7.819629e-02 1.413129e-01 2.881216e-01 3.942502e-01 5.805941e-01 6.676265e-01 7.673572e-01 8.101484e-01 1.142111e+00 8.931941e-01 6.804023e-01 8.621300e-01 3.959884e-05
<GCONST> 5.424622e+01
<MIXTURE> 61 4.479129e-03
<MEAN> 25
 -2.394372e+00 3.375081e-01 -2.835562e-01 2.632237e+00 1.548460e+00 1.096818e+00 1.958027e+00 1.808413e+00 1.963357e+00 9.691028e-01 5.278957e-01 1.257705e+00 -2.279592e-02 5.083238e-02 1.069557e-01 1.371747e-01 1.222590e-01 9.454589e-02 1.647071e-01 2.743022e-01 5.992904e-01 6.650421e-01 4.143156e-01 3.308277e-01 1.629682e-03
<VARIANCE> 25
 5.451478e+00 4.246799e+00 8.071591e+00 9.329451e+00 9.109669e+00 1.221947e+01 9.616348e+00 1.064827e+01 1.284877e+01 1.453605e+01 1.363562e+01 1.108562e+01 7.819629e-02 1.413129e-01 2.881216e-01 3.942502e-01 5.805941e-01 6.676265e-01 7.673572e-01 8.101484e-01 1.142111e+00 8.931941e-01 6.804023e-01 8.621300e-01 3.959884e-05
<GCONST> 5.424622e+01
<MIXTURE> 62 3.278034e-03
<MEAN> 25
 -5.063004e+00 1.222681e+00 1.017894e+00 8.759765e+00 6.107528e+00 5.024541e+00 5.493033e+00 4.062997e+00 4.968086e+00 3.874568e+00 4.901552e+00 2.928133e+00 -9.951117e-01 -1.161715e+00 -9.547192e-01 -2.787324e-01 4.275667e-01 1.006105e+00 1.384183e+00 1.551897e+00 1.472437e+00 1.250964e+00 1.076865e+00 7.297362e-01 -1.217437e-03
<VARIANCE> 25
 9.896978e+00 9.941262e+00 1.302546e+01 1.706272e+01 1.735816e+01 1.749384e+01 1.959300e+01 1.919179e+01 1.877325e+01 1.885169e+01 2.199356e+01 1.479558e+01 4.071379e-01 4.324971e-01 5.502809e-01 7.785081e-01 1.030025e+00 1.190027e+00 1.243668e+00 1.273622e+00 1.328535e+00 1.371353e+00 1.404122e+00 1.364708e+00 1.673156e-05
<GCONST> 6.757034e+01
<MIXTURE> 63 4.351215e-03
<MEAN> 25
 -2.870916e+00 -1.134701e+00 -3.363307e+00 1.758829e+00 2.758638e+00 1.088602e-01 2.654492e+00 1.324441e+00 1.494701e+00 -1.163534e+00 -8.374634e-01 1.790630e+00 -8.396881e-02 2.892410e-01 3.425184e-01 4.961831e-01 5.121993e-01 3.588021e-01 4.168831e-01 1.739874e-01 1.301839e-01 1.914599e-01 1.757306e-01 6.838118e-02 -1.550212e-03
<VARIANCE> 25
 7.839188e+00 1.211864e+01 1.489289e+01 1.416810e+01 1.330650e+01 1.981954e+01 1.804823e+01 2.097937e+01 2.121951e+01 1.789652e+01 1.696928e+01 1.460237e+01 2.389236e-01 4.392654e-01 4.974793e-01 5.987788e-01 9.355130e-01 1.098934e+00 1.274647e+00 1.347147e+00 1.260108e+00 1.461502e+00 1.426662e+00 1.372420e+00 1.750166e-04
<GCONST> 6.855125e+01
<MIXTURE> 64 4.351215e-03
<MEAN> 25
 -2.870916e+00 -1.134701e+00 -3.363307e+00 1.758829e+00 2.758638e+00 1.088602e-01 2.654492e+00 1.324441e+00 1.494701e+00 -1.163534e+00 -8.374634e-01 1.790630e+00 -8.396881e-02 2.892410e-01 3.425184e-01 4.961831e-01 5.121993e-01 3.588021e-01 4.168831e-01 1.739874e-01 1.301839e-01 1.914599e-01 1.757306e-01 6.838118e-02 -1.550212e-03
<VARIANCE> 25
 7.839188e+00 1.211864e+01 1.489289e+01 1.416810e+01 1.330650e+01 1.981954e+01 1.804823e+01 2.097937e+01 2.121951e+01 1.789652e+01 1.696928e+01 1.460237e+01 2.389236e-01 4.392654e-01 4.974793e-01 5.987788e-01 9.355130e-01 1.098934e+00 1.274647e+00 1.347147e+00 1.260108e+00 1.461502e+00 1.426662e+00 1.372420e+00 1.750166e-04
<GCONST> 6.855125e+01
<MIXTURE> 65 1.721197e-02
<MEAN> 25
 7.947501e+00 2.090106e+00 1.931900e+00 6.585925e-01 -5.331699e+00 -4.336392e+00 -5.873449e+00 -6.777011e+00 -3.842771e+00 -2.289037e+00 -5.486324e+00 -1.891536e+00 1.681169e-01 1.264292e-01 1.567080e-02 1.285237e-01 -1.653255e-01 2.473468e-01 -1.254153e-01 -1.626557e-01 1.820108e-01 1.562357e-02 -5.490863e-02 -1.728492e-01 -4.952793e-03
<VARIANCE> 25
 1.047481e+01 1.917804e+01 2.557189e+01 3.603130e+01 3.888028e+01 5.794316e+01 5.874235e+01 5.901907e+01 5.530445e+01 5.780970e+01 5.627526e+01 5.101719e+01 5.626574e-01 9.492187e-01 1.624865e+00 1.818141e+00 2.016734e+00 2.246551e+00 2.302782e+00 3.001009e+00 2.455838e+00 2.475869e+00 2.402647e+00 2.135903e+00 4.321266e-04
<GCONST> 8.957266e+01
<MIXTURE> 66 1.191532e-02
<MEAN> 25
 6.670899e+00 -3.959295e+00 -5.582748e+00 -4.707702e+00 1.277827e+00 -5.026341e+00 -6.958623e+00 8.637912e-01 4.467819e-01 -1.956609e+00 -5.903502e+00 -3.286007e+00 -7.907952e-02 1.654443e+00 2.246019e+00 2.315518e+00 -1.216526e+00 -1.283044e+00 2.988906e-02 -5.023533e-01 -9.092651e-02 -1.680607e-01 -2.043450e-01 1.027286e+00 -6.439796e-02
<VARIANCE> 25
 8.751128e+00 2.251674e+01 2.648179e+01 3.302116e+01 3.757603e+01 5.234287e+01 5.470807e+01 4.839512e+01 5.488886e+01 6.550860e+01 3.816802e+01 3.712904e+01 1.297553e+00 2.390854e+00 2.298188e+00 2.422904e+00 4.152555e+00 4.252981e+00 4.295694e+00 4.814579e+00 4.258375e+00 4.903660e+00 3.802622e+00 3.194300e+00 1.454248e-03
<GCONST> 9.666595e+01
<MIXTURE> 67 1.559142e-02
<MEAN> 25
 8.881536e+00 1.445597e+00 -6.566031e+00 -7.719811e+00 1.008969e+00 3.069960e+00 -4.392952e+00 -4.318385e+00 -5.481002e+00 4.251084e-01 9.002846e-01 -9.241281e-01 -1.047615e+00 1.767102e+00 8.729964e-01 2.684234e+00 1.513880e+00 -7.340560e-01 1.266159e+00 2.964421e-01 3.442887e-01 1.853606e-01 -3.566771e-01 8.284562e-01 -1.240205e-01
<VARIANCE> 25
 9.299001e+00 3.217342e+01 2.752493e+01 4.666862e+01 3.978688e+01 4.468224e+01 5.306003e+01 5.561897e+01 6.155227e+01 4.587001e+01 4.720970e+01 4.086970e+01 1.750169e+00 2.772331e+00 3.431357e+00 4.409166e+00 3.882700e+00 4.074152e+00 4.095170e+00 4.138561e+00 4.734853e+00 4.012642e+00 4.161892e+00 3.229734e+00 2.547418e-03
<GCONST> 9.924738e+01
<MIXTURE> 68 1.485092e-02
<MEAN> 25
 -1.971665e+00 -2.552507e+00 -3.742038e+00 1.297719e+00 4.791733e+00 -7.503974e-01 2.213044e+00 1.756299e+00 1.680413e+00 1.585435e+00 6.360059e-01 1.766489e+00 2.743819e+00 4.102347e-01 1.466191e-01 -2.456978e+00 -2.500182e+00 -1.608500e+00 -2.371540e+00 -1.778390e+00 -1.684618e+00 -1.479651e+00 -1.936174e+00 -1.038990e+00 1.049142e-01
<VARIANCE> 25
 2.538558e+01 3.293212e+01 6.073639e+01 5.114644e+01 5.157621e+01 5.394733e+01 4.402836e+01 4.132310e+01 4.254718e+01 4.251466e+01 3.693055e+01 2.535430e+01 1.828703e+00 4.198744e+00 6.272052e+00 6.152089e+00 4.768137e+00 5.459135e+00 5.692655e+00 4.834679e+00 4.858313e+00 5.101856e+00 4.960795e+00 3.322075e+00 6.093051e-03
<GCONST> 1.036739e+02
<MIXTURE> 69 1.204884e-02
<MEAN> 25
 4.663444e+00 -4.192219e+00 -3.550253e+00 -3.607645e+00 -3.490178e+00 -7.882700e+00 -1.162625e+00 2.169594e+00 -3.711981e-01 -4.713458e+00 -5.664722e+00 9.443092e-01 1.658157e+00 -2.242552e+00 -1.343660e+00 -2.249424e+00 -5.255763e-01 -3.474058e-01 -4.809875e-01 6.172090e-01 -6.374329e-01 -1.438627e+00 -2.189799e+00 -1.989872e-01 6.305470e-02
<VARIANCE> 25
 8.835434e+00 2.200433e+01 2.667879e+01 2.589841e+01 4.256171e+01 3.550797e+01 4.934520e+01 3.178072e+01 3.967792e+01 3.783637e+01 3.105295e+01 2.452678e+01 3.608985e+00 2.919503e+00 3.347176e+00 3.699271e+00 5.753666e+00 4.990893e+00 7.095232e+00 6.051404e+00 5.891490e+00 5.942454e+00 4.370239e+00 3.825088e+00 2.501033e-03
<GCONST> 9.875216e+01
<MIXTURE> 70 1.329190e-02
<MEAN> 25
 6.344145e+00 -2.170724e+00 -3.674251e+00 -3.949879e+00 -3.022114e-01 -1.071436e+00 -9.108247e+00 -5.304373e+00 -2.523159e-01 3.654343e+00 1.141163e-01 -5.977163e+00 1.487445e+00 -1.198409e+00 -5.929194e-01 -2.284786e+00 -1.574569e+00 1.291434e+00 -1.054899e+00 -3.798377e-01 3.376770e-01 -1.974176e-03 5.684850e-01 -1.577847e+00 6.376261e-02
<VARIANCE> 25
 1.368842e+01 2.359642e+01 2.471357e+01 4.401709e+01 3.084251e+01 4.234868e+01 5.010521e+01 4.608962e+01 4.108631e+01 3.609077e+01 3.870222e+01 3.825361e+01 4.034811e+00 3.357464e+00 5.764554e+00 4.240345e+00 5.115020e+00 5.601020e+00 6.386598e+00 7.504034e+00 5.099003e+00 5.914121e+00 4.906914e+00 5.322091e+00 3.450635e-03
<GCONST> 1.022649e+02
<MIXTURE> 71 1.406903e-02
<MEAN> 25
 6.134037e+00 5.051083e+00 3.923503e+00 2.922210e+00 -3.197841e+00 -3.368517e+00 -3.824116e+00 -6.580359e+00 -4.566168e+00 -2.286100e+00 -4.790556e+00 -3.000650e+00 -1.579535e+00 -7.773165e-01 -2.764338e-01 -1.791291e+00 1.067581e+00 -1.501659e-01 -3.717527e-03 1.536651e+00 3.258471e-01 -1.185834e-01 6.383544e-01 -3.117796e-02 4.245888e-02
<VARIANCE> 25
 1.893879e+01 2.446778e+01 2.442848e+01 4.315996e+01 3.943944e+01 3.859523e+01 4.416290e+01 3.924712e+01 3.710551e+01 4.245395e+01 3.761858e+01 3.375232e+01 1.652413e+00 2.980935e+00 5.032187e+00 4.667095e+00 4.500852e+00 4.523991e+00 4.668609e+00 5.210616e+00 4.085021e+00 4.042874e+00 3.467661e+00 3.994132e+00 1.423973e-03
<GCONST> 9.817490e+01
<MIXTURE> 72 8.134747e-03
<MEAN> 25
 3.796792e+00 -3.692352e+00 5.462400e+00 -2.457281e+00 -1.041572e+01 -9.624832e+00 -2.463953e+00 1.915752e+00 -4.945425e+00 -2.203153e+00 -1.884677e+00 6.165527e-01 9.327114e-01 -7.842051e-01 -2.577712e+00 4.627414e-01 2.134853e+00 -6.531709e-01 -1.319352e+00 1.522642e+00 1.814353e+00 -5.955359e-01 -1.288863e+00 4.013895e-01 -6.077658e-03
<VARIANCE> 25
 1.079981e+01 1.953342e+01 3.286787e+01 3.848318e+01 3.237272e+01 3.335433e+01 4.119795e+01 3.623763e+01 4.366772e+01 4.133096e+01 3.876903e+01 2.849074e+01 4.320389e-01 1.029052e+00 2.021246e+00 1.469456e+00 2.189797e+00 2.357110e+00 3.063358e+00 2.737599e+00 2.602159e+00 2.960412e+00 2.022608e+00 2.128279e+00 5.436509e-04
<GCONST> 8.726972e+01
<MIXTURE> 73 1.213625e-02
<MEAN> 25
 -5.288825e+00 -5.590768e-01 -1.388245e+00 4.255345e+00 4.144159e+00 2.440061e+00 5.222912e+00 3.255055e+00 3.959722e+00 3.433914e+00 4.248960e+00 3.166968e+00 7.823977e-01 -1.219333e+00 -7.162598e-01 -2.418660e+00 -1.490978e+00 -1.705976e+00 -7.573845e-01 -5.042345e-01 -1.002275e+00 -6.530130e-01 -8.405700e-01 -3.449464e-01 1.513510e-01
<VARIANCE> 25
 1.303953e+01 1.285885e+01 1.403474e+01 2.522884e+01 2.154290e+01 2.286912e+01 1.961496e+01 1.876307e+01 1.803989e+01 1.750521e+01 2.093215e+01 1.456631e+01 3.720649e+00 3.212979e+00 6.012153e+00 4.829168e+00 6.233494e+00 4.209507e+00 4.173870e+00 3.902832e+00 3.652288e+00 3.913354e+00 3.971221e+00 2.493679e+00 4.095965e-03
<GCONST> 9.188377e+01
<MIXTURE> 74 1.756491e-02
<MEAN> 25
 4.528487e+00 -1.580918e+00 5.218443e+00 -1.148027e+00 -8.724720e+00 -8.271313e+00 -2.729297e+00 6.877711e-01 -4.133889e+00 -2.812553e+00 -1.682103e+00 2.785920e-01 3.032385e-01 2.017898e+00 5.162853e-02 1.714575e+00 1.232547e+00 3.428698e-01 -1.086019e-02 -1.316692e+00 1.768662e-01 1.795525e-01 -2.386598e-01 -1.039140e-01 -7.869381e-02
<VARIANCE> 25
 1.168232e+01 2.198414e+01 3.790828e+01 3.853790e+01 3.750752e+01 3.996737e+01 5.184541e+01 4.722805e+01 4.818423e+01 4.461341e+01 4.107924e+01 3.430457e+01 2.103890e+00 2.045999e+00 3.942109e+00 2.603321e+00 3.919612e+00 3.939487e+00 5.052280e+00 4.307069e+00 4.179384e+00 4.026958e+00 3.631274e+00 3.187675e+00 1.749431e-03
<GCONST> 9.735075e+01
<MIXTURE> 75 9.711651e-03
<MEAN> 25
 3.144824e+00 -3.455805e+00 1.144277e+01 2.311500e+00 -1.262520e+01 -7.694297e+00 -5.450693e+00 -1.162767e+00 -5.549717e+00 -4.436052e+00 2.913570e+00 4.361619e-01 1.841461e+00 -1.591770e+00 3.259677e-01 5.867597e-02 -2.566681e+00 -6.539032e-01 -2.121729e+00 4.872266e-01 -9.359854e-02 -4.609319e-01 6.472671e-01 -5.098317e-01 5.288389e-02
<VARIANCE> 25
 1.157531e+01 3.012581e+01 2.859674e+01 2.423936e+01 2.668216e+01 2.732227e+01 4.135389e+01 2.716210e+01 3.059859e+01 2.569924e+01 1.745575e+01 1.848198e+01 2.000733e+00 2.221968e+00 4.528243e+00 2.312950e+00 3.589812e+00 3.903689e+00 4.919759e+00 3.578959e+00 3.692068e+00 2.796808e+00 3.110963e+00 2.084399e+00 2.158325e-03
<GCONST> 9.181680e+01
<MIXTURE> 76 1.052359e-02
<MEAN> 25
 -5.750466e+00 -1.005940e+00 -2.054648e+00 3.179488e+00 3.583502e+00 1.787717e+00 3.970577e+00 1.601135e+00 2.201822e+00 2.752116e-01 1.365475e+00 2.084121e+00 -9.771679e-02 -5.271407e-01 -2.520417e-01 -7.357721e-01 -6.208966e-01 -8.003239e-01 -6.560346e-01 -2.859537e-01 -4.841157e-01 -4.727844e-01 -3.412519e-01 -2.453393e-01 1.547762e-02
<VARIANCE> 25
 3.397944e+01 2.386861e+01 2.702038e+01 2.616483e+01 2.894964e+01 2.750592e+01 2.484719e+01 2.522320e+01 2.401857e+01 2.196449e+01 2.513332e+01 1.949363e+01 9.749225e-01 9.972635e-01 1.229048e+00 1.116820e+00 1.571324e+00 1.711022e+00 1.768327e+00 1.540614e+00 1.740227e+00 1.524193e+00 1.586629e+00 1.397826e+00 1.360012e-03
<GCONST> 8.224080e+01
<MIXTURE> 77 1.244626e-02
<MEAN> 25
 -4.711103e-01 8.529050e+00 1.238539e+01 -1.156485e+01 -6.958840e+00 9.486533e-01 -9.217842e+00 -7.196163e+00 -3.373710e+00 -2.121463e-01 -4.641143e+00 -1.503736e+00 6.622498e-02 1.283919e-01 7.164343e-02 2.481993e-01 -2.082030e-02 8.107316e-02 -6.959463e-02 -6.444669e-02 8.415569e-02 -4.661701e-02 2.312717e-02 1.192130e-01 -9.802724e-03
<VARIANCE> 25
 1.036992e+01 2.045555e+01 2.817029e+01 4.187842e+01 3.342535e+01 3.366363e+01 3.705738e+01 3.194891e+01 3.503649e+01 3.308288e+01 3.739855e+01 3.486010e+01 2.978482e-01 7.857683e-01 6.460412e-01 1.083594e+00 1.232677e+00 9.844267e-01 1.221424e+00 1.070924e+00 1.045966e+00 1.063470e+00 9.664556e-01 9.190764e-01 5.416996e-04
<GCONST> 7.782819e+01
<MIXTURE> 78 9.702551e-03
<MEAN> 25
 -1.106622e+01 1.125245e+00 -1.644664e+00 1.984020e+00 3.843390e+00 -1.858841e+00 4.064859e+00 2.397066e+00 2.909789e+00 1.027136e+00 -3.982011e-01 2.950947e+00 2.395107e+00 -2.240260e-01 1.600462e-01 4.850596e-01 -7.813535e-02 -4.328975e-02 -3.015642e-01 1.121768e-02 1.138243e-01 1.933027e-01 -3.950230e-01 -4.391924e-01 -6.241660e-02
<VARIANCE> 25
 4.455511e+01 3.121472e+01 3.121295e+01 3.234294e+01 4.450518e+01 3.855662e+01 3.541718e+01 3.256607e+01 2.855881e+01 2.799097e+01 2.603167e+01 1.944655e+01 4.726350e+00 2.519076e+00 2.738384e+00 3.110698e+00 2.786500e+00 3.433554e+00 3.131028e+00 2.889559e+00 2.458881e+00 2.334384e+00 2.157083e+00 2.044506e+00 4.524792e-03
<GCONST> 9.442410e+01
<MIXTURE> 79 1.156824e-02
<MEAN> 25
 2.413124e+00 1.580553e+00 9.156824e+00 -6.593049e+00 -1.205254e+01 -1.772811e+00 -1.854940e+00 -6.445216e+00 -6.495149e+00 3.245378e-01 -3.526665e+00 -3.277409e+00 1.219331e+00 -5.196543e-01 -1.424778e+00 2.336520e+00 3.831483e-01 -1.475675e+00 5.223305e-01 8.897339e-01 -4.492504e-01 -5.450683e-01 3.536531e-01 2.786786e-01 -3.646602e-02
<VARIANCE> 25
 1.417181e+01 2.401670e+01 3.795208e+01 4.956179e+01 3.331482e+01 4.362965e+01 4.324571e+01 3.677160e+01 3.996304e+01 3.963023e+01 4.372598e+01 3.059655e+01 9.416841e-01 2.256801e+00 1.896871e+00 2.131933e+00 2.464088e+00 2.800884e+00 3.209023e+00 3.515997e+00 2.530219e+00 2.725005e+00 2.308168e+00 2.020080e+00 1.228998e-03
<GCONST> 9.181119e+01
<MIXTURE> 80 7.550998e-03
<MEAN> 25
 -1.460604e+01 3.982507e+00 6.883485e-01 2.864859e+00 2.447452e+00 1.411161e+00 6.397576e+00 2.495844e+00 2.720750e+00 2.374338e+00 4.852232e+00 1.186974e+00 4.285995e+00 -1.585614e-02 1.637555e+00 -1.135629e+00 -2.889139e+00 -2.777316e+00 -2.322852e+00 -2.020720e+00 -1.975021e+00 -1.684631e+00 -1.650689e+00 -6.026330e-01 -4.423833e-02
<VARIANCE> 25
 2.098335e+01 1.984421e+01 3.443954e+01 3.470811e+01 3.019584e+01 2.920768e+01 2.828340e+01 2.855453e+01 2.674830e+01 2.880985e+01 2.685159e+01 1.810365e+01 2.357447e+00 2.665852e+00 2.673418e+00 4.119181e+00 3.394130e+00 2.704968e+00 3.025534e+00 3.206524e+00 2.748618e+00 2.702927e+00 2.781777e+00 2.145420e+00 1.512088e-03
<GCONST> 9.139870e+01
<MIXTURE> 81 8.025434e-03
<MEAN> 25
 -1.017260e+00 3.184779e+00 9.415956e+00 -1.496112e+01 -8.988682e+00 -9.112272e-01 -7.003163e+00 -9.007256e+00 -4.131609e+00 -8.038481e-02 -6.771652e+00 -3.071956e+00 1.318734e-01 -6.162613e-01 6.630083e-02 -6.713895e-01 -5.484734e-01 4.553644e-01 4.310309e-01 1.153353e-01 -2.166896e-01 7.127030e-03 -4.281180e-01 -1.008024e-01 1.172753e-02
<VARIANCE> 25
 9.567609e+00 4.019812e+01 3.176056e+01 2.815219e+01 3.150970e+01 3.196013e+01 4.310727e+01 3.067934e+01 3.546609e+01 3.115580e+01 3.168204e+01 3.759923e+01 7.379940e-01 2.148154e+00 1.603151e+00 2.851690e+00 2.644562e+00 2.181283e+00 3.236182e+00 2.183589e+00 2.269945e+00 2.527781e+00 2.161816e+00 1.950086e+00 1.127687e-03
<GCONST> 8.897417e+01
<MIXTURE> 82 8.213053e-03
<MEAN> 25
 -9.922915e+00 -3.881469e+00 1.627191e+00 -2.966778e+00 3.103183e+00 6.805809e-01 1.996113e+00 9.347425e-01 2.953392e+00 1.730951e+00 1.753624e+00 3.083080e+00 -1.305096e+00 -1.405622e-01 2.987383e-01 -2.589310e+00 -1.119277e+00 -1.263185e+00 -1.005827e+00 -8.695219e-01 -3.233124e-01 -4.784769e-01 -3.064284e-01 -9.873643e-02 1.781222e-01
<VARIANCE> 25
 1.827783e+01 2.500905e+01 3.230728e+01 3.077634e+01 3.295693e+01 3.216521e+01 3.162644e+01 3.284692e+01 3.084893e+01 2.503799e+01 3.067760e+01 1.748227e+01 3.755443e+00 3.084928e+00 3.321197e+00 3.296138e+00 3.589228e+00 3.276385e+00 2.944774e+00 3.002192e+00 2.799286e+00 2.480960e+00 2.460375e+00 1.860022e+00 3.435677e-03
<GCONST> 9.309228e+01
<MIXTURE> 83 1.167529e-02
<MEAN> 25
 -2.004071e+01 5.504186e+00 -1.789667e+00 -4.050862e-01 7.829582e+00 -1.234424e+00 5.460111e+00 3.044444e+00 1.192494e+00 2.190843e+00 7.244867e-01 2.881668e+00 -2.631354e-02 -4.501728e-01 4.869905e-03 -3.655984e-01 -4.974752e-01 -1.258325e-01 -1.343386e-01 -9.942809e-02 -4.142150e-02 -3.920234e-02 -3.058515e-02 -3.464652e-02 4.403519e-03
<VARIANCE> 25
 8.820245e+00 1.645417e+01 2.851259e+01 2.248541e+01 2.127525e+01 2.407978e+01 2.202727e+01 2.336484e+01 2.043051e+01 2.221913e+01 2.319578e+01 1.448792e+01 1.060900e+00 9.361966e-01 1.240779e+00 1.065678e+00 1.359398e+00 1.291420e+00 1.283476e+00 1.388144e+00 1.349056e+00 1.310725e+00 1.220768e+00 1.071649e+00 8.923843e-04
<GCONST> 7.703538e+01
<MIXTURE> 84 1.066614e-02
<MEAN> 25
 1.178230e+00 9.022254e+00 7.243543e+00 7.985929e+00 2.833101e+00 -9.186993e-01 -1.527441e+00 -4.481607e+00 -4.120017e+00 -2.910769e+00 -2.413772e+00 -1.597046e+00 -1.787656e+00 -1.185451e+00 -1.205813e+00 1.288756e+00 2.253689e+00 1.504025e+00 1.453029e+00 1.289862e+00 1.168984e+00 4.027481e-01 4.169325e-01 4.251860e-01 -7.169651e-02
<VARIANCE> 25
 2.349566e+01 1.825310e+01 2.162408e+01 2.415016e+01 2.917357e+01 2.830454e+01 2.794871e+01 2.654590e+01 2.528855e+01 2.524667e+01 2.359814e+01 2.460892e+01 2.101660e+00 2.541137e+00 3.849758e+00 3.301968e+00 3.276357e+00 3.377761e+00 3.291089e+00 3.407650e+00 3.483640e+00 3.250994e+00 3.588001e+00 2.805888e+00 3.529415e-03
<GCONST> 9.254382e+01
<MIXTURE> 85 7.591393e-03
<MEAN> 25
 -3.027951e+00 7.637895e+00 5.734100e+00 1.270217e+00 -3.607844e+00 -5.361739e+00 -2.882795e+00 -6.093676e+00 -3.627612e+00 -3.157936e+00 -4.326996e-01 -1.870215e+00 3.924598e+00 2.721082e-01 1.789726e+00 -2.034828e+00 -3.443968e+00 -2.593734e+00 -2.919621e+00 -2.334176e+00 -2.244092e+00 -1.272498e+00 -2.287790e+00 -6.091741e-01 1.146572e-02
<VARIANCE> 25
 4.231747e+01 2.738437e+01 3.594885e+01 3.768859e+01 4.003280e+01 4.069188e+01 3.232761e+01 2.755612e+01 2.673580e+01 2.578460e+01 2.599442e+01 2.032837e+01 2.688728e+00 4.447491e+00 4.074717e+00 5.320520e+00 4.401148e+00 3.832584e+00 3.876035e+00 3.932609e+00 3.795592e+00 3.986089e+00 3.899620e+00 3.437202e+00 5.704512e-03
<GCONST> 9.846009e+01
<MIXTURE> 86 1.273941e-02
<MEAN> 25
 -3.398857e+00 -3.361471e-01 -6.894652e-01 4.153496e+00 4.336057e+00 3.095031e+00 4.513421e+00 4.575489e+00 4.208712e+00 3.227392e+00 4.456880e+00 2.420743e+00 -1.773614e-02 -1.887232e-02 -1.443400e-02 -1.241932e-01 -2.177923e-01 -2.722420e-01 -3.437651e-01 -2.619220e-01 -2.577340e-01 -4.396223e-01 -3.123394e-01 -1.170417e-01 -2.642979e-03
<VARIANCE> 25
 7.687317e+00 5.397111e+00 7.667205e+00 1.404339e+01 1.405024e+01 1.461556e+01 1.191008e+01 1.235545e+01 1.425891e+01 1.253480e+01 1.342113e+01 1.095394e+01 8.747126e-02 1.691345e-01 3.074128e-01 4.732015e-01 6.136062e-01 8.045047e-01 7.676812e-01 6.181055e-01 8.230866e-01 7.534768e-01 8.172916e-01 9.041716e-01 6.654126e-05
<GCONST> 5.685344e+01
<MIXTURE> 87 1.100681e-02
<MEAN> 25
 -3.189052e+00 4.515980e+00 3.407806e+00 6.871393e+00 5.443151e+00 7.059569e-01 1.409690e+00 -1.042363e+00 -6.441497e-01 -8.791206e-01 -8.136304e-01 4.600815e-03 -2.146336e+00 -2.797079e+00 -2.098048e+00 -2.231736e+00 -3.857172e-02 -1.661439e-01 5.791931e-01 1.284490e+00 1.384277e+00 1.054870e+00 9.475873e-01 8.942523e-01 1.056625e-01
<VARIANCE> 25
 3.791825e+01 2.892230e+01 2.786059e+01 3.402838e+01 2.877305e+01 3.314325e+01 3.058160e+01 2.722594e+01 2.569931e+01 2.420469e+01 2.438495e+01 2.286140e+01 3.790890e+00 2.685799e+00 3.936378e+00 3.669170e+00 4.710090e+00 4.236280e+00 4.150514e+00 3.844562e+00 3.484666e+00 3.436368e+00 3.317621e+00 3.355978e+00 4.955655e-03
<GCONST> 9.648230e+01
<MIXTURE> 88 1.256585e-02
<MEAN> 25
 -3.511448e+00 -2.686590e-01 -1.040468e+00 3.755642e+00 3.764187e+00 2.853493e+00 4.619390e+00 2.462667e+00 3.093926e+00 2.091225e+00 2.628509e+00 1.810786e+00 -2.320927e-02 8.899800e-02 2.806398e-01 2.988302e-01 1.918495e-01 1.428039e-01 -7.801670e-02 -1.335583e-01 -4.070009e-01 -4.251752e-01 -2.074010e-01 -1.538775e-01 -5.324765e-03
<VARIANCE> 25
 9.145592e+00 8.949068e+00 1.212176e+01 1.936065e+01 1.807476e+01 1.879813e+01 1.646792e+01 1.937147e+01 1.750494e+01 1.731277e+01 1.763367e+01 1.511536e+01 1.244461e+00 1.347415e+00 1.754668e+00 1.810060e+00 2.983760e+00 2.448076e+00 2.697291e+00 2.218744e+00 2.826062e+00 2.522460e+00 2.230547e+00 2.050240e+00 1.455528e-03
<GCONST> 8.110507e+01
<MIXTURE> 89 9.333527e-03
<MEAN> 25
 6.079619e+00 -6.833649e+00 -3.560100e+00 -3.169320e+00 -1.611646e+00 -5.591364e+00 -6.119642e+00 4.102210e+00 3.475175e+00 -2.806647e+00 -6.032342e+00 -3.287598e+00 -5.713484e-01 1.566255e-01 1.990923e+00 9.016766e-01 -1.869339e+00 -1.649255e+00 8.837622e-01 1.264856e+00 -7.895234e-01 -1.317029e+00 4.043108e-01 1.536627e+00 -4.886574e-03
<VARIANCE> 25
 8.988698e+00 2.671411e+01 3.107754e+01 3.020840e+01 3.610845e+01 4.167249e+01 5.968015e+01 4.212935e+01 3.909764e+01 4.242324e+01 3.582454e+01 3.240182e+01 3.537389e-01 8.417942e-01 1.472199e+00 1.317296e+00 1.919682e+00 2.126681e+00 2.578058e+00 2.041546e+00 2.249490e+00 2.127905e+00 2.331264e+00 1.471065e+00 3.666781e-04
<GCONST> 8.529501e+01
<MIXTURE> 90 7.114505e-03
<MEAN> 25
 2.442593e+00 -9.702654e+00 -4.747622e+00 -3.966270e+00 -3.373068e+00 -1.804510e+00 3.362298e+00 1.178123e+00 -7.527277e+00 -1.020815e+01 -3.427266e+00 -7.418852e-01 -1.630707e-01 9.093703e-01 1.167139e+00 -8.521141e-01 -1.609620e+00 -2.117980e-01 6.429308e-01 -2.101831e-01 -1.687632e-01 7.365163e-01 1.806477e-01 -5.527194e-01 -1.113975e-02
<VARIANCE> 25
 8.493508e+00 1.798470e+01 1.982035e+01 2.804344e+01 3.683726e+01 3.216555e+01 3.846254e+01 3.634627e+01 3.516188e+01 2.769394e+01 2.695837e+01 2.610256e+01 2.235673e-01 6.120874e-01 7.874650e-01 1.044513e+00 1.473431e+00 1.590665e+00 1.779873e+00 1.652604e+00 1.808323e+00 1.679654e+00 1.496549e+00 1.309840e+00 2.147997e-04
<GCONST> 7.813846e+01
<MIXTURE> 91 7.852945e-03
<MEAN> 25
 6.382467e+00 -7.629504e+00 -8.564104e+00 -5.160893e+00 3.955729e+00 -1.138603e-01 -2.180022e+00 7.256595e-01 7.870058e-01 -2.940247e+00 -4.935410e+00 -5.176163e+00 2.592385e-01 1.002452e+00 1.914972e-01 4.471475e-01 -6.765062e-02 -5.618749e-01 -3.916116e-01 -9.961381e-02 -1.067843e-01 4.544762e-01 -1.182687e-01 2.101274e-01 -3.503679e-02
<VARIANCE> 25
 1.015467e+01 2.279029e+01 2.007192e+01 4.054602e+01 3.527554e+01 5.544794e+01 5.449188e+01 3.963309e+01 5.195163e+01 6.415512e+01 3.823816e+01 4.146869e+01 4.458018e-01 8.864245e-01 1.126810e+00 1.387262e+00 2.196961e+00 2.377392e+00 2.371954e+00 2.388180e+00 2.251803e+00 2.218077e+00 2.010258e+00 1.819505e+00 5.855430e-04
<GCONST> 8.719752e+01
<MIXTURE> 92 7.852945e-03
<MEAN> 25
 6.382467e+00 -7.629504e+00 -8.564104e+00 -5.160893e+00 3.955729e+00 -1.138603e-01 -2.180022e+00 7.256595e-01 7.870058e-01 -2.940247e+00 -4.935410e+00 -5.176163e+00 2.592385e-01 1.002452e+00 1.914972e-01 4.471475e-01 -6.765062e-02 -5.618749e-01 -3.916116e-01 -9.961381e-02 -1.067843e-01 4.544762e-01 -1.182687e-01 2.101274e-01 -3.503679e-02
<VARIANCE> 25
 1.015467e+01 2.279029e+01 2.007192e+01 4.054602e+01 3.527554e+01 5.544794e+01 5.449188e+01 3.963309e+01 5.195163e+01 6.415512e+01 3.823816e+01 4.146869e+01 4.458018e-01 8.864245e-01 1.126810e+00 1.387262e+00 2.196961e+00 2.377392e+00 2.371954e+00 2.388180e+00 2.251803e+00 2.218077e+00 2.010258e+00 1.819505e+00 5.855430e-04
<GCONST> 8.719752e+01
<MIXTURE> 93 6.122769e-03
<MEAN> 25
 -6.750257e+00 -9.321228e-01 -2.365676e+00 5.755191e+00 5.839068e+00 3.896296e+00 6.100517e+00 3.629267e+00 4.109598e+00 2.498359e+00 1.798925e+00 3.688418e+00 -5.955124e-02 -1.543991e-01 -2.546649e-01 -3.312664e-01 -3.396217e-01 -2.945836e-01 -2.166762e-01 -1.650310e-01 -1.645480e-01 -1.501108e-01 -1.110860e-01 -3.834121e-02 -1.432920e-05
<VARIANCE> 25
 9.447433e+00 6.051266e+00 8.227798e+00 1.143997e+01 1.181820e+01 1.586917e+01 1.515667e+01 1.633156e+01 1.463240e+01 1.441619e+01 1.673347e+01 1.335350e+01 8.240664e-02 1.531982e-01 2.629424e-01 3.784615e-01 4.997042e-01 6.584477e-01 7.722687e-01 8.887993e-01 9.145951e-01 8.756894e-01 9.022641e-01 9.329079e-01 1.008112e-06
<GCONST> 5.367468e+01
<MIXTURE> 94 6.122769e-03
<MEAN> 25
 -6.750257e+00 -9.321228e-01 -2.365676e+00 5.755191e+00 5.839068e+00 3.896296e+00 6.100517e+00 3.629267e+00 4.109598e+00 2.498359e+00 1.798925e+00 3.688418e+00 -5.955124e-02 -1.543991e-01 -2.546649e-01 -3.312664e-01 -3.396217e-01 -2.945836e-01 -2.166762e-01 -1.650310e-01 -1.645480e-01 -1.501108e-01 -1.110860e-01 -3.834121e-02 -1.432920e-05
<VARIANCE> 25
 9.447433e+00 6.051266e+00 8.227798e+00 1.143997e+01 1.181820e+01 1.586917e+01 1.515667e+01 1.633156e+01 1.463240e+01 1.441619e+01 1.673347e+01 1.335350e+01 8.240664e-02 1.531982e-01 2.629424e-01 3.784615e-01 4.997042e-01 6.584477e-01 7.722687e-01 8.887993e-01 9.145951e-01 8.756894e-01 9.022641e-01 9.329079e-01 1.008112e-06
<GCONST> 5.367468e+01
<MIXTURE> 95 5.258835e-03
<MEAN> 25
 -3.990395e+00 -3.647267e-02 -1.088690e+00 3.633092e+00 3.506528e+00 1.992468e+00 3.348450e+00 1.842323e+00 1.700819e+00 -1.093573e-01 1.013737e+00 2.452688e+00 9.223695e-02 1.450776e-01 1.639990e-01 -7.309850e-02 -3.295594e-01 -6.900335e-01 -1.081955e+00 -1.138584e+00 -1.095156e+00 -8.205652e-01 -5.995397e-01 -3.651927e-01 -1.748453e-03
<VARIANCE> 25
 1.074142e+01 5.708251e+00 1.025717e+01 1.290745e+01 1.135966e+01 1.379020e+01 1.611842e+01 1.602435e+01 1.385754e+01 1.446837e+01 1.633814e+01 1.129688e+01 2.172580e-01 3.334656e-01 3.419387e-01 5.390038e-01 8.265318e-01 1.095546e+00 9.155216e-01 8.153890e-01 8.813372e-01 1.090679e+00 9.410436e-01 9.656822e-01 6.466277e-05
<GCONST> 6.158648e+01
<MIXTURE> 96 7.034694e-03
<MEAN> 25
 -4.480270e+00 -2.128738e-01 -1.887844e+00 4.770288e+00 3.455728e+00 1.626545e+00 3.514103e+00 1.866998e+00 2.205824e+00 5.422642e-01 8.737118e-01 2.720127e+00 -3.743892e-02 1.074108e-01 2.175250e-01 3.607724e-01 5.373335e-01 5.227082e-01 2.936609e-01 -1.013013e-01 -4.722956e-01 -6.110272e-01 -6.140205e-01 -4.107431e-01 -1.357761e-04
<VARIANCE> 25
 1.247444e+01 9.231514e+00 1.264961e+01 1.492805e+01 1.467680e+01 1.798663e+01 1.689567e+01 1.755729e+01 1.700438e+01 1.688464e+01 1.927264e+01 1.354657e+01 1.101307e-01 2.032444e-01 2.992337e-01 3.857201e-01 4.659393e-01 6.528238e-01 8.564706e-01 9.213548e-01 9.886947e-01 9.206479e-01 8.237898e-01 9.653723e-01 1.266530e-06
<GCONST> 5.713927e+01
<MIXTURE> 97 7.034694e-03
<MEAN> 25
 -4.480270e+00 -2.128738e-01 -1.887844e+00 4.770288e+00 3.455728e+00 1.626545e+00 3.514103e+00 1.866998e+00 2.205824e+00 5.422642e-01 8.737118e-01 2.720127e+00 -3.743892e-02 1.074108e-01 2.175250e-01 3.607724e-01 5.373335e-01 5.227082e-01 2.936609e-01 -1.013013e-01 -4.722956e-01 -6.110272e-01 -6.140205e-01 -4.107431e-01 -1.357761e-04
<VARIANCE> 25
 1.247444e+01 9.231514e+00 1.264961e+01 1.492805e+01 1.467680e+01 1.798663e+01 1.689567e+01 1.755729e+01 1.700438e+01 1.688464e+01 1.927264e+01 1.354657e+01 1.101307e-01 2.032444e-01 2.992337e-01 3.857201e-01 4.659393e-01 6.528238e-01 8.564706e-01 9.213548e-01 9.886947e-01 9.206479e-01 8.237898e-01 9.653723e-01 1.266530e-06
<GCONST> 5.713927e+01
<MIXTURE> 98 9.917808e-03
<MEAN> 25
 -1.484792e+00 8.475366e-01 -1.574516e-01 4.090625e+00 3.437299e+00 2.584584e+00 2.993469e+00 1.508349e+00 1.750611e+00 6.794412e-01 6.689069e-01 1.003022e+00 -1.711238e+00 -1.474544e+00 -9.711868e-01 2.015475e-01 5.251185e-01 7.691024e-01 1.269827e+00 1.440106e+00 1.669878e+00 1.077803e+00 1.337089e+00 9.865678e-01 -2.997414e-02
<VARIANCE> 25
 1.341031e+01 1.939050e+01 2.967295e+01 3.368115e+01 4.060515e+01 3.483191e+01 3.070233e+01 2.839752e+01 2.650971e+01 2.968764e+01 2.521101e+01 2.281726e+01 1.415344e+00 1.427535e+00 2.314413e+00 2.317170e+00 2.835598e+00 2.844274e+00 2.690733e+00 2.872143e+00 2.481742e+00 3.013722e+00 2.606413e+00 2.055448e+00 2.593051e-03
<GCONST> 8.971397e+01
<MIXTURE> 99 6.696178e-03
<MEAN> 25
 -6.160623e+00 9.542487e+00 6.488413e+00 3.201418e+00 9.746586e-01 -5.116651e+00 -1.650655e+00 -4.010076e+00 -3.345219e+00 -3.681586e+00 -1.642160e+00 3.022571e-01 4.963515e-01 -7.722275e-01 3.377675e-01 -3.460906e-01 -1.119300e+00 -4.475445e-01 -3.198381e-01 -2.473345e-01 -6.479786e-02 -9.881282e-02 2.637339e-01 1.801175e-01 1.243670e-02
<VARIANCE> 25
 3.518330e+01 2.731104e+01 4.670740e+01 3.169825e+01 3.484218e+01 3.438586e+01 2.635185e+01 2.888226e+01 2.585930e+01 2.673286e+01 1.995055e+01 2.858383e+01 2.163568e+00 1.837089e+00 1.394731e+00 1.698841e+00 2.584226e+00 2.128471e+00 1.600952e+00 1.656817e+00 1.574824e+00 1.573195e+00 1.328608e+00 1.219616e+00 1.603379e-03
<GCONST> 8.660005e+01
<MIXTURE> 100 4.498084e-03
<MEAN> 25
 -1.592694e+00 6.302894e+00 1.024563e+01 -7.476982e+00 -1.077479e+01 -5.054672e+00 -4.956756e+00 -9.983865e+00 -4.715547e+00 -8.386166e-01 -2.723089e+00 -2.730870e+00 2.912601e+00 -1.256719e+00 1.305525e+00 -2.186101e+00 -3.419515e+00 -7.729850e-01 -1.207148e+00 -8.224381e-01 -1.475278e+00 3.381777e-01 -1.651622e+00 -2.832353e-01 1.953070e-03
<VARIANCE> 25
 1.360006e+01 2.159804e+01 2.273265e+01 2.642042e+01 2.296954e+01 2.379860e+01 2.910589e+01 2.172153e+01 2.740499e+01 2.268015e+01 2.238175e+01 2.145428e+01 1.803474e+00 3.947104e+00 2.923210e+00 4.273961e+00 4.172280e+00 4.566631e+00 4.050476e+00 4.330144e+00 4.155765e+00 3.909489e+00 3.904456e+00 3.218709e+00 1.671561e-03
<GCONST> 9.261156e+01
<MIXTURE> 101 6.007792e-03
<MEAN> 25
 8.220858e+00 -3.938159e+00 -5.404013e+00 -5.943264e+00 -7.499384e-01 -1.213422e+00 -1.142471e+01 -3.416425e+00 6.824140e-01 2.610246e+00 -1.876460e+00 -4.883115e+00 6.319563e-01 7.518225e-01 -1.604204e+00 -1.756997e+00 1.336934e+00 2.342353e+00 2.641511e-01 -1.544807e+00 -1.163779e+00 1.053513e+00 1.431554e+00 -4.199182e-01 -5.321569e-03
<VARIANCE> 25
 8.303215e+00 1.613023e+01 3.147243e+01 4.402582e+01 4.883337e+01 3.225083e+01 3.679574e+01 4.523785e+01 3.967211e+01 3.930529e+01 4.843957e+01 2.222914e+01 2.696249e-01 6.571378e-01 1.209826e+00 1.509283e+00 2.092083e+00 1.852129e+00 2.113846e+00 1.956867e+00 2.296740e+00 2.128545e+00 1.671644e+00 1.783241e+00 3.384487e-04
<GCONST> 8.352506e+01
<MIXTURE> 102 6.007792e-03
<MEAN> 25
 8.220858e+00 -3.938159e+00 -5.404013e+00 -5.943264e+00 -7.499384e-01 -1.213422e+00 -1.142471e+01 -3.416425e+00 6.824140e-01 2.610246e+00 -1.876460e+00 -4.883115e+00 6.319563e-01 7.518225e-01 -1.604204e+00 -1.756997e+00 1.336934e+00 2.342353e+00 2.641511e-01 -1.544807e+00 -1.163779e+00 1.053513e+00 1.431554e+00 -4.199182e-01 -5.321569e-03
<VARIANCE> 25
 8.303215e+00 1.613023e+01 3.147243e+01 4.402582e+01 4.883337e+01 3.225083e+01 3.679574e+01 4.523785e+01 3.967211e+01 3.930529e+01 4.843957e+01 2.222914e+01 2.696249e-01 6.571378e-01 1.209826e+00 1.509283e+00 2.092083e+00 1.852129e+00 2.113846e+00 1.956867e+00 2.296740e+00 2.128545e+00 1.671644e+00 1.783241e+00 3.384487e-04
<GCONST> 8.352506e+01
<MIXTURE> 103 5.694618e-03
<MEAN> 25
 3.355371e+00 -9.451650e+00 -6.122814e+00 -3.093259e+00 -1.329884e+00 -1.964268e+00 2.436059e+00 2.499188e+00 -4.601638e+00 -9.243922e+00 -5.055726e+00 3.526994e-01 -1.601314e-01 -1.487641e+00 -9.776759e-01 3.750052e-01 1.210965e+00 1.021199e+00 1.585474e-01 -2.696203e-01 -7.766182e-01 -9.485803e-01 -3.365045e-02 1.211071e-01 2.701391e-02
<VARIANCE> 25
 1.037301e+01 2.062678e+01 2.291832e+01 3.161608e+01 4.795230e+01 3.495669e+01 4.630669e+01 3.676107e+01 4.208581e+01 2.934329e+01 3.001955e+01 2.639435e+01 6.451749e-01 1.249773e+00 1.538739e+00 1.935989e+00 2.925985e+00 2.408690e+00 2.887341e+00 2.575507e+00 2.570356e+00 2.521094e+00 2.093988e+00 2.012867e+00 8.105151e-04
<GCONST> 8.758106e+01
<MIXTURE> 104 5.694618e-03
<MEAN> 25
 3.355371e+00 -9.451650e+00 -6.122814e+00 -3.093259e+00 -1.329884e+00 -1.964268e+00 2.436059e+00 2.499188e+00 -4.601638e+00 -9.243922e+00 -5.055726e+00 3.526994e-01 -1.601314e-01 -1.487641e+00 -9.776759e-01 3.750052e-01 1.210965e+00 1.021199e+00 1.585474e-01 -2.696203e-01 -7.766182e-01 -9.485803e-01 -3.365045e-02 1.211071e-01 2.701391e-02
<VARIANCE> 25
 1.037301e+01 2.062678e+01 2.291832e+01 3.161608e+01 4.795230e+01 3.495669e+01 4.630669e+01 3.676107e+01 4.208581e+01 2.934329e+01 3.001955e+01 2.639435e+01 6.451749e-01 1.249773e+00 1.538739e+00 1.935989e+00 2.925985e+00 2.408690e+00 2.887341e+00 2.575507e+00 2.570356e+00 2.521094e+00 2.093988e+00 2.012867e+00 8.105151e-04
<GCONST> 8.758106e+01
<MIXTURE> 105 4.710235e-03
<MEAN> 25
 2.118488e+00 -1.466064e+00 8.938537e+00 -2.707236e+00 -1.134065e+01 -4.894860e+00 -4.076291e+00 -8.049113e-01 -3.759628e+00 -3.119678e+00 1.362809e+00 -1.249286e+00 1.143911e-02 1.837617e-02 3.786283e-02 -4.689039e-02 4.634406e-03 4.526341e-02 -3.243682e-02 4.850773e-02 -1.467892e-02 3.008033e-02 1.936575e-02 -1.815424e-02 -1.958785e-03
<VARIANCE> 25
 1.317240e+01 2.870958e+01 4.202327e+01 4.526318e+01 3.870537e+01 5.275086e+01 4.058768e+01 4.326963e+01 3.895707e+01 4.113504e+01 4.132770e+01 3.091580e+01 8.247611e-02 1.948175e-01 3.459677e-01 2.864296e-01 3.685970e-01 4.309023e-01 4.832739e-01 5.032321e-01 5.203178e-01 4.312533e-01 4.157514e-01 3.974674e-01 9.116585e-05
<GCONST> 6.676367e+01
<MIXTURE> 106 4.710235e-03
<MEAN> 25
 2.118488e+00 -1.466064e+00 8.938537e+00 -2.707236e+00 -1.134065e+01 -4.894860e+00 -4.076291e+00 -8.049113e-01 -3.759628e+00 -3.119678e+00 1.362809e+00 -1.249286e+00 1.143911e-02 1.837617e-02 3.786283e-02 -4.689039e-02 4.634406e-03 4.526341e-02 -3.243682e-02 4.850773e-02 -1.467892e-02 3.008033e-02 1.936575e-02 -1.815424e-02 -1.958785e-03
<VARIANCE> 25
 1.317240e+01 2.870958e+01 4.202327e+01 4.526318e+01 3.870537e+01 5.275086e+01 4.058768e+01 4.326963e+01 3.895707e+01 4.113504e+01 4.132770e+01 3.091580e+01 8.247611e-02 1.948175e-01 3.459677e-01 2.864296e-01 3.685970e-01 4.309023e-01 4.832739e-01 5.032321e-01 5.203178e-01 4.312533e-01 4.157514e-01 3.974674e-01 9.116585e-05
<GCONST> 6.676367e+01
<MIXTURE> 107 5.452374e-03
<MEAN> 25
 8.580517e+00 -2.225743e+00 -7.951133e+00 -9.390216e+00 1.999777e+00 2.820451e+00 -8.676904e+00 -4.637651e+00 -9.723381e-01 3.371604e+00 8.994643e-01 -4.958006e+00 -6.194118e-01 -7.445871e-01 8.425071e-01 1.758678e+00 2.167192e-01 -2.012673e+00 -9.238446e-01 8.694729e-01 1.759382e+00 4.734666e-02 -1.655074e+00 -8.336864e-01 -2.441674e-03
<VARIANCE> 25
 9.341426e+00 2.064766e+01 2.840078e+01 4.409034e+01 3.532194e+01 3.914049e+01 5.047393e+01 3.615068e+01 4.555699e+01 4.110968e+01 5.069152e+01 3.084459e+01 3.559493e-01 9.898428e-01 1.443238e+00 2.391508e+00 2.256553e+00 2.782577e+00 2.574764e+00 2.529750e+00 2.268371e+00 2.984269e+00 1.916780e+00 2.186044e+00 7.213522e-04
<GCONST> 8.798988e+01
<MIXTURE> 108 5.452374e-03
<MEAN> 25
 8.580517e+00 -2.225743e+00 -7.951133e+00 -9.390216e+00 1.999777e+00 2.820451e+00 -8.676904e+00 -4.637651e+00 -9.723381e-01 3.371604e+00 8.994643e-01 -4.958006e+00 -6.194118e-01 -7.445871e-01 8.425071e-01 1.758678e+00 2.167192e-01 -2.012673e+00 -9.238446e-01 8.694729e-01 1.759382e+00 4.734666e-02 -1.655074e+00 -8.336864e-01 -2.441674e-03
<VARIANCE> 25
 9.341426e+00 2.064766e+01 2.840078e+01 4.409034e+01 3.532194e+01 3.914049e+01 5.047393e+01 3.615068e+01 4.555699e+01 4.110968e+01 5.069152e+01 3.084459e+01 3.559493e-01 9.898428e-01 1.443238e+00 2.391508e+00 2.256553e+00 2.782577e+00 2.574764e+00 2.529750e+00 2.268371e+00 2.984269e+00 1.916780e+00 2.186044e+00 7.213522e-04
<GCONST> 8.798988e+01
<MIXTURE> 109 6.661064e-03
<MEAN> 25
 4.062419e+00 -1.050518e+01 -8.273515e+00 -1.349402e+00 2.744857e+00 -5.699131e-02 -7.338119e-02 1.455684e+00 -2.569293e+00 -8.349392e+00 -5.388797e+00 4.622342e-02 -3.336241e-02 -1.323204e-01 -3.461633e-02 2.463697e-01 2.002580e-01 1.156660e-01 -1.293214e-01 -1.069847e-01 -4.276429e-02 -1.299557e-01 2.191462e-01 1.059415e-02 -3.562397e-03
<VARIANCE> 25
 9.137589e+00 1.867516e+01 2.018959e+01 3.135015e+01 4.069178e+01 3.668068e+01 4.645577e+01 3.426300e+01 4.590899e+01 3.529665e+01 2.950629e+01 2.818583e+01 1.927342e-01 4.219775e-01 5.381182e-01 6.401449e-01 1.229818e+00 9.946049e-01 1.261230e+00 1.090438e+00 1.116655e+00 9.505045e-01 8.754168e-01 8.839850e-01 1.825226e-04
<GCONST> 7.447132e+01
<MIXTURE> 110 6.661064e-03
<MEAN> 25
 4.062419e+00 -1.050518e+01 -8.273515e+00 -1.349402e+00 2.744857e+00 -5.699131e-02 -7.338119e-02 1.455684e+00 -2.569293e+00 -8.349392e+00 -5.388797e+00 4.622342e-02 -3.336241e-02 -1.323204e-01 -3.461633e-02 2.463697e-01 2.002580e-01 1.156660e-01 -1.293214e-01 -1.069847e-01 -4.276429e-02 -1.299557e-01 2.191462e-01 1.059415e-02 -3.562397e-03
<VARIANCE> 25
 9.137589e+00 1.867516e+01 2.018959e+01 3.135015e+01 4.069178e+01 3.668068e+01 4.645577e+01 3.426300e+01 4.590899e+01 3.529665e+01 2.950629e+01 2.818583e+01 1.927342e-01 4.219775e-01 5.381182e-01 6.401449e-01 1.229818e+00 9.946049e-01 1.261230e+00 1.090438e+00 1.116655e+00 9.505045e-01 8.754168e-01 8.839850e-01 1.825226e-04
<GCONST> 7.447132e+01
<MIXTURE> 111 4.337247e-03
<MEAN> 25
 -1.957774e+00 3.678154e-01 -5.695131e-01 1.063230e+00 5.477176e-01 -3.743097e-02 6.916514e-01 9.996766e-01 4.140714e-01 -1.149029e+00 -1.230488e+00 1.170938e+00 6.686764e-03 2.310617e-02 -2.334593e-02 8.633062e-03 -2.589718e-02 2.941264e-03 -2.994457e-02 -1.712594e-01 -2.927456e-01 -2.857779e-01 -1.626224e-01 -1.177549e-01 6.623945e-05
<VARIANCE> 25
 4.205790e+00 4.167671e+00 6.279910e+00 7.196312e+00 8.663271e+00 1.259362e+01 1.109937e+01 1.087683e+01 1.042850e+01 1.066930e+01 9.305130e+00 8.548680e+00 8.303788e-02 1.477727e-01 2.879170e-01 4.101312e-01 5.347542e-01 7.170120e-01 7.776963e-01 8.437378e-01 1.093021e+00 9.740117e-01 6.928464e-01 7.596218e-01 4.172132e-05
<GCONST> 5.261512e+01
<MIXTURE> 112 4.337247e-03
<MEAN> 25
 -1.957774e+00 3.678154e-01 -5.695131e-01 1.063230e+00 5.477176e-01 -3.743097e-02 6.916514e-01 9.996766e-01 4.140714e-01 -1.149029e+00 -1.230488e+00 1.170938e+00 6.686764e-03 2.310617e-02 -2.334593e-02 8.633062e-03 -2.589718e-02 2.941264e-03 -2.994457e-02 -1.712594e-01 -2.927456e-01 -2.857779e-01 -1.626224e-01 -1.177549e-01 6.623945e-05
<VARIANCE> 25
 4.205790e+00 4.167671e+00 6.279910e+00 7.196312e+00 8.663271e+00 1.259362e+01 1.109937e+01 1.087683e+01 1.042850e+01 1.066930e+01 9.305130e+00 8.548680e+00 8.303788e-02 1.477727e-01 2.879170e-01 4.101312e-01 5.347542e-01 7.170120e-01 7.776963e-01 8.437378e-01 1.093021e+00 9.740117e-01 6.928464e-01 7.596218e-01 4.172132e-05
<GCONST> 5.261512e+01
<MIXTURE> 113 5.938666e-03
<MEAN> 25
 9.976173e+00 1.752594e+00 -8.780044e+00 -1.704831e+01 -1.035265e+00 5.660196e+00 -5.281945e+00 -1.468883e+00 -5.696284e+00 -4.922375e-01 2.998362e-01 -2.008754e-01 4.766603e-03 1.358987e-02 -5.957421e-02 -1.134602e-01 1.043906e-01 1.506582e-01 5.933562e-02 3.621558e-02 -5.713854e-02 -5.114779e-02 1.795923e-01 3.515242e-02 -1.404310e-03
<VARIANCE> 25
 8.891759e+00 1.642044e+01 2.967955e+01 3.418766e+01 5.273400e+01 3.386201e+01 3.970552e+01 3.917260e+01 3.736860e+01 4.640698e+01 3.629483e+01 2.848677e+01 1.217777e-01 3.208005e-01 3.160963e-01 6.313838e-01 6.127660e-01 6.536193e-01 7.764082e-01 8.451531e-01 9.593645e-01 9.051154e-01 7.244567e-01 7.135038e-01 1.249515e-04
<GCONST> 7.111030e+01
<MIXTURE> 114 5.938666e-03
<MEAN> 25
 9.976173e+00 1.752594e+00 -8.780044e+00 -1.704831e+01 -1.035265e+00 5.660196e+00 -5.281945e+00 -1.468883e+00 -5.696284e+00 -4.922375e-01 2.998362e-01 -2.008754e-01 4.766603e-03 1.358987e-02 -5.957421e-02 -1.134602e-01 1.043906e-01 1.506582e-01 5.933562e-02 3.621558e-02 -5.713854e-02 -5.114779e-02 1.795923e-01 3.515242e-02 -1.404310e-03
<VARIANCE> 25
 8.891759e+00 1.642044e+01 2.967955e+01 3.418766e+01 5.273400e+01 3.386201e+01 3.970552e+01 3.917260e+01 3.736860e+01 4.640698e+01 3.629483e+01 2.848677e+01 1.217777e-01 3.208005e-01 3.160963e-01 6.313838e-01 6.127660e-01 6.536193e-01 7.764082e-01 8.451531e-01 9.593645e-01 9.051154e-01 7.244567e-01 7.135038e-01 1.249515e-04
<GCONST> 7.111030e+01
<MIXTURE> 115 2.935202e-03
<MEAN> 25
 -3.797595e+00 -6.080968e-01 -2.861665e+00 3.542649e+00 2.255966e+00 -3.266704e-01 2.330770e+00 7.177624e-01 1.415946e+00 4.103718e-02 1.383984e-02 2.584609e+00 3.633532e-02 -7.651122e-02 -2.146468e-01 -4.284453e-01 -6.460133e-01 -7.081122e-01 -5.700762e-01 -4.564598e-01 -4.591092e-01 -4.429526e-01 -3.799128e-01 -1.730707e-01 -6.161748e-05
<VARIANCE> 25
 9.390633e+00 9.659298e+00 1.360804e+01 1.237715e+01 1.329247e+01 1.660224e+01 1.632909e+01 2.095134e+01 1.739435e+01 1.669724e+01 1.872094e+01 1.414378e+01 1.923301e-01 3.314795e-01 4.632529e-01 5.456740e-01 6.156842e-01 8.287078e-01 9.648080e-01 1.153634e+00 1.060555e+00 9.802308e-01 1.051164e+00 1.148688e+00 1.055337e-06
<GCONST> 5.983518e+01
<MIXTURE> 116 2.935202e-03
<MEAN> 25
 -3.797595e+00 -6.080968e-01 -2.861665e+00 3.542649e+00 2.255966e+00 -3.266704e-01 2.330770e+00 7.177624e-01 1.415946e+00 4.103718e-02 1.383984e-02 2.584609e+00 3.633532e-02 -7.651122e-02 -2.146468e-01 -4.284453e-01 -6.460133e-01 -7.081122e-01 -5.700762e-01 -4.564598e-01 -4.591092e-01 -4.429526e-01 -3.799128e-01 -1.730707e-01 -6.161748e-05
<VARIANCE> 25
 9.390633e+00 9.659298e+00 1.360804e+01 1.237715e+01 1.329247e+01 1.660224e+01 1.632909e+01 2.095134e+01 1.739435e+01 1.669724e+01 1.872094e+01 1.414378e+01 1.923301e-01 3.314795e-01 4.632529e-01 5.456740e-01 6.156842e-01 8.287078e-01 9.648080e-01 1.153634e+00 1.060555e+00 9.802308e-01 1.051164e+00 1.148688e+00 1.055337e-06
<GCONST> 5.983518e+01
<MIXTURE> 117 6.506003e-03
<MEAN> 25
 -4.630359e+00 1.121035e+00 1.055961e+00 9.735524e+00 6.238227e+00 6.240016e+00 6.454459e+00 5.048806e+00 6.375479e+00 4.921290e+00 6.345850e+00 2.707290e+00 -7.420851e-02 -2.346172e-01 -3.572666e-01 -4.192574e-01 -3.698812e-01 -3.080457e-01 -2.873061e-01 -3.274653e-01 -3.893067e-01 -3.674435e-01 -2.652112e-01 -1.162650e-01 -1.178422e-05
<VARIANCE> 25
 7.220958e+00 8.729379e+00 9.779346e+00 1.442407e+01 1.572907e+01 1.537547e+01 1.768944e+01 1.791243e+01 1.638183e+01 1.633526e+01 1.685669e+01 1.471742e+01 2.161098e-01 3.066710e-01 4.253415e-01 6.152437e-01 8.531300e-01 1.061032e+00 1.173847e+00 1.234479e+00 1.222546e+00 1.194017e+00 1.169418e+00 1.117023e+00 9.999886e-07
<GCONST> 6.043651e+01
<MIXTURE> 118 6.506003e-03
<MEAN> 25
 -4.630359e+00 1.121035e+00 1.055961e+00 9.735524e+00 6.238227e+00 6.240016e+00 6.454459e+00 5.048806e+00 6.375479e+00 4.921290e+00 6.345850e+00 2.707290e+00 -7.420851e-02 -2.346172e-01 -3.572666e-01 -4.192574e-01 -3.698812e-01 -3.080457e-01 -2.873061e-01 -3.274653e-01 -3.893067e-01 -3.674435e-01 -2.652112e-01 -1.162650e-01 -1.178422e-05
<VARIANCE> 25
 7.220958e+00 8.729379e+00 9.779346e+00 1.442407e+01 1.572907e+01 1.537547e+01 1.768944e+01 1.791243e+01 1.638183e+01 1.633526e+01 1.685669e+01 1.471742e+01 2.161098e-01 3.066710e-01 4.253415e-01 6.152437e-01 8.531300e-01 1.061032e+00 1.173847e+00 1.234479e+00 1.222546e+00 1.194017e+00 1.169418e+00 1.117023e+00 9.999886e-07
<GCONST> 6.043651e+01
<MIXTURE> 119 4.297961e-03
<MEAN> 25
 -4.871637e+00 -7.435649e+00 2.189874e+00 1.968493e+00 2.187668e+00 1.664553e-01 5.220770e+00 5.914854e+00 1.165321e+00 9.502265e-01 6.479353e+00 1.589990e+00 -4.852795e-02 -8.098373e-02 3.120904e-02 -5.525821e-02 -1.271063e-01 -1.705661e-01 -6.559981e-02 -1.127552e-02 -9.551955e-02 -1.222464e-01 -7.257389e-02 -7.160540e-02 9.635092e-04
<VARIANCE> 25
 8.700095e+00 1.106851e+01 1.636292e+01 1.986868e+01 2.260246e+01 2.282712e+01 2.475896e+01 2.609282e+01 2.470644e+01 2.756538e+01 2.075168e+01 2.012529e+01 1.579680e-01 2.826570e-01 4.560748e-01 6.314012e-01 7.921296e-01 1.003638e+00 1.112218e+00 1.265846e+00 1.289206e+00 1.226132e+00 1.192580e+00 1.146158e+00 2.317899e-04
<GCONST> 6.973325e+01
<MIXTURE> 120 4.297961e-03
<MEAN> 25
 -4.871637e+00 -7.435649e+00 2.189874e+00 1.968493e+00 2.187668e+00 1.664553e-01 5.220770e+00 5.914854e+00 1.165321e+00 9.502265e-01 6.479353e+00 1.589990e+00 -4.852795e-02 -8.098373e-02 3.120904e-02 -5.525821e-02 -1.271063e-01 -1.705661e-01 -6.559981e-02 -1.127552e-02 -9.551955e-02 -1.222464e-01 -7.257389e-02 -7.160540e-02 9.635092e-04
<VARIANCE> 25
 8.700095e+00 1.106851e+01 1.636292e+01 1.986868e+01 2.260246e+01 2.282712e+01 2.475896e+01 2.609282e+01 2.470644e+01 2.756538e+01 2.075168e+01 2.012529e+01 1.579680e-01 2.826570e-01 4.560748e-01 6.314012e-01 7.921296e-01 1.003638e+00 1.112218e+00 1.265846e+00 1.289206e+00 1.226132e+00 1.192580e+00 1.146158e+00 2.317899e-04
<GCONST> 6.973325e+01
<MIXTURE> 121 4.567511e-03
<MEAN> 25
 1.495811e-01 -2.438021e+00 4.802156e+00 -1.261192e+01 -1.228248e+01 -1.515520e+00 8.188334e-01 -5.112424e+00 -4.205514e+00 -4.427087e-01 -5.235606e+00 -4.377326e+00 2.529092e-02 7.385446e-02 -8.866286e-02 5.571200e-02 1.712897e-01 7.397033e-02 -9.937214e-02 -1.981015e-01 -2.551020e-01 -2.169721e-01 -1.335216e-01 7.075947e-03 -7.250551e-03
<VARIANCE> 25
 7.355582e+00 1.748878e+01 1.820500e+01 2.258227e+01 2.517738e+01 2.888023e+01 2.971635e+01 2.485804e+01 3.364011e+01 2.751717e+01 2.009380e+01 2.198706e+01 1.479305e-01 6.727861e-01 6.381816e-01 6.853772e-01 7.416555e-01 1.098825e+00 1.085477e+00 1.116039e+00 1.196827e+00 1.161245e+00 8.974290e-01 8.343533e-01 2.169865e-04
<GCONST> 7.139526e+01
<MIXTURE> 122 4.567511e-03
<MEAN> 25
 1.495811e-01 -2.438021e+00 4.802156e+00 -1.261192e+01 -1.228248e+01 -1.515520e+00 8.188334e-01 -5.112424e+00 -4.205514e+00 -4.427087e-01 -5.235606e+00 -4.377326e+00 2.529092e-02 7.385446e-02 -8.866286e-02 5.571200e-02 1.712897e-01 7.397033e-02 -9.937214e-02 -1.981015e-01 -2.551020e-01 -2.169721e-01 -1.335216e-01 7.075947e-03 -7.250551e-03
<VARIANCE> 25
 7.355582e+00 1.748878e+01 1.820500e+01 2.258227e+01 2.517738e+01 2.888023e+01 2.971635e+01 2.485804e+01 3.364011e+01 2.751717e+01 2.009380e+01 2.198706e+01 1.479305e-01 6.727861e-01 6.381816e-01 6.853772e-01 7.416555e-01 1.098825e+00 1.085477e+00 1.116039e+00 1.196827e+00 1.161245e+00 8.974290e-01 8.343533e-01 2.169865e-04
<GCONST> 7.139526e+01
<MIXTURE> 123 4.393044e-03
<MEAN> 25
 -2.778665e+00 8.238614e-01 4.174389e-01 3.855160e+00 3.784875e+00 2.405973e+00 2.769393e+00 9.292054e-01 6.763037e-01 -6.229895e-01 -6.067725e-01 1.948378e-01 -2.562536e-01 -6.800242e-01 -8.520184e-01 -5.414411e-01 -1.919486e-01 -1.238249e-02 4.501189e-01 7.566367e-01 8.725179e-01 9.355599e-01 7.678566e-01 4.970380e-01 -1.982252e-03
<VARIANCE> 25
 7.719310e+00 7.344971e+00 9.381311e+00 1.557837e+01 1.490341e+01 1.795568e+01 1.657553e+01 2.024883e+01 1.406974e+01 1.184532e+01 1.529544e+01 1.414085e+01 2.869132e-01 2.835495e-01 4.073294e-01 7.533363e-01 1.003446e+00 1.277028e+00 1.155408e+00 1.268125e+00 1.229328e+00 1.226765e+00 1.001759e+00 9.014001e-01 1.117462e-04
<GCONST> 6.501655e+01
<MIXTURE> 124 4.069876e-03
<MEAN> 25
 -5.954990e+00 -1.017899e+00 -2.687375e+00 4.777517e+00 4.808178e+00 3.102590e+00 5.252030e+00 2.830972e+00 3.206051e+00 1.279083e+00 1.038682e+00 2.965180e+00 -2.026097e-01 -3.232562e-01 -3.938440e-01 -2.433528e-01 1.895134e-01 5.589814e-01 8.343201e-01 8.303593e-01 5.833433e-01 3.504300e-01 1.848620e-01 9.806335e-03 -8.239046e-05
<VARIANCE> 25
 1.295766e+01 6.809180e+00 1.090335e+01 1.243615e+01 1.136717e+01 1.910131e+01 1.467252e+01 1.722986e+01 1.496956e+01 1.580147e+01 1.845548e+01 1.398083e+01 1.019158e-01 1.578791e-01 2.829506e-01 4.279268e-01 6.139380e-01 7.017760e-01 7.285486e-01 7.868965e-01 9.818206e-01 1.058602e+00 1.190329e+00 9.438329e-01 2.065180e-05
<GCONST> 5.899696e+01
<MIXTURE> 125 4.069876e-03
<MEAN> 25
 -5.954990e+00 -1.017899e+00 -2.687375e+00 4.777517e+00 4.808178e+00 3.102590e+00 5.252030e+00 2.830972e+00 3.206051e+00 1.279083e+00 1.038682e+00 2.965180e+00 -2.026097e-01 -3.232562e-01 -3.938440e-01 -2.433528e-01 1.895134e-01 5.589814e-01 8.343201e-01 8.303593e-01 5.833433e-01 3.504300e-01 1.848620e-01 9.806335e-03 -8.239046e-05
<VARIANCE> 25
 1.295766e+01 6.809180e+00 1.090335e+01 1.243615e+01 1.136717e+01 1.910131e+01 1.467252e+01 1.722986e+01 1.496956e+01 1.580147e+01 1.845548e+01 1.398083e+01 1.019158e-01 1.578791e-01 2.829506e-01 4.279268e-01 6.139380e-01 7.017760e-01 7.285486e-01 7.868965e-01 9.818206e-01 1.058602e+00 1.190329e+00 9.438329e-01 2.065180e-05
<GCONST> 5.899696e+01
<MIXTURE> 126 2.402244e-03
<MEAN> 25
 -3.643008e+00 -6.566479e+00 -5.045749e+00 2.227224e+00 4.091804e+00 -3.167835e+00 1.462650e-01 3.588964e+00 3.207642e+00 -2.634279e+00 -1.444573e+00 2.911226e+00 -6.618776e-04 -9.626593e-03 -4.655996e-02 -1.746539e-01 -3.039746e-01 -3.955913e-01 -3.097831e-01 -1.701373e-01 -1.250059e-01 -1.160588e-01 -1.059481e-01 -3.110177e-02 -1.736152e-03
<VARIANCE> 25
 7.432079e+00 1.428536e+01 1.426601e+01 1.472187e+01 2.416620e+01 2.285522e+01 2.198154e+01 2.757031e+01 3.076354e+01 2.536222e+01 2.159877e+01 1.939806e+01 1.654725e-01 3.441784e-01 4.754088e-01 5.840940e-01 7.583385e-01 9.704558e-01 1.127052e+00 1.226555e+00 1.301069e+00 1.279326e+00 1.178472e+00 1.122097e+00 2.117908e-04
<GCONST> 6.957706e+01
<MIXTURE> 127 2.402244e-03
<MEAN> 25
 -3.643008e+00 -6.566479e+00 -5.045749e+00 2.227224e+00 4.091804e+00 -3.167835e+00 1.462650e-01 3.588964e+00 3.207642e+00 -2.634279e+00 -1.444573e+00 2.911226e+00 -6.618776e-04 -9.626593e-03 -4.655996e-02 -1.746539e-01 -3.039746e-01 -3.955913e-01 -3.097831e-01 -1.701373e-01 -1.250059e-01 -1.160588e-01 -1.059481e-01 -3.110177e-02 -1.736152e-03
<VARIANCE> 25
 7.432079e+00 1.428536e+01 1.426601e+01 1.472187e+01 2.416620e+01 2.285522e+01 2.198154e+01 2.757031e+01 3.076354e+01 2.536222e+01 2.159877e+01 1.939806e+01 1.654725e-01 3.441784e-01 4.754088e-01 5.840940e-01 7.583385e-01 9.704558e-01 1.127052e+00 1.226555e+00 1.301069e+00 1.279326e+00 1.178472e+00 1.122097e+00 2.117908e-04
<GCONST> 6.957706e+01
<MIXTURE> 128 3.790457e-03
<MEAN> 25
 -3.923812e+00 1.542751e+00 -3.376854e-01 6.564698e+00 3.616899e+00 1.855181e+00 3.573313e+00 2.366657e+00 3.956125e+00 3.693895e+00 3.769816e+00 3.527301e+00 -3.955015e-01 -1.963501e-01 9.886814e-02 7.252425e-01 1.183714e+00 1.135091e+00 7.194134e-01 1.310376e-01 -4.383933e-01 -7.857898e-01 -7.015190e-01 -3.946092e-01 -4.015328e-05
<VARIANCE> 25
 1.022625e+01 1.167603e+01 1.496601e+01 1.933620e+01 2.001648e+01 2.114465e+01 2.427841e+01 2.464878e+01 2.641035e+01 2.390410e+01 2.681909e+01 1.819824e+01 8.909983e-01 1.144736e+00 1.363501e+00 1.500993e+00 1.578413e+00 1.860494e+00 2.247085e+00 2.321706e+00 2.151045e+00 1.857266e+00 1.742907e+00 1.747198e+00 1.009660e-06
<GCONST> 7.363556e+01
<TRANSP> 3
 0.000000e+00 1.000000e+00 0.000000e+00
 0.000000e+00 9.999990e-01 9.999998e-07
 0.000000e+00 0.000000e+00 0.000000e+00
<ENDHMM>
