~o
<STREAMINFO> 1 25
<VECSIZE> 25<NULLD><MFCC_E_D_N><DIAGC>
~h "jmodel"
<BEGINHMM>
<NUMSTATES> 3
<STATE> 2
<NUMMIXES> 128
<MIXTURE> 1 5.748963e-03
<MEAN> 25
 -2.599018e+00 3.054545e+00 2.358594e+00 8.768245e+00 4.563978e+00 3.435485e+00 3.782984e+00 3.755133e+00 5.787539e+00 5.344450e+00 5.919624e+00 3.008821e+00 -1.998976e+00 -1.613796e+00 -8.436959e-01 1.058931e+00 1.569444e+00 2.204158e+00 2.099080e+00 2.071524e+00 1.707429e+00 1.275884e+00 1.531691e+00 5.745010e-01 -4.549301e-02
<VARIANCE> 25
 9.893036e+00 1.215144e+01 1.474611e+01 1.828109e+01 2.417352e+01 2.171251e+01 2.465867e+01 2.306156e+01 2.068684e+01 2.234644e+01 2.068603e+01 1.692097e+01 1.748082e+00 2.085903e+00 2.975263e+00 3.147274e+00 3.663667e+00 3.317215e+00 3.378926e+00 3.314221e+00 3.471757e+00 3.670612e+00 3.493796e+00 2.830126e+00 3.131008e-03
<GCONST> 8.844756e+01
<MIXTURE> 2 4.549242e-03
<MEAN> 25
 -4.716794e+00 1.357819e+00 9.031795e-01 9.768215e+00 6.706514e+00 7.376454e+00 7.808674e+00 7.068443e+00 8.497096e+00 6.443678e+00 7.457561e+00 3.035801e+00 -6.517392e-02 4.709484e-02 1.449396e-01 2.115548e-01 2.477482e-01 2.818241e-01 2.851763e-01 3.136724e-01 3.195095e-01 2.885865e-01 1.999899e-01 6.765684e-02 5.848295e-06
<VARIANCE> 25
 8.018931e+00 8.844366e+00 1.088457e+01 1.644113e+01 1.691607e+01 1.540322e+01 1.663882e+01 1.871964e+01 1.714372e+01 1.748730e+01 1.912809e+01 1.419994e+01 1.242926e-01 2.244750e-01 3.323894e-01 4.688959e-01 6.565837e-01 8.001403e-01 9.232271e-01 9.931645e-01 1.077590e+00 1.084143e+00 1.061630e+00 1.008205e+00 9.850088e-07
<GCONST> 5.823183e+01
<MIXTURE> 3 4.549242e-03
<MEAN> 25
 -4.716794e+00 1.357819e+00 9.031795e-01 9.768215e+00 6.706514e+00 7.376454e+00 7.808674e+00 7.068443e+00 8.497096e+00 6.443678e+00 7.457561e+00 3.035801e+00 -6.517392e-02 4.709484e-02 1.449396e-01 2.115548e-01 2.477482e-01 2.818241e-01 2.851763e-01 3.136724e-01 3.195095e-01 2.885865e-01 1.999899e-01 6.765684e-02 5.848295e-06
<VARIANCE> 25
 8.018931e+00 8.844366e+00 1.088457e+01 1.644113e+01 1.691607e+01 1.540322e+01 1.663882e+01 1.871964e+01 1.714372e+01 1.748730e+01 1.912809e+01 1.419994e+01 1.242926e-01 2.244750e-01 3.323894e-01 4.688959e-01 6.565837e-01 8.001403e-01 9.232271e-01 9.931645e-01 1.077590e+00 1.084143e+00 1.061630e+00 1.008205e+00 9.850088e-07
<GCONST> 5.823183e+01
<MIXTURE> 4 1.671429e-02
<MEAN> 25
 3.327356e+00 2.532933e+00 -3.801930e+00 9.953485e-01 4.464312e+00 -1.368148e-01 7.156942e-02 1.570983e-01 1.513360e+00 1.298620e+00 -1.875909e+00 5.704748e-02 -2.741411e+00 1.216686e+00 1.756616e+00 3.034600e+00 9.073183e-01 4.806218e-01 1.547440e+00 1.057033e+00 9.256511e-01 3.918149e-01 1.190304e+00 8.911744e-01 -1.020257e-01
<VARIANCE> 25
 2.209906e+01 2.915499e+01 2.905333e+01 3.997083e+01 4.639448e+01 6.803653e+01 6.453336e+01 5.396306e+01 5.439698e+01 6.122887e+01 4.937490e+01 3.566476e+01 2.348187e+00 4.965283e+00 3.760630e+00 5.020968e+00 4.955182e+00 6.075634e+00 6.096665e+00 5.491111e+00 6.005635e+00 6.527495e+00 6.134088e+00 4.410363e+00 6.181774e-03
<GCONST> 1.054599e+02
<MIXTURE> 5 3.206198e-03
<MEAN> 25
 -3.379655e+00 2.185497e+00 5.604653e-01 9.383114e+00 6.713204e+00 6.316479e+00 7.109976e+00 4.793667e+00 5.524134e+00 3.856359e+00 4.638555e+00 2.610389e+00 -3.210658e-01 7.472391e-01 1.217238e+00 1.024257e+00 3.014743e-01 -9.882171e-02 -9.117479e-02 2.592543e-02 4.476087e-01 6.796889e-01 4.089089e-01 9.038706e-02 -2.915994e-05
<VARIANCE> 25
 1.037721e+01 1.387981e+01 2.367436e+01 2.577951e+01 2.011729e+01 1.934057e+01 1.998021e+01 2.090231e+01 2.139534e+01 2.120879e+01 2.404627e+01 1.633090e+01 1.203759e+00 1.240217e+00 1.359937e+00 1.672518e+00 2.283553e+00 2.362217e+00 2.296571e+00 2.268864e+00 2.320294e+00 2.230571e+00 2.079989e+00 1.864791e+00 9.970975e-07
<GCONST> 7.515953e+01
<MIXTURE> 6 5.475854e-03
<MEAN> 25
 8.750793e+00 -1.477829e+00 -5.694203e+00 -1.127295e+01 -2.775696e+00 7.323770e+00 -6.288596e+00 -7.170192e+00 -3.693827e+00 1.338040e+00 5.162128e+00 -5.345040e-01 5.843469e-01 7.842606e-01 -2.912403e-01 -1.472453e+00 -5.883713e-01 1.310221e+00 1.545965e+00 5.891167e-01 -1.369826e+00 -1.503893e+00 3.066368e-01 1.471521e+00 -9.812987e-03
<VARIANCE> 25
 1.099465e+01 1.754774e+01 2.276089e+01 3.459722e+01 3.122867e+01 2.707718e+01 3.706023e+01 4.311729e+01 3.340363e+01 3.683922e+01 3.619221e+01 2.713099e+01 2.938219e-01 8.149376e-01 8.748009e-01 1.885509e+00 1.496666e+00 2.064500e+00 1.637921e+00 2.582637e+00 2.098207e+00 1.867216e+00 2.216285e+00 1.489588e+00 5.148822e-04
<GCONST> 8.262899e+01
<MIXTURE> 7 5.475854e-03
<MEAN> 25
 8.750793e+00 -1.477829e+00 -5.694203e+00 -1.127295e+01 -2.775696e+00 7.323770e+00 -6.288596e+00 -7.170192e+00 -3.693827e+00 1.338040e+00 5.162128e+00 -5.345040e-01 5.843469e-01 7.842606e-01 -2.912403e-01 -1.472453e+00 -5.883713e-01 1.310221e+00 1.545965e+00 5.891167e-01 -1.369826e+00 -1.503893e+00 3.066368e-01 1.471521e+00 -9.812987e-03
<VARIANCE> 25
 1.099465e+01 1.754774e+01 2.276089e+01 3.459722e+01 3.122867e+01 2.707718e+01 3.706023e+01 4.311729e+01 3.340363e+01 3.683922e+01 3.619221e+01 2.713099e+01 2.938219e-01 8.149376e-01 8.748009e-01 1.885509e+00 1.496666e+00 2.064500e+00 1.637921e+00 2.582637e+00 2.098207e+00 1.867216e+00 2.216285e+00 1.489588e+00 5.148822e-04
<GCONST> 8.262899e+01
<MIXTURE> 8 1.165917e-02
<MEAN> 25
 -4.719497e+00 1.359350e+00 1.285757e+00 9.541976e+00 6.604823e+00 6.234557e+00 6.447252e+00 5.689405e+00 6.644361e+00 5.639831e+00 6.543140e+00 3.137755e+00 -6.369240e-01 -1.415496e+00 -1.064297e+00 -1.727733e+00 -2.264272e-01 -9.464816e-01 -1.739338e-01 -2.804227e-01 -2.508143e-01 -1.739496e-01 -2.159113e-01 7.798918e-02 9.865545e-02
<VARIANCE> 25
 9.393290e+00 9.834655e+00 1.162429e+01 1.611257e+01 1.678786e+01 1.576584e+01 1.849755e+01 1.752150e+01 1.704826e+01 1.737646e+01 1.903854e+01 1.403310e+01 2.762773e+00 2.828821e+00 3.911654e+00 3.752521e+00 3.449525e+00 3.305933e+00 3.132016e+00 3.094600e+00 2.869650e+00 2.660940e+00 2.431133e+00 1.899657e+00 6.671274e-03
<GCONST> 8.634487e+01
<MIXTURE> 9 1.199672e-02
<MEAN> 25
 9.289395e+00 3.372953e+00 -6.193388e+00 -1.068248e+01 -2.238942e+00 4.972096e+00 -2.206893e+00 -2.305385e+00 -5.390174e+00 -1.286253e+00 5.662438e-01 -4.387123e-03 1.436376e+00 -1.302677e-01 -4.940440e-01 -2.698119e+00 -1.636757e+00 8.565856e-01 -9.700885e-01 -2.370464e-01 -1.830978e-01 -5.752248e-01 6.209247e-01 -1.501802e-01 7.315508e-02
<VARIANCE> 25
 1.224382e+01 2.148701e+01 3.357739e+01 5.335740e+01 5.026842e+01 3.220391e+01 4.307461e+01 5.202803e+01 4.196217e+01 4.176501e+01 3.603968e+01 2.685723e+01 2.089452e+00 2.445293e+00 4.565615e+00 4.875439e+00 5.033217e+00 4.090623e+00 4.229652e+00 6.052213e+00 5.027922e+00 4.072125e+00 4.029219e+00 2.800221e+00 2.218064e-03
<GCONST> 9.879087e+01
<MIXTURE> 10 6.596976e-03
<MEAN> 25
 8.377752e-01 7.541069e+00 5.346717e+00 7.151551e+00 1.597857e+00 -2.167713e+00 -6.223972e-01 -1.712807e+00 8.401907e-01 9.064369e-01 8.064989e-01 6.439344e-01 -1.925871e+00 -6.695848e-01 -4.687971e-01 3.010233e+00 2.507562e+00 2.698842e+00 2.320045e+00 2.248168e+00 1.873192e+00 1.554821e+00 2.320279e+00 5.072690e-01 -1.366701e-01
<VARIANCE> 25
 1.928514e+01 2.100507e+01 2.207759e+01 2.864406e+01 3.783651e+01 3.462394e+01 3.538938e+01 3.340426e+01 2.729789e+01 2.878548e+01 2.664418e+01 2.465837e+01 2.205930e+00 3.379562e+00 5.463707e+00 5.115154e+00 5.609595e+00 4.422796e+00 4.822748e+00 4.830588e+00 4.333774e+00 4.956615e+00 4.403915e+00 3.166044e+00 2.800614e-03
<GCONST> 9.733082e+01
<MIXTURE> 11 1.633820e-02
<MEAN> 25
 7.598182e+00 3.980390e+00 3.720423e+00 5.565487e+00 -3.723043e+00 -2.788755e+00 -1.623892e+00 -6.537991e+00 -3.845896e+00 2.633029e-02 -2.973873e+00 -2.178501e+00 -2.263163e-01 4.717271e-01 1.447808e-01 3.724176e-01 4.111076e-01 -1.687283e-02 2.087144e-01 1.324068e-02 2.262206e-02 -1.535309e-01 -1.335955e-01 8.604880e-02 -1.612205e-02
<VARIANCE> 25
 1.243335e+01 3.584880e+01 2.459952e+01 2.859340e+01 3.803170e+01 3.920322e+01 4.770579e+01 4.522129e+01 4.215385e+01 3.198884e+01 3.338118e+01 2.629965e+01 9.670405e-01 1.167513e+00 1.655672e+00 2.245115e+00 2.009331e+00 2.121464e+00 2.366794e+00 2.745473e+00 2.220049e+00 1.928944e+00 1.752112e+00 1.519851e+00 9.454668e-04
<GCONST> 8.779641e+01
<MIXTURE> 12 5.904134e-03
<MEAN> 25
 1.061574e+01 3.006593e+00 -4.272117e+00 -1.611479e+01 -8.505068e+00 8.957297e+00 -1.399363e+00 -2.238607e+00 -1.961548e+00 -4.746744e+00 2.249968e+00 1.041405e+00 5.882153e-02 2.667911e-01 2.731770e-02 -3.444003e-01 -2.686543e-01 -5.420500e-02 2.860917e-01 5.447647e-01 6.063176e-02 -4.233139e-01 -3.928031e-01 1.036015e-02 -5.686473e-03
<VARIANCE> 25
 8.658059e+00 2.639664e+01 2.300770e+01 3.300312e+01 4.002139e+01 3.090693e+01 4.227096e+01 4.723055e+01 4.197692e+01 3.521022e+01 3.828883e+01 2.850249e+01 2.499716e-01 6.635379e-01 6.867211e-01 1.112587e+00 1.138325e+00 1.113984e+00 1.106316e+00 1.502447e+00 1.242852e+00 1.178023e+00 1.143969e+00 9.327253e-01 5.466579e-04
<GCONST> 7.863856e+01
<MIXTURE> 13 5.904134e-03
<MEAN> 25
 1.061574e+01 3.006593e+00 -4.272117e+00 -1.611479e+01 -8.505068e+00 8.957297e+00 -1.399363e+00 -2.238607e+00 -1.961548e+00 -4.746744e+00 2.249968e+00 1.041405e+00 5.882153e-02 2.667911e-01 2.731770e-02 -3.444003e-01 -2.686543e-01 -5.420500e-02 2.860917e-01 5.447647e-01 6.063176e-02 -4.233139e-01 -3.928031e-01 1.036015e-02 -5.686473e-03
<VARIANCE> 25
 8.658059e+00 2.639664e+01 2.300770e+01 3.300312e+01 4.002139e+01 3.090693e+01 4.227096e+01 4.723055e+01 4.197692e+01 3.521022e+01 3.828883e+01 2.850249e+01 2.499716e-01 6.635379e-01 6.867211e-01 1.112587e+00 1.138325e+00 1.113984e+00 1.106316e+00 1.502447e+00 1.242852e+00 1.178023e+00 1.143969e+00 9.327253e-01 5.466579e-04
<GCONST> 7.863856e+01
<MIXTURE> 14 6.488954e-03
<MEAN> 25
 -3.646732e+00 -1.499447e-01 -6.842641e-01 8.449158e+00 7.636908e+00 7.256449e+00 7.634686e+00 7.737518e+00 7.270520e+00 5.381451e+00 6.385733e+00 3.621138e+00 -3.390107e-01 1.277983e-01 3.993270e-01 2.789055e-01 6.803679e-03 1.270399e-02 1.231868e-01 3.083384e-01 3.617940e-01 6.057625e-01 5.002831e-01 4.778796e-03 -8.801567e-03
<VARIANCE> 25
 1.283558e+01 1.328845e+01 1.874865e+01 1.862663e+01 1.933993e+01 1.851250e+01 2.105864e+01 2.151020e+01 1.870338e+01 2.291024e+01 2.198549e+01 1.766043e+01 9.569647e-01 1.553282e+00 1.690543e+00 1.797127e+00 2.075915e+00 2.139668e+00 2.092061e+00 2.378561e+00 2.192787e+00 2.432501e+00 2.121855e+00 1.782404e+00 9.519770e-04
<GCONST> 8.161090e+01
<MIXTURE> 15 2.475190e-03
<MEAN> 25
 -5.264393e+00 -5.685542e-01 -2.777729e-01 7.308628e+00 5.786480e+00 5.684999e+00 6.045791e+00 5.102795e+00 5.212399e+00 4.122599e+00 5.435665e+00 2.489560e+00 -1.153751e-01 -3.296789e-02 7.919596e-02 2.512229e-01 4.841696e-01 7.725237e-01 1.060937e+00 1.181511e+00 1.065645e+00 7.650270e-01 4.317936e-01 1.786111e-01 1.619569e-05
<VARIANCE> 25
 8.428573e+00 5.870443e+00 9.249260e+00 1.283158e+01 1.413364e+01 1.409040e+01 1.470406e+01 1.560138e+01 1.404132e+01 1.403876e+01 1.514880e+01 1.248883e+01 1.250903e-01 2.039297e-01 3.162558e-01 4.989972e-01 6.908950e-01 7.944923e-01 7.602025e-01 7.812384e-01 8.986492e-01 1.015197e+00 1.069332e+00 1.067868e+00 2.828313e-05
<GCONST> 5.881281e+01
<MIXTURE> 16 2.475190e-03
<MEAN> 25
 -5.264393e+00 -5.685542e-01 -2.777729e-01 7.308628e+00 5.786480e+00 5.684999e+00 6.045791e+00 5.102795e+00 5.212399e+00 4.122599e+00 5.435665e+00 2.489560e+00 -1.153751e-01 -3.296789e-02 7.919596e-02 2.512229e-01 4.841696e-01 7.725237e-01 1.060937e+00 1.181511e+00 1.065645e+00 7.650270e-01 4.317936e-01 1.786111e-01 1.619569e-05
<VARIANCE> 25
 8.428573e+00 5.870443e+00 9.249260e+00 1.283158e+01 1.413364e+01 1.409040e+01 1.470406e+01 1.560138e+01 1.404132e+01 1.403876e+01 1.514880e+01 1.248883e+01 1.250903e-01 2.039297e-01 3.162558e-01 4.989972e-01 6.908950e-01 7.944923e-01 7.602025e-01 7.812384e-01 8.986492e-01 1.015197e+00 1.069332e+00 1.067868e+00 2.828313e-05
<GCONST> 5.881281e+01
<MIXTURE> 17 9.518312e-03
<MEAN> 25
 3.590714e+00 -1.849151e+00 6.428273e+00 2.741749e+00 -7.049827e+00 -6.456913e+00 -3.655443e+00 -1.133133e+00 -2.832112e+00 -3.360163e+00 8.699547e-02 -1.258023e-01 -7.478596e-01 -1.201236e+00 1.236043e+00 -2.054733e+00 -2.322167e+00 -3.580703e-01 -3.972232e-02 8.117163e-01 -4.238172e-02 -1.929508e-01 8.931513e-01 4.839137e-01 7.877864e-02
<VARIANCE> 25
 1.414045e+01 3.045825e+01 2.533822e+01 3.423889e+01 4.202649e+01 4.059397e+01 3.682312e+01 3.322619e+01 2.986235e+01 2.311495e+01 2.334469e+01 2.500858e+01 1.809751e+00 2.503626e+00 3.672575e+00 2.611332e+00 3.716598e+00 4.821327e+00 4.408238e+00 4.842770e+00 3.700809e+00 3.355804e+00 2.667147e+00 2.426526e+00 1.910833e-03
<GCONST> 9.408105e+01
<MIXTURE> 18 1.221018e-02
<MEAN> 25
 3.476686e+00 4.239426e+00 6.217715e+00 4.971088e+00 -4.424325e+00 -8.465938e+00 -1.885246e+00 -1.763470e+00 -3.354392e+00 -1.919051e+00 -1.131098e+00 5.168447e-01 -8.376595e-01 2.157582e+00 -6.868889e-01 1.935687e+00 3.170061e+00 1.094696e+00 8.210922e-01 -4.901833e-02 7.004684e-01 6.623974e-01 -4.174640e-01 -1.531589e-01 -1.088213e-01
<VARIANCE> 25
 1.477528e+01 2.582460e+01 3.052014e+01 2.167397e+01 3.351473e+01 2.984473e+01 3.460576e+01 3.220971e+01 3.358900e+01 2.986616e+01 2.724285e+01 2.563212e+01 2.469202e+00 3.084910e+00 4.689253e+00 3.375938e+00 4.243330e+00 4.403846e+00 4.297852e+00 3.718509e+00 4.261420e+00 3.808520e+00 3.816638e+00 3.037443e+00 4.055944e-03
<GCONST> 9.599084e+01
<MIXTURE> 19 9.912824e-03
<MEAN> 25
 -1.010343e+01 1.921445e+00 2.920258e-01 1.128800e+00 4.126968e+00 1.537769e+00 3.571035e+00 1.351856e+00 2.119957e+00 1.202039e+00 1.080864e+00 2.030280e+00 2.094704e+00 1.732057e+00 2.099680e+00 7.522420e-01 -1.073176e+00 -1.059670e+00 -1.077642e+00 -1.425454e+00 -1.498575e+00 -1.141212e+00 -8.242856e-01 -7.914129e-01 8.221584e-04
<VARIANCE> 25
 5.405188e+01 2.970619e+01 4.796468e+01 5.209932e+01 3.381576e+01 3.287553e+01 3.129074e+01 3.058424e+01 2.854918e+01 2.715918e+01 2.985190e+01 1.920021e+01 2.436352e+00 2.196294e+00 2.286751e+00 2.289406e+00 2.529074e+00 2.248554e+00 2.541833e+00 2.366246e+00 2.079583e+00 2.001794e+00 2.211453e+00 1.786770e+00 2.345321e-03
<GCONST> 9.164378e+01
<MIXTURE> 20 6.308331e-03
<MEAN> 25
 -1.411528e+01 7.443115e+00 8.146322e-01 6.127705e+00 4.840197e+00 1.555757e+00 5.204894e+00 8.620436e-01 8.665533e-01 8.032717e-01 2.533472e+00 -3.240922e-01 -3.270685e+00 -8.488705e-01 -1.530836e+00 3.103027e-01 1.540418e+00 2.049622e+00 1.959930e+00 2.049841e+00 2.132345e+00 2.034587e+00 1.672195e+00 9.288368e-01 4.708472e-02
<VARIANCE> 25
 1.987240e+01 2.330301e+01 3.070511e+01 3.688569e+01 3.054809e+01 2.824742e+01 2.964481e+01 3.142154e+01 2.800372e+01 2.809536e+01 2.506227e+01 2.081385e+01 2.094179e+00 2.203798e+00 1.994590e+00 2.559019e+00 2.710295e+00 2.307569e+00 2.316463e+00 2.307898e+00 2.225698e+00 2.626063e+00 2.233977e+00 1.871419e+00 1.872403e-03
<GCONST> 8.922363e+01
<MIXTURE> 21 7.928653e-03
<MEAN> 25
 3.997831e+00 -4.539004e+00 5.787561e+00 -1.534677e+00 -1.059472e+01 -8.721260e+00 -2.624274e+00 4.150701e+00 -2.066107e+00 -3.409322e+00 2.391817e-01 3.460419e-01 -7.169635e-01 1.340235e+00 2.578259e+00 -4.203984e-02 -1.541664e+00 3.342636e-01 5.850082e-01 -1.499430e+00 -1.953780e+00 3.124744e-01 1.322204e+00 2.465036e-01 -1.280911e-02
<VARIANCE> 25
 8.879755e+00 1.867110e+01 2.958324e+01 2.833181e+01 2.848116e+01 3.307816e+01 4.279032e+01 3.936622e+01 4.276078e+01 3.150364e+01 3.369418e+01 2.314662e+01 3.768249e-01 9.500042e-01 1.879188e+00 1.289595e+00 2.234424e+00 2.181594e+00 3.631657e+00 2.496572e+00 2.158013e+00 2.585170e+00 2.015461e+00 2.275925e+00 4.310819e-04
<GCONST> 8.507064e+01
<MIXTURE> 22 8.827789e-03
<MEAN> 25
 -1.765981e+01 7.072149e+00 -4.152256e+00 7.251313e+00 4.656080e+00 2.555381e+00 8.468806e+00 1.690344e+00 5.203112e+00 3.132214e+00 5.386428e+00 1.333464e+00 -2.960143e-01 -2.554441e-01 -8.247066e-02 -1.916499e-01 -6.555084e-02 1.779872e-01 1.632785e-01 1.568453e-01 2.513549e-01 2.213231e-01 2.021369e-01 1.298664e-01 8.675523e-03
<VARIANCE> 25
 9.186463e+00 1.653131e+01 1.764431e+01 2.511852e+01 2.196244e+01 2.132625e+01 1.895989e+01 1.891086e+01 1.772826e+01 2.199372e+01 2.040783e+01 1.346983e+01 1.070317e+00 1.404266e+00 1.366463e+00 1.592321e+00 1.427639e+00 1.508900e+00 1.563584e+00 1.506924e+00 1.541940e+00 1.557018e+00 1.308342e+00 1.194591e+00 1.672689e-03
<GCONST> 7.841596e+01
<MIXTURE> 23 6.455497e-03
<MEAN> 25
 7.943896e+00 2.245750e+00 3.199028e+00 2.526276e+00 -4.994961e+00 -3.207656e+00 -4.074092e+00 -6.566940e+00 -3.568253e+00 -1.113298e+00 -4.148509e+00 -2.112270e+00 2.277966e-02 1.727304e-01 1.255279e-02 6.051454e-02 1.462703e-02 5.167825e-02 -3.072163e-02 -2.487218e-03 2.596191e-02 3.991439e-02 9.404107e-03 -7.080122e-03 -4.155337e-03
<VARIANCE> 25
 1.022453e+01 2.374542e+01 2.543048e+01 4.065500e+01 3.819710e+01 5.273977e+01 5.903131e+01 5.455147e+01 4.786918e+01 4.612186e+01 4.718931e+01 3.927214e+01 1.213341e-01 2.879800e-01 3.718521e-01 4.815854e-01 5.923368e-01 7.041806e-01 8.667194e-01 9.398236e-01 8.687580e-01 8.649216e-01 8.057869e-01 8.375797e-01 8.816744e-05
<GCONST> 7.312118e+01
<MIXTURE> 24 6.455497e-03
<MEAN> 25
 7.943896e+00 2.245750e+00 3.199028e+00 2.526276e+00 -4.994961e+00 -3.207656e+00 -4.074092e+00 -6.566940e+00 -3.568253e+00 -1.113298e+00 -4.148509e+00 -2.112270e+00 2.277966e-02 1.727304e-01 1.255279e-02 6.051454e-02 1.462703e-02 5.167825e-02 -3.072163e-02 -2.487218e-03 2.596191e-02 3.991439e-02 9.404107e-03 -7.080122e-03 -4.155337e-03
<VARIANCE> 25
 1.022453e+01 2.374542e+01 2.543048e+01 4.065500e+01 3.819710e+01 5.273977e+01 5.903131e+01 5.455147e+01 4.786918e+01 4.612186e+01 4.718931e+01 3.927214e+01 1.213341e-01 2.879800e-01 3.718521e-01 4.815854e-01 5.923368e-01 7.041806e-01 8.667194e-01 9.398236e-01 8.687580e-01 8.649216e-01 8.057869e-01 8.375797e-01 8.816744e-05
<GCONST> 7.312118e+01
<MIXTURE> 25 1.118642e-02
<MEAN> 25
 3.395312e-01 3.284218e+00 1.662869e+01 -9.884831e-01 -1.136310e+01 -1.842443e+00 -4.999766e+00 -2.987261e+00 -6.876724e+00 -5.388398e+00 4.027605e+00 -1.564431e+00 -1.218884e-01 4.533558e-01 1.543146e-01 1.632076e-01 2.334817e-01 9.822810e-02 1.878091e-01 -1.856325e-01 -2.374495e-01 8.400292e-02 -7.393792e-02 -1.063234e-01 -1.334186e-02
<VARIANCE> 25
 8.763495e+00 2.338605e+01 2.148813e+01 2.816632e+01 3.100510e+01 4.085947e+01 2.677956e+01 2.959948e+01 2.833043e+01 3.606918e+01 2.079058e+01 2.728918e+01 6.260411e-01 1.443391e+00 1.397155e+00 1.383153e+00 2.266969e+00 2.006315e+00 1.715051e+00 1.665566e+00 1.576167e+00 1.625473e+00 1.323871e+00 1.275139e+00 1.290485e-03
<GCONST> 8.269881e+01
<MIXTURE> 26 7.727677e-03
<MEAN> 25
 3.156754e+00 -5.460157e+00 -1.045877e+01 -1.692373e+00 7.690882e+00 6.199069e+00 3.510432e+00 2.146496e-01 2.877010e+00 -1.411370e-01 -1.522543e+00 -1.519210e+00 -6.354610e-01 7.486138e-01 4.764396e-01 8.509551e-01 2.992474e-01 1.305366e-01 3.557127e-01 5.641697e-01 1.646689e-01 8.785631e-02 1.506434e-01 5.131913e-01 -5.128669e-02
<VARIANCE> 25
 2.414743e+01 3.614293e+01 2.193629e+01 5.770154e+01 3.282798e+01 3.761251e+01 3.973058e+01 4.152274e+01 3.379260e+01 4.724100e+01 4.048396e+01 4.132344e+01 1.426316e+00 1.863222e+00 1.988613e+00 1.697694e+00 1.953825e+00 2.146315e+00 2.449523e+00 2.554686e+00 1.960196e+00 2.648432e+00 1.986275e+00 1.887180e+00 2.895820e-03
<GCONST> 9.177219e+01
<MIXTURE> 27 7.727677e-03
<MEAN> 25
 3.156754e+00 -5.460157e+00 -1.045877e+01 -1.692373e+00 7.690882e+00 6.199069e+00 3.510432e+00 2.146496e-01 2.877010e+00 -1.411370e-01 -1.522543e+00 -1.519210e+00 -6.354610e-01 7.486138e-01 4.764396e-01 8.509551e-01 2.992474e-01 1.305366e-01 3.557127e-01 5.641697e-01 1.646689e-01 8.785631e-02 1.506434e-01 5.131913e-01 -5.128669e-02
<VARIANCE> 25
 2.414743e+01 3.614293e+01 2.193629e+01 5.770154e+01 3.282798e+01 3.761251e+01 3.973058e+01 4.152274e+01 3.379260e+01 4.724100e+01 4.048396e+01 4.132344e+01 1.426316e+00 1.863222e+00 1.988613e+00 1.697694e+00 1.953825e+00 2.146315e+00 2.449523e+00 2.554686e+00 1.960196e+00 2.648432e+00 1.986275e+00 1.887180e+00 2.895820e-03
<GCONST> 9.177219e+01
<MIXTURE> 28 5.036674e-03
<MEAN> 25
 -5.416145e+00 1.887523e-02 -1.586013e+00 6.594057e+00 5.241668e+00 3.516714e+00 5.410357e+00 3.174304e+00 3.939121e+00 2.407539e+00 2.626874e+00 3.207033e+00 -1.152332e-01 2.211459e-01 5.258152e-01 7.857355e-01 8.245426e-01 7.005938e-01 5.208068e-01 3.886380e-01 4.424262e-01 4.766093e-01 3.642919e-01 1.906646e-01 -1.211122e-06
<VARIANCE> 25
 1.065369e+01 8.333324e+00 1.217329e+01 1.490029e+01 1.466317e+01 1.766123e+01 1.798327e+01 1.934650e+01 1.717441e+01 1.672021e+01 2.060538e+01 1.498867e+01 2.558604e-01 3.362081e-01 4.086765e-01 4.639163e-01 6.227005e-01 8.457220e-01 1.053352e+00 1.142865e+00 1.099901e+00 1.033375e+00 1.044231e+00 1.063572e+00 1.027241e-06
<GCONST> 6.030784e+01
<MIXTURE> 29 5.036674e-03
<MEAN> 25
 -5.416145e+00 1.887523e-02 -1.586013e+00 6.594057e+00 5.241668e+00 3.516714e+00 5.410357e+00 3.174304e+00 3.939121e+00 2.407539e+00 2.626874e+00 3.207033e+00 -1.152332e-01 2.211459e-01 5.258152e-01 7.857355e-01 8.245426e-01 7.005938e-01 5.208068e-01 3.886380e-01 4.424262e-01 4.766093e-01 3.642919e-01 1.906646e-01 -1.211122e-06
<VARIANCE> 25
 1.065369e+01 8.333324e+00 1.217329e+01 1.490029e+01 1.466317e+01 1.766123e+01 1.798327e+01 1.934650e+01 1.717441e+01 1.672021e+01 2.060538e+01 1.498867e+01 2.558604e-01 3.362081e-01 4.086765e-01 4.639163e-01 6.227005e-01 8.457220e-01 1.053352e+00 1.142865e+00 1.099901e+00 1.033375e+00 1.044231e+00 1.063572e+00 1.027241e-06
<GCONST> 6.030784e+01
<MIXTURE> 30 8.917812e-03
<MEAN> 25
 -3.001188e+00 5.039657e-01 -2.062001e-01 8.415655e+00 8.103601e+00 7.174992e+00 7.207935e+00 7.814938e+00 6.701528e+00 4.495252e+00 5.769263e+00 3.251843e+00 -3.311585e-02 2.240307e-02 5.122136e-02 1.365497e-01 1.277205e-01 3.303020e-02 4.562157e-02 1.259747e-02 -1.202907e-02 1.129257e-02 5.936984e-02 7.097481e-02 3.201556e-04
<VARIANCE> 25
 1.412456e+01 1.006192e+01 1.163947e+01 1.350504e+01 1.392240e+01 1.448998e+01 1.690242e+01 1.928574e+01 1.457795e+01 1.671614e+01 2.517876e+01 1.250287e+01 9.285857e-02 1.686089e-01 3.261514e-01 5.620704e-01 6.171572e-01 7.666504e-01 7.590794e-01 8.544416e-01 9.328437e-01 9.634039e-01 9.702200e-01 8.170253e-01 6.419323e-05
<GCONST> 6.127526e+01
<MIXTURE> 31 4.136493e-03
<MEAN> 25
 -3.094215e+00 -5.418417e+00 -2.656285e-01 4.667509e+00 3.915866e+00 1.672637e+00 5.259418e+00 7.027623e+00 3.018809e+00 1.528812e+00 6.489680e+00 2.938935e+00 2.553246e-01 4.589723e-01 -2.518684e-01 3.026683e-01 1.599093e-01 4.322362e-01 1.839495e-01 -1.559114e-02 3.937376e-01 3.157516e-01 7.179932e-02 1.548631e-01 -1.772976e-02
<VARIANCE> 25
 7.856409e+00 1.633851e+01 1.892415e+01 1.876358e+01 2.525529e+01 2.291234e+01 2.269227e+01 2.707558e+01 2.653780e+01 2.878232e+01 1.979103e+01 1.910677e+01 1.890154e-01 4.788571e-01 6.189527e-01 7.398241e-01 9.971569e-01 1.051794e+00 1.186827e+00 1.370665e+00 1.296836e+00 1.376878e+00 1.241859e+00 1.135533e+00 2.592992e-04
<GCONST> 7.204591e+01
<MIXTURE> 32 4.136493e-03
<MEAN> 25
 -3.094215e+00 -5.418417e+00 -2.656285e-01 4.667509e+00 3.915866e+00 1.672637e+00 5.259418e+00 7.027623e+00 3.018809e+00 1.528812e+00 6.489680e+00 2.938935e+00 2.553246e-01 4.589723e-01 -2.518684e-01 3.026683e-01 1.599093e-01 4.322362e-01 1.839495e-01 -1.559114e-02 3.937376e-01 3.157516e-01 7.179932e-02 1.548631e-01 -1.772976e-02
<VARIANCE> 25
 7.856409e+00 1.633851e+01 1.892415e+01 1.876358e+01 2.525529e+01 2.291234e+01 2.269227e+01 2.707558e+01 2.653780e+01 2.878232e+01 1.979103e+01 1.910677e+01 1.890154e-01 4.788571e-01 6.189527e-01 7.398241e-01 9.971569e-01 1.051794e+00 1.186827e+00 1.370665e+00 1.296836e+00 1.376878e+00 1.241859e+00 1.135533e+00 2.592992e-04
<GCONST> 7.204591e+01
<MIXTURE> 33 1.508826e-02
<MEAN> 25
 6.184911e+00 -4.521113e+00 -1.461054e+00 -2.644313e+00 -2.920717e+00 -5.502648e+00 -7.383818e+00 1.146337e+00 2.280366e+00 -5.661100e-01 -4.255719e+00 -2.844604e+00 6.961521e-01 -1.029206e+00 -2.424211e+00 -1.886833e+00 1.582904e+00 1.532057e+00 -8.023922e-01 2.724491e-01 1.074278e+00 8.089428e-01 -1.382099e-01 -1.415677e+00 3.179789e-02
<VARIANCE> 25
 1.059581e+01 2.158522e+01 3.165049e+01 3.315997e+01 4.546109e+01 4.042000e+01 3.940582e+01 4.581966e+01 3.699966e+01 4.019190e+01 3.382086e+01 2.626123e+01 1.092544e+00 1.956768e+00 2.025818e+00 2.001139e+00 3.991581e+00 3.257835e+00 3.951419e+00 6.520518e+00 3.485971e+00 4.774383e+00 3.336147e+00 2.472386e+00 1.664781e-03
<GCONST> 9.394176e+01
<MIXTURE> 34 1.588179e-02
<MEAN> 25
 8.275744e+00 -1.224665e+00 1.080395e+00 5.823262e-01 -3.222557e+00 -1.369003e+00 -5.382746e+00 -6.789067e+00 -3.453008e+00 8.736671e-01 -1.893771e+00 -3.504721e+00 2.530147e-01 1.060694e+00 1.840224e+00 2.738232e+00 -4.550876e-01 -7.090383e-01 1.314534e+00 -1.252687e+00 -8.908615e-01 1.777961e-01 -9.351625e-01 2.717830e-01 -5.464073e-02
<VARIANCE> 25
 8.551450e+00 3.009439e+01 3.092746e+01 4.500397e+01 3.697176e+01 4.149280e+01 5.106607e+01 5.993611e+01 5.360452e+01 3.736454e+01 4.196946e+01 2.576581e+01 1.261817e+00 1.872896e+00 3.939853e+00 3.690350e+00 5.228895e+00 5.715100e+00 5.459915e+00 5.585708e+00 4.202395e+00 4.770224e+00 4.501207e+00 3.163043e+00 1.134594e-03
<GCONST> 9.791049e+01
<MIXTURE> 35 1.467755e-02
<MEAN> 25
 -2.784014e+00 -4.674658e+00 -8.311653e+00 1.541516e+00 1.058022e+01 7.775460e-01 2.638716e-01 2.877825e+00 1.974483e+00 5.104137e+00 -1.372087e-01 8.069444e-01 2.700635e-01 -7.627146e-01 -1.391328e+00 -1.236227e+00 4.964651e-01 -7.552477e-01 -1.808057e-01 2.660536e-01 -3.808108e-01 -3.068899e-01 -9.156358e-01 -4.564248e-01 9.528574e-02
<VARIANCE> 25
 1.915118e+01 2.693172e+01 5.063168e+01 6.160493e+01 3.970002e+01 4.964576e+01 5.439040e+01 4.008788e+01 4.538984e+01 4.046724e+01 3.327560e+01 3.245259e+01 3.322505e+00 3.674823e+00 5.806446e+00 4.859451e+00 4.664093e+00 4.809715e+00 5.935250e+00 5.045864e+00 4.659339e+00 5.134118e+00 3.839644e+00 3.573265e+00 5.246704e-03
<GCONST> 1.029074e+02
<MIXTURE> 36 1.093293e-02
<MEAN> 25
 4.177412e+00 -4.600700e+00 7.509236e+00 2.057447e+00 -1.097007e+01 -8.200057e+00 -6.022787e+00 1.483022e+00 -2.206388e+00 -4.105123e+00 1.623278e+00 8.822533e-02 3.791269e-01 2.072305e-01 -8.644918e-01 -8.116329e-02 1.042036e+00 1.885453e-01 -5.880073e-01 -2.616051e-01 5.418975e-01 7.103629e-01 -1.458249e-01 -5.255035e-01 -1.684499e-02
<VARIANCE> 25
 1.082761e+01 1.530539e+01 1.687536e+01 2.377956e+01 2.608380e+01 2.608610e+01 3.680797e+01 3.408479e+01 3.300346e+01 2.502118e+01 2.399339e+01 2.185469e+01 4.918304e-01 7.004012e-01 1.217406e+00 1.288024e+00 1.464374e+00 1.633157e+00 1.780373e+00 2.129397e+00 1.969170e+00 1.865960e+00 1.277415e+00 1.450841e+00 6.805772e-04
<GCONST> 7.990226e+01
<MIXTURE> 37 1.246826e-02
<MEAN> 25
 5.710870e-01 7.705297e+00 1.201093e+01 -5.475135e+00 -8.016238e+00 -1.091680e+00 -5.059398e+00 -8.297838e+00 -3.736862e+00 -8.954120e-01 -3.635561e+00 -1.267714e+00 1.822317e-01 6.533868e-01 -1.359833e+00 3.566414e+00 1.997799e+00 -3.059165e-01 1.080925e+00 4.391696e-01 5.410955e-01 -3.059894e-01 5.236990e-01 -1.041315e-01 -9.462611e-02
<VARIANCE> 25
 1.591381e+01 2.646944e+01 3.090534e+01 5.129159e+01 3.379917e+01 3.203110e+01 4.376318e+01 3.491474e+01 3.854319e+01 3.570442e+01 3.759725e+01 3.070768e+01 2.950886e+00 3.402082e+00 3.003507e+00 4.090068e+00 4.636749e+00 3.727969e+00 4.195115e+00 3.781453e+00 3.457361e+00 3.631844e+00 3.858419e+00 2.774322e+00 3.904773e-03
<GCONST> 9.774001e+01
<MIXTURE> 38 1.154525e-02
<MEAN> 25
 -4.676563e+00 8.908678e+00 3.252649e+00 3.613503e+00 6.257604e-01 -6.228887e+00 2.278041e-02 -2.363640e+00 -3.455287e+00 -2.570668e+00 -1.948949e+00 -2.600417e-01 -4.175490e+00 1.580159e+00 -4.521788e-01 9.666435e-01 2.625747e+00 1.199936e+00 1.983974e+00 1.229699e+00 6.470799e-01 7.591563e-01 7.419203e-01 6.758171e-02 3.866510e-02
<VARIANCE> 25
 2.570976e+01 2.533200e+01 3.701902e+01 2.769533e+01 4.264232e+01 3.428483e+01 3.215089e+01 3.564280e+01 2.976449e+01 2.931940e+01 2.104716e+01 2.446570e+01 2.303307e+00 3.797789e+00 3.805108e+00 4.978360e+00 3.544155e+00 4.283793e+00 4.110552e+00 4.115020e+00 3.716497e+00 4.227929e+00 3.768049e+00 2.877570e+00 2.037157e-03
<GCONST> 9.630606e+01
<MIXTURE> 39 9.501865e-03
<MEAN> 25
 1.338043e+00 2.533198e+00 1.019421e+01 -9.173731e+00 -1.129221e+01 -1.021986e+00 -2.989696e+00 -6.556436e+00 -4.490698e+00 8.369711e-01 -3.670269e+00 -2.296246e+00 -7.242037e-01 1.511122e+00 1.613560e+00 -1.391964e+00 8.210642e-02 1.227579e+00 -1.199343e+00 -1.253974e+00 4.318356e-01 4.425055e-01 -4.974885e-01 1.166215e-01 1.381331e-03
<VARIANCE> 25
 8.862857e+00 3.064334e+01 3.150728e+01 3.839865e+01 3.700455e+01 4.263076e+01 4.424654e+01 3.334829e+01 3.937649e+01 3.324596e+01 3.600227e+01 2.929263e+01 6.932949e-01 1.557808e+00 1.535097e+00 2.907585e+00 2.418508e+00 2.828784e+00 3.037301e+00 2.762085e+00 2.424387e+00 2.603909e+00 2.126780e+00 2.067019e+00 1.182919e-03
<GCONST> 8.965427e+01
<MIXTURE> 40 1.030800e-02
<MEAN> 25
 -4.168108e+00 2.965932e+00 -2.830715e+00 6.906378e+00 6.017223e+00 5.111515e+00 5.186705e+00 6.611072e+00 5.412578e+00 3.998604e+00 4.099842e+00 1.742579e+00 -1.481997e-01 -1.683504e-01 2.860214e-02 -1.505149e-01 -4.677956e-02 -1.018961e-01 1.165499e-01 1.352999e-01 2.320823e-01 1.269403e-01 -8.296377e-02 1.439252e-02 3.081332e-03
<VARIANCE> 25
 5.272102e+01 1.529410e+01 2.211489e+01 1.950206e+01 2.188289e+01 1.479979e+01 1.446817e+01 2.192191e+01 1.525938e+01 1.424630e+01 1.722355e+01 1.164779e+01 5.379723e-01 4.885405e-01 7.514310e-01 8.191262e-01 8.806767e-01 1.150302e+00 1.113556e+00 1.164031e+00 1.200461e+00 1.318735e+00 1.255116e+00 8.811581e-01 6.049715e-04
<GCONST> 7.252960e+01
<MIXTURE> 41 6.713375e-03
<MEAN> 25
 1.309034e+00 1.753768e+00 1.046307e+01 -6.918506e+00 -1.047605e+01 -3.872397e+00 -2.502292e+00 -5.052188e+00 -4.653831e+00 2.639134e+00 -1.734032e+00 -9.446432e-01 7.843572e-02 -7.634572e-01 1.695576e+00 -3.551792e+00 -2.460466e+00 -1.168680e-01 -5.077505e-01 -3.560365e-01 -8.195939e-01 1.082385e+00 -1.040138e+00 8.370616e-02 8.617777e-02
<VARIANCE> 25
 1.166596e+01 2.978146e+01 3.253407e+01 4.039662e+01 3.855468e+01 4.008147e+01 3.706617e+01 2.977984e+01 3.300257e+01 2.882321e+01 3.176471e+01 2.711510e+01 3.174561e+00 3.305976e+00 3.814756e+00 3.796672e+00 4.893822e+00 5.864769e+00 4.701047e+00 4.553330e+00 3.976944e+00 4.210875e+00 3.828224e+00 3.214372e+00 2.926649e-03
<GCONST> 9.788306e+01
<MIXTURE> 42 1.106211e-02
<MEAN> 25
 -3.063339e+00 4.755719e+00 3.914001e+00 3.469471e+00 6.181751e-01 -6.221767e+00 -2.312576e-01 -1.907128e+00 -2.400496e+00 -1.247792e+00 -2.458716e+00 7.463414e-01 3.841524e+00 -1.157358e+00 1.276816e+00 2.592750e-01 -3.147795e+00 -1.098175e+00 -2.361874e+00 -1.056582e+00 -9.647069e-01 -8.686997e-01 4.976745e-01 -5.498411e-01 1.372582e-02
<VARIANCE> 25
 2.917225e+01 2.182660e+01 3.631312e+01 2.242637e+01 2.928191e+01 2.901851e+01 2.623765e+01 1.963459e+01 2.790223e+01 2.004319e+01 1.442949e+01 1.465702e+01 2.749802e+00 6.465333e+00 5.344788e+00 3.376489e+00 3.537480e+00 5.765752e+00 3.923095e+00 3.720959e+00 3.717672e+00 3.510321e+00 3.893007e+00 2.897547e+00 3.494672e-03
<GCONST> 9.457836e+01
<MIXTURE> 43 7.108249e-03
<MEAN> 25
 3.217457e+00 -6.208189e+00 -2.068451e+00 -5.344347e+00 -7.555636e+00 -3.159443e+00 3.851836e+00 1.185421e+00 -5.071594e+00 -7.252714e+00 -4.260110e+00 -1.173321e+00 2.437835e-01 2.109550e+00 1.902905e+00 -1.557551e-01 -1.461025e+00 -8.566602e-01 -8.550025e-01 -6.109624e-01 8.515717e-01 1.358293e+00 2.066006e-01 -1.197984e-02 -4.393978e-02
<VARIANCE> 25
 9.254890e+00 1.908681e+01 2.703911e+01 3.426230e+01 3.735013e+01 3.657938e+01 3.377575e+01 3.855850e+01 3.810154e+01 3.757032e+01 2.556413e+01 2.849614e+01 6.637063e-01 1.264235e+00 1.507508e+00 2.397668e+00 2.297776e+00 2.370811e+00 2.845913e+00 3.523120e+00 2.523019e+00 2.763024e+00 2.637434e+00 1.869602e+00 9.345801e-04
<GCONST> 8.787338e+01
<MIXTURE> 44 7.328289e-03
<MEAN> 25
 -1.522581e+01 1.929854e+00 3.416967e+00 -2.988442e+00 3.612993e+00 1.840231e+00 2.602018e-01 2.525024e+00 1.437626e+00 -6.528241e-01 1.587544e+00 1.974084e+00 -2.045308e-01 1.638881e-03 1.778605e-01 2.761569e-01 -1.205070e-01 1.848889e-01 4.663377e-01 7.330553e-02 2.523946e-01 1.576842e-01 7.467218e-02 8.129890e-02 5.129729e-03
<VARIANCE> 25
 4.097502e+01 2.988906e+01 3.440815e+01 3.151912e+01 2.938487e+01 3.074576e+01 2.613518e+01 3.145530e+01 2.710911e+01 2.729041e+01 2.743469e+01 1.920207e+01 1.221349e+00 1.532751e+00 1.421305e+00 1.321912e+00 2.168016e+00 1.647367e+00 1.511182e+00 1.695695e+00 1.533896e+00 1.511798e+00 1.329817e+00 1.210662e+00 1.272535e-03
<GCONST> 8.455981e+01
<MIXTURE> 45 1.364932e-02
<MEAN> 25
 -1.063802e+01 4.523330e+00 -7.160182e-01 2.431607e+00 7.914232e+00 -4.596191e-01 4.744478e+00 5.417180e+00 2.721019e+00 1.852572e+00 5.516228e-01 2.082982e+00 -2.937330e+00 8.146624e-01 1.613529e-02 -7.573712e-01 1.201375e-01 -1.607735e-01 5.068544e-01 3.315081e-01 4.941859e-02 -2.157242e-01 1.612992e-01 4.232056e-01 1.058893e-01
<VARIANCE> 25
 3.249913e+01 2.464451e+01 2.150259e+01 2.673098e+01 2.989040e+01 2.286953e+01 2.267504e+01 3.719127e+01 2.313011e+01 2.718435e+01 2.414639e+01 1.731528e+01 2.143983e+00 2.131548e+00 2.623857e+00 1.874041e+00 2.238267e+00 2.498534e+00 2.125461e+00 2.798203e+00 1.637900e+00 2.520869e+00 1.417749e+00 1.963940e+00 3.833640e-03
<GCONST> 8.822560e+01
<MIXTURE> 46 9.336259e-03
<MEAN> 25
 -9.422172e+00 2.325165e+00 1.166728e+00 7.556554e+00 6.019805e+00 3.260753e+00 6.973991e+00 4.499330e+00 5.660100e+00 4.681480e+00 4.947924e+00 2.879459e+00 1.032231e+00 -2.217381e-01 2.778539e-02 9.850252e-01 5.897583e-01 9.235579e-01 4.085916e-01 6.689559e-01 4.628051e-01 4.837025e-01 6.214268e-01 5.240678e-01 -1.040734e-01
<VARIANCE> 25
 3.415320e+01 4.357256e+01 3.823407e+01 4.942670e+01 5.092155e+01 4.091713e+01 3.802944e+01 3.522358e+01 3.303520e+01 3.089785e+01 2.873664e+01 2.027631e+01 3.920110e+00 4.124976e+00 3.864207e+00 4.108982e+00 4.187257e+00 3.692984e+00 3.410728e+00 3.159165e+00 2.975218e+00 2.909425e+00 2.327239e+00 1.788231e+00 8.017178e-03
<GCONST> 9.835606e+01
<MIXTURE> 47 7.116147e-03
<MEAN> 25
 7.537116e+00 -7.354739e+00 -8.049920e+00 -6.732555e+00 1.561715e+00 1.246306e+00 -2.222588e+00 9.599017e-01 3.018138e+00 9.413218e-02 -3.803518e+00 -6.672608e+00 -2.209251e-01 -1.281351e+00 -6.322229e-01 -3.949212e-01 5.931938e-01 7.911986e-01 8.645413e-01 2.421683e-01 1.504112e-01 -8.881052e-01 -4.629015e-01 -5.033498e-01 2.910800e-02
<VARIANCE> 25
 1.155532e+01 2.069221e+01 2.218389e+01 3.396965e+01 3.509930e+01 5.484498e+01 4.432837e+01 4.159717e+01 4.195349e+01 4.564589e+01 5.194198e+01 3.267530e+01 5.384126e-01 7.711189e-01 1.220724e+00 1.621491e+00 1.936877e+00 2.166528e+00 2.261039e+00 2.517564e+00 2.142897e+00 2.078240e+00 2.121127e+00 2.004767e+00 5.594714e-04
<GCONST> 8.655495e+01
<MIXTURE> 48 7.116147e-03
<MEAN> 25
 7.537116e+00 -7.354739e+00 -8.049920e+00 -6.732555e+00 1.561715e+00 1.246306e+00 -2.222588e+00 9.599017e-01 3.018138e+00 9.413218e-02 -3.803518e+00 -6.672608e+00 -2.209251e-01 -1.281351e+00 -6.322229e-01 -3.949212e-01 5.931938e-01 7.911986e-01 8.645413e-01 2.421683e-01 1.504112e-01 -8.881052e-01 -4.629015e-01 -5.033498e-01 2.910800e-02
<VARIANCE> 25
 1.155532e+01 2.069221e+01 2.218389e+01 3.396965e+01 3.509930e+01 5.484498e+01 4.432837e+01 4.159717e+01 4.195349e+01 4.564589e+01 5.194198e+01 3.267530e+01 5.384126e-01 7.711189e-01 1.220724e+00 1.621491e+00 1.936877e+00 2.166528e+00 2.261039e+00 2.517564e+00 2.142897e+00 2.078240e+00 2.121127e+00 2.004767e+00 5.594714e-04
<GCONST> 8.655495e+01
<MIXTURE> 49 5.548473e-03
<MEAN> 25
 -4.267974e+00 6.443548e-01 -5.399938e-01 8.022840e+00 6.700360e+00 5.963939e+00 5.957538e+00 4.918766e+00 5.055680e+00 3.538021e+00 4.520428e+00 2.851807e+00 3.965030e-01 6.919461e-01 6.615161e-01 4.199772e-01 -1.607785e-01 -5.835606e-01 -9.528146e-01 -1.129146e+00 -1.006004e+00 -7.622983e-01 -5.403559e-01 -2.028462e-01 -3.856806e-04
<VARIANCE> 25
 1.538647e+01 1.001409e+01 1.807290e+01 1.634537e+01 1.786099e+01 1.702407e+01 1.806418e+01 2.000253e+01 1.702045e+01 1.710920e+01 2.071996e+01 1.319117e+01 2.771704e-01 2.810448e-01 3.537752e-01 6.413871e-01 8.442563e-01 9.974108e-01 9.713334e-01 9.781128e-01 1.075633e+00 1.261478e+00 1.331839e+00 1.163035e+00 1.505916e-05
<GCONST> 6.494505e+01
<MIXTURE> 50 6.234641e-03
<MEAN> 25
 -4.318444e+00 2.496317e-01 -1.685834e+00 6.121083e+00 4.457013e+00 2.567808e+00 3.837812e+00 2.624822e+00 3.086284e+00 1.554484e+00 2.108335e+00 2.974733e+00 6.304432e-02 1.594390e-01 1.219136e-01 -1.888395e-01 -5.372621e-01 -6.024141e-01 -4.895465e-01 -9.360982e-02 3.592138e-01 7.639593e-01 7.905409e-01 4.222313e-01 -4.115719e-05
<VARIANCE> 25
 1.219759e+01 1.111041e+01 1.461839e+01 1.476649e+01 1.559415e+01 1.918981e+01 1.802781e+01 2.582008e+01 1.936420e+01 1.719603e+01 2.069964e+01 1.478051e+01 1.401660e-01 2.324702e-01 3.731333e-01 5.001397e-01 5.860440e-01 7.159063e-01 1.000525e+00 1.104125e+00 1.141713e+00 8.676158e-01 9.303688e-01 9.612523e-01 9.656020e-07
<GCONST> 5.976329e+01
<MIXTURE> 51 6.234641e-03
<MEAN> 25
 -4.318444e+00 2.496317e-01 -1.685834e+00 6.121083e+00 4.457013e+00 2.567808e+00 3.837812e+00 2.624822e+00 3.086284e+00 1.554484e+00 2.108335e+00 2.974733e+00 6.304432e-02 1.594390e-01 1.219136e-01 -1.888395e-01 -5.372621e-01 -6.024141e-01 -4.895465e-01 -9.360982e-02 3.592138e-01 7.639593e-01 7.905409e-01 4.222313e-01 -4.115719e-05
<VARIANCE> 25
 1.219759e+01 1.111041e+01 1.461839e+01 1.476649e+01 1.559415e+01 1.918981e+01 1.802781e+01 2.582008e+01 1.936420e+01 1.719603e+01 2.069964e+01 1.478051e+01 1.401660e-01 2.324702e-01 3.731333e-01 5.001397e-01 5.860440e-01 7.159063e-01 1.000525e+00 1.104125e+00 1.141713e+00 8.676158e-01 9.303688e-01 9.612523e-01 9.656020e-07
<GCONST> 5.976329e+01
<MIXTURE> 52 6.367945e-03
<MEAN> 25
 9.491408e+00 9.329425e-01 -6.114060e+00 -1.412498e+01 -4.128719e+00 8.602683e+00 -2.986062e+00 -3.870879e+00 -4.342900e+00 -2.739586e+00 3.687072e+00 6.865062e-01 -4.028113e-01 -5.345792e-01 -1.100117e-01 1.090308e+00 1.407187e+00 -4.744318e-01 -6.492411e-01 -9.998130e-01 -9.145144e-02 1.404068e+00 5.114626e-01 -6.570076e-01 -1.019705e-02
<VARIANCE> 25
 1.240008e+01 2.286766e+01 2.540956e+01 3.284584e+01 4.171216e+01 2.641632e+01 4.115755e+01 4.725807e+01 3.800864e+01 4.454424e+01 3.541759e+01 2.665612e+01 3.989909e-01 1.328216e+00 1.372625e+00 2.511370e+00 2.298808e+00 2.141299e+00 2.791291e+00 3.276782e+00 2.694120e+00 3.131403e+00 2.630011e+00 2.087686e+00 1.402640e-03
<GCONST> 8.885958e+01
<MIXTURE> 53 6.367945e-03
<MEAN> 25
 9.491408e+00 9.329425e-01 -6.114060e+00 -1.412498e+01 -4.128719e+00 8.602683e+00 -2.986062e+00 -3.870879e+00 -4.342900e+00 -2.739586e+00 3.687072e+00 6.865062e-01 -4.028113e-01 -5.345792e-01 -1.100117e-01 1.090308e+00 1.407187e+00 -4.744318e-01 -6.492411e-01 -9.998130e-01 -9.145144e-02 1.404068e+00 5.114626e-01 -6.570076e-01 -1.019705e-02
<VARIANCE> 25
 1.240008e+01 2.286766e+01 2.540956e+01 3.284584e+01 4.171216e+01 2.641632e+01 4.115755e+01 4.725807e+01 3.800864e+01 4.454424e+01 3.541759e+01 2.665612e+01 3.989909e-01 1.328216e+00 1.372625e+00 2.511370e+00 2.298808e+00 2.141299e+00 2.791291e+00 3.276782e+00 2.694120e+00 3.131403e+00 2.630011e+00 2.087686e+00 1.402640e-03
<GCONST> 8.885958e+01
<MIXTURE> 54 7.368620e-03
<MEAN> 25
 -3.514564e+00 1.148022e-01 -7.268618e-01 7.956566e+00 6.496652e+00 4.629772e+00 4.695302e+00 4.732766e+00 4.243609e+00 3.707564e+00 4.358025e+00 2.302160e+00 -7.236621e-03 3.178077e-02 3.871380e-02 3.901146e-02 4.036179e-02 5.232619e-02 3.730892e-02 3.086328e-02 9.506561e-03 1.120855e-02 1.703167e-02 -9.031228e-03 -5.106733e-06
<VARIANCE> 25
 9.756371e+00 1.041971e+01 9.262138e+00 1.821558e+01 1.310867e+01 1.331475e+01 1.179880e+01 1.204349e+01 1.325585e+01 1.420952e+01 1.803507e+01 1.237403e+01 4.175716e-02 8.828811e-02 1.526024e-01 2.298263e-01 3.142184e-01 3.920371e-01 4.549723e-01 5.183160e-01 5.592215e-01 5.276583e-01 5.105826e-01 5.179672e-01 9.935231e-07
<GCONST> 4.759698e+01
<MIXTURE> 55 7.368620e-03
<MEAN> 25
 -3.514564e+00 1.148022e-01 -7.268618e-01 7.956566e+00 6.496652e+00 4.629772e+00 4.695302e+00 4.732766e+00 4.243609e+00 3.707564e+00 4.358025e+00 2.302160e+00 -7.236621e-03 3.178077e-02 3.871380e-02 3.901146e-02 4.036179e-02 5.232619e-02 3.730892e-02 3.086328e-02 9.506561e-03 1.120855e-02 1.703167e-02 -9.031228e-03 -5.106733e-06
<VARIANCE> 25
 9.756371e+00 1.041971e+01 9.262138e+00 1.821558e+01 1.310867e+01 1.331475e+01 1.179880e+01 1.204349e+01 1.325585e+01 1.420952e+01 1.803507e+01 1.237403e+01 4.175716e-02 8.828811e-02 1.526024e-01 2.298263e-01 3.142184e-01 3.920371e-01 4.549723e-01 5.183160e-01 5.592215e-01 5.276583e-01 5.105826e-01 5.179672e-01 9.935231e-07
<GCONST> 4.759698e+01
<MIXTURE> 56 6.132464e-03
<MEAN> 25
 7.602308e+00 -6.462081e+00 -9.254532e+00 -8.577444e+00 4.025890e+00 4.290776e+00 -1.994215e+00 -1.416890e+00 2.096893e+00 9.213541e-01 -2.133163e+00 -7.133256e+00 -5.874396e-02 9.763608e-03 -1.257828e-01 3.834556e-02 1.941558e-01 1.313241e-02 1.296906e-01 -7.191993e-02 -2.478506e-02 -4.137992e-02 -1.009567e-01 3.126925e-02 -8.600506e-03
<VARIANCE> 25
 9.114309e+00 2.431233e+01 1.919519e+01 4.025195e+01 3.157571e+01 4.978453e+01 5.872241e+01 3.660301e+01 3.731644e+01 3.746467e+01 3.977306e+01 3.045500e+01 2.281583e-01 4.336148e-01 5.487707e-01 7.346945e-01 8.534295e-01 1.150569e+00 8.838120e-01 9.444627e-01 8.674047e-01 8.828788e-01 1.006219e+00 7.877975e-01 2.742035e-04
<GCONST> 7.525154e+01
<MIXTURE> 57 6.132464e-03
<MEAN> 25
 7.602308e+00 -6.462081e+00 -9.254532e+00 -8.577444e+00 4.025890e+00 4.290776e+00 -1.994215e+00 -1.416890e+00 2.096893e+00 9.213541e-01 -2.133163e+00 -7.133256e+00 -5.874396e-02 9.763608e-03 -1.257828e-01 3.834556e-02 1.941558e-01 1.313241e-02 1.296906e-01 -7.191993e-02 -2.478506e-02 -4.137992e-02 -1.009567e-01 3.126925e-02 -8.600506e-03
<VARIANCE> 25
 9.114309e+00 2.431233e+01 1.919519e+01 4.025195e+01 3.157571e+01 4.978453e+01 5.872241e+01 3.660301e+01 3.731644e+01 3.746467e+01 3.977306e+01 3.045500e+01 2.281583e-01 4.336148e-01 5.487707e-01 7.346945e-01 8.534295e-01 1.150569e+00 8.838120e-01 9.444627e-01 8.674047e-01 8.828788e-01 1.006219e+00 7.877975e-01 2.742035e-04
<GCONST> 7.525154e+01
<MIXTURE> 58 6.172147e-03
<MEAN> 25
 2.083578e+00 -4.327843e+00 7.316874e+00 -3.520494e+00 -1.350168e+01 -6.249475e+00 -1.813219e-01 -4.848280e-01 -1.894695e+00 3.285540e-01 -8.639473e-02 -6.363018e-01 -1.214766e-01 -2.013612e-01 7.170661e-02 -3.861766e-01 -1.074215e-01 2.771736e-01 1.956565e-01 3.498717e-01 1.322659e-01 4.084405e-02 -1.749761e-01 -9.972999e-02 3.717869e-03
<VARIANCE> 25
 6.168223e+00 1.339711e+01 1.476550e+01 2.556468e+01 1.875780e+01 3.589087e+01 2.959896e+01 3.078872e+01 2.404962e+01 3.001852e+01 1.781911e+01 1.531543e+01 2.860017e-01 6.291763e-01 7.030388e-01 9.539675e-01 9.171195e-01 1.108833e+00 1.042959e+00 1.329793e+00 9.954800e-01 8.702763e-01 8.316163e-01 9.510033e-01 7.333115e-04
<GCONST> 7.244621e+01
<MIXTURE> 59 6.172147e-03
<MEAN> 25
 2.083578e+00 -4.327843e+00 7.316874e+00 -3.520494e+00 -1.350168e+01 -6.249475e+00 -1.813219e-01 -4.848280e-01 -1.894695e+00 3.285540e-01 -8.639473e-02 -6.363018e-01 -1.214766e-01 -2.013612e-01 7.170661e-02 -3.861766e-01 -1.074215e-01 2.771736e-01 1.956565e-01 3.498717e-01 1.322659e-01 4.084405e-02 -1.749761e-01 -9.972999e-02 3.717869e-03
<VARIANCE> 25
 6.168223e+00 1.339711e+01 1.476550e+01 2.556468e+01 1.875780e+01 3.589087e+01 2.959896e+01 3.078872e+01 2.404962e+01 3.001852e+01 1.781911e+01 1.531543e+01 2.860017e-01 6.291763e-01 7.030388e-01 9.539675e-01 9.171195e-01 1.108833e+00 1.042959e+00 1.329793e+00 9.954800e-01 8.702763e-01 8.316163e-01 9.510033e-01 7.333115e-04
<GCONST> 7.244621e+01
<MIXTURE> 60 4.479129e-03
<MEAN> 25
 -3.913800e+00 -4.267226e-01 -1.228593e+00 3.706712e+00 1.992076e+00 2.146267e+00 1.514428e+00 1.705881e+00 2.112733e+00 1.081005e+00 2.320459e+00 1.908361e+00 -2.544617e-02 5.741371e-02 1.202666e-01 1.391412e-01 1.191070e-01 9.941313e-02 1.551918e-01 3.251081e-01 5.464428e-01 7.057014e-01 6.046675e-01 3.077748e-01 -5.726533e-04
<VARIANCE> 25
 9.256294e+00 5.567698e+00 1.027941e+01 1.087720e+01 1.445077e+01 1.629721e+01 1.379664e+01 1.210262e+01 1.231020e+01 1.357167e+01 1.536318e+01 1.184062e+01 8.378252e-02 1.634555e-01 2.786713e-01 4.155504e-01 5.666392e-01 7.170776e-01 8.060809e-01 8.632482e-01 8.687843e-01 8.475541e-01 8.705328e-01 8.327156e-01 2.294865e-05
<GCONST> 5.648766e+01
<MIXTURE> 61 4.479129e-03
<MEAN> 25
 -3.913800e+00 -4.267226e-01 -1.228593e+00 3.706712e+00 1.992076e+00 2.146267e+00 1.514428e+00 1.705881e+00 2.112733e+00 1.081005e+00 2.320459e+00 1.908361e+00 -2.544617e-02 5.741371e-02 1.202666e-01 1.391412e-01 1.191070e-01 9.941313e-02 1.551918e-01 3.251081e-01 5.464428e-01 7.057014e-01 6.046675e-01 3.077748e-01 -5.726533e-04
<VARIANCE> 25
 9.256294e+00 5.567698e+00 1.027941e+01 1.087720e+01 1.445077e+01 1.629721e+01 1.379664e+01 1.210262e+01 1.231020e+01 1.357167e+01 1.536318e+01 1.184062e+01 8.378252e-02 1.634555e-01 2.786713e-01 4.155504e-01 5.666392e-01 7.170776e-01 8.060809e-01 8.632482e-01 8.687843e-01 8.475541e-01 8.705328e-01 8.327156e-01 2.294865e-05
<GCONST> 5.648766e+01
<MIXTURE> 62 3.278034e-03
<MEAN> 25
 -5.048854e+00 1.228081e+00 1.017172e+00 8.791512e+00 6.158681e+00 5.045578e+00 5.456470e+00 4.021019e+00 4.963859e+00 3.949331e+00 4.947134e+00 2.911508e+00 -1.007411e+00 -1.166201e+00 -9.436296e-01 -2.713709e-01 4.361415e-01 1.002597e+00 1.375983e+00 1.550217e+00 1.478982e+00 1.246867e+00 1.066383e+00 7.177029e-01 -1.280257e-03
<VARIANCE> 25
 1.008459e+01 9.960196e+00 1.315366e+01 1.678632e+01 1.742628e+01 1.743807e+01 2.008940e+01 1.959258e+01 1.895885e+01 1.875989e+01 2.149401e+01 1.491460e+01 4.054714e-01 4.297792e-01 5.654795e-01 7.792263e-01 1.053995e+00 1.197632e+00 1.253553e+00 1.276453e+00 1.321340e+00 1.356009e+00 1.392596e+00 1.378232e+00 1.667999e-05
<GCONST> 6.766002e+01
<MIXTURE> 63 4.351215e-03
<MEAN> 25
 -3.932540e+00 -1.676972e+00 -4.857413e+00 3.151594e+00 3.757083e+00 -2.476465e-01 3.017368e+00 1.903606e+00 2.438240e+00 -8.843005e-01 -1.293402e+00 2.448702e+00 -1.152745e-01 3.121840e-01 3.651982e-01 5.002338e-01 3.477529e-01 4.642272e-01 4.182276e-01 9.114183e-02 1.446801e-01 1.679084e-01 2.165763e-01 1.384607e-01 -4.636371e-03
<VARIANCE> 25
 1.232805e+01 2.002703e+01 1.558123e+01 1.627863e+01 1.858056e+01 2.750680e+01 2.195586e+01 2.737815e+01 2.457031e+01 2.107296e+01 1.939498e+01 1.558127e+01 2.621681e-01 4.314216e-01 6.240858e-01 6.645394e-01 9.133218e-01 1.218478e+00 1.189251e+00 1.372177e+00 1.312891e+00 1.440215e+00 1.305269e+00 1.179912e+00 1.758647e-04
<GCONST> 7.154791e+01
<MIXTURE> 64 4.351215e-03
<MEAN> 25
 -3.932540e+00 -1.676972e+00 -4.857413e+00 3.151594e+00 3.757083e+00 -2.476465e-01 3.017368e+00 1.903606e+00 2.438240e+00 -8.843005e-01 -1.293402e+00 2.448702e+00 -1.152745e-01 3.121840e-01 3.651982e-01 5.002338e-01 3.477529e-01 4.642272e-01 4.182276e-01 9.114183e-02 1.446801e-01 1.679084e-01 2.165763e-01 1.384607e-01 -4.636371e-03
<VARIANCE> 25
 1.232805e+01 2.002703e+01 1.558123e+01 1.627863e+01 1.858056e+01 2.750680e+01 2.195586e+01 2.737815e+01 2.457031e+01 2.107296e+01 1.939498e+01 1.558127e+01 2.621681e-01 4.314216e-01 6.240858e-01 6.645394e-01 9.133218e-01 1.218478e+00 1.189251e+00 1.372177e+00 1.312891e+00 1.440215e+00 1.305269e+00 1.179912e+00 1.758647e-04
<GCONST> 7.154791e+01
<MIXTURE> 65 1.721197e-02
<MEAN> 25
 7.959943e+00 1.441866e+00 2.519502e+00 9.565186e-01 -5.840105e+00 -4.367888e+00 -5.043715e+00 -7.068603e+00 -4.285874e+00 -2.433262e+00 -5.401726e+00 -1.851203e+00 1.829665e-01 8.867861e-02 5.443569e-02 2.082376e-01 -2.127186e-01 2.132255e-01 -1.308995e-01 -1.423579e-02 2.667217e-01 -9.170343e-02 -6.192823e-02 -1.948607e-01 -4.021671e-03
<VARIANCE> 25
 9.685055e+00 2.331396e+01 2.785517e+01 3.745669e+01 3.675463e+01 5.446843e+01 6.027884e+01 5.676688e+01 5.341581e+01 5.424741e+01 5.182786e+01 4.697763e+01 5.730751e-01 8.960595e-01 1.575671e+00 1.887951e+00 1.957174e+00 2.154114e+00 2.412987e+00 3.068182e+00 2.347648e+00 2.444138e+00 2.351471e+00 2.044354e+00 4.053691e-04
<GCONST> 8.919688e+01
<MIXTURE> 66 1.191532e-02
<MEAN> 25
 6.611535e+00 -4.120852e+00 -5.541301e+00 -4.905309e+00 1.237086e+00 -4.765148e+00 -6.907891e+00 7.944519e-01 5.231990e-01 -1.894354e+00 -5.794676e+00 -3.478729e+00 -1.877466e-02 1.623687e+00 2.252720e+00 2.344740e+00 -1.238977e+00 -1.303849e+00 1.279753e-01 -5.225473e-01 -1.697210e-01 -1.364034e-01 -2.642469e-01 1.013654e+00 -6.299004e-02
<VARIANCE> 25
 8.965583e+00 2.181133e+01 2.727044e+01 3.222744e+01 3.798177e+01 5.491724e+01 5.452841e+01 4.976366e+01 5.403375e+01 6.579110e+01 3.915052e+01 3.534980e+01 1.285106e+00 2.462180e+00 2.368157e+00 2.509995e+00 4.087277e+00 4.258094e+00 4.408417e+00 4.780036e+00 4.138458e+00 5.014496e+00 3.892941e+00 3.203667e+00 1.464735e-03
<GCONST> 9.682809e+01
<MIXTURE> 67 1.559142e-02
<MEAN> 25
 9.010394e+00 1.261806e+00 -6.482281e+00 -8.367690e+00 1.481445e+00 4.152012e+00 -3.276838e+00 -2.361843e+00 -2.751241e+00 1.148232e+00 7.672939e-01 -2.358556e+00 -9.883726e-01 1.948644e+00 9.102402e-01 2.880412e+00 1.223974e+00 -6.369769e-01 1.125291e+00 2.532583e-01 5.880395e-02 4.980315e-01 -4.101734e-01 6.540208e-01 -1.264320e-01
<VARIANCE> 25
 1.021656e+01 4.090299e+01 2.882586e+01 5.003320e+01 4.622038e+01 5.562431e+01 5.504641e+01 4.735490e+01 6.405669e+01 5.216071e+01 5.390596e+01 4.509765e+01 1.964876e+00 3.168272e+00 3.077221e+00 4.203193e+00 4.165453e+00 4.109695e+00 4.431909e+00 4.597176e+00 4.871144e+00 4.643042e+00 4.641922e+00 3.340172e+00 2.778105e-03
<GCONST> 1.011010e+02
<MIXTURE> 68 1.485092e-02
<MEAN> 25
 -2.053360e+00 -2.285536e+00 -4.078519e+00 1.285694e+00 5.281842e+00 -6.726944e-01 2.121172e+00 1.845609e+00 1.993132e+00 1.670019e+00 4.532186e-01 1.844307e+00 2.758436e+00 5.462280e-01 1.419172e-02 -2.569910e+00 -2.416992e+00 -1.592963e+00 -2.331537e+00 -1.782043e+00 -1.652032e+00 -1.487718e+00 -1.979196e+00 -1.046175e+00 1.027499e-01
<VARIANCE> 25
 2.608702e+01 3.200563e+01 5.851225e+01 5.247972e+01 4.700023e+01 5.487310e+01 4.511753e+01 4.224010e+01 4.028489e+01 4.333535e+01 3.736994e+01 2.581640e+01 1.911372e+00 3.762577e+00 5.920154e+00 5.866627e+00 4.688017e+00 5.576558e+00 5.916071e+00 4.970643e+00 4.955738e+00 5.254171e+00 5.027166e+00 3.435088e+00 6.144519e-03
<GCONST> 1.036302e+02
<MIXTURE> 69 1.204884e-02
<MEAN> 25
 4.670480e+00 -4.233999e+00 -3.547029e+00 -3.625939e+00 -3.538001e+00 -7.856444e+00 -1.123174e+00 2.188396e+00 -3.637538e-01 -4.753605e+00 -5.668581e+00 9.593246e-01 1.678238e+00 -2.229185e+00 -1.324639e+00 -2.236095e+00 -5.414058e-01 -3.558429e-01 -4.709845e-01 6.165509e-01 -6.400633e-01 -1.463547e+00 -2.201813e+00 -1.712971e-01 6.242977e-02
<VARIANCE> 25
 8.824725e+00 2.170333e+01 2.675303e+01 2.598563e+01 4.275135e+01 3.578680e+01 4.878884e+01 3.161243e+01 3.968917e+01 3.781815e+01 3.104356e+01 2.451153e+01 3.543653e+00 2.930075e+00 3.367602e+00 3.703443e+00 5.779810e+00 5.003524e+00 7.110496e+00 6.089610e+00 5.897902e+00 5.846834e+00 4.344770e+00 3.691486e+00 2.452831e-03
<GCONST> 9.866990e+01
<MIXTURE> 70 1.329190e-02
<MEAN> 25
 7.520476e+00 -2.041366e+00 -3.883571e+00 -3.609791e+00 -4.176037e-01 -6.666716e-01 -7.691311e+00 -4.033936e+00 5.691469e-01 2.890560e+00 -1.295065e-01 -4.910418e+00 1.934884e+00 -1.137574e+00 -8.201137e-01 -2.205022e+00 -1.517081e+00 1.177956e+00 -1.337406e+00 -9.005439e-02 3.374667e-01 -2.580960e-02 6.881117e-01 -1.454399e+00 5.862708e-02
<VARIANCE> 25
 9.927630e+00 2.258464e+01 2.837649e+01 4.697985e+01 3.554759e+01 4.449655e+01 4.984473e+01 4.410715e+01 4.707204e+01 3.279103e+01 4.496490e+01 2.727507e+01 3.501610e+00 3.211907e+00 4.744339e+00 4.961075e+00 5.223030e+00 6.450075e+00 6.790988e+00 7.560270e+00 6.171674e+00 5.392821e+00 5.865028e+00 4.303718e+00 2.540393e-03
<GCONST> 1.018627e+02
<MIXTURE> 71 1.406903e-02
<MEAN> 25
 6.339200e+00 3.987214e+00 4.817166e+00 3.305676e+00 -3.905199e+00 -3.508878e+00 -3.486113e+00 -6.730210e+00 -4.859537e+00 -2.387612e+00 -4.898372e+00 -3.709676e+00 -1.591399e+00 -6.290651e-01 -3.237738e-01 -1.735667e+00 9.819941e-01 -1.369488e-01 -2.053570e-01 1.696182e+00 4.737891e-01 -1.473044e-01 7.056734e-01 1.701587e-01 3.999126e-02
<VARIANCE> 25
 1.779810e+01 3.466296e+01 2.417558e+01 4.092762e+01 3.842148e+01 3.646638e+01 3.974531e+01 3.782805e+01 3.541468e+01 3.967559e+01 3.362043e+01 3.361880e+01 1.579993e+00 2.763819e+00 4.791255e+00 4.399437e+00 4.409776e+00 4.264204e+00 4.915412e+00 5.050970e+00 4.062480e+00 3.679154e+00 3.270013e+00 3.026250e+00 1.287258e-03
<GCONST> 9.711716e+01
<MIXTURE> 72 8.134747e-03
<MEAN> 25
 3.786800e+00 -3.689147e+00 5.487331e+00 -2.428811e+00 -1.041036e+01 -9.569537e+00 -2.453755e+00 1.840117e+00 -4.980193e+00 -2.186022e+00 -1.865553e+00 6.320364e-01 9.316312e-01 -7.695981e-01 -2.563205e+00 4.649205e-01 2.140792e+00 -6.515968e-01 -1.309309e+00 1.511319e+00 1.821336e+00 -5.686938e-01 -1.277581e+00 3.823442e-01 -6.635000e-03
<VARIANCE> 25
 1.075840e+01 1.945790e+01 3.261094e+01 3.819876e+01 3.208578e+01 3.336999e+01 4.079152e+01 3.652375e+01 4.348857e+01 4.099959e+01 3.846747e+01 2.825756e+01 4.317387e-01 1.041427e+00 2.021380e+00 1.474799e+00 2.188024e+00 2.350918e+00 3.035373e+00 2.744778e+00 2.582799e+00 3.012796e+00 2.023518e+00 2.145027e+00 5.664482e-04
<GCONST> 8.727245e+01
<MIXTURE> 73 1.213625e-02
<MEAN> 25
 -5.658450e+00 -7.730657e-01 -1.323922e+00 4.898026e+00 4.272056e+00 2.318199e+00 5.494251e+00 3.481930e+00 4.355972e+00 3.415782e+00 4.210253e+00 2.993672e+00 7.999415e-01 -1.021043e+00 -9.277875e-01 -2.633425e+00 -1.265177e+00 -1.751592e+00 -8.891451e-01 -4.977882e-01 -9.196928e-01 -7.032975e-01 -1.099909e+00 -2.779023e-01 1.535832e-01
<VARIANCE> 25
 1.299675e+01 1.331551e+01 1.517459e+01 2.264191e+01 2.411970e+01 2.463507e+01 2.052741e+01 1.996891e+01 1.772483e+01 1.905221e+01 2.309757e+01 1.565607e+01 4.097870e+00 3.115505e+00 5.957127e+00 4.651472e+00 6.131711e+00 4.516720e+00 4.392916e+00 4.237140e+00 3.870806e+00 4.234269e+00 3.516105e+00 2.669175e+00 4.421858e-03
<GCONST> 9.278425e+01
<MIXTURE> 74 1.756491e-02
<MEAN> 25
 4.387316e+00 -1.902639e+00 5.799137e+00 -5.765691e-01 -8.807005e+00 -7.940298e+00 -2.960527e+00 -3.193936e-01 -4.561219e+00 -2.455130e+00 -1.296060e+00 4.797097e-01 1.770208e-01 2.067020e+00 -3.308842e-01 1.665729e+00 1.492949e+00 1.130640e-01 9.239897e-02 -1.178376e+00 1.895071e-01 2.372748e-01 -3.301532e-01 -1.591259e-01 -7.449716e-02
<VARIANCE> 25
 1.026932e+01 2.101407e+01 3.355455e+01 3.424642e+01 3.190937e+01 3.500650e+01 4.567593e+01 4.457209e+01 4.286049e+01 3.848042e+01 3.540427e+01 2.912466e+01 2.093922e+00 1.969731e+00 3.987887e+00 2.264360e+00 3.810274e+00 3.609006e+00 4.473157e+00 4.047011e+00 4.241117e+00 3.691981e+00 3.132902e+00 2.752602e+00 1.575572e-03
<GCONST> 9.493869e+01
<MIXTURE> 75 9.711651e-03
<MEAN> 25
 2.221071e+00 -2.244073e+00 9.283656e+00 2.448086e+00 -1.153975e+01 -7.069978e+00 -4.645117e+00 -2.256926e+00 -4.833475e+00 -4.536823e+00 2.390616e+00 6.427811e-01 1.844842e+00 -1.897166e+00 5.848823e-01 -3.815413e-01 -2.780561e+00 -4.287981e-01 -1.478446e+00 3.205332e-01 -2.205713e-01 -4.707900e-01 9.303363e-01 -2.443189e-01 4.246932e-02
<VARIANCE> 25
 1.016300e+01 1.500339e+01 2.952731e+01 2.343075e+01 2.283264e+01 2.522774e+01 2.247149e+01 2.703881e+01 2.953652e+01 2.341777e+01 1.575463e+01 1.591867e+01 2.345055e+00 1.797036e+00 3.449569e+00 1.995858e+00 3.359611e+00 3.915575e+00 3.124042e+00 3.471246e+00 2.985243e+00 2.762261e+00 2.324370e+00 2.068732e+00 1.909565e-03
<GCONST> 8.809016e+01
<MIXTURE> 76 1.052359e-02
<MEAN> 25
 -6.147677e+00 2.211368e-01 -3.402236e+00 4.328610e+00 5.053157e+00 1.661290e+00 4.796434e+00 2.524947e+00 2.415467e+00 2.114083e-01 6.377023e-01 2.450528e+00 -2.156106e-01 -4.570013e-01 -1.190045e-01 -7.638577e-01 -5.740252e-01 -7.584945e-01 -5.060657e-01 -3.755375e-01 -3.585385e-01 -2.645953e-01 -1.504579e-01 -2.177608e-01 1.722600e-02
<VARIANCE> 25
 4.186194e+01 3.197373e+01 2.543246e+01 2.255207e+01 2.666676e+01 2.978263e+01 2.537771e+01 2.783491e+01 1.994642e+01 2.150235e+01 2.493684e+01 1.644537e+01 1.116443e+00 1.226664e+00 1.473136e+00 1.280693e+00 1.506034e+00 1.859994e+00 1.630049e+00 1.709440e+00 1.427199e+00 1.684807e+00 1.289321e+00 1.283221e+00 1.129242e-03
<GCONST> 8.241188e+01
<MIXTURE> 77 1.244626e-02
<MEAN> 25
 -4.665580e-01 8.588472e+00 1.246358e+01 -1.162116e+01 -7.007890e+00 9.574811e-01 -9.281207e+00 -7.238743e+00 -3.377175e+00 -1.980622e-01 -4.658174e+00 -1.486414e+00 6.812909e-02 1.374867e-01 7.353529e-02 2.507731e-01 -2.218919e-02 7.832175e-02 -6.478513e-02 -6.190098e-02 8.269427e-02 -4.493956e-02 2.578777e-02 1.181595e-01 -9.917128e-03
<VARIANCE> 25
 1.044167e+01 2.006422e+01 2.752448e+01 4.159104e+01 3.319346e+01 3.381018e+01 3.671460e+01 3.177666e+01 3.524406e+01 3.322823e+01 3.756855e+01 3.494882e+01 2.988636e-01 7.781301e-01 6.455525e-01 1.086250e+00 1.237868e+00 9.857128e-01 1.223576e+00 1.074137e+00 1.043809e+00 1.066017e+00 9.714192e-01 9.223295e-01 5.401387e-04
<GCONST> 7.779742e+01
<MIXTURE> 78 9.702551e-03
<MEAN> 25
 -1.082057e+01 2.459193e+00 -1.815796e+00 2.866495e+00 4.493248e+00 -3.139404e+00 4.068738e+00 2.609367e+00 1.964393e+00 7.047061e-01 -1.171798e+00 2.805373e+00 2.076536e+00 -3.566405e-02 -1.313309e-01 5.787161e-01 -3.338266e-01 -1.537377e-01 -1.222552e-01 -2.594786e-01 3.040988e-01 8.417080e-02 -3.765169e-01 -2.877917e-01 -5.454509e-02
<VARIANCE> 25
 3.914997e+01 3.765600e+01 2.839442e+01 2.963448e+01 3.842218e+01 3.753393e+01 3.147146e+01 2.898216e+01 2.865767e+01 2.414021e+01 2.604694e+01 1.849453e+01 4.860676e+00 2.668142e+00 3.147536e+00 2.798077e+00 2.993912e+00 3.416121e+00 3.234813e+00 2.946792e+00 2.120985e+00 2.149894e+00 2.243231e+00 2.237524e+00 4.164705e-03
<GCONST> 9.375163e+01
<MIXTURE> 79 1.156824e-02
<MEAN> 25
 2.648520e+00 1.085645e+00 9.240737e+00 -5.907075e+00 -1.198180e+01 -1.796761e+00 -1.843139e+00 -6.797564e+00 -6.893474e+00 1.092442e-01 -3.126799e+00 -2.828283e+00 1.270123e+00 -4.396267e-01 -1.304807e+00 2.300094e+00 3.222802e-01 -1.419515e+00 5.432798e-01 9.000832e-01 -2.320803e-01 -4.881793e-01 2.274484e-01 2.345826e-01 -3.697002e-02
<VARIANCE> 25
 1.405984e+01 2.528826e+01 3.523330e+01 5.058163e+01 3.100437e+01 4.095772e+01 4.060213e+01 3.579982e+01 3.649246e+01 3.715606e+01 4.222734e+01 3.033184e+01 9.167312e-01 2.154581e+00 2.099683e+00 2.029526e+00 2.501893e+00 2.638829e+00 3.087086e+00 3.233642e+00 2.812304e+00 2.750334e+00 2.314512e+00 1.891126e+00 1.185750e-03
<GCONST> 9.120525e+01
<MIXTURE> 80 7.550998e-03
<MEAN> 25
 -1.422475e+01 3.971659e+00 9.543281e-01 2.428052e+00 2.608821e+00 6.490284e-01 6.724282e+00 3.137495e+00 3.089807e+00 2.563636e+00 4.517420e+00 1.304407e+00 4.173024e+00 5.424648e-02 1.415535e+00 -8.256269e-01 -2.751057e+00 -2.752137e+00 -2.553135e+00 -1.895071e+00 -1.916091e+00 -1.466788e+00 -1.472730e+00 -7.402639e-01 -3.769581e-02
<VARIANCE> 25
 1.884212e+01 1.807570e+01 3.389021e+01 2.886650e+01 2.923041e+01 2.512488e+01 2.525839e+01 2.771847e+01 2.732042e+01 2.766761e+01 2.198696e+01 1.451179e+01 1.924953e+00 2.888119e+00 2.528074e+00 3.783070e+00 2.896653e+00 2.259910e+00 2.581269e+00 3.088304e+00 2.561296e+00 2.353705e+00 2.434834e+00 1.802693e+00 1.423116e-03
<GCONST> 8.885606e+01
<MIXTURE> 81 8.025434e-03
<MEAN> 25
 -1.113112e+00 4.053758e+00 1.017150e+01 -1.479372e+01 -9.084313e+00 -1.421979e+00 -6.764455e+00 -8.417019e+00 -4.148705e+00 -4.262015e-01 -7.569117e+00 -2.245306e+00 1.340593e-01 -5.862615e-01 -2.805017e-03 -5.572844e-01 -4.633855e-01 3.358213e-01 3.193510e-01 1.368243e-01 -1.394026e-01 1.056622e-01 -4.689288e-01 -1.255884e-01 1.149133e-02
<VARIANCE> 25
 1.016471e+01 3.290030e+01 2.647908e+01 2.933216e+01 3.366955e+01 3.051927e+01 4.539813e+01 2.828582e+01 3.796256e+01 3.193905e+01 2.529382e+01 3.101900e+01 7.715132e-01 2.275367e+00 1.547032e+00 2.869602e+00 2.664470e+00 2.131456e+00 3.279500e+00 2.293949e+00 2.355015e+00 2.537198e+00 2.302465e+00 2.077782e+00 1.182638e-03
<GCONST> 8.869366e+01
<MIXTURE> 82 8.213053e-03
<MEAN> 25
 -9.957578e+00 -3.888405e+00 1.636431e+00 -2.964109e+00 3.131391e+00 6.686873e-01 1.999365e+00 9.511005e-01 2.973244e+00 1.734735e+00 1.735697e+00 3.080704e+00 -1.317643e+00 -1.222574e-01 2.917553e-01 -2.602223e+00 -1.103821e+00 -1.265717e+00 -1.011085e+00 -8.661692e-01 -3.150682e-01 -4.784553e-01 -3.163226e-01 -9.412122e-02 1.782885e-01
<VARIANCE> 25
 1.805920e+01 2.501684e+01 3.233019e+01 3.087487e+01 3.315849e+01 3.225436e+01 3.174523e+01 3.304124e+01 3.082648e+01 2.513136e+01 3.076990e+01 1.750438e+01 3.761981e+00 3.049109e+00 3.315814e+00 3.265540e+00 3.560436e+00 3.281953e+00 2.946182e+00 3.025482e+00 2.792642e+00 2.491122e+00 2.445185e+00 1.866727e+00 3.441339e-03
<GCONST> 9.309195e+01
<MIXTURE> 83 1.167529e-02
<MEAN> 25
 -1.861983e+01 6.438175e+00 2.799322e-01 -9.392102e-01 8.609776e+00 -8.729273e-01 6.436230e+00 5.183701e+00 7.648007e-01 2.245358e+00 2.193032e-01 3.675272e+00 -1.301278e-01 -4.789723e-01 2.190237e-01 -1.586186e-01 -5.659914e-01 -1.420242e-01 2.495437e-01 -3.418075e-01 -1.032641e-01 6.420591e-02 1.205329e-01 -1.598866e-01 1.020869e-02
<VARIANCE> 25
 8.664515e+00 1.481676e+01 2.439659e+01 1.703930e+01 1.671219e+01 2.018097e+01 2.227032e+01 2.420467e+01 1.598288e+01 1.929666e+01 1.790543e+01 1.268710e+01 1.024087e+00 1.024705e+00 9.870768e-01 1.062204e+00 1.136115e+00 8.817618e-01 1.918476e+00 1.246033e+00 1.181485e+00 2.022058e+00 9.248963e-01 8.796777e-01 8.836602e-04
<GCONST> 7.470171e+01
<MIXTURE> 84 1.066614e-02
<MEAN> 25
 1.071369e+00 8.607774e+00 6.555265e+00 7.989604e+00 2.692309e+00 -1.416068e+00 -1.727386e+00 -4.165342e+00 -3.836019e+00 -2.318474e+00 -2.485231e+00 -1.457334e+00 -1.780221e+00 -1.069771e+00 -1.146481e+00 1.280929e+00 2.438341e+00 1.573421e+00 1.219248e+00 1.145313e+00 1.250226e+00 5.352930e-01 4.516394e-01 2.981903e-01 -6.647391e-02
<VARIANCE> 25
 2.175301e+01 2.135933e+01 2.378948e+01 2.158838e+01 2.666416e+01 2.805967e+01 2.934154e+01 2.512713e+01 2.319947e+01 2.571044e+01 2.175588e+01 2.209499e+01 1.943482e+00 2.401632e+00 3.550584e+00 3.034936e+00 3.752609e+00 3.152521e+00 3.412172e+00 3.205735e+00 3.287687e+00 3.137975e+00 3.327771e+00 2.630953e+00 3.379327e-03
<GCONST> 9.171064e+01
<MIXTURE> 85 7.591393e-03
<MEAN> 25
 -3.224000e+00 7.714346e+00 5.640138e+00 1.339729e+00 -3.216908e+00 -5.480464e+00 -2.704219e+00 -5.678222e+00 -3.705436e+00 -3.190997e+00 -6.419175e-01 -1.785660e+00 3.931922e+00 3.636641e-01 1.577131e+00 -1.875162e+00 -3.374974e+00 -2.610905e+00 -2.869241e+00 -2.300586e+00 -2.291507e+00 -1.273106e+00 -2.275349e+00 -6.236496e-01 8.388162e-03
<VARIANCE> 25
 4.019219e+01 2.311798e+01 3.446002e+01 3.583035e+01 3.854449e+01 3.918446e+01 3.113857e+01 2.872670e+01 2.611891e+01 2.443475e+01 2.489820e+01 1.951359e+01 2.541613e+00 4.436843e+00 4.477200e+00 5.464619e+00 4.204869e+00 3.708851e+00 3.640198e+00 3.745213e+00 3.674050e+00 3.783010e+00 3.813202e+00 3.270839e+00 5.204563e-03
<GCONST> 9.753737e+01
<MIXTURE> 86 1.273941e-02
<MEAN> 25
 -3.544825e+00 -4.617151e-01 -1.407670e+00 5.871877e+00 5.401685e+00 4.687030e+00 4.870989e+00 5.587724e+00 4.891378e+00 3.643643e+00 4.639829e+00 2.434991e+00 -1.326993e-02 -1.988879e-02 -1.151805e-03 -1.854830e-02 -1.052763e-02 -2.548463e-01 -2.269132e-01 -2.725119e-01 -3.300260e-01 -3.665701e-01 -2.727269e-01 -1.477363e-01 -9.306202e-04
<VARIANCE> 25
 1.483140e+01 7.163845e+00 1.001114e+01 1.191038e+01 1.470703e+01 1.224720e+01 1.291542e+01 1.629491e+01 1.201268e+01 1.290344e+01 1.519762e+01 1.144346e+01 9.292701e-02 1.679098e-01 3.619844e-01 4.780736e-01 6.546414e-01 7.102879e-01 6.902672e-01 7.752929e-01 7.750248e-01 8.410779e-01 9.541119e-01 8.530297e-01 5.799632e-05
<GCONST> 5.844439e+01
<MIXTURE> 87 1.100681e-02
<MEAN> 25
 -3.453873e+00 4.606160e+00 3.366173e+00 7.035170e+00 5.602966e+00 8.367678e-01 1.739509e+00 -1.005910e+00 -5.840313e-01 -9.494214e-01 -8.518266e-01 2.973655e-02 -2.118155e+00 -2.742513e+00 -2.047484e+00 -2.209377e+00 -6.964701e-02 -1.641488e-01 6.129533e-01 1.276204e+00 1.392725e+00 1.023696e+00 9.470077e-01 9.814740e-01 1.026067e-01
<VARIANCE> 25
 3.843183e+01 2.939239e+01 2.829116e+01 3.299602e+01 2.846809e+01 3.144181e+01 2.827235e+01 2.774464e+01 2.541637e+01 2.471906e+01 2.455818e+01 2.276018e+01 3.836052e+00 2.795490e+00 3.965664e+00 3.603896e+00 4.796449e+00 4.274903e+00 4.110268e+00 3.876199e+00 3.497588e+00 3.364147e+00 3.340958e+00 2.715405e+00 5.025147e-03
<GCONST> 9.624463e+01
<MIXTURE> 88 1.256585e-02
<MEAN> 25
 -4.141121e+00 -6.762983e-01 -1.342909e+00 5.553139e+00 5.864568e+00 3.202282e+00 3.806521e+00 3.746271e+00 3.507384e+00 2.645009e+00 2.209250e+00 2.041618e+00 -1.564811e-01 3.079106e-01 1.396793e-01 3.368681e-01 2.649273e-01 6.962217e-03 1.725784e-01 7.501362e-03 -2.623594e-01 -3.404881e-01 -2.398372e-01 2.674927e-02 -3.257647e-03
<VARIANCE> 25
 1.273333e+01 1.031957e+01 1.734200e+01 1.619191e+01 2.413562e+01 1.994138e+01 2.637724e+01 2.025589e+01 1.657680e+01 2.050122e+01 2.248605e+01 1.584575e+01 1.332232e+00 1.563059e+00 2.130257e+00 2.072559e+00 2.566745e+00 2.520473e+00 3.164830e+00 3.075243e+00 2.456988e+00 2.890242e+00 2.152083e+00 2.071109e+00 1.336832e-03
<GCONST> 8.382298e+01
<MIXTURE> 89 9.333527e-03
<MEAN> 25
 6.040713e+00 -6.752665e+00 -3.513050e+00 -3.279299e+00 -1.769469e+00 -5.330888e+00 -6.041474e+00 3.944275e+00 3.266820e+00 -2.931211e+00 -5.898230e+00 -3.177452e+00 -5.493878e-01 1.742173e-01 1.979499e+00 8.694367e-01 -1.867754e+00 -1.663725e+00 9.151180e-01 1.314333e+00 -7.487414e-01 -1.329041e+00 3.321191e-01 1.500856e+00 -5.382178e-03
<VARIANCE> 25
 8.837877e+00 2.634948e+01 3.129673e+01 3.008339e+01 3.700346e+01 4.315895e+01 5.850316e+01 4.228872e+01 4.024841e+01 4.260638e+01 3.568613e+01 3.208033e+01 3.717275e-01 8.328771e-01 1.445501e+00 1.338810e+00 1.900921e+00 2.091117e+00 2.558619e+00 2.096421e+00 2.271085e+00 2.087485e+00 2.500289e+00 1.512668e+00 3.700141e-04
<GCONST> 8.545654e+01
<MIXTURE> 90 7.114505e-03
<MEAN> 25
 2.646532e+00 -9.133926e+00 -4.024978e+00 -4.481740e+00 -4.176264e+00 -1.447436e+00 2.790621e+00 9.357222e-01 -7.255181e+00 -1.029799e+01 -3.397279e+00 -6.424106e-01 -1.141769e-01 9.027603e-01 1.213120e+00 -8.336105e-01 -1.662347e+00 -4.069959e-01 7.389106e-01 1.237436e-01 1.182810e-02 5.710539e-01 -1.204045e-01 -5.826951e-01 -1.161156e-02
<VARIANCE> 25
 7.965183e+00 1.883862e+01 2.240267e+01 2.730289e+01 3.831288e+01 3.042273e+01 3.749143e+01 3.342556e+01 3.257713e+01 2.502429e+01 2.442427e+01 2.372713e+01 2.240057e-01 5.518717e-01 7.253029e-01 9.423172e-01 1.346247e+00 1.752243e+00 1.709676e+00 2.402504e+00 1.907867e+00 1.795645e+00 2.093758e+00 1.202918e+00 1.981158e-04
<GCONST> 7.806250e+01
<MIXTURE> 91 7.852945e-03
<MEAN> 25
 6.526690e+00 -7.320368e+00 -8.780690e+00 -5.364697e+00 4.067375e+00 8.427258e-01 -1.976097e+00 6.890618e-01 1.235205e+00 -2.455072e+00 -4.060771e+00 -5.153530e+00 1.981553e-01 1.039691e+00 1.915195e-01 5.332187e-01 8.030785e-03 -5.525522e-01 -3.818190e-01 3.123064e-02 -1.123088e-01 4.281778e-01 -1.658687e-01 3.063568e-01 -3.720282e-02
<VARIANCE> 25
 9.819247e+00 2.449969e+01 1.906875e+01 3.909566e+01 3.279887e+01 5.998982e+01 5.082043e+01 3.804025e+01 4.959057e+01 6.200695e+01 4.345156e+01 3.897289e+01 4.634666e-01 8.853699e-01 1.132725e+00 1.339630e+00 2.128756e+00 2.262318e+00 2.346851e+00 2.397980e+00 2.079503e+00 2.353462e+00 1.911157e+00 1.801367e+00 6.621134e-04
<GCONST> 8.699113e+01
<MIXTURE> 92 7.852945e-03
<MEAN> 25
 6.526690e+00 -7.320368e+00 -8.780690e+00 -5.364697e+00 4.067375e+00 8.427258e-01 -1.976097e+00 6.890618e-01 1.235205e+00 -2.455072e+00 -4.060771e+00 -5.153530e+00 1.981553e-01 1.039691e+00 1.915195e-01 5.332187e-01 8.030785e-03 -5.525522e-01 -3.818190e-01 3.123064e-02 -1.123088e-01 4.281778e-01 -1.658687e-01 3.063568e-01 -3.720282e-02
<VARIANCE> 25
 9.819247e+00 2.449969e+01 1.906875e+01 3.909566e+01 3.279887e+01 5.998982e+01 5.082043e+01 3.804025e+01 4.959057e+01 6.200695e+01 4.345156e+01 3.897289e+01 4.634666e-01 8.853699e-01 1.132725e+00 1.339630e+00 2.128756e+00 2.262318e+00 2.346851e+00 2.397980e+00 2.079503e+00 2.353462e+00 1.911157e+00 1.801367e+00 6.621134e-04
<GCONST> 8.699113e+01
<MIXTURE> 93 6.122769e-03
<MEAN> 25
 -6.717016e+00 -9.030605e-01 -2.442699e+00 5.779334e+00 5.945087e+00 3.963356e+00 6.133461e+00 3.734973e+00 4.192686e+00 2.529712e+00 1.798048e+00 3.712136e+00 -6.066594e-02 -1.533669e-01 -2.484465e-01 -3.302797e-01 -3.430541e-01 -2.803709e-01 -2.281452e-01 -1.839419e-01 -1.822216e-01 -1.437257e-01 -8.793265e-02 -3.290901e-02 -9.298022e-06
<VARIANCE> 25
 9.955404e+00 6.247093e+00 8.238789e+00 1.126873e+01 1.147785e+01 1.594649e+01 1.511946e+01 1.755546e+01 1.508313e+01 1.452523e+01 1.664877e+01 1.332976e+01 8.237398e-02 1.520636e-01 2.677136e-01 3.777009e-01 5.016950e-01 6.391671e-01 7.850171e-01 8.892418e-01 9.285942e-01 8.736663e-01 9.090151e-01 9.114729e-01 9.940979e-07
<GCONST> 5.380397e+01
<MIXTURE> 94 6.122769e-03
<MEAN> 25
 -6.717016e+00 -9.030605e-01 -2.442699e+00 5.779334e+00 5.945087e+00 3.963356e+00 6.133461e+00 3.734973e+00 4.192686e+00 2.529712e+00 1.798048e+00 3.712136e+00 -6.066594e-02 -1.533669e-01 -2.484465e-01 -3.302797e-01 -3.430541e-01 -2.803709e-01 -2.281452e-01 -1.839419e-01 -1.822216e-01 -1.437257e-01 -8.793265e-02 -3.290901e-02 -9.298022e-06
<VARIANCE> 25
 9.955404e+00 6.247093e+00 8.238789e+00 1.126873e+01 1.147785e+01 1.594649e+01 1.511946e+01 1.755546e+01 1.508313e+01 1.452523e+01 1.664877e+01 1.332976e+01 8.237398e-02 1.520636e-01 2.677136e-01 3.777009e-01 5.016950e-01 6.391671e-01 7.850171e-01 8.892418e-01 9.285942e-01 8.736663e-01 9.090151e-01 9.114729e-01 9.940979e-07
<GCONST> 5.380397e+01
<MIXTURE> 95 5.258835e-03
<MEAN> 25
 -5.110600e+00 -4.304806e-01 -2.258668e+00 4.859920e+00 4.470259e+00 3.034602e+00 4.063974e+00 2.070438e+00 2.254538e+00 7.181510e-01 9.463543e-01 2.622422e+00 1.525493e-01 1.474303e-01 8.916844e-02 -6.607027e-02 -3.518662e-01 -7.018873e-01 -1.003719e+00 -1.257118e+00 -1.260183e+00 -9.964626e-01 -5.876666e-01 -2.837139e-01 -3.028387e-04
<VARIANCE> 25
 1.529038e+01 7.108475e+00 1.224076e+01 1.213910e+01 1.430573e+01 1.761744e+01 1.729324e+01 1.777541e+01 1.429354e+01 1.481474e+01 1.959661e+01 1.329081e+01 1.953596e-01 2.988426e-01 4.580983e-01 6.082569e-01 7.901365e-01 8.859175e-01 9.494620e-01 8.712659e-01 9.130197e-01 1.046654e+00 1.123081e+00 1.090935e+00 4.893452e-05
<GCONST> 6.337995e+01
<MIXTURE> 96 7.034694e-03
<MEAN> 25
 -4.867829e+00 -3.860576e-01 -2.310129e+00 5.082723e+00 3.957327e+00 1.834000e+00 3.534816e+00 2.112197e+00 2.595454e+00 1.072315e+00 1.089014e+00 2.775024e+00 -3.585678e-02 7.614680e-02 2.103674e-01 4.290107e-01 5.664435e-01 4.853536e-01 2.420488e-01 -1.264683e-01 -4.523396e-01 -6.538823e-01 -6.307375e-01 -3.510308e-01 6.656166e-05
<VARIANCE> 25
 1.230573e+01 9.599841e+00 1.266519e+01 1.410227e+01 1.482928e+01 1.900714e+01 1.758785e+01 2.166566e+01 1.821882e+01 1.668870e+01 1.942472e+01 1.424727e+01 1.192168e-01 2.172547e-01 3.119181e-01 4.108184e-01 5.127857e-01 6.513873e-01 8.425529e-01 9.686452e-01 9.349174e-01 8.400963e-01 8.829126e-01 9.254987e-01 1.196077e-06
<GCONST> 5.774079e+01
<MIXTURE> 97 7.034694e-03
<MEAN> 25
 -4.867829e+00 -3.860576e-01 -2.310129e+00 5.082723e+00 3.957327e+00 1.834000e+00 3.534816e+00 2.112197e+00 2.595454e+00 1.072315e+00 1.089014e+00 2.775024e+00 -3.585678e-02 7.614680e-02 2.103674e-01 4.290107e-01 5.664435e-01 4.853536e-01 2.420488e-01 -1.264683e-01 -4.523396e-01 -6.538823e-01 -6.307375e-01 -3.510308e-01 6.656166e-05
<VARIANCE> 25
 1.230573e+01 9.599841e+00 1.266519e+01 1.410227e+01 1.482928e+01 1.900714e+01 1.758785e+01 2.166566e+01 1.821882e+01 1.668870e+01 1.942472e+01 1.424727e+01 1.192168e-01 2.172547e-01 3.119181e-01 4.108184e-01 5.127857e-01 6.513873e-01 8.425529e-01 9.686452e-01 9.349174e-01 8.400963e-01 8.829126e-01 9.254987e-01 1.196077e-06
<GCONST> 5.774079e+01
<MIXTURE> 98 9.917808e-03
<MEAN> 25
 -1.498022e+00 5.919862e-01 3.180905e-01 5.161696e+00 4.903430e+00 2.601389e+00 1.806425e+00 8.977382e-01 1.494670e+00 2.190580e+00 1.213391e+00 6.363531e-01 -1.824543e+00 -1.390924e+00 -8.235949e-01 2.289703e-01 9.284396e-01 9.026777e-01 1.048049e+00 1.394037e+00 1.688147e+00 1.210840e+00 1.201128e+00 7.022447e-01 -2.862851e-02
<VARIANCE> 25
 1.282835e+01 1.981758e+01 2.883902e+01 2.900809e+01 4.278434e+01 3.183737e+01 3.819160e+01 3.189112e+01 2.554438e+01 3.254404e+01 2.576591e+01 2.058660e+01 1.140207e+00 1.352388e+00 2.165758e+00 2.086694e+00 2.984335e+00 2.663777e+00 2.629925e+00 2.450082e+00 2.301864e+00 2.627131e+00 2.478962e+00 2.111510e+00 2.155612e-03
<GCONST> 8.872572e+01
<MIXTURE> 99 6.696178e-03
<MEAN> 25
 -6.903070e+00 1.077204e+01 3.818915e+00 4.553145e+00 1.740133e+00 -5.841163e+00 9.749812e-01 -2.318477e+00 -3.188187e+00 -2.183784e+00 -3.077549e+00 -2.618596e-01 3.446607e-01 -9.252037e-01 4.672860e-01 -2.431765e-01 -8.754557e-01 5.297093e-02 -3.371239e-01 -6.075187e-01 -2.178839e-01 -1.335884e-01 3.950082e-01 1.461144e-01 8.275528e-03
<VARIANCE> 25
 2.858692e+01 1.885653e+01 4.008580e+01 2.736560e+01 2.509036e+01 3.317005e+01 2.370569e+01 2.389535e+01 2.087592e+01 2.172254e+01 1.638688e+01 1.881908e+01 2.126342e+00 2.135217e+00 1.221654e+00 1.302236e+00 2.466539e+00 2.818281e+00 1.296163e+00 1.491538e+00 1.659513e+00 1.346318e+00 1.080604e+00 9.487733e-01 1.097321e-03
<GCONST> 8.273824e+01
<MIXTURE> 100 4.498084e-03
<MEAN> 25
 -1.677212e+00 6.101574e+00 1.027288e+01 -7.221585e+00 -1.058350e+01 -5.048118e+00 -4.893580e+00 -9.890175e+00 -4.970984e+00 -8.854247e-01 -2.572301e+00 -2.574971e+00 2.927666e+00 -1.299411e+00 1.289521e+00 -2.116182e+00 -3.438303e+00 -6.652919e-01 -1.242986e+00 -8.454572e-01 -1.434207e+00 3.152616e-01 -1.559284e+00 -2.252492e-01 1.553125e-03
<VARIANCE> 25
 1.340779e+01 2.212522e+01 2.174942e+01 2.729236e+01 2.354310e+01 2.302632e+01 2.828024e+01 2.120213e+01 2.847636e+01 2.195811e+01 2.246286e+01 2.118764e+01 1.744478e+00 3.877724e+00 2.831630e+00 4.290332e+00 4.069441e+00 4.810630e+00 3.911817e+00 4.223263e+00 4.084743e+00 3.806473e+00 4.055822e+00 3.234855e+00 1.628537e-03
<GCONST> 9.240678e+01
<MIXTURE> 101 6.007792e-03
<MEAN> 25
 6.913992e+00 -4.311526e+00 -4.409908e+00 -6.939106e+00 -9.194396e-01 -5.581379e-01 -1.054075e+01 -3.732016e+00 1.875053e+00 2.381449e+00 -1.599123e+00 -5.149496e+00 6.818677e-01 6.555705e-01 -1.606226e+00 -1.671790e+00 1.181021e+00 2.567648e+00 5.548047e-02 -1.836696e+00 -1.020137e+00 9.565083e-01 1.528791e+00 -2.713285e-01 -7.821978e-03
<VARIANCE> 25
 1.214301e+01 1.577247e+01 3.587641e+01 3.489590e+01 3.912245e+01 3.202609e+01 3.062718e+01 4.254515e+01 3.095888e+01 4.115275e+01 4.459690e+01 2.036427e+01 2.588203e-01 5.800316e-01 1.038283e+00 1.474431e+00 1.475066e+00 1.910070e+00 1.856482e+00 2.137565e+00 2.240590e+00 2.190055e+00 1.506797e+00 1.949324e+00 3.239836e-04
<GCONST> 8.217854e+01
<MIXTURE> 102 6.007792e-03
<MEAN> 25
 6.913992e+00 -4.311526e+00 -4.409908e+00 -6.939106e+00 -9.194396e-01 -5.581379e-01 -1.054075e+01 -3.732016e+00 1.875053e+00 2.381449e+00 -1.599123e+00 -5.149496e+00 6.818677e-01 6.555705e-01 -1.606226e+00 -1.671790e+00 1.181021e+00 2.567648e+00 5.548047e-02 -1.836696e+00 -1.020137e+00 9.565083e-01 1.528791e+00 -2.713285e-01 -7.821978e-03
<VARIANCE> 25
 1.214301e+01 1.577247e+01 3.587641e+01 3.489590e+01 3.912245e+01 3.202609e+01 3.062718e+01 4.254515e+01 3.095888e+01 4.115275e+01 4.459690e+01 2.036427e+01 2.588203e-01 5.800316e-01 1.038283e+00 1.474431e+00 1.475066e+00 1.910070e+00 1.856482e+00 2.137565e+00 2.240590e+00 2.190055e+00 1.506797e+00 1.949324e+00 3.239836e-04
<GCONST> 8.217854e+01
<MIXTURE> 103 5.694618e-03
<MEAN> 25
 3.438363e+00 -9.129318e+00 -5.793468e+00 -3.576549e+00 -1.900304e+00 -1.619555e+00 2.210056e+00 2.345873e+00 -4.546526e+00 -9.352911e+00 -4.948967e+00 4.063681e-01 -1.539457e-01 -1.439795e+00 -1.028325e+00 3.187357e-01 1.249370e+00 1.077273e+00 1.224376e-01 -3.807480e-01 -8.127013e-01 -9.025329e-01 1.238371e-01 1.779317e-01 2.631273e-02
<VARIANCE> 25
 9.898642e+00 2.143633e+01 2.374830e+01 3.421512e+01 5.119617e+01 3.542083e+01 4.497724e+01 3.542590e+01 4.003109e+01 2.798097e+01 2.904205e+01 2.515074e+01 6.109991e-01 1.233774e+00 1.500139e+00 1.896454e+00 2.805605e+00 2.345830e+00 2.764695e+00 2.708105e+00 2.448492e+00 2.442550e+00 2.451558e+00 1.980465e+00 7.734616e-04
<GCONST> 8.736029e+01
<MIXTURE> 104 5.694618e-03
<MEAN> 25
 3.438363e+00 -9.129318e+00 -5.793468e+00 -3.576549e+00 -1.900304e+00 -1.619555e+00 2.210056e+00 2.345873e+00 -4.546526e+00 -9.352911e+00 -4.948967e+00 4.063681e-01 -1.539457e-01 -1.439795e+00 -1.028325e+00 3.187357e-01 1.249370e+00 1.077273e+00 1.224376e-01 -3.807480e-01 -8.127013e-01 -9.025329e-01 1.238371e-01 1.779317e-01 2.631273e-02
<VARIANCE> 25
 9.898642e+00 2.143633e+01 2.374830e+01 3.421512e+01 5.119617e+01 3.542083e+01 4.497724e+01 3.542590e+01 4.003109e+01 2.798097e+01 2.904205e+01 2.515074e+01 6.109991e-01 1.233774e+00 1.500139e+00 1.896454e+00 2.805605e+00 2.345830e+00 2.764695e+00 2.708105e+00 2.448492e+00 2.442550e+00 2.451558e+00 1.980465e+00 7.734616e-04
<GCONST> 8.736029e+01
<MIXTURE> 105 4.710235e-03
<MEAN> 25
 1.927981e+00 -2.899686e+00 8.973887e+00 -2.308880e+00 -1.234219e+01 -5.333777e+00 -4.293715e+00 -8.776755e-01 -3.173631e+00 -3.472436e+00 5.073319e-01 -6.684934e-01 -5.617609e-03 3.139976e-03 8.868133e-02 -1.567958e-01 3.499518e-02 5.792571e-02 -1.190987e-01 1.693501e-01 1.839614e-02 8.852283e-02 -8.947888e-03 2.368743e-02 -7.656766e-04
<VARIANCE> 25
 1.121152e+01 2.760913e+01 3.216336e+01 3.731539e+01 3.192789e+01 4.421408e+01 3.279646e+01 3.504216e+01 3.194887e+01 3.549476e+01 3.558819e+01 2.568676e+01 7.481147e-02 1.797251e-01 3.127144e-01 2.851306e-01 3.726048e-01 3.960992e-01 4.604731e-01 5.716398e-01 4.554588e-01 4.742455e-01 4.352090e-01 4.173832e-01 9.365414e-05
<GCONST> 6.443462e+01
<MIXTURE> 106 4.710235e-03
<MEAN> 25
 1.927981e+00 -2.899686e+00 8.973887e+00 -2.308880e+00 -1.234219e+01 -5.333777e+00 -4.293715e+00 -8.776755e-01 -3.173631e+00 -3.472436e+00 5.073319e-01 -6.684934e-01 -5.617609e-03 3.139976e-03 8.868133e-02 -1.567958e-01 3.499518e-02 5.792571e-02 -1.190987e-01 1.693501e-01 1.839614e-02 8.852283e-02 -8.947888e-03 2.368743e-02 -7.656766e-04
<VARIANCE> 25
 1.121152e+01 2.760913e+01 3.216336e+01 3.731539e+01 3.192789e+01 4.421408e+01 3.279646e+01 3.504216e+01 3.194887e+01 3.549476e+01 3.558819e+01 2.568676e+01 7.481147e-02 1.797251e-01 3.127144e-01 2.851306e-01 3.726048e-01 3.960992e-01 4.604731e-01 5.716398e-01 4.554588e-01 4.742455e-01 4.352090e-01 4.173832e-01 9.365414e-05
<GCONST> 6.443462e+01
<MIXTURE> 107 5.452374e-03
<MEAN> 25
 8.817172e+00 -2.842139e+00 -8.635514e+00 -9.948017e+00 1.930136e+00 3.718348e+00 -7.704161e+00 -5.020206e+00 -6.053302e-01 2.853005e+00 1.470385e+00 -5.223980e+00 -6.521686e-01 -8.635328e-01 9.104396e-01 1.674003e+00 2.232618e-01 -1.821899e+00 -7.877458e-01 6.657216e-01 1.649168e+00 5.050820e-02 -1.511123e+00 -8.952690e-01 -1.976400e-03
<VARIANCE> 25
 1.019161e+01 2.141276e+01 3.103018e+01 3.983784e+01 3.239640e+01 3.928658e+01 5.503558e+01 3.634269e+01 4.350877e+01 4.055290e+01 4.918697e+01 2.842466e+01 3.679045e-01 1.017735e+00 1.461211e+00 2.349728e+00 2.083929e+00 2.992146e+00 2.530810e+00 2.677317e+00 2.321715e+00 3.188580e+00 1.933321e+00 2.079448e+00 6.532615e-04
<GCONST> 8.797513e+01
<MIXTURE> 108 5.452374e-03
<MEAN> 25
 8.817172e+00 -2.842139e+00 -8.635514e+00 -9.948017e+00 1.930136e+00 3.718348e+00 -7.704161e+00 -5.020206e+00 -6.053302e-01 2.853005e+00 1.470385e+00 -5.223980e+00 -6.521686e-01 -8.635328e-01 9.104396e-01 1.674003e+00 2.232618e-01 -1.821899e+00 -7.877458e-01 6.657216e-01 1.649168e+00 5.050820e-02 -1.511123e+00 -8.952690e-01 -1.976400e-03
<VARIANCE> 25
 1.019161e+01 2.141276e+01 3.103018e+01 3.983784e+01 3.239640e+01 3.928658e+01 5.503558e+01 3.634269e+01 4.350877e+01 4.055290e+01 4.918697e+01 2.842466e+01 3.679045e-01 1.017735e+00 1.461211e+00 2.349728e+00 2.083929e+00 2.992146e+00 2.530810e+00 2.677317e+00 2.321715e+00 3.188580e+00 1.933321e+00 2.079448e+00 6.532615e-04
<GCONST> 8.797513e+01
<MIXTURE> 109 6.661064e-03
<MEAN> 25
 4.081150e+00 -1.051810e+01 -8.302517e+00 -1.347786e+00 2.771687e+00 -2.907802e-02 -5.643871e-02 1.478936e+00 -2.554715e+00 -8.357667e+00 -5.379064e+00 6.863872e-02 -3.307064e-02 -1.306251e-01 -3.160612e-02 2.512052e-01 1.959691e-01 1.165852e-01 -1.263541e-01 -1.059113e-01 -4.272647e-02 -1.335779e-01 2.191824e-01 1.283510e-02 -3.526464e-03
<VARIANCE> 25
 9.066742e+00 1.862761e+01 1.996210e+01 3.143143e+01 4.086500e+01 3.678575e+01 4.662454e+01 3.449018e+01 4.608638e+01 3.533131e+01 2.954782e+01 2.812551e+01 1.926857e-01 4.242313e-01 5.393676e-01 6.336747e-01 1.229536e+00 9.969332e-01 1.257807e+00 1.091308e+00 1.119780e+00 9.549931e-01 8.775070e-01 8.846241e-01 1.817600e-04
<GCONST> 7.447754e+01
<MIXTURE> 110 6.661064e-03
<MEAN> 25
 4.081150e+00 -1.051810e+01 -8.302517e+00 -1.347786e+00 2.771687e+00 -2.907802e-02 -5.643871e-02 1.478936e+00 -2.554715e+00 -8.357667e+00 -5.379064e+00 6.863872e-02 -3.307064e-02 -1.306251e-01 -3.160612e-02 2.512052e-01 1.959691e-01 1.165852e-01 -1.263541e-01 -1.059113e-01 -4.272647e-02 -1.335779e-01 2.191824e-01 1.283510e-02 -3.526464e-03
<VARIANCE> 25
 9.066742e+00 1.862761e+01 1.996210e+01 3.143143e+01 4.086500e+01 3.678575e+01 4.662454e+01 3.449018e+01 4.608638e+01 3.533131e+01 2.954782e+01 2.812551e+01 1.926857e-01 4.242313e-01 5.393676e-01 6.336747e-01 1.229536e+00 9.969332e-01 1.257807e+00 1.091308e+00 1.119780e+00 9.549931e-01 8.775070e-01 8.846241e-01 1.817600e-04
<GCONST> 7.447754e+01
<MIXTURE> 111 4.337247e-03
<MEAN> 25
 -4.421370e+00 -8.815339e-01 -1.740997e+00 1.714848e+00 1.015983e+00 9.901577e-01 3.157884e-01 2.519844e-01 1.052502e-01 -5.448814e-01 -6.420109e-01 1.967427e+00 -1.927200e-02 -3.204595e-02 -7.452197e-02 -7.132785e-02 -3.276392e-02 7.131902e-03 1.944752e-03 -6.568624e-02 -1.457781e-01 -2.080099e-01 -1.869061e-01 -1.030141e-01 -1.686412e-04
<VARIANCE> 25
 7.341550e+00 5.034433e+00 1.019755e+01 9.471942e+00 1.339396e+01 2.377211e+01 1.457052e+01 1.332807e+01 1.156996e+01 1.186867e+01 1.357327e+01 1.153045e+01 7.934149e-02 1.630411e-01 2.754157e-01 4.185191e-01 5.692057e-01 7.017957e-01 7.974510e-01 8.607208e-01 8.952785e-01 8.617212e-01 8.606364e-01 8.453817e-01 2.272080e-05
<GCONST> 5.606292e+01
<MIXTURE> 112 4.337247e-03
<MEAN> 25
 -4.421370e+00 -8.815339e-01 -1.740997e+00 1.714848e+00 1.015983e+00 9.901577e-01 3.157884e-01 2.519844e-01 1.052502e-01 -5.448814e-01 -6.420109e-01 1.967427e+00 -1.927200e-02 -3.204595e-02 -7.452197e-02 -7.132785e-02 -3.276392e-02 7.131902e-03 1.944752e-03 -6.568624e-02 -1.457781e-01 -2.080099e-01 -1.869061e-01 -1.030141e-01 -1.686412e-04
<VARIANCE> 25
 7.341550e+00 5.034433e+00 1.019755e+01 9.471942e+00 1.339396e+01 2.377211e+01 1.457052e+01 1.332807e+01 1.156996e+01 1.186867e+01 1.357327e+01 1.153045e+01 7.934149e-02 1.630411e-01 2.754157e-01 4.185191e-01 5.692057e-01 7.017957e-01 7.974510e-01 8.607208e-01 8.952785e-01 8.617212e-01 8.606364e-01 8.453817e-01 2.272080e-05
<GCONST> 5.606292e+01
<MIXTURE> 113 5.938666e-03
<MEAN> 25
 9.844170e+00 1.266091e+00 -8.404517e+00 -1.705984e+01 -1.273308e+00 5.955247e+00 -5.396827e+00 -1.788632e+00 -5.771810e+00 -6.658263e-01 7.921816e-01 1.038274e-01 -1.726134e-02 2.494123e-02 -1.094482e-01 -8.972668e-02 1.313982e-01 4.857232e-02 8.153166e-02 6.849194e-02 -1.137187e-01 -7.792482e-02 1.511570e-01 -1.860585e-03 -9.148653e-04
<VARIANCE> 25
 8.709352e+00 1.893190e+01 3.031686e+01 3.219030e+01 5.060461e+01 3.370935e+01 3.765934e+01 3.836925e+01 3.545005e+01 4.407790e+01 3.767910e+01 2.815627e+01 1.296915e-01 3.129399e-01 3.372980e-01 6.077533e-01 5.940637e-01 7.817020e-01 7.497030e-01 9.115191e-01 9.515916e-01 8.720250e-01 6.958038e-01 6.939201e-01 1.215565e-04
<GCONST> 7.110748e+01
<MIXTURE> 114 5.938666e-03
<MEAN> 25
 9.844170e+00 1.266091e+00 -8.404517e+00 -1.705984e+01 -1.273308e+00 5.955247e+00 -5.396827e+00 -1.788632e+00 -5.771810e+00 -6.658263e-01 7.921816e-01 1.038274e-01 -1.726134e-02 2.494123e-02 -1.094482e-01 -8.972668e-02 1.313982e-01 4.857232e-02 8.153166e-02 6.849194e-02 -1.137187e-01 -7.792482e-02 1.511570e-01 -1.860585e-03 -9.148653e-04
<VARIANCE> 25
 8.709352e+00 1.893190e+01 3.031686e+01 3.219030e+01 5.060461e+01 3.370935e+01 3.765934e+01 3.836925e+01 3.545005e+01 4.407790e+01 3.767910e+01 2.815627e+01 1.296915e-01 3.129399e-01 3.372980e-01 6.077533e-01 5.940637e-01 7.817020e-01 7.497030e-01 9.115191e-01 9.515916e-01 8.720250e-01 6.958038e-01 6.939201e-01 1.215565e-04
<GCONST> 7.110748e+01
<MIXTURE> 115 2.935202e-03
<MEAN> 25
 -4.029132e+00 -7.508236e-01 -3.109392e+00 3.656870e+00 2.416005e+00 -4.250289e-01 2.236678e+00 4.181560e-01 1.391433e+00 -1.780546e-02 4.086675e-02 2.688006e+00 3.164285e-02 -7.211515e-02 -2.305753e-01 -4.386034e-01 -6.334689e-01 -6.701077e-01 -5.923502e-01 -5.096602e-01 -4.869172e-01 -4.564014e-01 -3.431698e-01 -1.648155e-01 -3.287579e-06
<VARIANCE> 25
 9.278377e+00 9.886857e+00 1.353047e+01 1.270152e+01 1.349888e+01 1.757598e+01 1.708529e+01 2.087362e+01 1.795292e+01 1.722113e+01 1.919102e+01 1.466420e+01 2.037150e-01 3.455345e-01 4.855803e-01 5.614865e-01 6.343038e-01 7.979822e-01 1.007982e+00 1.130605e+00 1.075177e+00 9.944060e-01 1.026326e+00 1.064621e+00 9.999611e-07
<GCONST> 6.016854e+01
<MIXTURE> 116 2.935202e-03
<MEAN> 25
 -4.029132e+00 -7.508236e-01 -3.109392e+00 3.656870e+00 2.416005e+00 -4.250289e-01 2.236678e+00 4.181560e-01 1.391433e+00 -1.780546e-02 4.086675e-02 2.688006e+00 3.164285e-02 -7.211515e-02 -2.305753e-01 -4.386034e-01 -6.334689e-01 -6.701077e-01 -5.923502e-01 -5.096602e-01 -4.869172e-01 -4.564014e-01 -3.431698e-01 -1.648155e-01 -3.287579e-06
<VARIANCE> 25
 9.278377e+00 9.886857e+00 1.353047e+01 1.270152e+01 1.349888e+01 1.757598e+01 1.708529e+01 2.087362e+01 1.795292e+01 1.722113e+01 1.919102e+01 1.466420e+01 2.037150e-01 3.455345e-01 4.855803e-01 5.614865e-01 6.343038e-01 7.979822e-01 1.007982e+00 1.130605e+00 1.075177e+00 9.944060e-01 1.026326e+00 1.064621e+00 9.999611e-07
<GCONST> 6.016854e+01
<MIXTURE> 117 6.506003e-03
<MEAN> 25
 -4.467481e+00 1.174957e+00 9.109782e-01 9.613577e+00 6.307150e+00 6.258837e+00 6.458087e+00 5.251300e+00 6.520256e+00 4.983276e+00 6.216750e+00 2.716531e+00 -7.400732e-02 -2.260198e-01 -3.399737e-01 -4.195501e-01 -3.779044e-01 -2.940074e-01 -3.008473e-01 -3.346083e-01 -4.112861e-01 -3.626015e-01 -2.333848e-01 -1.183897e-01 -1.231074e-05
<VARIANCE> 25
 8.243081e+00 8.704190e+00 1.045142e+01 1.481888e+01 1.535465e+01 1.506863e+01 1.732086e+01 1.923589e+01 1.700300e+01 1.647009e+01 1.730680e+01 1.456905e+01 2.134351e-01 3.044823e-01 4.325411e-01 6.047307e-01 8.456634e-01 1.039148e+00 1.176115e+00 1.217227e+00 1.215972e+00 1.183805e+00 1.191464e+00 1.097577e+00 9.832878e-07
<GCONST> 6.063552e+01
<MIXTURE> 118 6.506003e-03
<MEAN> 25
 -4.467481e+00 1.174957e+00 9.109782e-01 9.613577e+00 6.307150e+00 6.258837e+00 6.458087e+00 5.251300e+00 6.520256e+00 4.983276e+00 6.216750e+00 2.716531e+00 -7.400732e-02 -2.260198e-01 -3.399737e-01 -4.195501e-01 -3.779044e-01 -2.940074e-01 -3.008473e-01 -3.346083e-01 -4.112861e-01 -3.626015e-01 -2.333848e-01 -1.183897e-01 -1.231074e-05
<VARIANCE> 25
 8.243081e+00 8.704190e+00 1.045142e+01 1.481888e+01 1.535465e+01 1.506863e+01 1.732086e+01 1.923589e+01 1.700300e+01 1.647009e+01 1.730680e+01 1.456905e+01 2.134351e-01 3.044823e-01 4.325411e-01 6.047307e-01 8.456634e-01 1.039148e+00 1.176115e+00 1.217227e+00 1.215972e+00 1.183805e+00 1.191464e+00 1.097577e+00 9.832878e-07
<GCONST> 6.063552e+01
<MIXTURE> 119 4.297961e-03
<MEAN> 25
 -4.971621e+00 -7.628743e+00 2.226368e+00 2.015552e+00 2.244642e+00 2.090234e-01 5.272544e+00 5.943634e+00 1.170226e+00 9.743593e-01 6.611340e+00 1.566141e+00 -5.007179e-02 -7.926933e-02 3.639587e-02 -5.690790e-02 -1.248949e-01 -1.798529e-01 -6.939584e-02 -1.371465e-02 -9.081315e-02 -1.123297e-01 -5.563556e-02 -5.797695e-02 1.114575e-03
<VARIANCE> 25
 8.517138e+00 9.846517e+00 1.660780e+01 2.018774e+01 2.287610e+01 2.318931e+01 2.500568e+01 2.651307e+01 2.504669e+01 2.809921e+01 2.040261e+01 2.041123e+01 1.608400e-01 2.825626e-01 4.604666e-01 6.323814e-01 8.046693e-01 1.003698e+00 1.099268e+00 1.279168e+00 1.286277e+00 1.246125e+00 1.191721e+00 1.112836e+00 2.315257e-04
<GCONST> 6.973536e+01
<MIXTURE> 120 4.297961e-03
<MEAN> 25
 -4.971621e+00 -7.628743e+00 2.226368e+00 2.015552e+00 2.244642e+00 2.090234e-01 5.272544e+00 5.943634e+00 1.170226e+00 9.743593e-01 6.611340e+00 1.566141e+00 -5.007179e-02 -7.926933e-02 3.639587e-02 -5.690790e-02 -1.248949e-01 -1.798529e-01 -6.939584e-02 -1.371465e-02 -9.081315e-02 -1.123297e-01 -5.563556e-02 -5.797695e-02 1.114575e-03
<VARIANCE> 25
 8.517138e+00 9.846517e+00 1.660780e+01 2.018774e+01 2.287610e+01 2.318931e+01 2.500568e+01 2.651307e+01 2.504669e+01 2.809921e+01 2.040261e+01 2.041123e+01 1.608400e-01 2.825626e-01 4.604666e-01 6.323814e-01 8.046693e-01 1.003698e+00 1.099268e+00 1.279168e+00 1.286277e+00 1.246125e+00 1.191721e+00 1.112836e+00 2.315257e-04
<GCONST> 6.973536e+01
<MIXTURE> 121 4.567511e-03
<MEAN> 25
 4.662482e-01 -2.582770e+00 5.078012e+00 -1.268102e+01 -1.269493e+01 -1.590152e+00 8.007287e-01 -4.760502e+00 -3.930349e+00 -1.064106e+00 -5.583207e+00 -4.175558e+00 2.628620e-02 1.418782e-01 -8.468621e-02 1.333288e-02 1.502386e-01 1.482179e-01 -9.176700e-02 -1.618901e-01 -2.381424e-01 -2.472404e-01 -9.894939e-02 1.773598e-02 -6.833641e-03
<VARIANCE> 25
 8.210335e+00 1.484612e+01 1.632766e+01 2.016105e+01 2.284495e+01 2.798370e+01 2.831937e+01 2.461244e+01 3.387358e+01 3.104391e+01 1.864897e+01 2.005221e+01 1.456267e-01 6.071604e-01 6.381143e-01 7.174950e-01 7.583292e-01 1.190765e+00 1.053789e+00 1.096021e+00 1.194165e+00 1.118273e+00 9.621633e-01 8.656058e-01 2.029913e-04
<GCONST> 7.087511e+01
<MIXTURE> 122 4.567511e-03
<MEAN> 25
 4.662482e-01 -2.582770e+00 5.078012e+00 -1.268102e+01 -1.269493e+01 -1.590152e+00 8.007287e-01 -4.760502e+00 -3.930349e+00 -1.064106e+00 -5.583207e+00 -4.175558e+00 2.628620e-02 1.418782e-01 -8.468621e-02 1.333288e-02 1.502386e-01 1.482179e-01 -9.176700e-02 -1.618901e-01 -2.381424e-01 -2.472404e-01 -9.894939e-02 1.773598e-02 -6.833641e-03
<VARIANCE> 25
 8.210335e+00 1.484612e+01 1.632766e+01 2.016105e+01 2.284495e+01 2.798370e+01 2.831937e+01 2.461244e+01 3.387358e+01 3.104391e+01 1.864897e+01 2.005221e+01 1.456267e-01 6.071604e-01 6.381143e-01 7.174950e-01 7.583292e-01 1.190765e+00 1.053789e+00 1.096021e+00 1.194165e+00 1.118273e+00 9.621633e-01 8.656058e-01 2.029913e-04
<GCONST> 7.087511e+01
<MIXTURE> 123 4.393044e-03
<MEAN> 25
 -4.197015e+00 1.116740e+00 -1.883884e-01 5.983869e+00 5.347912e+00 3.344088e+00 3.376358e+00 6.907204e-01 3.239699e-01 -3.390456e-01 -3.282446e-02 6.881184e-01 -4.837779e-01 -7.973173e-01 -8.261958e-01 -5.963479e-01 -2.448684e-01 7.551282e-02 3.676441e-01 6.191535e-01 8.239155e-01 7.726460e-01 6.890071e-01 4.404253e-01 -2.585907e-03
<VARIANCE> 25
 1.252104e+01 1.079161e+01 1.626879e+01 1.834860e+01 2.091406e+01 2.714972e+01 2.229684e+01 2.194675e+01 1.832997e+01 1.951562e+01 2.123566e+01 1.957933e+01 3.586159e-01 3.697087e-01 5.118139e-01 7.433746e-01 1.026554e+00 1.173241e+00 1.153486e+00 1.177416e+00 1.149707e+00 1.178682e+00 1.212672e+00 1.246229e+00 9.840184e-05
<GCONST> 6.999226e+01
<MIXTURE> 124 4.069876e-03
<MEAN> 25
 -5.976413e+00 -9.331148e-01 -3.110241e+00 4.901095e+00 5.050640e+00 3.543913e+00 5.473503e+00 3.119414e+00 3.305181e+00 1.363710e+00 7.823029e-01 2.772588e+00 -2.163530e-01 -3.384197e-01 -3.531053e-01 -1.951903e-01 1.320730e-01 5.490094e-01 7.872226e-01 7.992851e-01 6.210213e-01 3.397316e-01 5.075588e-02 8.646349e-04 1.232428e-04
<VARIANCE> 25
 1.493553e+01 7.645417e+00 1.088752e+01 1.277384e+01 1.146489e+01 1.921914e+01 1.531459e+01 2.001953e+01 1.566408e+01 1.603421e+01 2.037885e+01 1.498302e+01 1.021736e-01 1.762736e-01 2.644055e-01 3.996089e-01 5.713059e-01 7.850935e-01 7.171452e-01 8.163944e-01 9.545487e-01 9.565346e-01 9.684858e-01 1.026724e+00 1.788268e-05
<GCONST> 5.935828e+01
<MIXTURE> 125 4.069876e-03
<MEAN> 25
 -5.976413e+00 -9.331148e-01 -3.110241e+00 4.901095e+00 5.050640e+00 3.543913e+00 5.473503e+00 3.119414e+00 3.305181e+00 1.363710e+00 7.823029e-01 2.772588e+00 -2.163530e-01 -3.384197e-01 -3.531053e-01 -1.951903e-01 1.320730e-01 5.490094e-01 7.872226e-01 7.992851e-01 6.210213e-01 3.397316e-01 5.075588e-02 8.646349e-04 1.232428e-04
<VARIANCE> 25
 1.493553e+01 7.645417e+00 1.088752e+01 1.277384e+01 1.146489e+01 1.921914e+01 1.531459e+01 2.001953e+01 1.566408e+01 1.603421e+01 2.037885e+01 1.498302e+01 1.021736e-01 1.762736e-01 2.644055e-01 3.996089e-01 5.713059e-01 7.850935e-01 7.171452e-01 8.163944e-01 9.545487e-01 9.565346e-01 9.684858e-01 1.026724e+00 1.788268e-05
<GCONST> 5.935828e+01
<MIXTURE> 126 2.402244e-03
<MEAN> 25
 -3.775676e+00 -6.917144e+00 -5.283813e+00 2.322865e+00 4.285993e+00 -3.228354e+00 7.602815e-02 3.569327e+00 3.346065e+00 -2.684791e+00 -1.424325e+00 3.050510e+00 -2.438985e-03 -6.704215e-03 -3.631440e-02 -1.577629e-01 -3.180288e-01 -3.888547e-01 -2.726898e-01 -1.575097e-01 -1.123765e-01 -1.162255e-01 -9.908549e-02 -3.089162e-02 -1.489710e-03
<VARIANCE> 25
 7.522851e+00 1.280494e+01 1.381293e+01 1.511579e+01 2.466537e+01 2.374083e+01 2.272025e+01 2.850588e+01 3.127455e+01 2.628983e+01 2.174641e+01 1.917487e+01 1.705156e-01 3.515737e-01 4.834745e-01 5.661352e-01 7.537366e-01 9.954433e-01 1.121616e+00 1.261293e+00 1.328528e+00 1.309953e+00 1.214692e+00 1.145846e+00 2.107234e-04
<GCONST> 6.981646e+01
<MIXTURE> 127 2.402244e-03
<MEAN> 25
 -3.775676e+00 -6.917144e+00 -5.283813e+00 2.322865e+00 4.285993e+00 -3.228354e+00 7.602815e-02 3.569327e+00 3.346065e+00 -2.684791e+00 -1.424325e+00 3.050510e+00 -2.438985e-03 -6.704215e-03 -3.631440e-02 -1.577629e-01 -3.180288e-01 -3.888547e-01 -2.726898e-01 -1.575097e-01 -1.123765e-01 -1.162255e-01 -9.908549e-02 -3.089162e-02 -1.489710e-03
<VARIANCE> 25
 7.522851e+00 1.280494e+01 1.381293e+01 1.511579e+01 2.466537e+01 2.374083e+01 2.272025e+01 2.850588e+01 3.127455e+01 2.628983e+01 2.174641e+01 1.917487e+01 1.705156e-01 3.515737e-01 4.834745e-01 5.661352e-01 7.537366e-01 9.954433e-01 1.121616e+00 1.261293e+00 1.328528e+00 1.309953e+00 1.214692e+00 1.145846e+00 2.107234e-04
<GCONST> 6.981646e+01
<MIXTURE> 128 3.790457e-03
<MEAN> 25
 -3.875926e+00 1.513264e+00 -4.335696e-01 6.464769e+00 3.681963e+00 1.853376e+00 3.613611e+00 2.533217e+00 4.027569e+00 3.768922e+00 3.806604e+00 3.443043e+00 -3.846665e-01 -1.917207e-01 8.118424e-02 7.207365e-01 1.189076e+00 1.130495e+00 7.044516e-01 1.163278e-01 -4.273392e-01 -7.970937e-01 -6.978722e-01 -3.723246e-01 -2.252216e-05
<VARIANCE> 25
 1.032902e+01 1.162700e+01 1.548704e+01 2.001903e+01 2.007693e+01 2.092130e+01 2.409826e+01 2.637099e+01 2.642157e+01 2.394005e+01 2.662313e+01 1.850809e+01 8.915561e-01 1.134384e+00 1.373869e+00 1.487268e+00 1.564543e+00 1.841521e+00 2.234484e+00 2.313827e+00 2.132973e+00 1.840858e+00 1.724558e+00 1.764368e+00 1.005842e-06
<GCONST> 7.371416e+01
<TRANSP> 3
 0.000000e+00 1.000000e+00 0.000000e+00
 0.000000e+00 9.999990e-01 9.999998e-07
 0.000000e+00 0.000000e+00 0.000000e+00
<ENDHMM>
