~o
<STREAMINFO> 1 25
<VECSIZE> 25<NULLD><MFCC_E_D_N><DIAGC>
~h "jmodel"
<BEGINHMM>
<NUMSTATES> 3
<STATE> 2
<NUMMIXES> 128
<MIXTURE> 1 5.748963e-03
<MEAN> 25
 -2.483845e+00 3.151790e+00 2.209370e+00 8.541748e+00 4.309133e+00 3.323451e+00 3.912089e+00 3.995531e+00 5.881549e+00 5.299238e+00 5.763746e+00 3.167747e+00 -1.965814e+00 -1.574245e+00 -8.948240e-01 1.047761e+00 1.537775e+00 2.222097e+00 2.167465e+00 2.031413e+00 1.666499e+00 1.213848e+00 1.486899e+00 5.832774e-01 -4.659104e-02
<VARIANCE> 25
 1.012078e+01 1.154462e+01 1.488632e+01 1.975795e+01 2.279013e+01 2.205414e+01 2.233346e+01 2.165689e+01 2.093750e+01 2.221932e+01 2.092290e+01 1.714701e+01 1.786595e+00 2.175973e+00 3.068580e+00 3.153643e+00 3.674701e+00 3.288158e+00 3.247964e+00 3.391873e+00 3.475537e+00 3.767284e+00 3.661513e+00 2.821701e+00 3.091354e-03
<GCONST> 8.846510e+01
<MIXTURE> 2 4.549242e-03
<MEAN> 25
 -4.840423e+00 1.337052e+00 9.707335e-01 9.845655e+00 6.679256e+00 7.389186e+00 7.833816e+00 6.960173e+00 8.374398e+00 6.380029e+00 7.571486e+00 3.059699e+00 -5.920251e-02 4.233032e-02 1.391533e-01 2.280221e-01 2.660045e-01 2.857873e-01 2.942274e-01 3.167903e-01 3.477895e-01 3.033296e-01 1.967399e-01 8.352110e-02 2.749068e-06
<VARIANCE> 25
 7.064421e+00 8.923002e+00 1.065054e+01 1.619274e+01 1.716812e+01 1.564196e+01 1.683452e+01 1.836622e+01 1.651147e+01 1.729097e+01 1.836905e+01 1.428250e+01 1.262548e-01 2.255787e-01 3.363754e-01 4.664917e-01 6.471075e-01 8.190960e-01 9.262596e-01 1.001163e+00 1.048071e+00 1.081438e+00 1.071757e+00 1.009637e+00 1.009351e-06
<GCONST> 5.806882e+01
<MIXTURE> 3 4.549242e-03
<MEAN> 25
 -4.840423e+00 1.337052e+00 9.707335e-01 9.845655e+00 6.679256e+00 7.389186e+00 7.833816e+00 6.960173e+00 8.374398e+00 6.380029e+00 7.571486e+00 3.059699e+00 -5.920251e-02 4.233032e-02 1.391533e-01 2.280221e-01 2.660045e-01 2.857873e-01 2.942274e-01 3.167903e-01 3.477895e-01 3.033296e-01 1.967399e-01 8.352110e-02 2.749068e-06
<VARIANCE> 25
 7.064421e+00 8.923002e+00 1.065054e+01 1.619274e+01 1.716812e+01 1.564196e+01 1.683452e+01 1.836622e+01 1.651147e+01 1.729097e+01 1.836905e+01 1.428250e+01 1.262548e-01 2.255787e-01 3.363754e-01 4.664917e-01 6.471075e-01 8.190960e-01 9.262596e-01 1.001163e+00 1.048071e+00 1.081438e+00 1.071757e+00 1.009637e+00 1.009351e-06
<GCONST> 5.806882e+01
<MIXTURE> 4 1.671429e-02
<MEAN> 25
 3.440659e+00 2.324593e+00 -3.802108e+00 9.935483e-01 3.990625e+00 -3.927492e-01 -1.127157e-01 1.697407e-01 1.769219e+00 1.371605e+00 -2.134092e+00 -1.398282e-01 -2.756813e+00 1.180456e+00 1.706013e+00 3.008157e+00 9.502674e-01 5.203997e-01 1.461377e+00 9.580554e-01 9.885656e-01 3.322186e-01 1.229613e+00 9.597374e-01 -9.979825e-02
<VARIANCE> 25
 2.020216e+01 2.940165e+01 2.807450e+01 3.828407e+01 4.659238e+01 6.764221e+01 6.306218e+01 5.262694e+01 5.487077e+01 5.963190e+01 4.960848e+01 3.562223e+01 2.283419e+00 4.898225e+00 3.685993e+00 4.861238e+00 4.816504e+00 5.938216e+00 5.895371e+00 5.523249e+00 5.699640e+00 6.375628e+00 5.869430e+00 4.357923e+00 6.228868e-03
<GCONST> 1.049400e+02
<MIXTURE> 5 3.206198e-03
<MEAN> 25
 -3.401738e+00 2.187243e+00 5.987803e-01 9.404328e+00 6.699362e+00 6.299739e+00 7.101292e+00 4.727156e+00 5.504839e+00 3.850729e+00 4.635436e+00 2.603385e+00 -3.250456e-01 7.511584e-01 1.224670e+00 1.031159e+00 3.085648e-01 -9.973373e-02 -8.739435e-02 3.359955e-02 4.568619e-01 6.780008e-01 3.977357e-01 8.597133e-02 -2.779746e-05
<VARIANCE> 25
 1.027464e+01 1.390061e+01 2.343505e+01 2.567429e+01 2.016111e+01 1.943716e+01 2.008656e+01 2.030108e+01 2.139087e+01 2.121087e+01 2.417480e+01 1.631904e+01 1.205902e+00 1.240625e+00 1.353944e+00 1.668299e+00 2.280212e+00 2.368480e+00 2.297615e+00 2.268872e+00 2.309663e+00 2.240048e+00 2.090517e+00 1.871090e+00 1.001317e-06
<GCONST> 7.513373e+01
<MIXTURE> 6 5.475854e-03
<MEAN> 25
 9.086733e+00 -1.135479e+00 -6.744565e+00 -1.111826e+01 -1.783751e+00 7.050886e+00 -5.873106e+00 -5.848930e+00 -4.382347e+00 1.575208e+00 4.445042e+00 -1.104645e+00 5.239565e-01 9.094847e-01 -1.919109e-01 -1.369391e+00 -5.723668e-01 1.198446e+00 1.484205e+00 1.903176e-01 -1.268417e+00 -1.309970e+00 4.014806e-01 1.307905e+00 -9.152368e-03
<VARIANCE> 25
 1.024151e+01 1.729584e+01 2.479826e+01 3.398102e+01 3.799137e+01 2.718645e+01 3.845598e+01 3.564338e+01 3.804734e+01 3.511948e+01 3.798420e+01 2.558335e+01 2.834930e-01 7.642559e-01 1.127931e+00 1.812289e+00 1.524733e+00 1.960444e+00 1.773850e+00 1.910739e+00 2.111226e+00 1.925542e+00 2.300020e+00 1.281782e+00 5.733061e-04
<GCONST> 8.262101e+01
<MIXTURE> 7 5.475854e-03
<MEAN> 25
 9.086733e+00 -1.135479e+00 -6.744565e+00 -1.111826e+01 -1.783751e+00 7.050886e+00 -5.873106e+00 -5.848930e+00 -4.382347e+00 1.575208e+00 4.445042e+00 -1.104645e+00 5.239565e-01 9.094847e-01 -1.919109e-01 -1.369391e+00 -5.723668e-01 1.198446e+00 1.484205e+00 1.903176e-01 -1.268417e+00 -1.309970e+00 4.014806e-01 1.307905e+00 -9.152368e-03
<VARIANCE> 25
 1.024151e+01 1.729584e+01 2.479826e+01 3.398102e+01 3.799137e+01 2.718645e+01 3.845598e+01 3.564338e+01 3.804734e+01 3.511948e+01 3.798420e+01 2.558335e+01 2.834930e-01 7.642559e-01 1.127931e+00 1.812289e+00 1.524733e+00 1.960444e+00 1.773850e+00 1.910739e+00 2.111226e+00 1.925542e+00 2.300020e+00 1.281782e+00 5.733061e-04
<GCONST> 8.262101e+01
<MIXTURE> 8 1.165917e-02
<MEAN> 25
 -4.452643e+00 1.256907e+00 1.332446e+00 9.032917e+00 6.459764e+00 6.363397e+00 6.540561e+00 5.563764e+00 5.995942e+00 5.671330e+00 6.093071e+00 2.847733e+00 -6.988128e-01 -1.556956e+00 -8.965718e-01 -1.741528e+00 -2.395848e-01 -8.875845e-01 -1.257160e-01 -2.337843e-01 -3.861868e-01 -1.000888e-01 -1.627460e-01 3.262280e-02 9.717104e-02
<VARIANCE> 25
 9.669122e+00 9.885150e+00 1.139704e+01 1.829409e+01 1.585106e+01 1.500736e+01 1.763031e+01 1.724138e+01 2.315339e+01 1.653976e+01 2.123123e+01 1.428657e+01 2.635129e+00 2.855793e+00 4.070920e+00 3.542913e+00 3.240932e+00 3.144916e+00 3.005633e+00 2.928116e+00 2.933719e+00 2.578160e+00 2.305508e+00 1.842048e+00 6.281071e-03
<GCONST> 8.628114e+01
<MIXTURE> 9 1.199672e-02
<MEAN> 25
 9.586150e+00 1.884115e+00 -4.959461e+00 -1.109804e+01 -3.913874e+00 5.818378e+00 -2.290847e+00 -2.593977e+00 -5.998114e+00 -2.319675e+00 6.256439e-01 1.965127e-01 1.253527e+00 -2.642253e-01 -8.323008e-01 -2.742985e+00 -1.047186e+00 1.206568e+00 -8.458218e-01 -4.312169e-01 -1.096929e-01 -5.797538e-01 1.079148e+00 1.649311e-01 6.783053e-02
<VARIANCE> 25
 1.119093e+01 2.562695e+01 3.475424e+01 4.532076e+01 5.749564e+01 3.108554e+01 3.561591e+01 4.333391e+01 3.602230e+01 3.891648e+01 3.313394e+01 2.358027e+01 1.994023e+00 2.081086e+00 4.599342e+00 4.185622e+00 5.998311e+00 4.093414e+00 3.619056e+00 5.355565e+00 4.210258e+00 3.536470e+00 5.082927e+00 2.785959e+00 2.055623e-03
<GCONST> 9.741422e+01
<MIXTURE> 10 6.596976e-03
<MEAN> 25
 8.316485e-01 7.593645e+00 5.350156e+00 7.120242e+00 1.578164e+00 -2.122665e+00 -5.415499e-01 -1.683671e+00 8.658166e-01 8.644087e-01 8.165886e-01 6.503163e-01 -1.918597e+00 -6.558946e-01 -4.752129e-01 3.010394e+00 2.455418e+00 2.703968e+00 2.375869e+00 2.272314e+00 1.863883e+00 1.536005e+00 2.311691e+00 5.159361e-01 -1.377891e-01
<VARIANCE> 25
 1.944503e+01 2.080888e+01 2.227079e+01 2.900002e+01 3.808884e+01 3.477416e+01 3.501839e+01 3.394697e+01 2.776147e+01 2.891421e+01 2.684990e+01 2.493026e+01 2.227710e+00 3.451610e+00 5.540766e+00 5.179075e+00 5.529257e+00 4.444970e+00 4.673831e+00 4.817687e+00 4.359849e+00 5.006378e+00 4.503153e+00 3.183849e+00 2.698064e-03
<GCONST> 9.742772e+01
<MIXTURE> 11 1.633820e-02
<MEAN> 25
 7.154832e+00 1.984626e+00 3.742422e+00 4.881732e+00 -4.657224e+00 -3.635617e+00 -1.944676e+00 -9.087170e+00 -6.241072e+00 6.486675e-01 -2.633899e+00 -1.727856e+00 -3.957158e-01 1.192688e+00 -1.457281e-01 1.842264e-01 1.098291e+00 -1.408087e-01 2.704252e-01 2.432233e-01 1.893396e-01 3.151059e-01 -2.078340e-01 7.541616e-02 -2.758954e-02
<VARIANCE> 25
 9.306870e+00 2.839695e+01 1.780063e+01 2.594111e+01 3.338949e+01 3.149820e+01 3.463277e+01 4.245135e+01 3.926301e+01 3.700617e+01 2.282005e+01 2.187214e+01 7.986768e-01 1.669161e+00 1.539725e+00 1.637837e+00 1.975295e+00 1.883642e+00 1.695212e+00 2.371943e+00 1.884104e+00 1.942987e+00 1.379683e+00 1.633468e+00 8.810029e-04
<GCONST> 8.439831e+01
<MIXTURE> 12 5.904134e-03
<MEAN> 25
 1.075511e+01 3.651040e+00 -4.421042e+00 -1.589569e+01 -8.728703e+00 8.614713e+00 -9.317213e-01 -1.923344e+00 -1.767324e+00 -4.865752e+00 1.715683e+00 6.682006e-01 6.929391e-02 2.935966e-01 7.987400e-02 -3.657346e-01 -3.163241e-01 3.338620e-02 3.058114e-01 4.418514e-01 1.359430e-01 -3.816932e-01 -3.758360e-01 5.717809e-02 -6.277293e-03
<VARIANCE> 25
 8.838782e+00 2.157207e+01 2.411378e+01 3.558913e+01 4.215283e+01 3.077936e+01 4.146426e+01 4.854668e+01 4.381709e+01 3.718423e+01 3.795592e+01 2.884974e+01 2.467881e-01 6.850700e-01 6.903985e-01 1.178976e+00 1.178609e+00 1.056059e+00 1.168171e+00 1.378636e+00 1.233564e+00 1.218930e+00 1.221642e+00 9.586678e-01 5.757579e-04
<GCONST> 7.894039e+01
<MIXTURE> 13 5.904134e-03
<MEAN> 25
 1.075511e+01 3.651040e+00 -4.421042e+00 -1.589569e+01 -8.728703e+00 8.614713e+00 -9.317213e-01 -1.923344e+00 -1.767324e+00 -4.865752e+00 1.715683e+00 6.682006e-01 6.929391e-02 2.935966e-01 7.987400e-02 -3.657346e-01 -3.163241e-01 3.338620e-02 3.058114e-01 4.418514e-01 1.359430e-01 -3.816932e-01 -3.758360e-01 5.717809e-02 -6.277293e-03
<VARIANCE> 25
 8.838782e+00 2.157207e+01 2.411378e+01 3.558913e+01 4.215283e+01 3.077936e+01 4.146426e+01 4.854668e+01 4.381709e+01 3.718423e+01 3.795592e+01 2.884974e+01 2.467881e-01 6.850700e-01 6.903985e-01 1.178976e+00 1.178609e+00 1.056059e+00 1.168171e+00 1.378636e+00 1.233564e+00 1.218930e+00 1.221642e+00 9.586678e-01 5.757579e-04
<GCONST> 7.894039e+01
<MIXTURE> 14 6.488954e-03
<MEAN> 25
 -3.957855e+00 -1.138690e-01 -5.561140e-01 7.953934e+00 7.120500e+00 6.818584e+00 7.593426e+00 7.722691e+00 7.616053e+00 5.360469e+00 6.271477e+00 4.497246e+00 -2.999947e-01 1.988330e-01 5.009273e-01 3.521701e-01 -3.849260e-02 7.781027e-02 8.733751e-02 5.201713e-01 4.749775e-01 4.438237e-01 3.115793e-01 2.189221e-01 -7.321031e-03
<VARIANCE> 25
 8.966598e+00 1.256390e+01 1.703902e+01 2.056010e+01 1.895501e+01 1.890737e+01 1.906643e+01 2.079601e+01 1.871071e+01 2.265529e+01 2.150586e+01 1.602082e+01 8.456663e-01 1.455294e+00 1.699721e+00 1.691516e+00 1.986365e+00 1.977048e+00 1.979533e+00 2.656255e+00 2.221590e+00 2.263247e+00 2.305324e+00 1.734530e+00 9.228319e-04
<GCONST> 8.059042e+01
<MIXTURE> 15 2.475190e-03
<MEAN> 25
 -4.567732e+00 -2.021338e-02 -5.264534e-01 6.793630e+00 5.642775e+00 5.321283e+00 5.656089e+00 5.165751e+00 5.436931e+00 4.417650e+00 5.032376e+00 2.728346e+00 -1.109213e-01 -2.881425e-02 9.138354e-02 2.387332e-01 4.637957e-01 7.173792e-01 1.030016e+00 1.169325e+00 1.084158e+00 7.244257e-01 4.194089e-01 2.002901e-01 8.457832e-04
<VARIANCE> 25
 9.599498e+00 6.780081e+00 8.767800e+00 1.306332e+01 1.253786e+01 1.347490e+01 1.522588e+01 1.392554e+01 1.394502e+01 1.387739e+01 1.520550e+01 1.173385e+01 1.197890e-01 1.995391e-01 3.283259e-01 5.038785e-01 7.088550e-01 8.068377e-01 7.214076e-01 7.822863e-01 8.432055e-01 9.777263e-01 1.035270e+00 1.028891e+00 3.444840e-05
<GCONST> 5.872961e+01
<MIXTURE> 16 2.475190e-03
<MEAN> 25
 -4.567732e+00 -2.021338e-02 -5.264534e-01 6.793630e+00 5.642775e+00 5.321283e+00 5.656089e+00 5.165751e+00 5.436931e+00 4.417650e+00 5.032376e+00 2.728346e+00 -1.109213e-01 -2.881425e-02 9.138354e-02 2.387332e-01 4.637957e-01 7.173792e-01 1.030016e+00 1.169325e+00 1.084158e+00 7.244257e-01 4.194089e-01 2.002901e-01 8.457832e-04
<VARIANCE> 25
 9.599498e+00 6.780081e+00 8.767800e+00 1.306332e+01 1.253786e+01 1.347490e+01 1.522588e+01 1.392554e+01 1.394502e+01 1.387739e+01 1.520550e+01 1.173385e+01 1.197890e-01 1.995391e-01 3.283259e-01 5.038785e-01 7.088550e-01 8.068377e-01 7.214076e-01 7.822863e-01 8.432055e-01 9.777263e-01 1.035270e+00 1.028891e+00 3.444840e-05
<GCONST> 5.872961e+01
<MIXTURE> 17 9.518312e-03
<MEAN> 25
 3.316373e+00 -1.183531e+00 6.499597e+00 2.429151e+00 -6.222672e+00 -6.606303e+00 -3.371586e+00 -7.290898e-01 -3.000582e+00 -3.481015e+00 -4.184584e-02 3.065058e-01 -6.769020e-01 -1.353137e+00 1.474994e+00 -1.928756e+00 -2.550097e+00 -5.026077e-01 -2.453676e-01 4.438727e-01 -6.697329e-01 -2.446651e-01 1.030686e+00 4.690287e-01 8.694499e-02
<VARIANCE> 25
 1.463151e+01 2.816878e+01 2.861989e+01 3.305099e+01 4.460028e+01 4.641025e+01 3.835151e+01 3.090315e+01 3.801016e+01 2.564788e+01 2.431911e+01 2.472117e+01 1.752766e+00 2.585770e+00 3.856049e+00 2.725416e+00 4.705278e+00 5.559572e+00 4.832157e+00 4.296628e+00 4.638449e+00 3.670582e+00 2.619845e+00 2.594851e+00 2.487048e-03
<GCONST> 9.573015e+01
<MIXTURE> 18 1.221018e-02
<MEAN> 25
 3.458943e+00 4.120621e+00 6.365539e+00 4.317198e+00 -4.693798e+00 -8.022087e+00 -1.869021e+00 -1.870705e+00 -3.367494e+00 -2.224725e+00 -1.096495e+00 5.760889e-01 -8.021603e-01 2.160602e+00 -5.411715e-01 1.678911e+00 2.918982e+00 1.356814e+00 9.536535e-01 1.062926e-01 7.845213e-01 4.593847e-01 -4.160850e-01 -1.448887e-01 -1.138542e-01
<VARIANCE> 25
 1.534383e+01 2.305820e+01 3.176454e+01 2.580263e+01 3.820450e+01 2.867272e+01 3.394696e+01 3.783396e+01 3.990966e+01 3.144996e+01 2.684506e+01 2.545414e+01 2.218903e+00 2.471801e+00 4.347114e+00 3.636731e+00 3.401636e+00 4.106545e+00 4.273597e+00 3.974974e+00 3.683288e+00 3.671261e+00 3.982457e+00 3.007696e+00 3.737441e-03
<GCONST> 9.577329e+01
<MIXTURE> 19 9.912824e-03
<MEAN> 25
 -1.094811e+01 1.838371e+00 9.576296e-01 5.801178e-01 4.259383e+00 1.359953e+00 2.455690e+00 5.539681e-01 1.292350e+00 2.874408e-01 1.583518e+00 2.239398e+00 1.861899e+00 1.811565e+00 2.039263e+00 8.058796e-01 -1.279046e+00 -1.178370e+00 -8.148006e-01 -1.531625e+00 -1.423460e+00 -1.116667e+00 -7.756954e-01 -7.112387e-01 2.177638e-03
<VARIANCE> 25
 5.686987e+01 2.768511e+01 4.674172e+01 4.952919e+01 3.241199e+01 3.235437e+01 3.889642e+01 2.900059e+01 3.903141e+01 3.231179e+01 2.922249e+01 1.807476e+01 2.636722e+00 2.320542e+00 2.240024e+00 2.229014e+00 2.695677e+00 2.151003e+00 2.514645e+00 2.593648e+00 2.038939e+00 1.986849e+00 2.120702e+00 1.709997e+00 2.303164e-03
<GCONST> 9.211446e+01
<MIXTURE> 20 6.308331e-03
<MEAN> 25
 -1.397475e+01 7.639820e+00 1.600962e+00 5.407058e+00 3.700992e+00 1.460586e+00 4.437596e+00 2.497015e-01 1.343266e-01 -7.519022e-02 3.085940e+00 -5.158930e-01 -3.184784e+00 -9.158369e-01 -1.425455e+00 4.437410e-01 1.638217e+00 1.926602e+00 1.780314e+00 1.984503e+00 2.137529e+00 1.674034e+00 1.666306e+00 1.004690e+00 3.974184e-02
<VARIANCE> 25
 1.975566e+01 1.988581e+01 3.586456e+01 3.590538e+01 3.017635e+01 2.367939e+01 2.860118e+01 2.758717e+01 2.709853e+01 2.663603e+01 2.209535e+01 1.758331e+01 1.792967e+00 1.860917e+00 1.676678e+00 2.246846e+00 2.261775e+00 2.257490e+00 2.306269e+00 2.064696e+00 1.969880e+00 2.744839e+00 1.870749e+00 1.990200e+00 1.781624e-03
<GCONST> 8.726186e+01
<MIXTURE> 21 7.928653e-03
<MEAN> 25
 2.332031e+00 -5.262331e+00 5.855915e+00 -1.879218e+00 -1.131000e+01 -1.036198e+01 -3.864422e+00 3.434272e+00 -1.529872e+00 -4.287823e+00 -9.098555e-02 2.019203e+00 -9.327272e-01 1.695326e+00 2.612810e+00 1.769753e-01 -1.428807e+00 -2.338385e-01 3.257047e-01 -1.644873e+00 -1.900090e+00 2.166914e-01 1.379286e+00 2.481421e-01 -1.234944e-02
<VARIANCE> 25
 1.453967e+01 1.897355e+01 2.705628e+01 2.217973e+01 2.353048e+01 3.329930e+01 3.655888e+01 3.234026e+01 3.453631e+01 2.584168e+01 2.664304e+01 2.428643e+01 5.999027e-01 1.063156e+00 1.459109e+00 1.160188e+00 1.797391e+00 3.670645e+00 3.130847e+00 2.018974e+00 1.737602e+00 2.091627e+00 1.542004e+00 2.130881e+00 3.857078e-04
<GCONST> 8.339636e+01
<MIXTURE> 22 8.827789e-03
<MEAN> 25
 -1.790795e+01 7.145978e+00 -4.127221e+00 7.393135e+00 4.590847e+00 2.733399e+00 8.373961e+00 1.729526e+00 5.363922e+00 3.278290e+00 5.715837e+00 1.209027e+00 -3.115893e-01 -2.109227e-01 -1.280534e-01 -1.548645e-01 -4.938363e-03 1.306861e-01 1.808670e-01 1.800509e-01 2.530572e-01 2.032965e-01 1.667532e-01 1.946914e-01 8.966796e-03
<VARIANCE> 25
 8.153570e+00 1.679523e+01 1.736074e+01 2.511439e+01 2.287119e+01 2.103982e+01 1.957502e+01 1.876454e+01 1.816165e+01 2.096344e+01 1.918028e+01 1.394467e+01 1.089316e+00 1.356520e+00 1.361517e+00 1.579880e+00 1.406079e+00 1.535753e+00 1.504856e+00 1.529785e+00 1.615417e+00 1.546099e+00 1.368209e+00 1.170725e+00 1.743987e-03
<GCONST> 7.835268e+01
<MIXTURE> 23 6.455497e-03
<MEAN> 25
 7.962766e+00 1.985601e+00 3.140666e+00 1.956376e+00 -5.317016e+00 -2.734025e+00 -4.217250e+00 -6.056423e+00 -3.437666e+00 -1.278600e+00 -4.225794e+00 -2.267375e+00 3.592817e-02 1.821799e-01 5.797917e-02 5.846649e-02 -2.541547e-02 2.853845e-02 1.608372e-02 -7.645454e-02 -2.187817e-02 1.310475e-01 3.203145e-02 8.125007e-02 -4.650193e-03
<VARIANCE> 25
 1.053628e+01 2.443679e+01 2.374451e+01 4.090671e+01 4.059748e+01 5.222709e+01 5.520114e+01 5.389828e+01 4.579599e+01 4.552602e+01 4.526865e+01 3.764985e+01 1.126905e-01 2.868170e-01 4.113524e-01 4.973421e-01 5.804303e-01 6.959390e-01 7.483534e-01 8.351341e-01 8.584929e-01 9.494805e-01 7.887620e-01 7.406318e-01 9.055195e-05
<GCONST> 7.267043e+01
<MIXTURE> 24 6.455497e-03
<MEAN> 25
 7.962766e+00 1.985601e+00 3.140666e+00 1.956376e+00 -5.317016e+00 -2.734025e+00 -4.217250e+00 -6.056423e+00 -3.437666e+00 -1.278600e+00 -4.225794e+00 -2.267375e+00 3.592817e-02 1.821799e-01 5.797917e-02 5.846649e-02 -2.541547e-02 2.853845e-02 1.608372e-02 -7.645454e-02 -2.187817e-02 1.310475e-01 3.203145e-02 8.125007e-02 -4.650193e-03
<VARIANCE> 25
 1.053628e+01 2.443679e+01 2.374451e+01 4.090671e+01 4.059748e+01 5.222709e+01 5.520114e+01 5.389828e+01 4.579599e+01 4.552602e+01 4.526865e+01 3.764985e+01 1.126905e-01 2.868170e-01 4.113524e-01 4.973421e-01 5.804303e-01 6.959390e-01 7.483534e-01 8.351341e-01 8.584929e-01 9.494805e-01 7.887620e-01 7.406318e-01 9.055195e-05
<GCONST> 7.267043e+01
<MIXTURE> 25 1.118642e-02
<MEAN> 25
 -4.153130e-01 1.690070e+00 1.516093e+01 -1.162835e+00 -1.193528e+01 -3.380070e+00 -5.947301e+00 -6.111072e+00 -7.371723e+00 -5.355117e+00 2.543087e+00 -2.502082e+00 1.334339e-01 4.672529e-01 2.450692e-01 -2.417292e-01 3.530895e-01 4.534844e-01 2.803337e-01 -2.115824e-03 -2.200207e-01 6.557328e-02 -2.981763e-01 -4.898627e-02 -1.488824e-02
<VARIANCE> 25
 6.427715e+00 1.687131e+01 1.406437e+01 1.904243e+01 2.155266e+01 3.474317e+01 1.959978e+01 2.466920e+01 1.681735e+01 2.018337e+01 1.346073e+01 2.551956e+01 7.700248e-01 1.632025e+00 1.172465e+00 1.513439e+00 2.117872e+00 2.029439e+00 2.519159e+00 1.494767e+00 1.455692e+00 9.910347e-01 1.202193e+00 2.353800e+00 1.657945e-03
<GCONST> 7.928007e+01
<MIXTURE> 26 7.727677e-03
<MEAN> 25
 2.594790e+00 -6.358234e+00 -9.985729e+00 -1.942096e+00 7.308798e+00 6.111119e+00 2.780040e+00 -9.635457e-01 2.051825e+00 -3.196556e-01 -1.976410e+00 -1.635669e+00 -5.873489e-01 7.245363e-01 2.992584e-01 8.187402e-01 1.889649e-01 8.036895e-02 2.471141e-01 3.779168e-01 3.265030e-01 4.668638e-02 3.094899e-01 5.120609e-01 -5.665071e-02
<VARIANCE> 25
 2.222705e+01 3.360342e+01 2.288271e+01 6.859361e+01 3.623146e+01 4.758596e+01 4.584510e+01 4.263080e+01 3.470957e+01 5.034758e+01 4.006710e+01 4.485457e+01 1.593274e+00 1.929707e+00 1.711585e+00 1.847769e+00 2.112654e+00 2.368067e+00 2.159929e+00 2.515447e+00 2.049717e+00 2.069030e+00 2.069677e+00 2.394230e+00 3.123332e-03
<GCONST> 9.276521e+01
<MIXTURE> 27 7.727677e-03
<MEAN> 25
 2.594790e+00 -6.358234e+00 -9.985729e+00 -1.942096e+00 7.308798e+00 6.111119e+00 2.780040e+00 -9.635457e-01 2.051825e+00 -3.196556e-01 -1.976410e+00 -1.635669e+00 -5.873489e-01 7.245363e-01 2.992584e-01 8.187402e-01 1.889649e-01 8.036895e-02 2.471141e-01 3.779168e-01 3.265030e-01 4.668638e-02 3.094899e-01 5.120609e-01 -5.665071e-02
<VARIANCE> 25
 2.222705e+01 3.360342e+01 2.288271e+01 6.859361e+01 3.623146e+01 4.758596e+01 4.584510e+01 4.263080e+01 3.470957e+01 5.034758e+01 4.006710e+01 4.485457e+01 1.593274e+00 1.929707e+00 1.711585e+00 1.847769e+00 2.112654e+00 2.368067e+00 2.159929e+00 2.515447e+00 2.049717e+00 2.069030e+00 2.069677e+00 2.394230e+00 3.123332e-03
<GCONST> 9.276521e+01
<MIXTURE> 28 5.036674e-03
<MEAN> 25
 -5.144850e+00 2.232692e-01 -1.612967e+00 6.402270e+00 5.244132e+00 3.427522e+00 5.336901e+00 3.261168e+00 4.049804e+00 2.442346e+00 2.431109e+00 3.114950e+00 -1.086184e-01 2.270859e-01 5.208247e-01 7.682801e-01 8.186061e-01 6.931017e-01 5.067045e-01 3.653935e-01 4.168591e-01 4.567090e-01 3.408060e-01 1.615067e-01 1.801119e-06
<VARIANCE> 25
 1.137276e+01 8.646559e+00 1.157905e+01 1.485057e+01 1.430562e+01 1.711798e+01 1.741561e+01 1.847748e+01 1.703959e+01 1.634993e+01 2.060455e+01 1.448845e+01 2.519752e-01 3.233457e-01 4.225896e-01 4.605241e-01 6.004557e-01 8.492236e-01 1.041953e+00 1.105347e+00 1.086672e+00 1.044301e+00 1.037121e+00 1.064715e+00 1.072841e-06
<GCONST> 6.008986e+01
<MIXTURE> 29 5.036674e-03
<MEAN> 25
 -5.144850e+00 2.232692e-01 -1.612967e+00 6.402270e+00 5.244132e+00 3.427522e+00 5.336901e+00 3.261168e+00 4.049804e+00 2.442346e+00 2.431109e+00 3.114950e+00 -1.086184e-01 2.270859e-01 5.208247e-01 7.682801e-01 8.186061e-01 6.931017e-01 5.067045e-01 3.653935e-01 4.168591e-01 4.567090e-01 3.408060e-01 1.615067e-01 1.801119e-06
<VARIANCE> 25
 1.137276e+01 8.646559e+00 1.157905e+01 1.485057e+01 1.430562e+01 1.711798e+01 1.741561e+01 1.847748e+01 1.703959e+01 1.634993e+01 2.060455e+01 1.448845e+01 2.519752e-01 3.233457e-01 4.225896e-01 4.605241e-01 6.004557e-01 8.492236e-01 1.041953e+00 1.105347e+00 1.086672e+00 1.044301e+00 1.037121e+00 1.064715e+00 1.072841e-06
<GCONST> 6.008986e+01
<MIXTURE> 30 8.917812e-03
<MEAN> 25
 -2.852117e+00 1.368838e+00 -4.017826e-01 7.167104e+00 7.310912e+00 6.018509e+00 7.201156e+00 7.352177e+00 6.639660e+00 4.544557e+00 4.243577e+00 3.092207e+00 2.518525e-02 3.437387e-02 5.485778e-02 7.296763e-02 7.632551e-02 1.222944e-01 1.058779e-01 1.136554e-01 1.416028e-01 -8.878772e-03 2.097430e-02 6.254651e-02 1.871229e-04
<VARIANCE> 25
 7.786386e+00 9.015965e+00 8.718516e+00 1.297110e+01 1.160876e+01 1.469022e+01 1.681566e+01 1.566130e+01 1.463794e+01 1.698040e+01 2.279734e+01 1.217798e+01 8.128957e-02 1.948566e-01 3.232168e-01 3.801338e-01 5.481417e-01 6.764018e-01 6.512256e-01 8.572112e-01 8.958957e-01 8.366656e-01 8.966692e-01 8.115578e-01 6.945411e-05
<GCONST> 5.878284e+01
<MIXTURE> 31 4.136493e-03
<MEAN> 25
 -3.083538e+00 -5.081915e+00 -8.069510e-02 4.830280e+00 3.737397e+00 1.603023e+00 5.197229e+00 6.706302e+00 2.967329e+00 1.459430e+00 6.046728e+00 3.096290e+00 2.444943e-01 4.547080e-01 -2.271704e-01 2.832275e-01 1.046952e-01 3.863465e-01 1.791593e-01 5.942262e-02 3.647044e-01 3.207575e-01 9.300647e-02 1.168645e-01 -1.795739e-02
<VARIANCE> 25
 7.298143e+00 1.883974e+01 1.665718e+01 1.704371e+01 2.396999e+01 2.276012e+01 2.263593e+01 2.460135e+01 2.540189e+01 2.818844e+01 2.216433e+01 1.793399e+01 1.842832e-01 4.852324e-01 6.226845e-01 7.548205e-01 9.465074e-01 1.066422e+00 1.191186e+00 1.407552e+00 1.344427e+00 1.340613e+00 1.287897e+00 1.093226e+00 2.573859e-04
<GCONST> 7.172525e+01
<MIXTURE> 32 4.136493e-03
<MEAN> 25
 -3.083538e+00 -5.081915e+00 -8.069510e-02 4.830280e+00 3.737397e+00 1.603023e+00 5.197229e+00 6.706302e+00 2.967329e+00 1.459430e+00 6.046728e+00 3.096290e+00 2.444943e-01 4.547080e-01 -2.271704e-01 2.832275e-01 1.046952e-01 3.863465e-01 1.791593e-01 5.942262e-02 3.647044e-01 3.207575e-01 9.300647e-02 1.168645e-01 -1.795739e-02
<VARIANCE> 25
 7.298143e+00 1.883974e+01 1.665718e+01 1.704371e+01 2.396999e+01 2.276012e+01 2.263593e+01 2.460135e+01 2.540189e+01 2.818844e+01 2.216433e+01 1.793399e+01 1.842832e-01 4.852324e-01 6.226845e-01 7.548205e-01 9.465074e-01 1.066422e+00 1.191186e+00 1.407552e+00 1.344427e+00 1.340613e+00 1.287897e+00 1.093226e+00 2.573859e-04
<GCONST> 7.172525e+01
<MIXTURE> 33 1.508826e-02
<MEAN> 25
 6.417056e+00 -5.474486e+00 -2.152150e+00 -2.403329e+00 -3.413042e+00 -4.839581e+00 -7.284472e+00 1.462594e+00 2.955966e+00 -1.502233e+00 -3.811418e+00 -3.085342e+00 6.716260e-01 -1.097303e+00 -2.322551e+00 -1.724103e+00 1.319419e+00 1.589108e+00 -6.679277e-01 4.164757e-01 9.559261e-01 3.099556e-01 -2.581760e-01 -1.431709e+00 3.289184e-02
<VARIANCE> 25
 8.910877e+00 2.902678e+01 2.544951e+01 3.221708e+01 4.511823e+01 4.076712e+01 3.640825e+01 4.393299e+01 3.879565e+01 4.199555e+01 3.524082e+01 2.464837e+01 1.078017e+00 1.819944e+00 2.040214e+00 2.079037e+00 3.918397e+00 3.137229e+00 3.690427e+00 5.260705e+00 3.419695e+00 4.197041e+00 3.339462e+00 2.944790e+00 1.625869e-03
<GCONST> 9.339101e+01
<MIXTURE> 34 1.588179e-02
<MEAN> 25
 8.488117e+00 -1.862392e+00 5.447826e-01 -1.727516e-01 -3.613224e+00 -3.137816e-01 -6.025287e+00 -6.095104e+00 -4.125581e+00 -6.104860e-01 -1.862876e+00 -2.956790e+00 2.100307e-01 9.528610e-01 1.917574e+00 2.476223e+00 -5.049927e-01 -6.279559e-01 6.449223e-01 -1.217868e+00 -6.054959e-01 2.561072e-01 -8.945261e-01 2.893388e-01 -6.184150e-02
<VARIANCE> 25
 6.789612e+00 3.372629e+01 2.743863e+01 4.791168e+01 3.591439e+01 4.509541e+01 4.352719e+01 6.169133e+01 6.100335e+01 3.864906e+01 4.035081e+01 2.654012e+01 1.195468e+00 2.060668e+00 4.443557e+00 3.570476e+00 5.797246e+00 5.123780e+00 4.375946e+00 5.822994e+00 4.405118e+00 4.240437e+00 4.255078e+00 3.491052e+00 9.497841e-04
<GCONST> 9.755048e+01
<MIXTURE> 35 1.467755e-02
<MEAN> 25
 -2.925715e+00 -6.117020e+00 -8.232751e+00 -7.730541e-02 9.754514e+00 8.451832e-01 6.447331e-01 1.940136e+00 8.477639e-01 5.527690e+00 1.493468e-02 1.251323e+00 1.485082e-01 -9.758184e-01 -1.553859e+00 -1.095968e+00 5.725442e-01 -1.054488e+00 -1.158365e+00 -6.852506e-01 2.228315e-01 1.339081e-01 -9.137481e-03 -4.243497e-01 1.084854e-01
<VARIANCE> 25
 1.709767e+01 2.577034e+01 5.020744e+01 4.573454e+01 3.655317e+01 5.792429e+01 4.885117e+01 3.528971e+01 3.933581e+01 4.374387e+01 2.804445e+01 2.694265e+01 2.942885e+00 3.455329e+00 6.616972e+00 4.122246e+00 6.073575e+00 5.115951e+00 4.105337e+00 3.968379e+00 4.684466e+00 4.657216e+00 3.479941e+00 2.974315e+00 4.512141e-03
<GCONST> 1.008334e+02
<MIXTURE> 36 1.093293e-02
<MEAN> 25
 4.538205e+00 -4.747041e+00 7.331600e+00 2.677995e+00 -1.119165e+01 -8.445689e+00 -6.450628e+00 1.131347e+00 -2.435420e+00 -4.457920e+00 2.895049e+00 2.088657e-01 2.951390e-01 1.576405e-01 -1.078940e+00 -3.496280e-02 1.042123e+00 3.404756e-01 -1.302340e-01 2.661251e-01 6.772127e-01 6.728904e-01 -3.420338e-01 -2.128393e-01 -2.142754e-02
<VARIANCE> 25
 8.074824e+00 2.645005e+01 1.860840e+01 2.183691e+01 2.975574e+01 2.487974e+01 3.529652e+01 4.244166e+01 4.183957e+01 2.613791e+01 2.241479e+01 2.815302e+01 4.251383e-01 7.513540e-01 1.431597e+00 1.207350e+00 1.610011e+00 2.020859e+00 2.168397e+00 1.692478e+00 2.129935e+00 1.723283e+00 1.240180e+00 1.850916e+00 7.751852e-04
<GCONST> 8.153653e+01
<MIXTURE> 37 1.246826e-02
<MEAN> 25
 6.100351e-01 6.792671e+00 1.181911e+01 -4.893143e+00 -7.710697e+00 -2.053035e+00 -4.474547e+00 -8.259059e+00 -4.472709e+00 -1.165782e+00 -3.150284e+00 -1.328312e+00 8.298548e-02 8.538671e-01 -1.414865e+00 3.071161e+00 1.991457e+00 -2.473150e-01 1.216750e+00 4.381044e-01 5.824150e-01 -2.871580e-01 2.064966e-01 -2.279840e-01 -9.556179e-02
<VARIANCE> 25
 1.637101e+01 2.519159e+01 2.601344e+01 4.385936e+01 3.393953e+01 3.043395e+01 3.994564e+01 2.937372e+01 3.547235e+01 3.248053e+01 3.371566e+01 2.575049e+01 2.503458e+00 2.990123e+00 2.516521e+00 4.298779e+00 3.835941e+00 3.210607e+00 3.993863e+00 3.303793e+00 2.805490e+00 3.288710e+00 3.570025e+00 2.384468e+00 3.505504e-03
<GCONST> 9.502722e+01
<MIXTURE> 38 1.154525e-02
<MEAN> 25
 -5.166100e+00 8.945428e+00 5.112196e+00 2.523922e+00 3.346189e-02 -4.917593e+00 -7.526149e-01 -3.169981e+00 -3.505826e+00 -3.464826e+00 -1.200260e+00 -4.458234e-01 -4.250217e+00 1.098830e+00 -2.879214e-01 1.341554e+00 2.452599e+00 1.562836e+00 1.925882e+00 1.169570e+00 9.351079e-01 4.435313e-01 1.008241e+00 1.754252e-01 4.268217e-02
<VARIANCE> 25
 3.532884e+01 2.573165e+01 4.048447e+01 3.911768e+01 4.537934e+01 3.352707e+01 3.227432e+01 3.720179e+01 3.249930e+01 2.903138e+01 2.223130e+01 2.534315e+01 2.422344e+00 3.672521e+00 3.387443e+00 4.799254e+00 3.804798e+00 4.574777e+00 4.255463e+00 4.301973e+00 4.014078e+00 4.497937e+00 3.852172e+00 3.001169e+00 2.135024e-03
<GCONST> 9.765853e+01
<MIXTURE> 39 9.501865e-03
<MEAN> 25
 1.230875e+00 2.476257e+00 1.043777e+01 -8.707815e+00 -1.132128e+01 -1.040520e+00 -3.209922e+00 -6.757344e+00 -4.726619e+00 5.249569e-01 -3.315198e+00 -2.579497e+00 -6.721332e-01 1.474200e+00 1.573894e+00 -1.397445e+00 1.553600e-01 1.191442e+00 -1.155546e+00 -1.105205e+00 4.354630e-01 4.301356e-01 -5.166116e-01 1.749114e-01 -6.311327e-05
<VARIANCE> 25
 8.667551e+00 2.907755e+01 3.014178e+01 3.980806e+01 3.487013e+01 4.093443e+01 4.251653e+01 3.181377e+01 3.738351e+01 3.254353e+01 3.547346e+01 2.997418e+01 7.463895e-01 1.532024e+00 1.461290e+00 2.777692e+00 2.358463e+00 2.760761e+00 3.093676e+00 2.872984e+00 2.379284e+00 2.477668e+00 2.026756e+00 2.183058e+00 1.238160e-03
<GCONST> 8.927318e+01
<MIXTURE> 40 1.030800e-02
<MEAN> 25
 -5.471677e+00 2.832985e+00 -1.434652e+00 6.141634e+00 4.717730e+00 4.287470e+00 4.820857e+00 4.489326e+00 4.958815e+00 4.666920e+00 3.609046e+00 1.666139e+00 -1.404970e-01 -2.906594e-01 -9.750503e-02 -1.457525e-01 -8.395370e-02 -1.683733e-01 2.635544e-02 2.171511e-01 7.943871e-02 -1.001659e-01 5.223485e-02 8.492544e-02 6.774393e-04
<VARIANCE> 25
 3.994861e+01 1.358944e+01 1.954502e+01 2.249066e+01 1.939824e+01 1.683259e+01 1.412157e+01 1.412600e+01 1.436796e+01 1.543813e+01 1.829765e+01 1.168338e+01 5.146725e-01 6.054297e-01 7.685575e-01 7.953607e-01 1.048049e+00 9.678549e-01 1.095232e+00 1.329705e+00 1.196866e+00 1.178311e+00 1.209418e+00 8.681675e-01 6.890320e-04
<GCONST> 7.202493e+01
<MIXTURE> 41 6.713375e-03
<MEAN> 25
 1.276760e+00 1.657793e+00 1.043408e+01 -6.795996e+00 -1.049215e+01 -3.990601e+00 -2.611316e+00 -5.062746e+00 -4.693660e+00 2.469095e+00 -1.673699e+00 -8.611879e-01 7.964756e-02 -7.834914e-01 1.728414e+00 -3.512833e+00 -2.504292e+00 -1.617384e-01 -5.412262e-01 -3.713917e-01 -8.718014e-01 1.047412e+00 -1.015345e+00 1.008003e-01 8.723931e-02
<VARIANCE> 25
 1.153936e+01 2.988131e+01 3.216993e+01 4.041727e+01 3.811403e+01 4.037963e+01 3.716959e+01 2.941833e+01 3.278792e+01 2.986913e+01 3.141351e+01 2.715980e+01 3.135144e+00 3.288639e+00 3.839198e+00 3.812662e+00 5.066566e+00 5.942164e+00 4.690689e+00 4.502171e+00 4.050254e+00 4.230215e+00 3.802592e+00 3.193330e+00 3.002670e-03
<GCONST> 9.793324e+01
<MIXTURE> 42 1.106211e-02
<MEAN> 25
 -2.488793e+00 3.816178e+00 4.211199e+00 2.748691e+00 -3.357987e-01 -6.662986e+00 -1.504727e+00 -1.838711e+00 -1.122550e+00 -2.297186e+00 -1.988438e+00 1.131314e+00 4.041424e+00 -2.684819e-01 1.475167e+00 -3.849759e-02 -2.963352e+00 -9.193298e-01 -1.944060e+00 -9.788239e-01 -6.909423e-01 -4.015433e-01 4.170666e-01 -1.241643e+00 6.106021e-03
<VARIANCE> 25
 3.879790e+01 2.187215e+01 4.319293e+01 2.358154e+01 3.892553e+01 3.312519e+01 3.749508e+01 2.631797e+01 3.528635e+01 3.064885e+01 1.897957e+01 1.780782e+01 3.690120e+00 4.489502e+00 5.324705e+00 4.409874e+00 4.141489e+00 6.193306e+00 4.590277e+00 4.854434e+00 5.805994e+00 4.762082e+00 3.929700e+00 3.236881e+00 3.892079e-03
<GCONST> 9.910805e+01
<MIXTURE> 43 7.108249e-03
<MEAN> 25
 3.603872e+00 -6.187346e+00 -1.710136e+00 -4.953463e+00 -7.472551e+00 -3.156332e+00 3.075886e+00 1.469012e+00 -4.645221e+00 -7.354911e+00 -4.552180e+00 -1.284867e+00 3.025468e-01 1.970540e+00 1.925859e+00 -1.632413e-02 -1.543714e+00 -8.535895e-01 -1.010570e+00 -6.323915e-01 7.936448e-01 1.457087e+00 2.447059e-01 -1.329093e-01 -4.346837e-02
<VARIANCE> 25
 1.148798e+01 1.858290e+01 2.714500e+01 3.772614e+01 3.942532e+01 3.875743e+01 4.136834e+01 3.653541e+01 3.926096e+01 3.625348e+01 2.518081e+01 2.954141e+01 7.258890e-01 1.525306e+00 1.435019e+00 2.572046e+00 2.408455e+00 2.229663e+00 2.407884e+00 2.965262e+00 2.498827e+00 2.464149e+00 2.353798e+00 2.071666e+00 8.854017e-04
<GCONST> 8.819404e+01
<MIXTURE> 44 7.328289e-03
<MEAN> 25
 -1.744807e+01 2.894455e+00 5.907939e+00 -3.137807e+00 2.627533e+00 2.591280e+00 -1.618313e-01 1.303133e+00 1.035482e+00 -2.963245e+00 3.341214e+00 1.439936e+00 -4.285922e-01 -2.165796e-01 -3.775147e-02 3.528022e-01 -1.545384e-01 9.594497e-02 4.498594e-01 2.289048e-01 5.852999e-01 -1.832976e-01 1.952603e-01 3.128883e-01 6.689067e-03
<VARIANCE> 25
 4.246693e+01 2.238455e+01 3.225946e+01 2.163104e+01 2.222351e+01 2.294288e+01 2.107960e+01 2.556699e+01 2.746507e+01 2.668003e+01 2.425059e+01 1.516330e+01 1.143715e+00 1.158712e+00 1.093803e+00 1.342341e+00 1.876356e+00 1.728237e+00 1.504249e+00 1.262602e+00 1.750995e+00 1.209295e+00 1.145248e+00 1.178563e+00 9.118519e-04
<GCONST> 8.091357e+01
<MIXTURE> 45 1.364932e-02
<MEAN> 25
 -1.176930e+01 3.064592e+00 -8.989361e-01 2.473371e+00 5.590062e+00 2.428746e-01 4.467412e+00 3.043293e+00 2.545305e+00 2.396054e+00 2.410252e+00 2.477415e+00 -2.913017e+00 4.011538e-01 -4.068518e-01 -6.445320e-01 3.516769e-01 9.038251e-03 4.161662e-01 1.066315e-01 -1.571114e-01 -5.006710e-02 2.665490e-01 1.195941e-01 1.188129e-01
<VARIANCE> 25
 3.739106e+01 3.029182e+01 3.041474e+01 3.697544e+01 2.959980e+01 2.990502e+01 3.333996e+01 2.677645e+01 2.970648e+01 2.458345e+01 2.644187e+01 1.523654e+01 2.399900e+00 3.304237e+00 2.836989e+00 2.695503e+00 2.969107e+00 2.623352e+00 2.207714e+00 2.232050e+00 2.252122e+00 2.039927e+00 1.879773e+00 1.650523e+00 4.108496e-03
<GCONST> 9.109145e+01
<MIXTURE> 46 9.336259e-03
<MEAN> 25
 -9.406711e+00 2.291489e+00 1.200635e+00 7.516901e+00 5.932295e+00 3.336841e+00 7.044919e+00 4.500093e+00 5.677093e+00 4.707639e+00 5.013002e+00 2.920167e+00 1.046681e+00 -2.427115e-01 3.340838e-02 9.943769e-01 6.081154e-01 9.423957e-01 3.904507e-01 6.684954e-01 4.739749e-01 5.077089e-01 6.357164e-01 5.201910e-01 -1.047295e-01
<VARIANCE> 25
 3.454676e+01 4.367789e+01 3.838580e+01 4.998449e+01 5.054457e+01 4.066492e+01 3.707678e+01 3.521321e+01 3.346981e+01 3.086956e+01 2.820676e+01 2.025096e+01 3.912941e+00 4.129438e+00 3.900862e+00 4.124853e+00 4.164691e+00 3.683530e+00 3.390663e+00 3.113610e+00 2.988436e+00 2.864307e+00 2.311677e+00 1.782709e+00 8.040477e-03
<GCONST> 9.830420e+01
<MIXTURE> 47 7.116147e-03
<MEAN> 25
 6.687204e+00 -7.927593e+00 -7.463244e+00 -6.635544e+00 4.621576e-01 1.120809e+00 -2.851171e+00 -2.674507e-02 3.110743e+00 -6.127218e-01 -3.805463e+00 -5.996955e+00 -1.672635e-01 -1.167281e+00 -7.079218e-01 -5.448201e-01 6.576877e-01 8.795700e-01 7.040308e-01 2.614064e-01 -1.928142e-01 -6.090465e-01 -4.751684e-01 -3.036886e-01 3.072749e-02
<VARIANCE> 25
 1.020340e+01 1.901542e+01 1.864988e+01 3.046263e+01 3.702164e+01 4.427577e+01 3.895059e+01 4.025223e+01 4.222115e+01 4.154758e+01 4.267489e+01 2.968251e+01 4.502803e-01 7.908851e-01 9.770304e-01 1.511190e+00 1.720908e+00 2.097790e+00 2.124898e+00 2.485200e+00 2.311412e+00 2.167147e+00 2.582032e+00 1.993298e+00 6.575015e-04
<GCONST> 8.515812e+01
<MIXTURE> 48 7.116147e-03
<MEAN> 25
 6.687204e+00 -7.927593e+00 -7.463244e+00 -6.635544e+00 4.621576e-01 1.120809e+00 -2.851171e+00 -2.674507e-02 3.110743e+00 -6.127218e-01 -3.805463e+00 -5.996955e+00 -1.672635e-01 -1.167281e+00 -7.079218e-01 -5.448201e-01 6.576877e-01 8.795700e-01 7.040308e-01 2.614064e-01 -1.928142e-01 -6.090465e-01 -4.751684e-01 -3.036886e-01 3.072749e-02
<VARIANCE> 25
 1.020340e+01 1.901542e+01 1.864988e+01 3.046263e+01 3.702164e+01 4.427577e+01 3.895059e+01 4.025223e+01 4.222115e+01 4.154758e+01 4.267489e+01 2.968251e+01 4.502803e-01 7.908851e-01 9.770304e-01 1.511190e+00 1.720908e+00 2.097790e+00 2.124898e+00 2.485200e+00 2.311412e+00 2.167147e+00 2.582032e+00 1.993298e+00 6.575015e-04
<GCONST> 8.515812e+01
<MIXTURE> 49 5.548473e-03
<MEAN> 25
 -4.235106e+00 9.665330e-01 1.143265e-01 7.615645e+00 5.938880e+00 4.577113e+00 6.147871e+00 5.074908e+00 5.284400e+00 3.714056e+00 3.897011e+00 2.359725e+00 3.174227e-01 6.321416e-01 6.841827e-01 4.041742e-01 -2.403861e-01 -6.446925e-01 -1.029120e+00 -1.044656e+00 -9.298230e-01 -5.648769e-01 -3.869730e-01 -3.026446e-01 -8.335151e-04
<VARIANCE> 25
 1.031487e+01 9.473878e+00 1.195734e+01 1.565348e+01 1.335165e+01 1.790602e+01 1.809397e+01 1.910279e+01 1.637701e+01 1.506944e+01 2.070641e+01 1.419922e+01 2.422269e-01 2.334748e-01 3.276218e-01 5.479530e-01 9.116756e-01 9.841222e-01 9.383187e-01 1.102590e+00 1.084281e+00 1.138118e+00 1.210524e+00 1.101558e+00 1.722584e-05
<GCONST> 6.313993e+01
<MIXTURE> 50 6.234641e-03
<MEAN> 25
 -3.414484e+00 1.142068e+00 -1.729881e+00 5.598445e+00 4.600546e+00 2.056959e+00 3.773831e+00 2.290567e+00 2.602983e+00 1.958043e+00 1.588883e+00 2.250508e+00 4.005238e-02 1.507032e-01 1.208123e-01 -1.637573e-01 -5.141868e-01 -6.557118e-01 -4.461857e-01 -8.403175e-02 3.842293e-01 8.220526e-01 6.405287e-01 3.442260e-01 -4.740767e-05
<VARIANCE> 25
 1.169823e+01 1.111357e+01 1.198503e+01 1.320327e+01 1.266920e+01 1.664469e+01 1.598852e+01 1.906747e+01 1.601446e+01 1.572036e+01 2.099293e+01 1.369858e+01 1.321811e-01 2.202076e-01 3.548828e-01 4.381976e-01 5.429375e-01 6.794108e-01 1.019097e+00 9.679290e-01 1.021118e+00 8.495354e-01 1.003626e+00 1.027172e+00 1.633861e-06
<GCONST> 5.829461e+01
<MIXTURE> 51 6.234641e-03
<MEAN> 25
 -3.414484e+00 1.142068e+00 -1.729881e+00 5.598445e+00 4.600546e+00 2.056959e+00 3.773831e+00 2.290567e+00 2.602983e+00 1.958043e+00 1.588883e+00 2.250508e+00 4.005238e-02 1.507032e-01 1.208123e-01 -1.637573e-01 -5.141868e-01 -6.557118e-01 -4.461857e-01 -8.403175e-02 3.842293e-01 8.220526e-01 6.405287e-01 3.442260e-01 -4.740767e-05
<VARIANCE> 25
 1.169823e+01 1.111357e+01 1.198503e+01 1.320327e+01 1.266920e+01 1.664469e+01 1.598852e+01 1.906747e+01 1.601446e+01 1.572036e+01 2.099293e+01 1.369858e+01 1.321811e-01 2.202076e-01 3.548828e-01 4.381976e-01 5.429375e-01 6.794108e-01 1.019097e+00 9.679290e-01 1.021118e+00 8.495354e-01 1.003626e+00 1.027172e+00 1.633861e-06
<GCONST> 5.829461e+01
<MIXTURE> 52 6.367945e-03
<MEAN> 25
 9.847231e+00 6.964080e-01 -6.291459e+00 -1.514232e+01 -3.829466e+00 9.557121e+00 -2.844828e+00 -4.238917e+00 -4.582232e+00 -2.243534e+00 3.933041e+00 8.749141e-01 -5.691195e-01 -4.130630e-01 -3.804960e-01 8.679992e-01 1.676341e+00 -3.878629e-01 -4.383853e-01 -7.606351e-01 7.627396e-02 1.367184e+00 2.144814e-01 -6.227992e-01 -5.542469e-03
<VARIANCE> 25
 9.164657e+00 2.506838e+01 2.208114e+01 3.616260e+01 4.446994e+01 3.127831e+01 3.954843e+01 4.777684e+01 3.660940e+01 4.241407e+01 3.733289e+01 2.636466e+01 5.715863e-01 1.303999e+00 1.642653e+00 2.940042e+00 2.806854e+00 2.020134e+00 2.670205e+00 2.643659e+00 2.573922e+00 2.433586e+00 2.985911e+00 1.997052e+00 1.680359e-03
<GCONST> 8.929013e+01
<MIXTURE> 53 6.367945e-03
<MEAN> 25
 9.847231e+00 6.964080e-01 -6.291459e+00 -1.514232e+01 -3.829466e+00 9.557121e+00 -2.844828e+00 -4.238917e+00 -4.582232e+00 -2.243534e+00 3.933041e+00 8.749141e-01 -5.691195e-01 -4.130630e-01 -3.804960e-01 8.679992e-01 1.676341e+00 -3.878629e-01 -4.383853e-01 -7.606351e-01 7.627396e-02 1.367184e+00 2.144814e-01 -6.227992e-01 -5.542469e-03
<VARIANCE> 25
 9.164657e+00 2.506838e+01 2.208114e+01 3.616260e+01 4.446994e+01 3.127831e+01 3.954843e+01 4.777684e+01 3.660940e+01 4.241407e+01 3.733289e+01 2.636466e+01 5.715863e-01 1.303999e+00 1.642653e+00 2.940042e+00 2.806854e+00 2.020134e+00 2.670205e+00 2.643659e+00 2.573922e+00 2.433586e+00 2.985911e+00 1.997052e+00 1.680359e-03
<GCONST> 8.929013e+01
<MIXTURE> 54 7.368620e-03
<MEAN> 25
 -2.795934e+00 8.683892e-01 -1.083349e+00 6.893044e+00 6.595670e+00 4.106746e+00 4.649131e+00 4.658363e+00 3.952672e+00 3.621727e+00 3.471510e+00 1.972791e+00 1.139530e-02 1.964643e-02 4.800582e-02 8.781149e-02 6.544507e-02 5.269115e-02 1.147991e-01 -3.088115e-02 1.555923e-02 8.044231e-02 5.633073e-02 -2.446990e-02 8.474312e-05
<VARIANCE> 25
 8.647593e+00 9.635743e+00 7.736785e+00 1.766955e+01 1.105068e+01 1.313445e+01 9.911315e+00 1.059280e+01 1.094212e+01 1.228191e+01 1.760441e+01 1.163475e+01 3.649968e-02 9.858693e-02 1.589667e-01 2.313471e-01 3.443325e-01 5.528852e-01 4.627537e-01 5.410832e-01 4.879555e-01 5.113863e-01 5.320449e-01 5.503569e-01 1.551772e-06
<GCONST> 4.717583e+01
<MIXTURE> 55 7.368620e-03
<MEAN> 25
 -2.795934e+00 8.683892e-01 -1.083349e+00 6.893044e+00 6.595670e+00 4.106746e+00 4.649131e+00 4.658363e+00 3.952672e+00 3.621727e+00 3.471510e+00 1.972791e+00 1.139530e-02 1.964643e-02 4.800582e-02 8.781149e-02 6.544507e-02 5.269115e-02 1.147991e-01 -3.088115e-02 1.555923e-02 8.044231e-02 5.633073e-02 -2.446990e-02 8.474312e-05
<VARIANCE> 25
 8.647593e+00 9.635743e+00 7.736785e+00 1.766955e+01 1.105068e+01 1.313445e+01 9.911315e+00 1.059280e+01 1.094212e+01 1.228191e+01 1.760441e+01 1.163475e+01 3.649968e-02 9.858693e-02 1.589667e-01 2.313471e-01 3.443325e-01 5.528852e-01 4.627537e-01 5.410832e-01 4.879555e-01 5.113863e-01 5.320449e-01 5.503569e-01 1.551772e-06
<GCONST> 4.717583e+01
<MIXTURE> 56 6.132464e-03
<MEAN> 25
 6.800148e+00 -7.353601e+00 -9.245923e+00 -9.670584e+00 3.339074e+00 5.664378e+00 -2.330117e+00 -2.863331e+00 6.807320e-01 3.738565e-01 -1.175790e+00 -6.474189e+00 -7.123903e-02 -6.323969e-02 -4.292276e-02 9.167159e-02 2.023030e-01 8.536422e-02 6.033531e-02 -1.073474e-01 -3.453797e-02 6.644519e-02 2.755172e-02 -7.095329e-02 -6.597394e-03
<VARIANCE> 25
 8.155712e+00 1.993143e+01 1.600381e+01 3.997867e+01 2.922424e+01 4.906204e+01 4.611777e+01 3.176709e+01 3.773912e+01 3.746181e+01 3.544214e+01 2.948409e+01 2.018410e-01 4.483902e-01 4.786134e-01 7.351838e-01 6.618544e-01 8.990110e-01 7.778962e-01 1.035458e+00 8.297988e-01 9.185971e-01 1.041418e+00 9.804160e-01 2.689945e-04
<GCONST> 7.360876e+01
<MIXTURE> 57 6.132464e-03
<MEAN> 25
 6.800148e+00 -7.353601e+00 -9.245923e+00 -9.670584e+00 3.339074e+00 5.664378e+00 -2.330117e+00 -2.863331e+00 6.807320e-01 3.738565e-01 -1.175790e+00 -6.474189e+00 -7.123903e-02 -6.323969e-02 -4.292276e-02 9.167159e-02 2.023030e-01 8.536422e-02 6.033531e-02 -1.073474e-01 -3.453797e-02 6.644519e-02 2.755172e-02 -7.095329e-02 -6.597394e-03
<VARIANCE> 25
 8.155712e+00 1.993143e+01 1.600381e+01 3.997867e+01 2.922424e+01 4.906204e+01 4.611777e+01 3.176709e+01 3.773912e+01 3.746181e+01 3.544214e+01 2.948409e+01 2.018410e-01 4.483902e-01 4.786134e-01 7.351838e-01 6.618544e-01 8.990110e-01 7.778962e-01 1.035458e+00 8.297988e-01 9.185971e-01 1.041418e+00 9.804160e-01 2.689945e-04
<GCONST> 7.360876e+01
<MIXTURE> 58 6.172147e-03
<MEAN> 25
 2.719301e+00 -3.166282e+00 7.413547e+00 -5.214633e+00 -1.353652e+01 -5.461761e+00 1.437835e+00 6.662538e-01 -2.586001e+00 1.649922e+00 4.807543e-01 -8.952244e-01 -1.092806e-02 -1.318764e-01 -8.668708e-02 -1.756472e-01 -3.790671e-02 2.390699e-01 3.728985e-01 2.270528e-01 1.749922e-02 1.858736e-02 -5.499036e-02 -1.280378e-01 -2.689767e-03
<VARIANCE> 25
 8.471510e+00 1.506194e+01 1.990826e+01 2.675284e+01 2.278481e+01 4.728118e+01 3.321369e+01 3.547297e+01 3.222168e+01 3.150757e+01 2.277178e+01 2.006359e+01 3.159797e-01 8.078241e-01 7.546088e-01 1.024077e+00 8.768469e-01 1.203123e+00 1.141125e+00 1.272789e+00 1.091173e+00 1.059832e+00 9.065467e-01 8.881907e-01 7.120571e-04
<GCONST> 7.565961e+01
<MIXTURE> 59 6.172147e-03
<MEAN> 25
 2.719301e+00 -3.166282e+00 7.413547e+00 -5.214633e+00 -1.353652e+01 -5.461761e+00 1.437835e+00 6.662538e-01 -2.586001e+00 1.649922e+00 4.807543e-01 -8.952244e-01 -1.092806e-02 -1.318764e-01 -8.668708e-02 -1.756472e-01 -3.790671e-02 2.390699e-01 3.728985e-01 2.270528e-01 1.749922e-02 1.858736e-02 -5.499036e-02 -1.280378e-01 -2.689767e-03
<VARIANCE> 25
 8.471510e+00 1.506194e+01 1.990826e+01 2.675284e+01 2.278481e+01 4.728118e+01 3.321369e+01 3.547297e+01 3.222168e+01 3.150757e+01 2.277178e+01 2.006359e+01 3.159797e-01 8.078241e-01 7.546088e-01 1.024077e+00 8.768469e-01 1.203123e+00 1.141125e+00 1.272789e+00 1.091173e+00 1.059832e+00 9.065467e-01 8.881907e-01 7.120571e-04
<GCONST> 7.565961e+01
<MIXTURE> 60 4.479129e-03
<MEAN> 25
 -2.164819e+00 1.263401e+00 -1.612105e+00 3.284342e+00 2.970587e+00 1.469901e+00 2.017335e+00 2.448987e+00 2.554230e+00 2.581364e+00 8.617642e-01 1.572975e+00 -9.701066e-03 9.149694e-02 1.152947e-01 7.137950e-02 1.134525e-01 5.639196e-02 2.243202e-01 4.102092e-01 6.403918e-01 6.613633e-01 4.210995e-01 3.026470e-01 9.579738e-04
<VARIANCE> 25
 6.586138e+00 5.143695e+00 7.251512e+00 8.107100e+00 9.749179e+00 1.253390e+01 1.044624e+01 1.004107e+01 1.054316e+01 1.176346e+01 1.333860e+01 9.728443e+00 7.212878e-02 1.685616e-01 2.607576e-01 3.798183e-01 6.597028e-01 7.568652e-01 7.228317e-01 1.021632e+00 1.162041e+00 8.247946e-01 8.418465e-01 8.715014e-01 3.275268e-05
<GCONST> 5.428999e+01
<MIXTURE> 61 4.479129e-03
<MEAN> 25
 -2.164819e+00 1.263401e+00 -1.612105e+00 3.284342e+00 2.970587e+00 1.469901e+00 2.017335e+00 2.448987e+00 2.554230e+00 2.581364e+00 8.617642e-01 1.572975e+00 -9.701066e-03 9.149694e-02 1.152947e-01 7.137950e-02 1.134525e-01 5.639196e-02 2.243202e-01 4.102092e-01 6.403918e-01 6.613633e-01 4.210995e-01 3.026470e-01 9.579738e-04
<VARIANCE> 25
 6.586138e+00 5.143695e+00 7.251512e+00 8.107100e+00 9.749179e+00 1.253390e+01 1.044624e+01 1.004107e+01 1.054316e+01 1.176346e+01 1.333860e+01 9.728443e+00 7.212878e-02 1.685616e-01 2.607576e-01 3.798183e-01 6.597028e-01 7.568652e-01 7.228317e-01 1.021632e+00 1.162041e+00 8.247946e-01 8.418465e-01 8.715014e-01 3.275268e-05
<GCONST> 5.428999e+01
<MIXTURE> 62 3.278034e-03
<MEAN> 25
 -4.877057e+00 1.341695e+00 9.337912e-01 8.638748e+00 6.046520e+00 4.911240e+00 5.468753e+00 4.106777e+00 5.030632e+00 4.058233e+00 4.900339e+00 2.925980e+00 -9.678726e-01 -1.151621e+00 -9.284840e-01 -2.796157e-01 3.853314e-01 9.575675e-01 1.376610e+00 1.554712e+00 1.464043e+00 1.203169e+00 1.056143e+00 7.075731e-01 -1.371300e-03
<VARIANCE> 25
 1.057983e+01 9.821091e+00 1.286963e+01 1.687190e+01 1.709205e+01 1.737514e+01 1.918985e+01 1.880383e+01 1.858200e+01 1.875944e+01 2.106124e+01 1.430741e+01 4.176177e-01 4.316040e-01 5.509568e-01 7.671560e-01 1.042531e+00 1.209676e+00 1.223975e+00 1.251614e+00 1.288629e+00 1.428522e+00 1.373570e+00 1.370917e+00 1.723071e-05
<GCONST> 6.747335e+01
<MIXTURE> 63 4.351215e-03
<MEAN> 25
 -1.757712e+00 6.161242e-01 -3.878722e+00 2.462284e+00 3.988553e+00 2.461252e-01 2.507155e+00 2.998926e+00 3.237888e+00 7.833503e-01 -1.501664e+00 1.571419e+00 -4.651285e-02 3.296311e-01 4.025097e-01 4.961179e-01 5.412279e-01 3.816611e-01 5.230222e-01 1.047524e-01 8.506945e-02 1.813869e-01 2.923595e-01 4.080017e-02 1.880492e-03
<VARIANCE> 25
 6.934120e+00 1.166370e+01 9.700476e+00 9.309566e+00 1.132773e+01 1.624179e+01 1.624780e+01 1.663480e+01 1.891709e+01 1.659267e+01 1.305461e+01 1.208585e+01 1.746762e-01 3.258539e-01 5.786580e-01 6.085295e-01 8.377667e-01 9.135584e-01 1.065719e+00 1.348757e+00 1.383046e+00 1.355883e+00 1.516346e+00 1.181038e+00 1.980352e-04
<GCONST> 6.533747e+01
<MIXTURE> 64 4.351215e-03
<MEAN> 25
 -1.757712e+00 6.161242e-01 -3.878722e+00 2.462284e+00 3.988553e+00 2.461252e-01 2.507155e+00 2.998926e+00 3.237888e+00 7.833503e-01 -1.501664e+00 1.571419e+00 -4.651285e-02 3.296311e-01 4.025097e-01 4.961179e-01 5.412279e-01 3.816611e-01 5.230222e-01 1.047524e-01 8.506945e-02 1.813869e-01 2.923595e-01 4.080017e-02 1.880492e-03
<VARIANCE> 25
 6.934120e+00 1.166370e+01 9.700476e+00 9.309566e+00 1.132773e+01 1.624179e+01 1.624780e+01 1.663480e+01 1.891709e+01 1.659267e+01 1.305461e+01 1.208585e+01 1.746762e-01 3.258539e-01 5.786580e-01 6.085295e-01 8.377667e-01 9.135584e-01 1.065719e+00 1.348757e+00 1.383046e+00 1.355883e+00 1.516346e+00 1.181038e+00 1.980352e-04
<GCONST> 6.533747e+01
<MIXTURE> 65 1.721197e-02
<MEAN> 25
 8.094959e+00 7.634704e-01 2.472842e+00 1.730759e-01 -6.269695e+00 -3.570473e+00 -5.581435e+00 -6.689445e+00 -4.281440e+00 -2.589787e+00 -5.330851e+00 -2.011812e+00 1.891693e-01 1.714510e-01 1.046309e-01 2.634734e-01 -2.264229e-01 6.624713e-02 -8.487504e-02 -1.815480e-01 2.561557e-01 2.808231e-01 -7.824862e-02 -2.024213e-01 -7.214959e-03
<VARIANCE> 25
 9.319722e+00 2.504755e+01 2.389517e+01 3.535091e+01 3.907384e+01 5.486995e+01 5.035257e+01 6.040298e+01 5.093008e+01 5.507130e+01 4.890515e+01 4.542388e+01 5.086091e-01 9.322577e-01 1.687160e+00 1.849385e+00 2.050563e+00 2.371119e+00 2.230985e+00 2.596868e+00 2.243907e+00 2.591354e+00 2.231244e+00 2.016040e+00 4.204198e-04
<GCONST> 8.869409e+01
<MIXTURE> 66 1.191532e-02
<MEAN> 25
 6.591611e+00 -4.555109e+00 -5.074398e+00 -5.895885e+00 3.321923e-01 -2.781107e+00 -6.171371e+00 -6.614235e-02 -1.149240e+00 -2.911798e+00 -4.680101e+00 -2.691781e+00 1.437201e-01 1.273180e+00 2.322638e+00 2.137426e+00 -1.549013e+00 -1.244216e+00 6.748856e-03 -1.311557e-01 -3.807530e-02 -3.781797e-01 -6.369885e-01 7.061165e-01 -6.230417e-02
<VARIANCE> 25
 8.324700e+00 1.997680e+01 2.480756e+01 3.900009e+01 3.632787e+01 6.042857e+01 4.710870e+01 4.946576e+01 5.795002e+01 5.855595e+01 3.843665e+01 3.203034e+01 1.348312e+00 2.368296e+00 2.341331e+00 2.314339e+00 4.735694e+00 3.385601e+00 3.496395e+00 5.429475e+00 3.924375e+00 4.625464e+00 4.021750e+00 3.780015e+00 1.216826e-03
<GCONST> 9.610629e+01
<MIXTURE> 67 1.559142e-02
<MEAN> 25
 8.496778e+00 8.542185e-01 -6.434287e+00 -8.753733e+00 1.486657e+00 4.564945e+00 -3.435953e+00 -3.109107e+00 -3.530435e+00 1.220741e+00 6.674107e-01 -2.028894e+00 -8.278712e-01 1.923535e+00 8.997777e-01 2.873924e+00 1.174241e+00 -5.966853e-01 1.080567e+00 2.965287e-01 2.512685e-01 2.257422e-01 -4.459520e-01 8.210772e-01 -1.242010e-01
<VARIANCE> 25
 1.066693e+01 4.165571e+01 2.695024e+01 5.568695e+01 4.287354e+01 5.430925e+01 5.093537e+01 4.745416e+01 5.928062e+01 5.099929e+01 4.762840e+01 4.205672e+01 2.082675e+00 3.159338e+00 3.254544e+00 3.941813e+00 4.612971e+00 3.823722e+00 4.143222e+00 4.519675e+00 4.561450e+00 4.420774e+00 4.517118e+00 3.531692e+00 2.726411e-03
<GCONST> 1.006216e+02
<MIXTURE> 68 1.485092e-02
<MEAN> 25
 -3.090737e+00 -2.884514e+00 -4.809800e+00 4.734988e-01 6.119066e+00 -1.283930e+00 1.065302e+00 8.933904e-01 1.940967e+00 1.658296e+00 1.094133e+00 8.467571e-01 2.713763e+00 4.813913e-01 2.015205e-01 -2.424695e+00 -2.749697e+00 -1.314022e+00 -2.067406e+00 -1.687039e+00 -1.278300e+00 -1.867211e+00 -1.588203e+00 -1.294392e+00 9.346282e-02
<VARIANCE> 25
 2.771199e+01 2.829599e+01 4.934016e+01 4.731602e+01 4.370494e+01 5.616933e+01 4.395593e+01 3.944853e+01 3.283005e+01 4.417068e+01 3.243912e+01 3.488381e+01 1.941233e+00 3.153703e+00 5.276161e+00 4.939163e+00 4.482253e+00 5.058237e+00 4.886723e+00 4.377673e+00 5.374376e+00 4.989482e+00 5.069313e+00 3.087416e+00 5.394185e-03
<GCONST> 1.020155e+02
<MIXTURE> 69 1.204884e-02
<MEAN> 25
 4.598022e+00 -4.191999e+00 -4.091632e+00 -4.056772e+00 -3.121565e+00 -7.248657e+00 -1.497009e+00 1.236726e+00 7.050921e-02 -4.652790e+00 -5.708289e+00 4.083276e-01 1.884192e+00 -2.308081e+00 -1.294765e+00 -2.212922e+00 -6.353287e-01 -1.930037e-01 -4.321012e-01 3.094864e-01 -6.369493e-01 -1.202007e+00 -1.936350e+00 -7.566113e-02 6.303765e-02
<VARIANCE> 25
 8.019464e+00 2.080815e+01 2.556684e+01 2.453677e+01 3.931526e+01 3.418200e+01 4.399699e+01 3.344899e+01 3.702201e+01 3.421818e+01 2.900100e+01 2.497181e+01 3.582370e+00 2.742710e+00 2.975824e+00 3.261109e+00 5.322903e+00 4.665665e+00 6.358795e+00 6.077956e+00 5.254366e+00 5.864105e+00 4.380267e+00 3.360891e+00 2.201203e-03
<GCONST> 9.715521e+01
<MIXTURE> 70 1.329190e-02
<MEAN> 25
 6.690477e+00 -2.908164e+00 -3.998088e+00 -4.000731e+00 -1.069863e+00 -6.963792e-01 -7.162321e+00 -4.253081e+00 1.232997e+00 1.522983e+00 -1.302365e-01 -5.307374e+00 2.229445e+00 -1.196677e+00 -6.369715e-01 -2.151686e+00 -1.774386e+00 1.332273e+00 -1.197261e+00 -3.499238e-01 2.293884e-01 -1.197645e-01 3.002353e-01 -1.113200e+00 5.857189e-02
<VARIANCE> 25
 1.040928e+01 2.410137e+01 2.402203e+01 4.360572e+01 3.936958e+01 3.795213e+01 4.093681e+01 3.443137e+01 5.104873e+01 3.432765e+01 4.162207e+01 2.265891e+01 3.271306e+00 2.700675e+00 4.081111e+00 3.872221e+00 4.672430e+00 5.792766e+00 5.474937e+00 6.290150e+00 5.568863e+00 4.716395e+00 5.154734e+00 4.294241e+00 2.014340e-03
<GCONST> 9.923858e+01
<MIXTURE> 71 1.406903e-02
<MEAN> 25
 5.700183e+00 4.386805e+00 4.291080e+00 2.937379e+00 -4.229593e+00 -3.492884e+00 -3.783988e+00 -6.745111e+00 -4.800573e+00 -2.328821e+00 -4.288433e+00 -2.713822e+00 -1.658282e+00 -6.435831e-01 -4.501302e-01 -1.957140e+00 1.438995e+00 1.651436e-01 -3.502189e-03 1.833811e+00 1.705430e-01 1.140509e-01 8.249552e-01 4.066491e-01 4.011457e-02
<VARIANCE> 25
 1.816608e+01 2.546857e+01 2.144879e+01 3.903102e+01 3.798394e+01 3.581659e+01 3.774032e+01 3.603389e+01 3.460823e+01 3.919268e+01 3.728797e+01 3.132692e+01 1.633746e+00 2.697790e+00 4.725756e+00 4.654451e+00 4.675272e+00 4.566888e+00 4.107584e+00 5.197768e+00 3.845624e+00 4.059349e+00 3.163091e+00 3.127525e+00 2.164607e-03
<GCONST> 9.712103e+01
<MIXTURE> 72 8.134747e-03
<MEAN> 25
 3.704293e+00 -5.727755e+00 5.853505e+00 -1.848942e+00 -1.162437e+01 -9.713082e+00 -3.360489e+00 1.835151e+00 -4.315117e+00 -2.629240e+00 -5.358649e-01 1.456967e+00 9.192122e-01 -8.386299e-01 -2.487824e+00 3.332115e-01 2.066003e+00 -1.634225e-01 -9.662203e-01 1.627021e+00 1.987010e+00 -4.918428e-01 -1.252117e+00 5.872100e-02 -7.308556e-03
<VARIANCE> 25
 9.074793e+00 2.874235e+01 2.710764e+01 3.171836e+01 3.119650e+01 2.751452e+01 3.523145e+01 3.149225e+01 3.819702e+01 3.383448e+01 3.704493e+01 2.818636e+01 3.814500e-01 8.672638e-01 1.655517e+00 1.271303e+00 1.766985e+00 2.835760e+00 2.782332e+00 2.337780e+00 2.224227e+00 2.455123e+00 1.638320e+00 2.376188e+00 4.458513e-04
<GCONST> 8.461270e+01
<MIXTURE> 73 1.213625e-02
<MEAN> 25
 -4.864984e+00 -7.254041e-01 -1.672157e+00 4.318552e+00 4.316382e+00 2.233113e+00 4.475016e+00 3.255162e+00 4.263969e+00 2.907095e+00 3.235062e+00 2.617540e+00 4.072368e-01 -1.544143e+00 -6.288935e-01 -2.316464e+00 -1.522602e+00 -2.160686e+00 -1.464194e+00 -6.702303e-01 -1.105085e+00 -1.003311e+00 -7.092997e-01 1.024982e-01 1.569582e-01
<VARIANCE> 25
 1.449742e+01 1.278836e+01 1.694415e+01 1.999616e+01 1.979157e+01 2.242648e+01 2.159915e+01 1.797674e+01 1.621836e+01 1.772981e+01 2.245892e+01 1.423839e+01 3.719330e+00 3.461118e+00 6.635774e+00 4.060269e+00 6.903862e+00 4.566306e+00 4.671082e+00 3.551913e+00 3.282413e+00 4.013725e+00 3.295390e+00 2.990980e+00 3.681248e-03
<GCONST> 9.185159e+01
<MIXTURE> 74 1.756491e-02
<MEAN> 25
 4.141166e+00 -2.316273e+00 6.056061e+00 -4.205270e-01 -9.105471e+00 -7.723628e+00 -3.447835e+00 -6.151090e-01 -4.334964e+00 -2.884507e+00 -1.198220e+00 9.912833e-02 1.922274e-01 1.986293e+00 -2.872928e-01 1.426935e+00 1.462172e+00 1.964140e-01 3.138613e-01 -7.180966e-01 3.831482e-01 3.624297e-01 -5.926406e-01 -7.225178e-02 -8.309059e-02
<VARIANCE> 25
 1.112977e+01 2.361487e+01 3.949692e+01 3.313161e+01 3.675492e+01 2.929400e+01 4.126918e+01 5.193540e+01 4.301480e+01 3.508666e+01 3.065725e+01 2.669704e+01 1.798998e+00 1.551710e+00 3.285475e+00 2.125854e+00 3.076119e+00 3.415633e+00 4.002114e+00 3.783082e+00 3.072103e+00 3.122949e+00 2.952909e+00 2.972917e+00 1.753567e-03
<GCONST> 9.350073e+01
<MIXTURE> 75 9.711651e-03
<MEAN> 25
 1.721478e+00 -2.588854e+00 1.171376e+01 1.343396e+00 -1.319051e+01 -7.518337e+00 -4.837312e+00 -3.152790e+00 -6.718923e+00 -5.371496e+00 3.001399e+00 1.045520e-01 1.418514e+00 -1.813481e+00 3.883929e-01 -2.756328e-01 -2.502364e+00 -2.605504e-01 -1.332047e+00 2.361023e-01 -1.743452e-01 1.009644e-03 1.075088e+00 -4.912039e-01 4.165697e-02
<VARIANCE> 25
 9.510324e+00 1.964700e+01 2.298061e+01 2.011321e+01 2.611670e+01 3.350148e+01 2.727411e+01 3.047824e+01 3.396088e+01 2.082253e+01 1.567859e+01 2.416301e+01 2.111486e+00 1.628024e+00 3.097492e+00 1.783713e+00 3.232742e+00 3.156754e+00 3.448434e+00 2.818238e+00 3.822030e+00 2.464607e+00 2.490727e+00 2.991387e+00 2.000625e-03
<GCONST> 8.888651e+01
<MIXTURE> 76 1.052359e-02
<MEAN> 25
 -6.024095e+00 -9.131303e-02 -2.695392e+00 3.924433e+00 4.456027e+00 1.018784e+00 3.431008e+00 2.005621e+00 2.396484e+00 9.724584e-01 1.195783e+00 2.846192e+00 -1.769820e-01 -6.510785e-01 -3.585296e-01 -8.120711e-01 -4.697694e-01 -8.865196e-01 -4.370741e-01 -2.026234e-01 -3.153939e-01 -5.101967e-01 -3.578910e-01 -7.726136e-02 1.858029e-02
<VARIANCE> 25
 3.840040e+01 2.524467e+01 2.220445e+01 2.278039e+01 2.512723e+01 2.971950e+01 2.120623e+01 2.597786e+01 2.175969e+01 2.595099e+01 2.412707e+01 1.832006e+01 9.185108e-01 1.064663e+00 1.235206e+00 1.331095e+00 1.367895e+00 1.508829e+00 1.358756e+00 1.474598e+00 1.782149e+00 1.434636e+00 1.547712e+00 1.480969e+00 1.216576e-03
<GCONST> 8.135564e+01
<MIXTURE> 77 1.244626e-02
<MEAN> 25
 -5.145454e-01 8.488436e+00 1.247452e+01 -1.144264e+01 -7.048286e+00 8.504902e-01 -9.180800e+00 -7.257581e+00 -3.476495e+00 -2.752547e-01 -4.553428e+00 -1.546624e+00 6.594058e-02 1.396817e-01 8.181232e-02 2.327729e-01 -1.973726e-02 7.891644e-02 -6.227848e-02 -5.197003e-02 7.937221e-02 -4.579014e-02 2.284517e-02 1.285671e-01 -9.575932e-03
<VARIANCE> 25
 1.070542e+01 2.033696e+01 2.718928e+01 4.248624e+01 3.293519e+01 3.408487e+01 3.692734e+01 3.158899e+01 3.516289e+01 3.291855e+01 3.748892e+01 3.466693e+01 3.093488e-01 7.905687e-01 6.457291e-01 1.117679e+00 1.237326e+00 9.788192e-01 1.212811e+00 1.070160e+00 1.028455e+00 1.048348e+00 9.635876e-01 9.502050e-01 5.592078e-04
<GCONST> 7.790713e+01
<MIXTURE> 78 9.702551e-03
<MEAN> 25
 -1.171219e+01 1.275455e+00 -2.162075e+00 1.927217e+00 4.126275e+00 -2.615398e+00 3.461590e+00 2.202516e+00 2.724902e+00 -5.403303e-01 -8.579397e-01 2.869568e+00 2.545202e+00 -3.858157e-01 2.617205e-02 1.020412e-02 -6.151083e-02 8.842954e-02 -3.510055e-01 -2.278625e-02 3.188155e-01 5.861398e-02 -7.868580e-01 -9.181149e-01 -5.078347e-02
<VARIANCE> 25
 3.665848e+01 2.817676e+01 2.937606e+01 2.916811e+01 3.400905e+01 3.416687e+01 3.205353e+01 2.987085e+01 2.721536e+01 3.356463e+01 2.700397e+01 2.028217e+01 4.865942e+00 2.303404e+00 2.561297e+00 4.151040e+00 2.465253e+00 3.076073e+00 2.946044e+00 2.512550e+00 2.091572e+00 2.079530e+00 2.734949e+00 3.007236e+00 4.543417e-03
<GCONST> 9.367683e+01
<MIXTURE> 79 1.156824e-02
<MEAN> 25
 2.204819e+00 -3.363583e-02 1.024992e+01 -3.963959e+00 -1.362794e+01 -3.353364e+00 -2.417681e+00 -7.606592e+00 -7.674459e+00 -1.915057e+00 -2.029229e+00 -3.683536e+00 1.237662e+00 -4.433198e-01 -1.509397e+00 2.243724e+00 2.974508e-01 -1.227130e+00 6.408319e-01 8.142101e-01 -2.931215e-01 -4.016395e-01 2.375409e-01 2.586921e-01 -3.645550e-02
<VARIANCE> 25
 1.065668e+01 2.170771e+01 3.062551e+01 4.785116e+01 2.946535e+01 3.889750e+01 3.107883e+01 2.848398e+01 3.050260e+01 3.547253e+01 3.495340e+01 2.932372e+01 7.138386e-01 2.019160e+00 1.448737e+00 1.634100e+00 2.059405e+00 2.461287e+00 2.666886e+00 2.609446e+00 2.067604e+00 2.048249e+00 1.764688e+00 1.777309e+00 1.274054e-03
<GCONST> 8.714111e+01
<MIXTURE> 80 7.550998e-03
<MEAN> 25
 -1.544784e+01 3.940042e+00 1.366498e+00 2.769074e+00 1.860887e+00 9.164342e-01 6.108581e+00 2.567266e+00 2.705253e+00 1.015799e+00 4.984707e+00 1.595082e+00 4.274675e+00 5.995224e-02 1.459069e+00 -7.841992e-01 -2.903168e+00 -2.834520e+00 -1.948291e+00 -2.018420e+00 -2.312583e+00 -1.528796e+00 -1.647072e+00 -5.322537e-01 -4.529858e-02
<VARIANCE> 25
 2.505983e+01 1.798603e+01 3.493853e+01 3.139370e+01 3.038650e+01 2.856903e+01 2.603202e+01 2.601552e+01 2.526737e+01 4.060313e+01 2.478051e+01 1.796382e+01 2.182182e+00 2.444267e+00 2.649242e+00 4.720607e+00 3.061392e+00 2.474421e+00 3.831430e+00 2.926042e+00 3.445169e+00 2.662748e+00 2.501295e+00 2.038586e+00 1.389655e-03
<GCONST> 9.128285e+01
<MIXTURE> 81 8.025434e-03
<MEAN> 25
 -1.262255e+00 3.961535e+00 1.049060e+01 -1.429678e+01 -8.942163e+00 -1.559318e+00 -6.779269e+00 -8.185167e+00 -4.347246e+00 -7.706686e-01 -7.297448e+00 -2.116387e+00 1.223325e-01 -6.380461e-01 2.544260e-02 -5.047277e-01 -5.227662e-01 3.368398e-01 2.904905e-01 1.609884e-01 -1.303293e-01 4.808826e-02 -4.599465e-01 -5.037727e-02 1.393963e-02
<VARIANCE> 25
 1.026363e+01 3.140540e+01 2.666978e+01 3.179951e+01 3.274645e+01 2.956059e+01 4.346984e+01 2.837778e+01 3.659618e+01 3.228518e+01 2.542797e+01 2.984971e+01 7.636667e-01 2.327435e+00 1.496051e+00 2.774788e+00 2.769761e+00 2.044738e+00 3.206583e+00 2.191807e+00 2.239322e+00 2.483419e+00 2.220819e+00 2.108953e+00 1.296464e-03
<GCONST> 8.845925e+01
<MIXTURE> 82 8.213053e-03
<MEAN> 25
 -9.687015e+00 -4.122458e+00 2.167137e+00 -4.076471e+00 3.603115e+00 8.350136e-01 6.287990e-01 1.274637e+00 3.226768e-02 1.338294e+00 1.516006e+00 2.624770e+00 -1.655023e+00 -1.133168e-01 3.340768e-01 -2.201902e+00 -4.167296e-01 -1.066322e+00 -9.077411e-01 -1.078936e+00 -5.280511e-01 -6.515471e-01 -2.254055e-01 -5.494758e-02 1.665608e-01
<VARIANCE> 25
 1.854312e+01 2.166609e+01 2.845278e+01 2.940561e+01 2.911226e+01 2.775031e+01 3.983691e+01 2.999463e+01 4.785734e+01 2.465308e+01 2.576479e+01 1.477583e+01 3.555423e+00 3.076901e+00 2.908886e+00 3.222774e+00 5.464981e+00 3.056817e+00 2.531993e+00 3.643834e+00 2.573800e+00 2.529418e+00 1.969814e+00 1.582380e+00 3.483528e-03
<GCONST> 9.248627e+01
<MIXTURE> 83 1.167529e-02
<MEAN> 25
 -2.011716e+01 5.569453e+00 -1.044924e+00 -5.490736e-01 7.468868e+00 -1.036881e+00 5.154968e+00 2.937290e+00 1.168087e+00 1.649176e+00 1.135710e+00 2.774890e+00 -9.292639e-02 -4.676459e-01 -3.936235e-02 -3.751205e-01 -4.388851e-01 -7.906198e-02 -1.151421e-01 -7.576906e-02 4.487727e-02 -8.787648e-02 -1.311780e-02 2.523662e-03 4.569392e-03
<VARIANCE> 25
 8.590431e+00 1.546331e+01 3.520396e+01 2.172948e+01 2.173261e+01 2.374853e+01 2.184787e+01 2.233673e+01 1.940036e+01 2.459528e+01 2.393599e+01 1.400994e+01 1.068850e+00 8.824694e-01 1.184351e+00 1.059466e+00 1.327649e+00 1.249948e+00 1.217135e+00 1.315753e+00 1.388062e+00 1.259998e+00 1.207412e+00 1.087067e+00 8.393537e-04
<GCONST> 7.678958e+01
<MIXTURE> 84 1.066614e-02
<MEAN> 25
 1.153933e+00 8.283213e+00 5.958939e+00 7.048061e+00 2.038880e+00 -1.239955e+00 -1.478993e+00 -5.452858e+00 -5.064818e+00 -2.534221e+00 -2.280121e+00 -2.027804e+00 -1.786811e+00 -7.614773e-01 -1.318186e+00 1.069480e+00 1.897064e+00 1.591222e+00 1.458875e+00 1.511526e+00 1.357884e+00 1.444200e-01 4.981508e-01 7.933019e-02 -7.029353e-02
<VARIANCE> 25
 2.328496e+01 1.852217e+01 2.251466e+01 2.359699e+01 2.760664e+01 2.516622e+01 2.269218e+01 2.423852e+01 2.366706e+01 2.611429e+01 1.920222e+01 2.037428e+01 2.032541e+00 2.518026e+00 3.390007e+00 2.951226e+00 3.046989e+00 2.883453e+00 2.730870e+00 2.783387e+00 2.873957e+00 2.930273e+00 3.081468e+00 2.627207e+00 3.012456e-03
<GCONST> 9.009273e+01
<MIXTURE> 85 7.591393e-03
<MEAN> 25
 -4.266435e+00 7.577105e+00 6.103811e+00 1.694256e+00 -4.216574e+00 -5.545613e+00 -2.190567e+00 -6.158167e+00 -4.492467e+00 -4.182868e+00 3.269830e-02 -1.178059e+00 4.149306e+00 1.895653e-01 1.637213e+00 -1.722825e+00 -3.424775e+00 -2.402725e+00 -2.561319e+00 -2.550999e+00 -2.545976e+00 -9.618296e-01 -2.034592e+00 -9.727080e-01 1.172742e-03
<VARIANCE> 25
 4.671669e+01 2.123395e+01 3.401989e+01 3.485867e+01 3.971501e+01 3.597834e+01 3.176513e+01 2.747001e+01 3.017629e+01 2.912606e+01 2.507582e+01 2.203833e+01 2.729364e+00 3.963487e+00 3.625791e+00 5.327826e+00 3.846922e+00 3.905617e+00 3.943130e+00 3.855116e+00 4.265468e+00 4.100450e+00 3.838403e+00 4.046201e+00 5.177961e-03
<GCONST> 9.816878e+01
<MIXTURE> 86 1.273941e-02
<MEAN> 25
 -1.396430e+00 1.994686e+00 -1.985330e+00 4.400378e+00 4.939188e+00 2.473205e+00 4.590928e+00 5.512791e+00 5.125353e+00 3.917646e+00 1.943008e+00 2.211670e+00 9.779726e-03 1.465448e-02 -1.556652e-01 -1.304274e-01 -1.335057e-01 -3.259181e-02 -2.566203e-01 -3.313014e-01 -3.686069e-01 -4.832797e-01 -3.096447e-01 -1.104730e-01 -4.774727e-03
<VARIANCE> 25
 4.428776e+00 4.109871e+00 5.541205e+00 6.146542e+00 8.621256e+00 9.601171e+00 8.832872e+00 9.302387e+00 1.044875e+01 9.247374e+00 9.414161e+00 1.057304e+01 6.860163e-02 1.408729e-01 3.073152e-01 3.289720e-01 6.447122e-01 6.901633e-01 6.114392e-01 6.859966e-01 7.142630e-01 8.374903e-01 7.112616e-01 9.249758e-01 7.033499e-05
<GCONST> 5.126838e+01
<MIXTURE> 87 1.100681e-02
<MEAN> 25
 -3.506277e+00 3.975783e+00 3.328835e+00 6.253673e+00 5.408791e+00 1.330721e+00 1.734814e+00 -8.451820e-01 -9.466441e-01 -4.363565e-01 -4.602143e-01 6.888634e-02 -2.078753e+00 -2.583727e+00 -1.860021e+00 -1.996983e+00 1.641093e-01 -2.692214e-01 2.993758e-01 1.044236e+00 1.306610e+00 9.806656e-01 8.557186e-01 1.061579e+00 1.011057e-01
<VARIANCE> 25
 3.742208e+01 2.854761e+01 2.780410e+01 3.610898e+01 2.541140e+01 3.109612e+01 2.830943e+01 2.585185e+01 2.506059e+01 2.619658e+01 2.247145e+01 2.110883e+01 3.462815e+00 2.615399e+00 4.156379e+00 3.577772e+00 5.142436e+00 4.041163e+00 4.364155e+00 4.012358e+00 3.644072e+00 3.247425e+00 2.949390e+00 2.734994e+00 4.645241e-03
<GCONST> 9.573573e+01
<MIXTURE> 88 1.256585e-02
<MEAN> 25
 -2.406700e+00 8.578859e-01 -1.528267e+00 4.518987e+00 4.979254e+00 2.553558e+00 4.067817e+00 3.587412e+00 3.853594e+00 3.049409e+00 9.056125e-01 2.416799e+00 -1.586217e-02 6.025754e-02 6.494374e-02 3.998027e-01 3.068298e-01 2.898108e-01 2.356069e-01 5.538965e-02 -2.461224e-01 -3.329796e-01 -2.448419e-02 8.139681e-04 -3.155750e-03
<VARIANCE> 25
 8.240029e+00 8.758058e+00 1.046307e+01 1.233786e+01 1.462567e+01 1.496712e+01 1.474338e+01 1.594278e+01 1.608621e+01 1.704356e+01 2.077650e+01 1.288872e+01 8.626502e-01 1.288436e+00 2.075410e+00 1.654427e+00 1.906624e+00 2.008021e+00 2.010816e+00 2.256372e+00 2.410304e+00 2.113806e+00 1.966624e+00 1.482867e+00 1.263827e-03
<GCONST> 7.735776e+01
<MIXTURE> 89 9.333527e-03
<MEAN> 25
 5.296855e+00 -7.935430e+00 -3.268464e+00 -3.287931e+00 -2.731799e+00 -4.198948e+00 -6.365452e+00 3.938802e+00 3.026558e+00 -2.734991e+00 -5.876477e+00 -1.676919e+00 -5.580395e-01 1.292235e-01 1.814568e+00 7.651662e-01 -1.676524e+00 -1.939808e+00 5.023820e-01 1.188688e+00 -7.304190e-01 -1.155542e+00 5.734421e-01 1.479698e+00 -9.611400e-04
<VARIANCE> 25
 7.481198e+00 3.257081e+01 2.565812e+01 2.167465e+01 3.655733e+01 3.528685e+01 4.503691e+01 3.170443e+01 2.801472e+01 3.269081e+01 3.135307e+01 2.783202e+01 3.834810e-01 7.971965e-01 1.107156e+00 1.002144e+00 1.515216e+00 1.973273e+00 2.225458e+00 1.841556e+00 1.741420e+00 1.778517e+00 2.248589e+00 1.086975e+00 3.915947e-04
<GCONST> 8.138494e+01
<MIXTURE> 90 7.114505e-03
<MEAN> 25
 2.506258e+00 -9.588719e+00 -4.757003e+00 -3.932210e+00 -3.387262e+00 -1.788493e+00 3.178111e+00 1.115862e+00 -7.366274e+00 -1.006808e+01 -3.301758e+00 -7.885290e-01 -1.617137e-01 8.975307e-01 1.174067e+00 -8.226643e-01 -1.600376e+00 -2.278690e-01 6.513603e-01 -1.968899e-01 -1.731766e-01 7.315551e-01 1.784977e-01 -5.459960e-01 -1.117600e-02
<VARIANCE> 25
 8.617309e+00 1.896428e+01 1.977668e+01 2.756352e+01 3.712489e+01 3.170675e+01 3.902960e+01 3.580990e+01 3.581200e+01 2.890395e+01 2.761076e+01 2.635360e+01 2.223088e-01 6.077843e-01 7.842603e-01 1.066716e+00 1.450915e+00 1.569740e+00 1.781647e+00 1.646120e+00 1.776786e+00 1.657192e+00 1.484742e+00 1.291529e+00 2.115137e-04
<GCONST> 7.817850e+01
<MIXTURE> 91 7.852945e-03
<MEAN> 25
 6.096480e+00 -8.156514e+00 -8.155693e+00 -5.335899e+00 2.618358e+00 1.335336e+00 -2.486748e+00 -3.851065e-01 8.603193e-01 -2.780260e+00 -2.910616e+00 -5.623883e+00 2.559077e-01 8.733921e-01 3.405026e-01 5.168574e-01 -7.443348e-02 -6.327255e-01 -3.940747e-01 1.554894e-01 -2.348014e-01 5.278306e-01 -2.277520e-01 3.306525e-01 -3.725537e-02
<VARIANCE> 25
 8.623527e+00 2.333932e+01 1.724184e+01 4.142818e+01 4.193859e+01 5.763139e+01 4.285854e+01 3.825165e+01 4.463773e+01 5.990375e+01 4.189393e+01 3.619093e+01 4.320866e-01 8.834397e-01 1.126799e+00 1.282396e+00 2.138474e+00 2.264849e+00 1.979579e+00 2.805507e+00 2.179684e+00 2.206513e+00 2.358797e+00 1.991478e+00 6.345341e-04
<GCONST> 8.668261e+01
<MIXTURE> 92 7.852945e-03
<MEAN> 25
 6.096480e+00 -8.156514e+00 -8.155693e+00 -5.335899e+00 2.618358e+00 1.335336e+00 -2.486748e+00 -3.851065e-01 8.603193e-01 -2.780260e+00 -2.910616e+00 -5.623883e+00 2.559077e-01 8.733921e-01 3.405026e-01 5.168574e-01 -7.443348e-02 -6.327255e-01 -3.940747e-01 1.554894e-01 -2.348014e-01 5.278306e-01 -2.277520e-01 3.306525e-01 -3.725537e-02
<VARIANCE> 25
 8.623527e+00 2.333932e+01 1.724184e+01 4.142818e+01 4.193859e+01 5.763139e+01 4.285854e+01 3.825165e+01 4.463773e+01 5.990375e+01 4.189393e+01 3.619093e+01 4.320866e-01 8.834397e-01 1.126799e+00 1.282396e+00 2.138474e+00 2.264849e+00 1.979579e+00 2.805507e+00 2.179684e+00 2.206513e+00 2.358797e+00 1.991478e+00 6.345341e-04
<GCONST> 8.668261e+01
<MIXTURE> 93 6.122769e-03
<MEAN> 25
 -6.444188e+00 -6.739029e-01 -2.432240e+00 5.657403e+00 5.820597e+00 3.736147e+00 6.086195e+00 3.741634e+00 4.089888e+00 2.512017e+00 1.647845e+00 3.511433e+00 -6.689444e-02 -1.583387e-01 -2.506861e-01 -3.374786e-01 -3.364615e-01 -2.738396e-01 -2.046538e-01 -1.803880e-01 -1.614400e-01 -1.266305e-01 -8.928132e-02 -4.827318e-02 1.574260e-05
<VARIANCE> 25
 1.084227e+01 7.009305e+00 7.825165e+00 1.118939e+01 1.108435e+01 1.580873e+01 1.473948e+01 1.609486e+01 1.411473e+01 1.423336e+01 1.690910e+01 1.349475e+01 8.496438e-02 1.508706e-01 2.622626e-01 3.720601e-01 5.065284e-01 6.520969e-01 7.806812e-01 8.712622e-01 8.903205e-01 8.766887e-01 8.791373e-01 9.876224e-01 1.059776e-06
<GCONST> 5.379441e+01
<MIXTURE> 94 6.122769e-03
<MEAN> 25
 -6.444188e+00 -6.739029e-01 -2.432240e+00 5.657403e+00 5.820597e+00 3.736147e+00 6.086195e+00 3.741634e+00 4.089888e+00 2.512017e+00 1.647845e+00 3.511433e+00 -6.689444e-02 -1.583387e-01 -2.506861e-01 -3.374786e-01 -3.364615e-01 -2.738396e-01 -2.046538e-01 -1.803880e-01 -1.614400e-01 -1.266305e-01 -8.928132e-02 -4.827318e-02 1.574260e-05
<VARIANCE> 25
 1.084227e+01 7.009305e+00 7.825165e+00 1.118939e+01 1.108435e+01 1.580873e+01 1.473948e+01 1.609486e+01 1.411473e+01 1.423336e+01 1.690910e+01 1.349475e+01 8.496438e-02 1.508706e-01 2.622626e-01 3.720601e-01 5.065284e-01 6.520969e-01 7.806812e-01 8.712622e-01 8.903205e-01 8.766887e-01 8.791373e-01 9.876224e-01 1.059776e-06
<GCONST> 5.379441e+01
<MIXTURE> 95 5.258835e-03
<MEAN> 25
 -2.723296e+00 1.679909e+00 -2.357807e+00 4.354546e+00 4.720933e+00 1.627766e+00 3.912566e+00 3.328632e+00 3.203103e+00 1.062865e+00 -2.204321e-01 1.970423e+00 1.070163e-01 8.171154e-02 -2.211821e-02 -1.233567e-01 -3.823003e-01 -5.148758e-01 -1.006197e+00 -1.140391e+00 -1.351222e+00 -8.066821e-01 -5.518249e-01 -4.394999e-01 -4.149186e-03
<VARIANCE> 25
 9.788406e+00 6.705371e+00 7.912365e+00 8.039488e+00 9.889179e+00 1.207874e+01 1.090842e+01 1.402144e+01 1.130871e+01 1.199597e+01 1.408431e+01 1.385295e+01 1.735724e-01 2.170582e-01 3.737008e-01 4.755872e-01 7.326479e-01 8.529980e-01 8.261919e-01 6.671380e-01 7.837710e-01 8.244864e-01 9.137972e-01 1.151746e+00 5.435435e-05
<GCONST> 5.800305e+01
<MIXTURE> 96 7.034694e-03
<MEAN> 25
 -3.938049e+00 5.485040e-01 -2.288867e+00 4.609681e+00 4.355914e+00 1.863856e+00 3.588019e+00 2.731460e+00 2.992775e+00 1.216603e+00 3.882381e-01 2.157436e+00 -1.764910e-02 1.314962e-01 2.844844e-01 4.001792e-01 5.338553e-01 4.367800e-01 2.113817e-01 -1.951471e-01 -5.599103e-01 -5.649180e-01 -6.201447e-01 -5.086539e-01 -1.164995e-04
<VARIANCE> 25
 1.196497e+01 1.018583e+01 1.021195e+01 1.234972e+01 1.419493e+01 1.686350e+01 1.550589e+01 1.807235e+01 1.680296e+01 1.473189e+01 1.817707e+01 1.339138e+01 1.228428e-01 1.928369e-01 3.646280e-01 3.643359e-01 4.475600e-01 6.335836e-01 8.180754e-01 8.951541e-01 1.167185e+00 8.192538e-01 8.250368e-01 9.853811e-01 1.450096e-06
<GCONST> 5.667820e+01
<MIXTURE> 97 7.034694e-03
<MEAN> 25
 -3.938049e+00 5.485040e-01 -2.288867e+00 4.609681e+00 4.355914e+00 1.863856e+00 3.588019e+00 2.731460e+00 2.992775e+00 1.216603e+00 3.882381e-01 2.157436e+00 -1.764910e-02 1.314962e-01 2.844844e-01 4.001792e-01 5.338553e-01 4.367800e-01 2.113817e-01 -1.951471e-01 -5.599103e-01 -5.649180e-01 -6.201447e-01 -5.086539e-01 -1.164995e-04
<VARIANCE> 25
 1.196497e+01 1.018583e+01 1.021195e+01 1.234972e+01 1.419493e+01 1.686350e+01 1.550589e+01 1.807235e+01 1.680296e+01 1.473189e+01 1.817707e+01 1.339138e+01 1.228428e-01 1.928369e-01 3.646280e-01 3.643359e-01 4.475600e-01 6.335836e-01 8.180754e-01 8.951541e-01 1.167185e+00 8.192538e-01 8.250368e-01 9.853811e-01 1.450096e-06
<GCONST> 5.667820e+01
<MIXTURE> 98 9.917808e-03
<MEAN> 25
 -8.946347e-01 1.660658e+00 -5.173438e-01 4.427472e+00 3.469496e+00 2.174096e+00 3.094188e+00 1.254509e+00 1.191113e+00 1.374041e+00 3.351998e-01 3.133481e-02 -1.655905e+00 -1.235079e+00 -7.694519e-01 2.169433e-01 6.145628e-01 7.697673e-01 1.124078e+00 1.386715e+00 1.859645e+00 9.774609e-01 1.210602e+00 1.028189e+00 -2.226025e-02
<VARIANCE> 25
 1.613988e+01 1.784090e+01 2.497977e+01 2.615874e+01 3.552750e+01 2.982376e+01 2.603892e+01 2.663446e+01 2.483607e+01 2.565091e+01 2.298701e+01 2.635494e+01 1.326930e+00 1.414663e+00 2.390497e+00 2.067250e+00 2.500262e+00 2.411190e+00 2.480401e+00 2.348694e+00 2.534376e+00 2.688491e+00 2.293404e+00 2.042088e+00 2.462159e-03
<GCONST> 8.770531e+01
<MIXTURE> 99 6.696178e-03
<MEAN> 25
 -7.932157e+00 8.686222e+00 8.474631e+00 9.848429e-02 -7.347502e-01 -7.477832e+00 -6.548023e-01 -4.428875e+00 -6.472262e+00 -3.491378e+00 -4.167963e-01 -5.228468e-01 1.064853e-01 -3.503663e-01 5.565106e-01 -1.569919e-01 -1.031580e+00 -2.952692e-01 -1.179389e-01 -2.870310e-01 -5.073912e-02 -1.220941e-01 3.632339e-01 -7.044264e-02 1.461253e-02
<VARIANCE> 25
 2.281044e+01 1.527717e+01 2.998071e+01 2.673112e+01 2.544885e+01 2.597207e+01 2.233277e+01 2.128400e+01 1.948627e+01 1.549220e+01 1.477780e+01 1.751504e+01 1.885674e+00 2.076871e+00 1.192338e+00 1.158241e+00 3.405734e+00 1.550226e+00 1.216083e+00 1.622092e+00 1.239058e+00 9.504888e-01 8.692817e-01 9.431185e-01 1.000874e-03
<GCONST> 7.950004e+01
<MIXTURE> 100 4.498084e-03
<MEAN> 25
 -2.201621e+00 5.642651e+00 1.052728e+01 -5.998724e+00 -1.108811e+01 -5.808534e+00 -3.932215e+00 -1.020712e+01 -5.923442e+00 -1.746123e+00 -1.874301e+00 -2.921021e+00 2.825230e+00 -1.363461e+00 1.203378e+00 -1.770883e+00 -3.298199e+00 -3.670636e-01 -1.347428e+00 -1.123156e+00 -1.236621e+00 3.098470e-01 -1.411657e+00 -4.319135e-01 4.798143e-04
<VARIANCE> 25
 1.334145e+01 1.979836e+01 1.898202e+01 3.162331e+01 2.053078e+01 2.252499e+01 2.927643e+01 1.858789e+01 2.884234e+01 2.212500e+01 2.209585e+01 1.915664e+01 1.666059e+00 3.480922e+00 2.485388e+00 4.245242e+00 3.699475e+00 4.472908e+00 3.500396e+00 4.082086e+00 3.754658e+00 3.439004e+00 3.483186e+00 3.564313e+00 1.443723e-03
<GCONST> 9.097952e+01
<MIXTURE> 101 6.007792e-03
<MEAN> 25
 7.738261e+00 -4.283068e+00 -6.196572e+00 -6.922503e+00 1.210717e-01 -4.327773e-01 -9.882202e+00 -2.422688e+00 1.084337e+00 2.087012e+00 -2.209819e+00 -4.979383e+00 5.895522e-01 6.773432e-01 -1.356615e+00 -1.539251e+00 1.035766e+00 2.309543e+00 1.882316e-02 -1.364932e+00 -1.114277e+00 9.295326e-01 1.454231e+00 -3.865644e-01 -3.010064e-03
<VARIANCE> 25
 9.650410e+00 1.996723e+01 3.045868e+01 3.930216e+01 4.021371e+01 3.538858e+01 3.531294e+01 3.481902e+01 3.720042e+01 4.404214e+01 4.662878e+01 2.158491e+01 3.108005e-01 6.247262e-01 1.185920e+00 1.422723e+00 1.483679e+00 1.905781e+00 2.224135e+00 1.924773e+00 2.236935e+00 2.218308e+00 1.622735e+00 1.947550e+00 3.583985e-04
<GCONST> 8.318266e+01
<MIXTURE> 102 6.007792e-03
<MEAN> 25
 7.738261e+00 -4.283068e+00 -6.196572e+00 -6.922503e+00 1.210717e-01 -4.327773e-01 -9.882202e+00 -2.422688e+00 1.084337e+00 2.087012e+00 -2.209819e+00 -4.979383e+00 5.895522e-01 6.773432e-01 -1.356615e+00 -1.539251e+00 1.035766e+00 2.309543e+00 1.882316e-02 -1.364932e+00 -1.114277e+00 9.295326e-01 1.454231e+00 -3.865644e-01 -3.010064e-03
<VARIANCE> 25
 9.650410e+00 1.996723e+01 3.045868e+01 3.930216e+01 4.021371e+01 3.538858e+01 3.531294e+01 3.481902e+01 3.720042e+01 4.404214e+01 4.662878e+01 2.158491e+01 3.108005e-01 6.247262e-01 1.185920e+00 1.422723e+00 1.483679e+00 1.905781e+00 2.224135e+00 1.924773e+00 2.236935e+00 2.218308e+00 1.622735e+00 1.947550e+00 3.583985e-04
<GCONST> 8.318266e+01
<MIXTURE> 103 5.694618e-03
<MEAN> 25
 3.286756e+00 -9.746148e+00 -6.075577e+00 -3.237049e+00 -1.575515e+00 -1.720922e+00 1.715195e+00 1.853081e+00 -3.753322e+00 -8.813951e+00 -4.572349e+00 4.083996e-01 -1.923637e-01 -1.399390e+00 -8.230181e-01 3.322566e-01 1.151948e+00 1.013987e+00 6.646229e-02 -2.386157e-01 -8.070335e-01 -8.727848e-01 3.029563e-02 2.006790e-01 2.811593e-02
<VARIANCE> 25
 9.986920e+00 1.897704e+01 2.144816e+01 3.117986e+01 4.392968e+01 3.181387e+01 4.514991e+01 3.796085e+01 4.315697e+01 2.814656e+01 3.037516e+01 2.643127e+01 6.155591e-01 1.276916e+00 1.735553e+00 1.869731e+00 2.655679e+00 2.369880e+00 2.712258e+00 2.502418e+00 2.444664e+00 2.660367e+00 2.116997e+00 2.158661e+00 8.134675e-04
<GCONST> 8.714491e+01
<MIXTURE> 104 5.694618e-03
<MEAN> 25
 3.286756e+00 -9.746148e+00 -6.075577e+00 -3.237049e+00 -1.575515e+00 -1.720922e+00 1.715195e+00 1.853081e+00 -3.753322e+00 -8.813951e+00 -4.572349e+00 4.083996e-01 -1.923637e-01 -1.399390e+00 -8.230181e-01 3.322566e-01 1.151948e+00 1.013987e+00 6.646229e-02 -2.386157e-01 -8.070335e-01 -8.727848e-01 3.029563e-02 2.006790e-01 2.811593e-02
<VARIANCE> 25
 9.986920e+00 1.897704e+01 2.144816e+01 3.117986e+01 4.392968e+01 3.181387e+01 4.514991e+01 3.796085e+01 4.315697e+01 2.814656e+01 3.037516e+01 2.643127e+01 6.155591e-01 1.276916e+00 1.735553e+00 1.869731e+00 2.655679e+00 2.369880e+00 2.712258e+00 2.502418e+00 2.444664e+00 2.660367e+00 2.116997e+00 2.158661e+00 8.134675e-04
<GCONST> 8.714491e+01
<MIXTURE> 105 4.710235e-03
<MEAN> 25
 2.532909e+00 -1.627174e+00 9.025431e+00 -2.768297e+00 -1.155840e+01 -4.714684e+00 -4.084784e+00 -7.739629e-01 -3.785338e+00 -3.290798e+00 1.001571e+00 -1.279136e+00 1.373608e-02 6.092155e-02 8.446357e-02 -6.139163e-02 -2.344493e-02 4.282201e-02 8.949280e-03 4.271492e-02 -6.827661e-02 7.228559e-02 4.537672e-02 9.306318e-03 -2.275817e-03
<VARIANCE> 25
 1.545231e+01 2.868438e+01 3.970961e+01 4.266477e+01 3.780069e+01 5.206971e+01 3.909366e+01 4.120322e+01 3.843264e+01 4.052010e+01 4.355072e+01 2.914314e+01 8.095363e-02 1.994895e-01 3.434984e-01 2.878146e-01 3.701517e-01 4.069794e-01 4.550309e-01 4.685798e-01 4.953786e-01 4.640584e-01 4.080240e-01 4.053939e-01 8.812972e-05
<GCONST> 6.645789e+01
<MIXTURE> 106 4.710235e-03
<MEAN> 25
 2.532909e+00 -1.627174e+00 9.025431e+00 -2.768297e+00 -1.155840e+01 -4.714684e+00 -4.084784e+00 -7.739629e-01 -3.785338e+00 -3.290798e+00 1.001571e+00 -1.279136e+00 1.373608e-02 6.092155e-02 8.446357e-02 -6.139163e-02 -2.344493e-02 4.282201e-02 8.949280e-03 4.271492e-02 -6.827661e-02 7.228559e-02 4.537672e-02 9.306318e-03 -2.275817e-03
<VARIANCE> 25
 1.545231e+01 2.868438e+01 3.970961e+01 4.266477e+01 3.780069e+01 5.206971e+01 3.909366e+01 4.120322e+01 3.843264e+01 4.052010e+01 4.355072e+01 2.914314e+01 8.095363e-02 1.994895e-01 3.434984e-01 2.878146e-01 3.701517e-01 4.069794e-01 4.550309e-01 4.685798e-01 4.953786e-01 4.640584e-01 4.080240e-01 4.053939e-01 8.812972e-05
<GCONST> 6.645789e+01
<MIXTURE> 107 5.452374e-03
<MEAN> 25
 8.472360e+00 -2.361726e+00 -8.138320e+00 -9.761980e+00 2.029085e+00 3.501172e+00 -8.260853e+00 -4.772123e+00 -1.040001e+00 3.395182e+00 8.368809e-01 -4.866042e+00 -6.218914e-01 -7.452598e-01 8.153278e-01 1.752010e+00 2.003416e-01 -1.925609e+00 -8.386110e-01 8.371171e-01 1.676309e+00 2.787318e-02 -1.608850e+00 -8.501022e-01 -2.882295e-03
<VARIANCE> 25
 9.264502e+00 1.967780e+01 2.722684e+01 4.273580e+01 3.436763e+01 4.126138e+01 5.057128e+01 3.549370e+01 4.410225e+01 3.996720e+01 4.866595e+01 2.972873e+01 3.543836e-01 9.339401e-01 1.474559e+00 2.311922e+00 2.260270e+00 2.807253e+00 2.592210e+00 2.420608e+00 2.316363e+00 2.924373e+00 1.968096e+00 2.131344e+00 7.113031e-04
<GCONST> 8.761671e+01
<MIXTURE> 108 5.452374e-03
<MEAN> 25
 8.472360e+00 -2.361726e+00 -8.138320e+00 -9.761980e+00 2.029085e+00 3.501172e+00 -8.260853e+00 -4.772123e+00 -1.040001e+00 3.395182e+00 8.368809e-01 -4.866042e+00 -6.218914e-01 -7.452598e-01 8.153278e-01 1.752010e+00 2.003416e-01 -1.925609e+00 -8.386110e-01 8.371171e-01 1.676309e+00 2.787318e-02 -1.608850e+00 -8.501022e-01 -2.882295e-03
<VARIANCE> 25
 9.264502e+00 1.967780e+01 2.722684e+01 4.273580e+01 3.436763e+01 4.126138e+01 5.057128e+01 3.549370e+01 4.410225e+01 3.996720e+01 4.866595e+01 2.972873e+01 3.543836e-01 9.339401e-01 1.474559e+00 2.311922e+00 2.260270e+00 2.807253e+00 2.592210e+00 2.420608e+00 2.316363e+00 2.924373e+00 1.968096e+00 2.131344e+00 7.113031e-04
<GCONST> 8.761671e+01
<MIXTURE> 109 6.661064e-03
<MEAN> 25
 4.132389e+00 -1.077304e+01 -8.098189e+00 -1.522247e+00 1.983515e+00 6.662543e-02 -4.630587e-01 1.016011e+00 -1.885695e+00 -8.538100e+00 -4.578032e+00 -6.501839e-01 -4.570516e-02 -1.049314e-01 -6.645255e-02 2.416203e-01 1.915102e-01 1.051017e-01 -3.686279e-02 -1.216246e-01 -8.161539e-02 -1.373944e-01 2.219610e-01 -1.731201e-02 -3.943364e-03
<VARIANCE> 25
 8.428965e+00 1.778303e+01 1.893220e+01 2.988897e+01 4.388673e+01 3.419472e+01 4.458186e+01 3.381274e+01 4.764708e+01 3.452609e+01 3.708453e+01 3.224076e+01 1.929755e-01 4.251714e-01 5.686644e-01 6.068808e-01 1.169391e+00 9.516557e-01 1.308532e+00 1.290114e+00 1.126489e+00 9.660139e-01 9.460536e-01 9.234433e-01 1.864735e-04
<GCONST> 7.484744e+01
<MIXTURE> 110 6.661064e-03
<MEAN> 25
 4.132389e+00 -1.077304e+01 -8.098189e+00 -1.522247e+00 1.983515e+00 6.662543e-02 -4.630587e-01 1.016011e+00 -1.885695e+00 -8.538100e+00 -4.578032e+00 -6.501839e-01 -4.570516e-02 -1.049314e-01 -6.645255e-02 2.416203e-01 1.915102e-01 1.051017e-01 -3.686279e-02 -1.216246e-01 -8.161539e-02 -1.373944e-01 2.219610e-01 -1.731201e-02 -3.943364e-03
<VARIANCE> 25
 8.428965e+00 1.778303e+01 1.893220e+01 2.988897e+01 4.388673e+01 3.419472e+01 4.458186e+01 3.381274e+01 4.764708e+01 3.452609e+01 3.708453e+01 3.224076e+01 1.929755e-01 4.251714e-01 5.686644e-01 6.068808e-01 1.169391e+00 9.516557e-01 1.308532e+00 1.290114e+00 1.126489e+00 9.660139e-01 9.460536e-01 9.234433e-01 1.864735e-04
<GCONST> 7.484744e+01
<MIXTURE> 111 4.337247e-03
<MEAN> 25
 -2.547472e+00 7.507926e-01 -2.404074e+00 1.870005e+00 1.806107e+00 3.691025e-01 1.223574e+00 1.248136e+00 6.323441e-01 1.828846e-01 -1.324289e+00 1.173718e+00 -2.252226e-02 -7.785022e-02 -8.243639e-03 -1.826862e-01 -1.042173e-01 -4.750647e-03 -1.215749e-01 -7.966436e-02 -1.513866e-01 -1.361109e-01 -2.675897e-01 -3.026533e-02 -5.743626e-04
<VARIANCE> 25
 6.992325e+00 5.580300e+00 7.317048e+00 7.226237e+00 1.001464e+01 1.637636e+01 1.081276e+01 1.164072e+01 9.831122e+00 8.946479e+00 1.101498e+01 1.042866e+01 6.361444e-02 1.492625e-01 2.534416e-01 4.156620e-01 6.359220e-01 6.429180e-01 7.958458e-01 7.359917e-01 7.587857e-01 7.191897e-01 7.805557e-01 8.364723e-01 3.254961e-05
<GCONST> 5.303317e+01
<MIXTURE> 112 4.337247e-03
<MEAN> 25
 -2.547472e+00 7.507926e-01 -2.404074e+00 1.870005e+00 1.806107e+00 3.691025e-01 1.223574e+00 1.248136e+00 6.323441e-01 1.828846e-01 -1.324289e+00 1.173718e+00 -2.252226e-02 -7.785022e-02 -8.243639e-03 -1.826862e-01 -1.042173e-01 -4.750647e-03 -1.215749e-01 -7.966436e-02 -1.513866e-01 -1.361109e-01 -2.675897e-01 -3.026533e-02 -5.743626e-04
<VARIANCE> 25
 6.992325e+00 5.580300e+00 7.317048e+00 7.226237e+00 1.001464e+01 1.637636e+01 1.081276e+01 1.164072e+01 9.831122e+00 8.946479e+00 1.101498e+01 1.042866e+01 6.361444e-02 1.492625e-01 2.534416e-01 4.156620e-01 6.359220e-01 6.429180e-01 7.958458e-01 7.359917e-01 7.587857e-01 7.191897e-01 7.805557e-01 8.364723e-01 3.254961e-05
<GCONST> 5.303317e+01
<MIXTURE> 113 5.938666e-03
<MEAN> 25
 9.699686e+00 1.290877e+00 -8.918747e+00 -1.697189e+01 -7.811115e-01 6.041058e+00 -5.130503e+00 -1.777679e+00 -5.684446e+00 -3.673968e-01 3.074844e-01 -2.627083e-01 -9.109108e-04 -2.537101e-02 -6.038274e-02 -9.629920e-02 1.032554e-01 1.464200e-01 4.821677e-02 5.167292e-02 -3.687584e-02 -1.963297e-02 1.739211e-01 2.668710e-02 -1.444532e-03
<VARIANCE> 25
 9.800703e+00 1.924580e+01 2.899819e+01 3.272429e+01 5.161460e+01 3.500189e+01 3.815742e+01 3.890699e+01 3.545320e+01 4.450829e+01 3.446856e+01 2.738446e+01 1.201022e-01 3.420883e-01 3.166418e-01 6.459851e-01 5.865768e-01 6.413487e-01 7.420098e-01 8.900837e-01 9.401634e-01 8.986638e-01 7.136015e-01 7.298168e-01 1.208698e-04
<GCONST> 7.104476e+01
<MIXTURE> 114 5.938666e-03
<MEAN> 25
 9.699686e+00 1.290877e+00 -8.918747e+00 -1.697189e+01 -7.811115e-01 6.041058e+00 -5.130503e+00 -1.777679e+00 -5.684446e+00 -3.673968e-01 3.074844e-01 -2.627083e-01 -9.109108e-04 -2.537101e-02 -6.038274e-02 -9.629920e-02 1.032554e-01 1.464200e-01 4.821677e-02 5.167292e-02 -3.687584e-02 -1.963297e-02 1.739211e-01 2.668710e-02 -1.444532e-03
<VARIANCE> 25
 9.800703e+00 1.924580e+01 2.899819e+01 3.272429e+01 5.161460e+01 3.500189e+01 3.815742e+01 3.890699e+01 3.545320e+01 4.450829e+01 3.446856e+01 2.738446e+01 1.201022e-01 3.420883e-01 3.166418e-01 6.459851e-01 5.865768e-01 6.413487e-01 7.420098e-01 8.900837e-01 9.401634e-01 8.986638e-01 7.136015e-01 7.298168e-01 1.208698e-04
<GCONST> 7.104476e+01
<MIXTURE> 115 2.935202e-03
<MEAN> 25
 -3.695162e+00 -3.980148e-01 -3.161602e+00 3.496151e+00 2.495960e+00 -4.170128e-01 2.397931e+00 8.304629e-01 1.591768e+00 2.136534e-01 -1.565232e-01 2.458880e+00 2.876966e-02 -6.993268e-02 -1.862010e-01 -3.991494e-01 -6.270779e-01 -6.531143e-01 -5.688888e-01 -5.162542e-01 -4.519610e-01 -3.844334e-01 -3.201572e-01 -2.094756e-01 -3.535853e-06
<VARIANCE> 25
 9.563050e+00 1.032501e+01 1.270344e+01 1.242803e+01 1.255068e+01 1.645546e+01 1.641915e+01 2.124957e+01 1.737883e+01 1.665878e+01 1.925590e+01 1.422043e+01 1.979454e-01 3.235560e-01 4.987496e-01 5.629717e-01 6.219111e-01 7.733846e-01 9.851785e-01 1.091515e+00 1.040175e+00 1.011769e+00 9.823969e-01 1.150531e+00 1.092179e-06
<GCONST> 5.983573e+01
<MIXTURE> 116 2.935202e-03
<MEAN> 25
 -3.695162e+00 -3.980148e-01 -3.161602e+00 3.496151e+00 2.495960e+00 -4.170128e-01 2.397931e+00 8.304629e-01 1.591768e+00 2.136534e-01 -1.565232e-01 2.458880e+00 2.876966e-02 -6.993268e-02 -1.862010e-01 -3.991494e-01 -6.270779e-01 -6.531143e-01 -5.688888e-01 -5.162542e-01 -4.519610e-01 -3.844334e-01 -3.201572e-01 -2.094756e-01 -3.535853e-06
<VARIANCE> 25
 9.563050e+00 1.032501e+01 1.270344e+01 1.242803e+01 1.255068e+01 1.645546e+01 1.641915e+01 2.124957e+01 1.737883e+01 1.665878e+01 1.925590e+01 1.422043e+01 1.979454e-01 3.235560e-01 4.987496e-01 5.629717e-01 6.219111e-01 7.733846e-01 9.851785e-01 1.091515e+00 1.040175e+00 1.011769e+00 9.823969e-01 1.150531e+00 1.092179e-06
<GCONST> 5.983573e+01
<MIXTURE> 117 6.506003e-03
<MEAN> 25
 -4.545243e+00 1.184320e+00 9.888128e-01 9.648879e+00 6.227844e+00 6.114775e+00 6.452713e+00 5.087162e+00 6.318492e+00 4.933847e+00 6.284913e+00 2.660977e+00 -7.852078e-02 -2.327625e-01 -3.452393e-01 -4.114489e-01 -3.808606e-01 -3.076039e-01 -3.041056e-01 -3.301784e-01 -3.794462e-01 -3.672910e-01 -2.636401e-01 -1.025091e-01 -5.782627e-06
<VARIANCE> 25
 7.473066e+00 8.770626e+00 9.859873e+00 1.456160e+01 1.536939e+01 1.603940e+01 1.762438e+01 1.773273e+01 1.636464e+01 1.611436e+01 1.679194e+01 1.465620e+01 2.161881e-01 3.025056e-01 4.287407e-01 6.121559e-01 8.566390e-01 1.046052e+00 1.180901e+00 1.221191e+00 1.231659e+00 1.184702e+00 1.171318e+00 1.130739e+00 1.000873e-06
<GCONST> 6.046487e+01
<MIXTURE> 118 6.506003e-03
<MEAN> 25
 -4.545243e+00 1.184320e+00 9.888128e-01 9.648879e+00 6.227844e+00 6.114775e+00 6.452713e+00 5.087162e+00 6.318492e+00 4.933847e+00 6.284913e+00 2.660977e+00 -7.852078e-02 -2.327625e-01 -3.452393e-01 -4.114489e-01 -3.808606e-01 -3.076039e-01 -3.041056e-01 -3.301784e-01 -3.794462e-01 -3.672910e-01 -2.636401e-01 -1.025091e-01 -5.782627e-06
<VARIANCE> 25
 7.473066e+00 8.770626e+00 9.859873e+00 1.456160e+01 1.536939e+01 1.603940e+01 1.762438e+01 1.773273e+01 1.636464e+01 1.611436e+01 1.679194e+01 1.465620e+01 2.161881e-01 3.025056e-01 4.287407e-01 6.121559e-01 8.566390e-01 1.046052e+00 1.180901e+00 1.221191e+00 1.231659e+00 1.184702e+00 1.171318e+00 1.130739e+00 1.000873e-06
<GCONST> 6.046487e+01
<MIXTURE> 119 4.297961e-03
<MEAN> 25
 -4.960361e+00 -7.597784e+00 2.219438e+00 2.022002e+00 2.244289e+00 2.011765e-01 5.264631e+00 5.933599e+00 1.194180e+00 9.838005e-01 6.587475e+00 1.579117e+00 -5.001007e-02 -7.988017e-02 3.768455e-02 -5.731696e-02 -1.271915e-01 -1.804263e-01 -6.778954e-02 -1.469067e-02 -9.260450e-02 -1.117626e-01 -5.731763e-02 -5.763235e-02 1.104102e-03
<VARIANCE> 25
 8.536862e+00 1.014630e+01 1.657034e+01 2.013106e+01 2.279802e+01 2.315160e+01 2.499421e+01 2.644847e+01 2.516829e+01 2.819794e+01 2.052489e+01 2.039857e+01 1.599870e-01 2.836410e-01 4.604238e-01 6.309223e-01 8.021699e-01 1.002515e+00 1.100574e+00 1.276386e+00 1.291411e+00 1.253269e+00 1.192123e+00 1.110684e+00 2.318770e-04
<GCONST> 6.976878e+01
<MIXTURE> 120 4.297961e-03
<MEAN> 25
 -4.960361e+00 -7.597784e+00 2.219438e+00 2.022002e+00 2.244289e+00 2.011765e-01 5.264631e+00 5.933599e+00 1.194180e+00 9.838005e-01 6.587475e+00 1.579117e+00 -5.001007e-02 -7.988017e-02 3.768455e-02 -5.731696e-02 -1.271915e-01 -1.804263e-01 -6.778954e-02 -1.469067e-02 -9.260450e-02 -1.117626e-01 -5.731763e-02 -5.763235e-02 1.104102e-03
<VARIANCE> 25
 8.536862e+00 1.014630e+01 1.657034e+01 2.013106e+01 2.279802e+01 2.315160e+01 2.499421e+01 2.644847e+01 2.516829e+01 2.819794e+01 2.052489e+01 2.039857e+01 1.599870e-01 2.836410e-01 4.604238e-01 6.309223e-01 8.021699e-01 1.002515e+00 1.100574e+00 1.276386e+00 1.291411e+00 1.253269e+00 1.192123e+00 1.110684e+00 2.318770e-04
<GCONST> 6.976878e+01
<MIXTURE> 121 4.567511e-03
<MEAN> 25
 2.538127e-01 -2.539434e+00 5.152208e+00 -1.286580e+01 -1.265269e+01 -1.639743e+00 9.701506e-01 -5.093387e+00 -4.202508e+00 -5.183496e-01 -5.507954e+00 -4.314603e+00 2.440907e-02 1.322042e-01 -3.745025e-02 8.111678e-02 1.545044e-01 7.639319e-02 -8.042212e-02 -1.849673e-01 -2.687089e-01 -2.515131e-01 -1.124580e-01 3.106249e-03 -7.447922e-03
<VARIANCE> 25
 8.147965e+00 1.558767e+01 1.722341e+01 2.054413e+01 2.430528e+01 2.926564e+01 2.956274e+01 2.451898e+01 3.514090e+01 2.838830e+01 1.966296e+01 2.108221e+01 1.547638e-01 6.413082e-01 6.267508e-01 7.072505e-01 7.711419e-01 1.148966e+00 1.116199e+00 1.117899e+00 1.213610e+00 1.198442e+00 9.392396e-01 8.703936e-01 2.105113e-04
<GCONST> 7.142944e+01
<MIXTURE> 122 4.567511e-03
<MEAN> 25
 2.538127e-01 -2.539434e+00 5.152208e+00 -1.286580e+01 -1.265269e+01 -1.639743e+00 9.701506e-01 -5.093387e+00 -4.202508e+00 -5.183496e-01 -5.507954e+00 -4.314603e+00 2.440907e-02 1.322042e-01 -3.745025e-02 8.111678e-02 1.545044e-01 7.639319e-02 -8.042212e-02 -1.849673e-01 -2.687089e-01 -2.515131e-01 -1.124580e-01 3.106249e-03 -7.447922e-03
<VARIANCE> 25
 8.147965e+00 1.558767e+01 1.722341e+01 2.054413e+01 2.430528e+01 2.926564e+01 2.956274e+01 2.451898e+01 3.514090e+01 2.838830e+01 1.966296e+01 2.108221e+01 1.547638e-01 6.413082e-01 6.267508e-01 7.072505e-01 7.711419e-01 1.148966e+00 1.116199e+00 1.117899e+00 1.213610e+00 1.198442e+00 9.392396e-01 8.703936e-01 2.105113e-04
<GCONST> 7.142944e+01
<MIXTURE> 123 4.393044e-03
<MEAN> 25
 -2.571880e+00 2.011137e+00 -7.444222e-01 5.150929e+00 4.977866e+00 2.068055e+00 3.259356e+00 1.741277e+00 1.390541e+00 5.502954e-01 -9.378602e-01 3.694397e-01 -4.143475e-01 -6.486709e-01 -7.111089e-01 -5.935535e-01 -3.312527e-01 9.127370e-02 3.079494e-01 6.479599e-01 7.909578e-01 6.153764e-01 5.526109e-01 6.325502e-01 -2.839972e-03
<VARIANCE> 25
 9.734088e+00 8.131434e+00 1.145065e+01 1.297246e+01 1.823936e+01 2.112526e+01 1.543549e+01 1.628360e+01 1.648524e+01 1.777756e+01 2.014103e+01 1.481654e+01 2.747916e-01 2.936434e-01 4.509595e-01 5.509428e-01 7.887608e-01 1.219264e+00 1.075978e+00 1.009036e+00 9.841876e-01 1.056886e+00 1.300823e+00 1.018143e+00 1.189163e-04
<GCONST> 6.559580e+01
<MIXTURE> 124 4.069876e-03
<MEAN> 25
 -4.332594e+00 4.169596e-01 -2.811117e+00 4.458448e+00 4.665230e+00 2.542909e+00 5.027482e+00 3.624327e+00 3.723093e+00 2.054528e+00 3.234654e-01 2.812065e+00 -1.723033e-01 -2.912343e-01 -3.743063e-01 -2.474525e-01 1.064545e-01 5.129645e-01 8.128578e-01 8.847659e-01 6.963701e-01 2.431679e-01 4.414759e-03 4.273875e-02 2.617373e-05
<VARIANCE> 25
 1.414447e+01 8.286263e+00 8.996605e+00 9.590995e+00 9.884307e+00 1.645160e+01 1.233090e+01 1.520348e+01 1.313967e+01 1.418759e+01 1.809168e+01 1.200403e+01 9.912418e-02 1.566400e-01 2.701588e-01 3.473964e-01 5.527710e-01 6.634937e-01 6.614445e-01 7.311878e-01 8.815190e-01 9.058433e-01 1.033321e+00 1.117388e+00 3.038816e-05
<GCONST> 5.735886e+01
<MIXTURE> 125 4.069876e-03
<MEAN> 25
 -4.332594e+00 4.169596e-01 -2.811117e+00 4.458448e+00 4.665230e+00 2.542909e+00 5.027482e+00 3.624327e+00 3.723093e+00 2.054528e+00 3.234654e-01 2.812065e+00 -1.723033e-01 -2.912343e-01 -3.743063e-01 -2.474525e-01 1.064545e-01 5.129645e-01 8.128578e-01 8.847659e-01 6.963701e-01 2.431679e-01 4.414759e-03 4.273875e-02 2.617373e-05
<VARIANCE> 25
 1.414447e+01 8.286263e+00 8.996605e+00 9.590995e+00 9.884307e+00 1.645160e+01 1.233090e+01 1.520348e+01 1.313967e+01 1.418759e+01 1.809168e+01 1.200403e+01 9.912418e-02 1.566400e-01 2.701588e-01 3.473964e-01 5.527710e-01 6.634937e-01 6.614445e-01 7.311878e-01 8.815190e-01 9.058433e-01 1.033321e+00 1.117388e+00 3.038816e-05
<GCONST> 5.735886e+01
<MIXTURE> 126 2.402244e-03
<MEAN> 25
 -3.663748e+00 -6.581107e+00 -5.012946e+00 2.433439e+00 4.210794e+00 -3.092760e+00 -5.343298e-02 3.632965e+00 3.533903e+00 -2.670392e+00 -1.401529e+00 2.966602e+00 7.061861e-03 3.509848e-02 3.573524e-03 -1.345937e-01 -3.180386e-01 -4.352086e-01 -3.243987e-01 -1.788194e-01 -1.331505e-01 -1.335422e-01 -8.882596e-02 1.344025e-02 -1.642234e-03
<VARIANCE> 25
 7.462033e+00 1.590548e+01 1.422137e+01 1.446690e+01 2.312050e+01 2.259257e+01 2.308104e+01 2.684455e+01 2.984966e+01 2.777130e+01 2.066051e+01 1.839809e+01 1.641696e-01 4.137226e-01 5.757146e-01 5.509797e-01 7.641248e-01 1.043194e+00 1.144472e+00 1.201890e+00 1.297990e+00 1.262406e+00 1.204297e+00 1.139728e+00 2.100417e-04
<GCONST> 6.999489e+01
<MIXTURE> 127 2.402244e-03
<MEAN> 25
 -3.663748e+00 -6.581107e+00 -5.012946e+00 2.433439e+00 4.210794e+00 -3.092760e+00 -5.343298e-02 3.632965e+00 3.533903e+00 -2.670392e+00 -1.401529e+00 2.966602e+00 7.061861e-03 3.509848e-02 3.573524e-03 -1.345937e-01 -3.180386e-01 -4.352086e-01 -3.243987e-01 -1.788194e-01 -1.331505e-01 -1.335422e-01 -8.882596e-02 1.344025e-02 -1.642234e-03
<VARIANCE> 25
 7.462033e+00 1.590548e+01 1.422137e+01 1.446690e+01 2.312050e+01 2.259257e+01 2.308104e+01 2.684455e+01 2.984966e+01 2.777130e+01 2.066051e+01 1.839809e+01 1.641696e-01 4.137226e-01 5.757146e-01 5.509797e-01 7.641248e-01 1.043194e+00 1.144472e+00 1.201890e+00 1.297990e+00 1.262406e+00 1.204297e+00 1.139728e+00 2.100417e-04
<GCONST> 6.999489e+01
<MIXTURE> 128 3.790457e-03
<MEAN> 25
 -3.858157e+00 1.584044e+00 -3.746407e-01 6.507178e+00 3.665395e+00 1.868859e+00 3.581056e+00 2.428618e+00 4.031069e+00 3.712745e+00 3.670731e+00 3.477805e+00 -3.922052e-01 -1.880890e-01 1.106322e-01 7.259759e-01 1.178436e+00 1.123904e+00 6.969005e-01 1.241234e-01 -4.413070e-01 -7.894785e-01 -7.099044e-01 -3.978373e-01 -4.672748e-05
<VARIANCE> 25
 1.036588e+01 1.161170e+01 1.483086e+01 1.927321e+01 1.993200e+01 2.088554e+01 2.400495e+01 2.448273e+01 2.636025e+01 2.357010e+01 2.701214e+01 1.811042e+01 8.827695e-01 1.132864e+00 1.365639e+00 1.480220e+00 1.563178e+00 1.845444e+00 2.248958e+00 2.299397e+00 2.151027e+00 1.833097e+00 1.728577e+00 1.735531e+00 1.005325e-06
<GCONST> 7.349191e+01
<TRANSP> 3
 0.000000e+00 1.000000e+00 0.000000e+00
 0.000000e+00 9.999990e-01 9.999998e-07
 0.000000e+00 0.000000e+00 0.000000e+00
<ENDHMM>
