~o
<STREAMINFO> 1 25
<VECSIZE> 25<NULLD><MFCC_E_D_N><DIAGC>
~h "jmodel"
<BEGINHMM>
<NUMSTATES> 3
<STATE> 2
<NUMMIXES> 128
<MIXTURE> 1 5.748963e-03
<MEAN> 25
 -2.562581e+00 3.200453e+00 2.260600e+00 8.621832e+00 4.396457e+00 3.417677e+00 4.077981e+00 3.930373e+00 5.773621e+00 5.194780e+00 5.775761e+00 3.060642e+00 -1.973484e+00 -1.605552e+00 -8.801052e-01 1.085685e+00 1.573824e+00 2.203957e+00 2.160746e+00 2.078530e+00 1.705451e+00 1.248745e+00 1.525917e+00 6.167784e-01 -4.664292e-02
<VARIANCE> 25
 1.000576e+01 1.179832e+01 1.489317e+01 1.942703e+01 2.294520e+01 2.191725e+01 2.160662e+01 2.170465e+01 2.178878e+01 2.248162e+01 2.133634e+01 1.686924e+01 1.823996e+00 2.163768e+00 3.070711e+00 3.185547e+00 3.734069e+00 3.358837e+00 3.325492e+00 3.366244e+00 3.515253e+00 3.712638e+00 3.580879e+00 2.808316e+00 3.137177e-03
<GCONST> 8.854706e+01
<MIXTURE> 2 4.549242e-03
<MEAN> 25
 -4.845469e+00 1.321532e+00 9.640206e-01 9.858897e+00 6.697461e+00 7.396128e+00 7.841295e+00 6.969930e+00 8.364511e+00 6.350240e+00 7.581454e+00 3.072822e+00 -6.187679e-02 4.191196e-02 1.410536e-01 2.246692e-01 2.640924e-01 2.801617e-01 2.910593e-01 3.193496e-01 3.495808e-01 3.096409e-01 2.031343e-01 8.222453e-02 1.354777e-06
<VARIANCE> 25
 7.052948e+00 8.870773e+00 1.072961e+01 1.608921e+01 1.716045e+01 1.562252e+01 1.683160e+01 1.843149e+01 1.652370e+01 1.738257e+01 1.831064e+01 1.429852e+01 1.247615e-01 2.259317e-01 3.354290e-01 4.656193e-01 6.475698e-01 8.136650e-01 9.336835e-01 1.000839e+00 1.046884e+00 1.077325e+00 1.080242e+00 1.010959e+00 1.011254e-06
<GCONST> 5.806076e+01
<MIXTURE> 3 4.549242e-03
<MEAN> 25
 -4.845469e+00 1.321532e+00 9.640206e-01 9.858897e+00 6.697461e+00 7.396128e+00 7.841295e+00 6.969930e+00 8.364511e+00 6.350240e+00 7.581454e+00 3.072822e+00 -6.187679e-02 4.191196e-02 1.410536e-01 2.246692e-01 2.640924e-01 2.801617e-01 2.910593e-01 3.193496e-01 3.495808e-01 3.096409e-01 2.031343e-01 8.222453e-02 1.354777e-06
<VARIANCE> 25
 7.052948e+00 8.870773e+00 1.072961e+01 1.608921e+01 1.716045e+01 1.562252e+01 1.683160e+01 1.843149e+01 1.652370e+01 1.738257e+01 1.831064e+01 1.429852e+01 1.247615e-01 2.259317e-01 3.354290e-01 4.656193e-01 6.475698e-01 8.136650e-01 9.336835e-01 1.000839e+00 1.046884e+00 1.077325e+00 1.080242e+00 1.010959e+00 1.011254e-06
<GCONST> 5.806076e+01
<MIXTURE> 4 1.671429e-02
<MEAN> 25
 3.312149e+00 2.214117e+00 -3.752449e+00 -9.981021e-02 3.773620e+00 -3.454234e-01 -4.464695e-02 5.866981e-01 1.825912e+00 8.532259e-01 -2.295765e+00 -1.446871e-02 -2.524876e+00 1.299520e+00 1.605890e+00 2.990369e+00 1.184303e+00 4.062774e-01 1.340866e+00 9.962958e-01 9.879224e-01 5.825839e-01 9.860352e-01 8.557065e-01 -9.439711e-02
<VARIANCE> 25
 1.807033e+01 2.758120e+01 2.481256e+01 3.942986e+01 4.081354e+01 5.957872e+01 5.786507e+01 4.904816e+01 4.853671e+01 5.521313e+01 4.831807e+01 3.418539e+01 2.561885e+00 4.743894e+00 3.487008e+00 4.718507e+00 4.725343e+00 5.766918e+00 5.365253e+00 4.710971e+00 5.456800e+00 5.530910e+00 5.567397e+00 3.971769e+00 5.795394e-03
<GCONST> 1.032803e+02
<MIXTURE> 5 3.206198e-03
<MEAN> 25
 -3.406845e+00 2.185839e+00 5.995435e-01 9.411145e+00 6.701631e+00 6.308470e+00 7.110570e+00 4.732638e+00 5.498253e+00 3.842959e+00 4.638843e+00 2.607830e+00 -3.233799e-01 7.509857e-01 1.221846e+00 1.029142e+00 3.061197e-01 -1.008004e-01 -8.625458e-02 3.161262e-02 4.578323e-01 6.838875e-01 4.064961e-01 8.766446e-02 -2.808104e-05
<VARIANCE> 25
 1.026575e+01 1.391951e+01 2.347286e+01 2.565667e+01 2.018818e+01 1.945814e+01 2.009190e+01 2.035776e+01 2.138296e+01 2.124903e+01 2.418109e+01 1.633697e+01 1.207307e+00 1.243162e+00 1.357672e+00 1.673455e+00 2.280854e+00 2.371875e+00 2.299397e+00 2.272335e+00 2.309964e+00 2.235816e+00 2.083611e+00 1.874754e+00 1.002881e-06
<GCONST> 7.515489e+01
<MIXTURE> 6 5.475854e-03
<MEAN> 25
 8.554584e+00 -1.195777e+00 -6.096268e+00 -1.175068e+01 -2.501707e+00 6.655778e+00 -6.626870e+00 -6.958129e+00 -4.053821e+00 1.838501e+00 4.510191e+00 -6.400245e-01 3.836815e-01 7.550957e-01 -4.143193e-01 -1.347653e+00 -6.441374e-01 1.065422e+00 1.677820e+00 5.178425e-01 -1.174535e+00 -1.133326e+00 2.868415e-01 1.319215e+00 -6.106707e-03
<VARIANCE> 25
 1.254219e+01 1.646627e+01 2.324969e+01 4.551305e+01 3.282206e+01 2.792414e+01 4.416706e+01 4.899770e+01 3.643472e+01 3.536967e+01 3.685904e+01 2.795908e+01 4.172150e-01 8.465356e-01 9.126375e-01 1.849627e+00 1.584674e+00 2.391086e+00 2.018900e+00 2.204160e+00 2.127701e+00 1.737503e+00 2.126642e+00 1.557625e+00 6.788562e-04
<GCONST> 8.435915e+01
<MIXTURE> 7 5.475854e-03
<MEAN> 25
 8.554584e+00 -1.195777e+00 -6.096268e+00 -1.175068e+01 -2.501707e+00 6.655778e+00 -6.626870e+00 -6.958129e+00 -4.053821e+00 1.838501e+00 4.510191e+00 -6.400245e-01 3.836815e-01 7.550957e-01 -4.143193e-01 -1.347653e+00 -6.441374e-01 1.065422e+00 1.677820e+00 5.178425e-01 -1.174535e+00 -1.133326e+00 2.868415e-01 1.319215e+00 -6.106707e-03
<VARIANCE> 25
 1.254219e+01 1.646627e+01 2.324969e+01 4.551305e+01 3.282206e+01 2.792414e+01 4.416706e+01 4.899770e+01 3.643472e+01 3.536967e+01 3.685904e+01 2.795908e+01 4.172150e-01 8.465356e-01 9.126375e-01 1.849627e+00 1.584674e+00 2.391086e+00 2.018900e+00 2.204160e+00 2.127701e+00 1.737503e+00 2.126642e+00 1.557625e+00 6.788562e-04
<GCONST> 8.435915e+01
<MIXTURE> 8 1.165917e-02
<MEAN> 25
 -4.010320e+00 1.141713e+00 9.131576e-01 8.278892e+00 6.446957e+00 5.831768e+00 6.199865e+00 5.991505e+00 6.837155e+00 5.282052e+00 5.643812e+00 3.020444e+00 -5.660981e-01 -1.356566e+00 -1.235391e+00 -1.699134e+00 -3.180543e-01 -8.247696e-01 -3.064395e-01 -3.121251e-01 -1.139986e-01 -1.495309e-01 4.111131e-02 9.631491e-02 9.413084e-02
<VARIANCE> 25
 9.849673e+00 9.163738e+00 1.091302e+01 2.059049e+01 1.530343e+01 1.508563e+01 1.540214e+01 1.572115e+01 1.982137e+01 1.724315e+01 1.937714e+01 1.276024e+01 2.653390e+00 2.676949e+00 4.734643e+00 3.745955e+00 3.329049e+00 3.365754e+00 3.094935e+00 3.042670e+00 3.102873e+00 2.503606e+00 2.509357e+00 1.819245e+00 5.682253e-03
<GCONST> 8.603339e+01
<MIXTURE> 9 1.199672e-02
<MEAN> 25
 7.763350e+00 7.931715e-01 -5.047651e+00 -1.127310e+01 -1.996287e+00 6.278561e+00 -2.777867e+00 -4.626026e+00 -5.342477e+00 -9.695985e-01 2.507897e+00 -8.134085e-02 1.378785e+00 -4.255373e-01 -4.530795e-01 -2.493843e+00 -1.447142e+00 1.160217e+00 -1.232549e+00 -6.484916e-01 -5.148995e-01 -7.639368e-01 6.271695e-01 -1.510298e-01 6.784981e-02
<VARIANCE> 25
 1.305422e+01 2.046436e+01 3.575671e+01 4.996967e+01 4.090125e+01 2.242575e+01 4.019398e+01 5.416167e+01 2.929495e+01 3.176204e+01 3.207075e+01 2.021882e+01 2.631822e+00 2.314712e+00 7.292749e+00 5.202031e+00 3.756147e+00 3.550519e+00 2.594533e+00 4.796666e+00 5.091393e+00 2.705929e+00 2.867498e+00 2.808395e+00 1.487494e-03
<GCONST> 9.559328e+01
<MIXTURE> 10 6.596976e-03
<MEAN> 25
 6.665257e-01 7.583267e+00 5.191394e+00 6.803186e+00 1.635346e+00 -2.154006e+00 -4.559292e-01 -1.642014e+00 7.613119e-01 9.484589e-01 7.174442e-01 6.397898e-01 -1.831820e+00 -5.863776e-01 -6.241123e-01 2.960231e+00 2.503626e+00 2.605549e+00 2.428979e+00 2.300055e+00 1.903640e+00 1.483975e+00 2.160667e+00 5.760918e-01 -1.363523e-01
<VARIANCE> 25
 1.930971e+01 1.990390e+01 2.233037e+01 3.040048e+01 3.712317e+01 3.398721e+01 3.463808e+01 3.288551e+01 2.675413e+01 2.801993e+01 2.618404e+01 2.410210e+01 2.321465e+00 3.442740e+00 5.967358e+00 5.060391e+00 5.367331e+00 4.516685e+00 4.596034e+00 4.648397e+00 4.246834e+00 4.884437e+00 4.904457e+00 3.116170e+00 2.661605e-03
<GCONST> 9.723032e+01
<MIXTURE> 11 1.633820e-02
<MEAN> 25
 7.727838e+00 -3.321187e-01 3.996530e+00 6.077038e+00 -5.957692e+00 -6.912499e-01 -9.920266e-01 -8.287108e+00 -7.799209e+00 -1.290835e+00 -1.616584e+00 -2.587481e+00 -3.835292e-01 5.412574e-01 -4.445828e-02 1.134847e-01 4.915950e-01 -3.455079e-01 3.801463e-01 3.440586e-01 6.544314e-02 1.468466e-01 -4.788503e-01 1.645431e-01 -1.792501e-02
<VARIANCE> 25
 1.037114e+01 2.777057e+01 1.819446e+01 1.906582e+01 3.893533e+01 2.570798e+01 4.759538e+01 2.756594e+01 4.448101e+01 2.344792e+01 2.379383e+01 2.038647e+01 7.985098e-01 9.428278e-01 2.406538e+00 3.080022e+00 1.582829e+00 1.964294e+00 2.019071e+00 2.015219e+00 1.634741e+00 1.485085e+00 2.506535e+00 1.276655e+00 8.625502e-04
<GCONST> 8.393256e+01
<MIXTURE> 12 5.904134e-03
<MEAN> 25
 9.935690e+00 2.871656e+00 -3.858459e+00 -1.555905e+01 -9.631706e+00 8.353982e+00 4.428420e-01 -3.754850e-01 -1.752572e+00 -5.187207e+00 7.893493e-01 -3.275642e-02 -4.025595e-02 3.790265e-01 5.201419e-02 -6.243789e-01 -1.077550e-01 2.539766e-01 2.821863e-01 5.773002e-01 3.128006e-01 -4.260436e-01 -2.154586e-01 2.025324e-01 -1.015083e-02
<VARIANCE> 25
 1.055354e+01 2.035821e+01 1.979780e+01 3.578646e+01 3.868816e+01 2.610306e+01 4.584612e+01 6.026923e+01 3.718567e+01 3.066238e+01 3.501052e+01 2.695157e+01 2.800569e-01 6.547806e-01 6.397285e-01 1.754756e+00 1.518459e+00 1.090905e+00 1.097404e+00 1.461881e+00 1.230540e+00 1.126780e+00 1.151359e+00 9.600617e-01 6.382284e-04
<GCONST> 7.907732e+01
<MIXTURE> 13 5.904134e-03
<MEAN> 25
 9.935690e+00 2.871656e+00 -3.858459e+00 -1.555905e+01 -9.631706e+00 8.353982e+00 4.428420e-01 -3.754850e-01 -1.752572e+00 -5.187207e+00 7.893493e-01 -3.275642e-02 -4.025595e-02 3.790265e-01 5.201419e-02 -6.243789e-01 -1.077550e-01 2.539766e-01 2.821863e-01 5.773002e-01 3.128006e-01 -4.260436e-01 -2.154586e-01 2.025324e-01 -1.015083e-02
<VARIANCE> 25
 1.055354e+01 2.035821e+01 1.979780e+01 3.578646e+01 3.868816e+01 2.610306e+01 4.584612e+01 6.026923e+01 3.718567e+01 3.066238e+01 3.501052e+01 2.695157e+01 2.800569e-01 6.547806e-01 6.397285e-01 1.754756e+00 1.518459e+00 1.090905e+00 1.097404e+00 1.461881e+00 1.230540e+00 1.126780e+00 1.151359e+00 9.600617e-01 6.382284e-04
<GCONST> 7.907732e+01
<MIXTURE> 14 6.488954e-03
<MEAN> 25
 -3.547512e+00 1.096657e-01 -6.507671e-01 8.158545e+00 7.547746e+00 6.907794e+00 7.809378e+00 7.533185e+00 7.504645e+00 4.787720e+00 5.473171e+00 3.846938e+00 -2.485421e-01 1.417189e-01 3.683554e-01 3.199358e-01 3.323422e-03 3.851943e-02 8.962544e-02 2.150894e-01 3.949473e-01 4.388786e-01 4.762678e-01 1.188913e-01 -5.496677e-03
<VARIANCE> 25
 1.054081e+01 1.299294e+01 1.637800e+01 1.785689e+01 1.861412e+01 1.837738e+01 1.918193e+01 1.854406e+01 2.003358e+01 2.224692e+01 2.690886e+01 1.547922e+01 8.588071e-01 1.506459e+00 1.543327e+00 1.796120e+00 2.120401e+00 2.110998e+00 2.064499e+00 2.186357e+00 2.346714e+00 2.290787e+00 1.972220e+00 1.631089e+00 9.941041e-04
<GCONST> 8.060532e+01
<MIXTURE> 15 2.475190e-03
<MEAN> 25
 -4.832001e+00 -2.952363e-01 -4.896750e-01 6.926431e+00 5.904529e+00 5.399975e+00 6.027523e+00 5.351067e+00 5.167491e+00 3.909878e+00 4.923377e+00 2.558639e+00 -1.299796e-01 -3.755207e-02 9.798374e-02 2.712067e-01 4.682781e-01 7.682315e-01 1.024946e+00 1.115233e+00 1.030333e+00 7.323763e-01 3.691789e-01 1.414696e-01 4.170089e-04
<VARIANCE> 25
 8.860609e+00 6.020214e+00 8.794550e+00 1.323934e+01 1.318408e+01 1.371823e+01 1.420024e+01 1.479044e+01 1.304444e+01 1.438299e+01 1.666097e+01 1.151551e+01 1.250103e-01 1.992526e-01 3.136622e-01 5.251608e-01 6.833013e-01 7.889668e-01 7.386101e-01 7.922052e-01 8.641488e-01 9.716116e-01 1.033609e+00 9.978477e-01 3.342633e-05
<GCONST> 5.861726e+01
<MIXTURE> 16 2.475190e-03
<MEAN> 25
 -4.832001e+00 -2.952363e-01 -4.896750e-01 6.926431e+00 5.904529e+00 5.399975e+00 6.027523e+00 5.351067e+00 5.167491e+00 3.909878e+00 4.923377e+00 2.558639e+00 -1.299796e-01 -3.755207e-02 9.798374e-02 2.712067e-01 4.682781e-01 7.682315e-01 1.024946e+00 1.115233e+00 1.030333e+00 7.323763e-01 3.691789e-01 1.414696e-01 4.170089e-04
<VARIANCE> 25
 8.860609e+00 6.020214e+00 8.794550e+00 1.323934e+01 1.318408e+01 1.371823e+01 1.420024e+01 1.479044e+01 1.304444e+01 1.438299e+01 1.666097e+01 1.151551e+01 1.250103e-01 1.992526e-01 3.136622e-01 5.251608e-01 6.833013e-01 7.889668e-01 7.386101e-01 7.922052e-01 8.641488e-01 9.716116e-01 1.033609e+00 9.978477e-01 3.342633e-05
<GCONST> 5.861726e+01
<MIXTURE> 17 9.518312e-03
<MEAN> 25
 3.137738e+00 -2.642709e+00 5.771912e+00 2.097646e+00 -7.555756e+00 -5.067400e+00 -4.622979e+00 -8.341931e-01 -2.204268e+00 -3.386927e+00 1.493628e+00 -4.327774e-01 -1.008293e+00 -1.343270e+00 1.528350e+00 -2.264712e+00 -2.538958e+00 -1.176226e-01 -1.322839e-01 -1.152288e-02 -6.320502e-01 -2.512287e-01 8.196697e-01 2.535516e-01 9.706507e-02
<VARIANCE> 25
 1.559365e+01 3.548970e+01 2.748528e+01 3.331784e+01 6.314638e+01 4.041861e+01 4.001311e+01 3.829654e+01 3.063182e+01 2.490861e+01 5.075441e+01 2.252201e+01 1.797495e+00 2.288052e+00 4.127204e+00 3.382147e+00 7.386936e+00 4.964356e+00 5.463566e+00 4.760133e+00 4.041692e+00 4.229472e+00 2.895821e+00 2.594941e+00 3.656584e-03
<GCONST> 9.809576e+01
<MIXTURE> 18 1.221018e-02
<MEAN> 25
 3.602728e+00 3.775820e+00 5.970967e+00 4.364311e+00 -4.142153e+00 -7.612265e+00 -2.034909e+00 -1.259432e+00 -2.921747e+00 -1.444023e+00 -7.840664e-01 -2.567153e-03 -6.493917e-01 2.172327e+00 -4.259582e-01 1.772170e+00 3.081764e+00 1.180972e+00 1.044152e+00 6.931742e-02 9.129183e-01 4.269927e-01 -8.171977e-01 1.636335e-01 -1.204731e-01
<VARIANCE> 25
 1.468446e+01 2.622496e+01 3.552530e+01 2.335228e+01 4.151605e+01 3.102448e+01 3.509890e+01 3.323929e+01 3.459974e+01 3.499160e+01 3.002737e+01 3.027040e+01 2.218534e+00 2.673929e+00 4.722733e+00 3.714926e+00 3.802403e+00 4.316842e+00 4.377815e+00 4.298097e+00 4.161400e+00 3.700694e+00 5.422603e+00 3.285106e+00 3.517519e-03
<GCONST> 9.709772e+01
<MIXTURE> 19 9.912824e-03
<MEAN> 25
 -9.823526e+00 1.976575e+00 -2.560077e-01 -4.369220e-01 4.081561e+00 1.613664e+00 2.356111e+00 -2.081784e-01 8.267913e-01 1.112162e+00 4.719283e-01 1.071401e+00 1.974823e+00 1.750288e+00 2.123197e+00 1.084065e+00 -1.087924e+00 -6.730357e-01 -8.019550e-01 -1.878528e+00 -1.416065e+00 -9.766674e-01 -7.124236e-01 -5.865746e-01 -9.947753e-03
<VARIANCE> 25
 4.548557e+01 2.861172e+01 4.545690e+01 4.816332e+01 2.971352e+01 3.230619e+01 2.464897e+01 2.874880e+01 3.102540e+01 2.069075e+01 3.349905e+01 2.048348e+01 1.883962e+00 2.523876e+00 2.200350e+00 3.041239e+00 2.177997e+00 2.273293e+00 2.447281e+00 2.316676e+00 2.795962e+00 1.858209e+00 1.913759e+00 1.398154e+00 2.538692e-03
<GCONST> 9.068604e+01
<MIXTURE> 20 6.308331e-03
<MEAN> 25
 -1.419852e+01 7.425461e+00 8.419551e-01 6.119889e+00 4.852098e+00 1.608326e+00 5.185768e+00 8.703859e-01 9.328247e-01 8.055359e-01 2.560941e+00 -3.005042e-01 -3.285198e+00 -8.627545e-01 -1.561687e+00 3.332241e-01 1.538843e+00 2.057734e+00 1.977782e+00 2.051643e+00 2.142323e+00 2.037620e+00 1.683975e+00 9.434651e-01 4.733540e-02
<VARIANCE> 25
 1.978611e+01 2.343470e+01 3.088823e+01 3.759254e+01 3.081320e+01 2.817782e+01 3.012516e+01 3.157183e+01 2.797000e+01 2.817923e+01 2.512596e+01 2.087393e+01 2.091954e+00 2.185661e+00 1.914246e+00 2.535496e+00 2.698767e+00 2.318917e+00 2.307832e+00 2.322685e+00 2.234708e+00 2.649472e+00 2.237316e+00 1.862835e+00 1.884401e-03
<GCONST> 8.924387e+01
<MIXTURE> 21 7.928653e-03
<MEAN> 25
 4.504994e+00 -5.713114e+00 5.915378e+00 -8.336379e-02 -1.056513e+01 -8.690181e+00 -2.928333e+00 2.879551e+00 -3.103210e+00 -3.949690e+00 1.154425e+00 1.954911e-01 -7.156201e-01 1.122188e+00 3.000997e+00 1.158337e-01 -1.544256e+00 5.483543e-01 3.290284e-01 -1.470074e+00 -1.963417e+00 -9.595946e-02 1.309587e+00 5.982878e-01 -1.266385e-02
<VARIANCE> 25
 1.152496e+01 2.180575e+01 2.510865e+01 3.166207e+01 2.524096e+01 3.412285e+01 3.639481e+01 4.545338e+01 4.044563e+01 4.202961e+01 4.297684e+01 2.746210e+01 3.484989e-01 9.535381e-01 2.805524e+00 1.208523e+00 1.877380e+00 2.154072e+00 3.389878e+00 2.259999e+00 1.989946e+00 2.802742e+00 2.021712e+00 3.655813e+00 3.678356e-04
<GCONST> 8.619707e+01
<MIXTURE> 22 8.827789e-03
<MEAN> 25
 -1.777482e+01 7.214991e+00 -4.147382e+00 7.368750e+00 4.589241e+00 2.563730e+00 8.262725e+00 1.592013e+00 5.106962e+00 3.116569e+00 5.364815e+00 1.131884e+00 -3.091455e-01 -2.207021e-01 -2.246703e-01 -1.461808e-01 3.010954e-02 1.448191e-01 1.584942e-01 1.554098e-01 2.028233e-01 2.135547e-01 1.711920e-01 1.336304e-01 1.149843e-02
<VARIANCE> 25
 8.402018e+00 1.622346e+01 1.690549e+01 2.443268e+01 2.204525e+01 2.084865e+01 1.905244e+01 1.879830e+01 1.924074e+01 2.088784e+01 2.115908e+01 1.332917e+01 1.076715e+00 1.311588e+00 1.556861e+00 1.510381e+00 1.382510e+00 1.464508e+00 1.464602e+00 1.487686e+00 1.593195e+00 1.505611e+00 1.300777e+00 1.201165e+00 1.848250e-03
<GCONST> 7.824709e+01
<MIXTURE> 23 6.455497e-03
<MEAN> 25
 6.310728e+00 1.270160e+00 2.402961e+00 2.612009e+00 -4.836962e+00 -2.205113e+00 -5.261230e+00 -8.828326e+00 -5.197454e+00 5.487933e-02 -2.420365e+00 -3.622384e+00 8.181436e-04 1.754740e-01 -1.407892e-04 1.054477e-01 -1.521161e-01 6.437559e-02 4.596413e-02 2.477439e-02 -9.010337e-02 2.488432e-01 1.470242e-01 -2.274554e-02 -4.889354e-03
<VARIANCE> 25
 1.734455e+01 2.769877e+01 2.472979e+01 3.314740e+01 3.280853e+01 3.975143e+01 7.125123e+01 5.979015e+01 4.339648e+01 3.596621e+01 4.419196e+01 3.372958e+01 1.512120e-01 2.631035e-01 3.267852e-01 4.076900e-01 6.931705e-01 7.775660e-01 6.606796e-01 8.210939e-01 9.341258e-01 8.872126e-01 8.406656e-01 7.404138e-01 7.962235e-05
<GCONST> 7.245103e+01
<MIXTURE> 24 6.455497e-03
<MEAN> 25
 6.310728e+00 1.270160e+00 2.402961e+00 2.612009e+00 -4.836962e+00 -2.205113e+00 -5.261230e+00 -8.828326e+00 -5.197454e+00 5.487933e-02 -2.420365e+00 -3.622384e+00 8.181436e-04 1.754740e-01 -1.407892e-04 1.054477e-01 -1.521161e-01 6.437559e-02 4.596413e-02 2.477439e-02 -9.010337e-02 2.488432e-01 1.470242e-01 -2.274554e-02 -4.889354e-03
<VARIANCE> 25
 1.734455e+01 2.769877e+01 2.472979e+01 3.314740e+01 3.280853e+01 3.975143e+01 7.125123e+01 5.979015e+01 4.339648e+01 3.596621e+01 4.419196e+01 3.372958e+01 1.512120e-01 2.631035e-01 3.267852e-01 4.076900e-01 6.931705e-01 7.775660e-01 6.606796e-01 8.210939e-01 9.341258e-01 8.872126e-01 8.406656e-01 7.404138e-01 7.962235e-05
<GCONST> 7.245103e+01
<MIXTURE> 25 1.118642e-02
<MEAN> 25
 -1.005572e+00 -4.547864e-01 1.442547e+01 -5.099524e-01 -1.314775e+01 -3.234450e+00 -6.591215e+00 -5.254957e+00 -7.088259e+00 -4.163147e+00 3.426883e+00 5.045466e-01 -6.044405e-02 3.974120e-01 1.862928e-01 -2.875395e-02 3.896661e-02 5.447031e-02 1.829895e-01 -1.983137e-01 -7.740135e-02 2.636152e-01 -2.100670e-01 -1.260536e-01 -1.055903e-02
<VARIANCE> 25
 1.026503e+01 1.737638e+01 1.481350e+01 1.453849e+01 3.796662e+01 2.456182e+01 2.076210e+01 3.698816e+01 2.556031e+01 3.126887e+01 1.704659e+01 2.604336e+01 6.139999e-01 1.085665e+00 1.472056e+00 1.095546e+00 2.060008e+00 2.086273e+00 1.632638e+00 1.405637e+00 1.960877e+00 1.351382e+00 1.792651e+00 1.390602e+00 1.680978e-03
<GCONST> 8.062482e+01
<MIXTURE> 26 7.727677e-03
<MEAN> 25
 1.343874e+00 -5.649172e+00 -1.021586e+01 -1.928877e+00 7.308578e+00 4.301608e+00 2.991598e+00 8.330780e-03 1.413783e+00 -4.266363e-01 -1.767375e+00 -1.744591e+00 -5.114096e-01 7.517344e-01 6.132699e-01 6.935720e-01 2.894880e-01 4.436444e-01 3.048809e-01 1.998931e-01 3.889186e-01 -8.008716e-03 1.878421e-01 3.692272e-01 -4.878182e-02
<VARIANCE> 25
 2.391483e+01 3.007124e+01 2.644513e+01 6.548961e+01 3.590113e+01 4.251061e+01 4.516976e+01 3.689803e+01 3.721210e+01 4.684602e+01 3.848400e+01 4.571674e+01 1.687041e+00 1.756261e+00 1.924068e+00 2.108668e+00 2.267109e+00 2.431661e+00 2.403233e+00 2.473163e+00 2.195364e+00 2.216749e+00 2.179158e+00 2.022281e+00 3.765285e-03
<GCONST> 9.312694e+01
<MIXTURE> 27 7.727677e-03
<MEAN> 25
 1.343874e+00 -5.649172e+00 -1.021586e+01 -1.928877e+00 7.308578e+00 4.301608e+00 2.991598e+00 8.330780e-03 1.413783e+00 -4.266363e-01 -1.767375e+00 -1.744591e+00 -5.114096e-01 7.517344e-01 6.132699e-01 6.935720e-01 2.894880e-01 4.436444e-01 3.048809e-01 1.998931e-01 3.889186e-01 -8.008716e-03 1.878421e-01 3.692272e-01 -4.878182e-02
<VARIANCE> 25
 2.391483e+01 3.007124e+01 2.644513e+01 6.548961e+01 3.590113e+01 4.251061e+01 4.516976e+01 3.689803e+01 3.721210e+01 4.684602e+01 3.848400e+01 4.571674e+01 1.687041e+00 1.756261e+00 1.924068e+00 2.108668e+00 2.267109e+00 2.431661e+00 2.403233e+00 2.473163e+00 2.195364e+00 2.216749e+00 2.179158e+00 2.022281e+00 3.765285e-03
<GCONST> 9.312694e+01
<MIXTURE> 28 5.036674e-03
<MEAN> 25
 -4.849188e+00 4.159648e-01 -1.779750e+00 6.049401e+00 5.247250e+00 3.138259e+00 5.454322e+00 3.571181e+00 3.955931e+00 2.118065e+00 1.836789e+00 2.676000e+00 -1.152052e-01 2.053473e-01 4.929988e-01 7.561663e-01 8.348359e-01 7.146132e-01 4.767243e-01 4.269951e-01 3.943438e-01 4.705045e-01 4.232386e-01 2.179792e-01 5.584256e-05
<VARIANCE> 25
 1.139938e+01 8.640301e+00 1.115127e+01 1.567724e+01 1.425902e+01 1.715687e+01 1.722473e+01 1.920977e+01 1.601477e+01 1.599017e+01 2.333786e+01 1.631494e+01 2.372536e-01 3.218451e-01 3.840693e-01 4.351088e-01 5.981066e-01 7.621142e-01 1.003669e+00 1.123708e+00 1.026247e+00 1.030152e+00 9.840110e-01 1.143771e+00 1.255232e-06
<GCONST> 6.004877e+01
<MIXTURE> 29 5.036674e-03
<MEAN> 25
 -4.849188e+00 4.159648e-01 -1.779750e+00 6.049401e+00 5.247250e+00 3.138259e+00 5.454322e+00 3.571181e+00 3.955931e+00 2.118065e+00 1.836789e+00 2.676000e+00 -1.152052e-01 2.053473e-01 4.929988e-01 7.561663e-01 8.348359e-01 7.146132e-01 4.767243e-01 4.269951e-01 3.943438e-01 4.705045e-01 4.232386e-01 2.179792e-01 5.584256e-05
<VARIANCE> 25
 1.139938e+01 8.640301e+00 1.115127e+01 1.567724e+01 1.425902e+01 1.715687e+01 1.722473e+01 1.920977e+01 1.601477e+01 1.599017e+01 2.333786e+01 1.631494e+01 2.372536e-01 3.218451e-01 3.840693e-01 4.351088e-01 5.981066e-01 7.621142e-01 1.003669e+00 1.123708e+00 1.026247e+00 1.030152e+00 9.840110e-01 1.143771e+00 1.255232e-06
<GCONST> 6.004877e+01
<MIXTURE> 30 8.917812e-03
<MEAN> 25
 -1.591016e+00 1.989822e+00 -1.252742e+00 6.523559e+00 8.112707e+00 5.681025e+00 7.597275e+00 7.869427e+00 7.121885e+00 3.584727e+00 2.303736e+00 2.876997e+00 -3.262079e-02 -3.381155e-02 1.898534e-02 1.731015e-01 9.621047e-02 -3.029157e-04 -7.964647e-02 -1.071076e-01 1.703285e-01 2.052570e-01 9.829421e-02 1.345626e-01 3.454114e-04
<VARIANCE> 25
 5.736357e+00 6.218829e+00 6.897173e+00 1.049058e+01 9.342862e+00 1.349631e+01 1.180331e+01 9.976038e+00 1.037580e+01 1.208794e+01 1.741640e+01 9.851269e+00 9.032003e-02 1.753180e-01 2.406262e-01 3.896199e-01 5.241492e-01 7.247424e-01 6.258836e-01 6.670461e-01 7.903219e-01 7.813252e-01 8.222730e-01 7.353216e-01 8.467344e-05
<GCONST> 5.466924e+01
<MIXTURE> 31 4.136493e-03
<MEAN> 25
 -2.683996e+00 -4.511459e+00 -2.953158e-01 4.461681e+00 3.876095e+00 1.595089e+00 5.334320e+00 6.734988e+00 2.857823e+00 1.492619e+00 5.679278e+00 3.024169e+00 2.304193e-01 4.741277e-01 -2.117882e-01 2.619288e-01 1.120510e-01 3.998828e-01 1.700179e-01 8.558940e-02 3.989016e-01 3.351448e-01 1.027930e-01 1.601358e-01 -1.671473e-02
<VARIANCE> 25
 8.126442e+00 1.961786e+01 1.636346e+01 1.656819e+01 2.204345e+01 2.116764e+01 2.125675e+01 2.261420e+01 2.458957e+01 2.633394e+01 2.169690e+01 1.703258e+01 1.900348e-01 4.689590e-01 6.070163e-01 7.782285e-01 9.027607e-01 1.070788e+00 1.116464e+00 1.501489e+00 1.289605e+00 1.258725e+00 1.139431e+00 1.161551e+00 2.762651e-04
<GCONST> 7.121283e+01
<MIXTURE> 32 4.136493e-03
<MEAN> 25
 -2.683996e+00 -4.511459e+00 -2.953158e-01 4.461681e+00 3.876095e+00 1.595089e+00 5.334320e+00 6.734988e+00 2.857823e+00 1.492619e+00 5.679278e+00 3.024169e+00 2.304193e-01 4.741277e-01 -2.117882e-01 2.619288e-01 1.120510e-01 3.998828e-01 1.700179e-01 8.558940e-02 3.989016e-01 3.351448e-01 1.027930e-01 1.601358e-01 -1.671473e-02
<VARIANCE> 25
 8.126442e+00 1.961786e+01 1.636346e+01 1.656819e+01 2.204345e+01 2.116764e+01 2.125675e+01 2.261420e+01 2.458957e+01 2.633394e+01 2.169690e+01 1.703258e+01 1.900348e-01 4.689590e-01 6.070163e-01 7.782285e-01 9.027607e-01 1.070788e+00 1.116464e+00 1.501489e+00 1.289605e+00 1.258725e+00 1.139431e+00 1.161551e+00 2.762651e-04
<GCONST> 7.121283e+01
<MIXTURE> 33 1.508826e-02
<MEAN> 25
 6.356223e+00 -6.020217e+00 -1.160839e+00 -2.777598e+00 -3.393079e+00 -6.000992e+00 -6.963212e+00 2.181825e+00 2.195121e+00 -1.321015e+00 -4.214431e+00 -2.671653e+00 4.359951e-01 -1.076930e+00 -2.451344e+00 -1.758525e+00 1.101404e+00 1.441389e+00 -1.484019e-01 4.686313e-01 1.428381e+00 5.631325e-01 -7.419738e-01 -1.239973e+00 3.479894e-02
<VARIANCE> 25
 1.217280e+01 2.926776e+01 2.687357e+01 3.316072e+01 4.027690e+01 4.005938e+01 3.680684e+01 4.671458e+01 3.627383e+01 3.579880e+01 2.934946e+01 2.336376e+01 1.102295e+00 1.552474e+00 1.796359e+00 1.794973e+00 3.588002e+00 2.723686e+00 4.377744e+00 4.576877e+00 3.664652e+00 3.449789e+00 3.679686e+00 2.157799e+00 1.282207e-03
<GCONST> 9.208539e+01
<MIXTURE> 34 1.588179e-02
<MEAN> 25
 8.293453e+00 -2.333162e+00 1.334417e+00 1.044566e+00 -4.501896e+00 4.644130e-01 -5.958087e+00 -6.603724e+00 -5.639298e+00 -7.705114e-01 9.106753e-01 -3.563988e+00 3.289533e-01 9.832708e-01 1.598160e+00 2.612034e+00 -4.219637e-01 -3.463507e-01 1.511183e+00 -5.384405e-01 -8.370163e-01 -6.140285e-01 -6.148481e-01 7.746743e-01 -5.633486e-02
<VARIANCE> 25
 8.298949e+00 2.800194e+01 2.316968e+01 4.336106e+01 3.348518e+01 4.384231e+01 4.694081e+01 5.529121e+01 5.486985e+01 3.789781e+01 5.807765e+01 2.693525e+01 1.406261e+00 1.504794e+00 3.719455e+00 3.818788e+00 4.383742e+00 4.871117e+00 5.795892e+00 5.630501e+00 4.245447e+00 4.396972e+00 4.831055e+00 3.063183e+00 1.177131e-03
<GCONST> 9.728230e+01
<MIXTURE> 35 1.467755e-02
<MEAN> 25
 -2.036944e+00 -4.517741e+00 -9.573056e+00 -1.028005e+00 7.992517e+00 -2.132421e-01 2.377135e-01 3.024530e+00 1.778415e+00 3.375770e+00 1.030643e+00 -2.410209e-01 -1.417919e-01 -1.501850e+00 -1.384037e+00 -1.050894e+00 1.240157e-01 -8.814014e-01 -6.354013e-01 -5.789838e-02 -2.193848e-01 1.691268e-01 -3.238041e-01 -1.048056e+00 1.059181e-01
<VARIANCE> 25
 1.736535e+01 2.933044e+01 3.682537e+01 4.354528e+01 3.401775e+01 5.025105e+01 4.108886e+01 3.013083e+01 7.071476e+01 2.576145e+01 3.079442e+01 4.102545e+01 3.727007e+00 2.947364e+00 6.021379e+00 4.467459e+00 5.094013e+00 4.861867e+00 4.480444e+00 4.920071e+00 3.813138e+00 2.931809e+00 3.744365e+00 3.072306e+00 3.572533e-03
<GCONST> 9.998773e+01
<MIXTURE> 36 1.093293e-02
<MEAN> 25
 2.659378e+00 -4.644991e+00 8.263456e+00 1.995293e+00 -1.199583e+01 -7.547537e+00 -7.235065e+00 -2.831347e+00 -2.894966e+00 -4.305302e+00 1.283867e+00 -9.116844e-01 3.039807e-01 9.330094e-02 -1.200354e+00 -2.613828e-01 9.713933e-01 4.862172e-02 -4.794508e-01 1.467552e-01 7.515284e-01 9.036360e-01 -2.611977e-01 -6.214533e-01 -1.529600e-02
<VARIANCE> 25
 1.398304e+01 1.380039e+01 1.444795e+01 2.326576e+01 2.287100e+01 2.862832e+01 3.544048e+01 4.135122e+01 5.309992e+01 3.168460e+01 2.449531e+01 2.775397e+01 4.832170e-01 6.341004e-01 1.392911e+00 1.608833e+00 1.099316e+00 2.060896e+00 2.608087e+00 1.742681e+00 1.478571e+00 1.674587e+00 1.077446e+00 1.548999e+00 6.018885e-04
<GCONST> 8.071044e+01
<MIXTURE> 37 1.246826e-02
<MEAN> 25
 8.184204e-02 5.768198e+00 1.223534e+01 -3.910949e+00 -8.837353e+00 -1.075351e+00 -5.217171e+00 -9.703831e+00 -5.303098e+00 -6.587415e-01 -2.083422e+00 -9.318147e-01 4.082456e-01 7.325123e-01 -1.147168e+00 2.656529e+00 1.801303e+00 -9.240751e-02 1.260381e+00 1.169843e+00 1.146933e+00 7.382024e-02 7.285923e-02 -1.917075e-02 -1.003924e-01
<VARIANCE> 25
 1.193937e+01 2.371439e+01 2.509210e+01 4.002118e+01 3.075008e+01 2.299301e+01 3.801055e+01 2.941266e+01 4.154771e+01 2.623927e+01 3.399825e+01 2.454489e+01 2.124428e+00 2.288001e+00 3.242022e+00 3.597431e+00 3.518923e+00 3.123736e+00 3.288655e+00 3.392272e+00 4.282332e+00 3.006237e+00 3.115366e+00 2.408890e+00 2.734652e-03
<GCONST> 9.332179e+01
<MIXTURE> 38 1.154525e-02
<MEAN> 25
 -4.470875e+00 8.216938e+00 4.023057e+00 1.839228e+00 1.508991e+00 -5.325333e+00 -8.619745e-01 -1.226866e+00 -1.434651e+00 -2.627547e+00 -2.359540e+00 -4.384483e-01 -4.720450e+00 1.545905e+00 -1.614135e-01 1.194435e+00 2.601537e+00 1.006059e+00 1.933126e+00 9.134988e-01 5.666969e-01 9.379701e-01 1.060976e+00 5.054053e-01 5.442386e-02
<VARIANCE> 25
 3.116346e+01 2.809845e+01 3.361447e+01 3.783051e+01 4.579564e+01 3.245272e+01 3.358722e+01 4.675280e+01 3.811795e+01 2.867183e+01 2.445593e+01 2.406957e+01 2.463659e+00 4.215580e+00 3.705482e+00 4.787238e+00 3.659952e+00 5.015334e+00 4.253159e+00 3.937123e+00 4.253410e+00 4.609313e+00 3.851779e+00 3.088003e+00 1.935879e-03
<GCONST> 9.805631e+01
<MIXTURE> 39 9.501865e-03
<MEAN> 25
 4.045208e-01 9.740351e-01 1.021088e+01 -6.718033e+00 -1.143284e+01 -6.838501e-01 -4.469289e+00 -8.476630e+00 -5.342119e+00 -9.951687e-01 -2.481272e+00 -2.469996e+00 -9.073378e-01 1.446018e+00 1.291267e+00 -1.543615e+00 2.951552e-01 1.137567e+00 -1.202879e+00 -1.247880e+00 4.560488e-01 3.358972e-01 -5.348768e-01 1.279528e-01 4.990499e-03
<VARIANCE> 25
 9.991469e+00 2.694583e+01 2.473286e+01 3.926418e+01 2.881301e+01 3.653377e+01 3.868121e+01 3.792786e+01 3.518986e+01 3.398219e+01 2.929197e+01 2.674534e+01 8.987134e-01 1.415202e+00 1.554376e+00 2.966197e+00 2.026726e+00 2.303529e+00 2.900667e+00 2.396705e+00 2.354695e+00 2.435773e+00 1.834245e+00 1.881976e+00 1.125060e-03
<GCONST> 8.786577e+01
<MIXTURE> 40 1.030800e-02
<MEAN> 25
 -4.260087e+00 2.828871e+00 -1.911554e+00 5.527755e+00 4.889020e+00 4.008377e+00 5.777354e+00 5.803238e+00 5.467527e+00 3.466866e+00 2.492822e+00 1.906669e+00 -1.106482e-01 -1.646364e-01 -5.765901e-02 -1.454664e-01 -1.179420e-01 -1.379037e-01 4.719927e-02 9.586626e-02 5.294799e-02 -5.471281e-02 9.864275e-02 1.502682e-01 8.730095e-04
<VARIANCE> 25
 3.356221e+01 1.163062e+01 1.636648e+01 1.916046e+01 1.650884e+01 1.333371e+01 1.325632e+01 1.384311e+01 1.318486e+01 1.497751e+01 1.691101e+01 1.062086e+01 4.999638e-01 5.202688e-01 6.977777e-01 9.229773e-01 1.031682e+00 1.101300e+00 1.113297e+00 1.120504e+00 1.214611e+00 1.021954e+00 9.330280e-01 1.026761e+00 6.066347e-04
<GCONST> 7.007269e+01
<MIXTURE> 41 6.713375e-03
<MEAN> 25
 2.900860e-01 -3.722617e-01 9.922964e+00 -6.725122e+00 -1.066033e+01 -3.259924e+00 -3.285546e+00 -4.723530e+00 -4.693758e+00 2.113674e+00 -9.245420e-01 -1.247048e+00 -4.123788e-01 -6.849319e-01 1.576354e+00 -3.352398e+00 -2.165464e+00 1.005409e-01 -2.765639e-01 -7.158841e-01 -1.201762e+00 9.762424e-01 -7.962904e-01 1.194911e-01 9.605139e-02
<VARIANCE> 25
 1.511447e+01 4.005397e+01 3.093814e+01 3.738200e+01 4.844677e+01 3.537861e+01 3.466357e+01 2.939684e+01 2.924739e+01 2.701779e+01 4.951324e+01 2.424494e+01 4.063533e+00 2.889119e+00 3.678766e+00 3.593275e+00 6.324198e+00 5.593187e+00 5.076073e+00 4.247783e+00 4.450946e+00 4.233539e+00 3.681102e+00 2.702883e+00 3.281807e-03
<GCONST> 9.873771e+01
<MIXTURE> 42 1.106211e-02
<MEAN> 25
 -3.918787e+00 4.809700e+00 5.813313e+00 2.056557e+00 -3.525424e-01 -6.088385e+00 -5.967693e-01 -4.161041e+00 -4.190585e+00 -7.246045e-01 -2.583979e+00 1.271353e+00 3.818836e+00 -6.514372e-01 1.558657e+00 8.720416e-01 -3.263942e+00 -1.215467e+00 -1.759572e+00 -1.464203e+00 -1.398556e+00 -8.834617e-01 6.674323e-01 -1.017832e+00 1.787287e-04
<VARIANCE> 25
 3.457695e+01 1.768268e+01 4.304504e+01 2.220810e+01 3.837488e+01 3.469944e+01 2.851339e+01 3.953545e+01 3.617052e+01 2.069467e+01 1.490493e+01 1.551801e+01 2.964182e+00 5.264031e+00 4.471442e+00 4.902978e+00 3.826335e+00 5.024654e+00 4.340782e+00 4.587982e+00 5.536913e+00 3.891141e+00 3.312441e+00 2.621305e+00 3.959370e-03
<GCONST> 9.699156e+01
<MIXTURE> 43 7.108249e-03
<MEAN> 25
 3.158475e+00 -6.340814e+00 -2.185967e+00 -5.178827e+00 -7.425650e+00 -3.270941e+00 3.773615e+00 1.222331e+00 -4.976119e+00 -6.940910e+00 -4.186259e+00 -1.419843e+00 2.322039e-01 2.135389e+00 1.891283e+00 -1.205186e-01 -1.375531e+00 -7.769710e-01 -9.476864e-01 -7.211073e-01 8.118914e-01 1.424151e+00 3.419961e-01 4.472011e-02 -4.558637e-02
<VARIANCE> 25
 9.592500e+00 1.967438e+01 2.697916e+01 3.713606e+01 3.853791e+01 3.701437e+01 3.661878e+01 3.958922e+01 3.960238e+01 3.873814e+01 2.744339e+01 3.075958e+01 7.085108e-01 1.255616e+00 1.546753e+00 2.482348e+00 2.417090e+00 2.350841e+00 2.640815e+00 3.107262e+00 2.629681e+00 2.574434e+00 2.322548e+00 1.929340e+00 9.528564e-04
<GCONST> 8.823984e+01
<MIXTURE> 44 7.328289e-03
<MEAN> 25
 -1.535579e+01 2.589901e+00 3.130675e+00 -3.745530e+00 4.077297e+00 8.406940e-01 -3.263824e-01 3.293486e+00 2.132158e+00 -4.200628e-02 1.669031e+00 2.072567e+00 -2.679778e-01 8.029220e-02 1.300242e-01 3.039071e-01 1.854789e-03 2.111869e-01 5.880284e-01 1.379011e-01 2.725633e-01 1.142474e-01 7.707867e-02 7.716690e-02 4.489523e-03
<VARIANCE> 25
 5.312290e+01 3.307943e+01 3.078102e+01 2.946683e+01 3.268830e+01 3.802852e+01 2.567345e+01 3.306766e+01 2.986470e+01 2.595430e+01 2.380509e+01 1.817370e+01 1.540503e+00 1.537151e+00 1.296044e+00 1.203603e+00 1.938184e+00 1.496117e+00 1.540851e+00 1.641696e+00 1.661020e+00 1.451615e+00 1.408095e+00 1.147780e+00 1.381584e-03
<GCONST> 8.489588e+01
<MIXTURE> 45 1.364932e-02
<MEAN> 25
 -1.251034e+01 4.717349e+00 -2.700192e-01 1.282077e+00 6.126120e+00 -2.183897e+00 5.648180e+00 5.238147e+00 1.853153e+00 2.060005e+00 1.238084e+00 2.848925e+00 -3.365330e+00 1.005663e+00 -2.752866e-01 -5.049385e-01 8.178558e-01 -3.424018e-01 3.491502e-01 6.880416e-02 -3.034942e-01 3.033912e-01 3.266509e-01 -4.276828e-02 1.190814e-01
<VARIANCE> 25
 4.581839e+01 2.679873e+01 1.935867e+01 3.455070e+01 2.928891e+01 2.548359e+01 2.726107e+01 4.125351e+01 2.083519e+01 1.709543e+01 2.362414e+01 1.535328e+01 2.226967e+00 2.562267e+00 2.839813e+00 2.611571e+00 1.897353e+00 2.434087e+00 2.586333e+00 1.712016e+00 2.121584e+00 1.735576e+00 1.953029e+00 1.120131e+00 2.844117e-03
<GCONST> 8.796203e+01
<MIXTURE> 46 9.336259e-03
<MEAN> 25
 -9.398610e+00 2.103947e+00 9.729620e-01 6.996389e+00 6.301781e+00 2.802312e+00 6.684956e+00 4.851878e+00 5.551909e+00 4.495400e+00 4.882625e+00 2.960639e+00 1.097250e+00 -1.117239e-01 8.517979e-02 9.914964e-01 6.121055e-01 9.613851e-01 3.704471e-01 6.454614e-01 4.850121e-01 5.168545e-01 5.156032e-01 5.003157e-01 -1.058685e-01
<VARIANCE> 25
 3.566905e+01 4.246923e+01 3.676546e+01 5.086031e+01 5.034168e+01 4.208036e+01 3.620053e+01 3.543510e+01 3.327734e+01 2.966404e+01 2.710886e+01 2.090977e+01 3.741072e+00 4.242049e+00 3.791305e+00 3.931023e+00 3.937036e+00 3.537202e+00 3.348684e+00 2.959692e+00 3.047244e+00 2.917235e+00 2.475332e+00 1.720169e+00 7.711350e-03
<GCONST> 9.801575e+01
<MIXTURE> 47 7.116147e-03
<MEAN> 25
 6.871671e+00 -7.641074e+00 -7.523878e+00 -7.207042e+00 8.612655e-01 7.935523e-01 -2.030556e+00 9.901385e-01 2.438946e+00 -1.573063e-01 -3.696569e+00 -5.636365e+00 -1.596244e-01 -1.187660e+00 -7.632214e-01 -4.191282e-01 5.507388e-01 8.315570e-01 9.856054e-01 2.069669e-01 1.713382e-01 -7.509601e-01 -3.812504e-01 -5.323759e-01 2.796366e-02
<VARIANCE> 25
 1.086449e+01 2.137256e+01 1.950770e+01 4.011980e+01 3.469637e+01 5.095966e+01 4.476782e+01 3.865248e+01 4.341456e+01 4.382254e+01 4.569400e+01 3.833916e+01 5.324629e-01 7.326872e-01 1.125591e+00 1.640021e+00 1.797149e+00 2.369974e+00 2.704580e+00 2.440716e+00 2.191595e+00 2.124585e+00 2.095794e+00 2.021655e+00 5.391474e-04
<GCONST> 8.647498e+01
<MIXTURE> 48 7.116147e-03
<MEAN> 25
 6.871671e+00 -7.641074e+00 -7.523878e+00 -7.207042e+00 8.612655e-01 7.935523e-01 -2.030556e+00 9.901385e-01 2.438946e+00 -1.573063e-01 -3.696569e+00 -5.636365e+00 -1.596244e-01 -1.187660e+00 -7.632214e-01 -4.191282e-01 5.507388e-01 8.315570e-01 9.856054e-01 2.069669e-01 1.713382e-01 -7.509601e-01 -3.812504e-01 -5.323759e-01 2.796366e-02
<VARIANCE> 25
 1.086449e+01 2.137256e+01 1.950770e+01 4.011980e+01 3.469637e+01 5.095966e+01 4.476782e+01 3.865248e+01 4.341456e+01 4.382254e+01 4.569400e+01 3.833916e+01 5.324629e-01 7.326872e-01 1.125591e+00 1.640021e+00 1.797149e+00 2.369974e+00 2.704580e+00 2.440716e+00 2.191595e+00 2.124585e+00 2.095794e+00 2.021655e+00 5.391474e-04
<GCONST> 8.647498e+01
<MIXTURE> 49 5.548473e-03
<MEAN> 25
 -4.093644e+00 6.265104e-01 -3.828385e-01 7.614642e+00 6.105702e+00 4.876466e+00 6.212314e+00 5.317071e+00 5.607641e+00 3.492078e+00 3.592985e+00 2.456539e+00 3.485104e-01 6.349635e-01 7.036692e-01 3.685038e-01 -2.338356e-01 -5.658478e-01 -8.558312e-01 -1.068884e+00 -8.512067e-01 -6.665331e-01 -3.708383e-01 -2.234846e-01 6.276405e-04
<VARIANCE> 25
 1.145268e+01 9.496798e+00 1.279906e+01 1.558837e+01 1.499080e+01 1.853212e+01 1.673091e+01 1.880286e+01 1.669452e+01 1.584308e+01 2.340638e+01 1.374333e+01 2.421531e-01 2.518252e-01 3.520863e-01 5.647711e-01 7.894477e-01 1.013121e+00 1.050347e+00 9.186738e-01 1.094202e+00 1.139993e+00 1.232314e+00 1.197168e+00 1.749735e-05
<GCONST> 6.364652e+01
<MIXTURE> 50 6.234641e-03
<MEAN> 25
 -3.425671e+00 1.000093e+00 -1.848982e+00 5.419782e+00 5.155456e+00 2.158807e+00 4.019827e+00 3.296613e+00 3.836352e+00 1.772727e+00 1.197150e+00 2.876529e+00 7.178311e-02 1.537335e-01 1.072047e-01 -2.025290e-01 -4.726675e-01 -5.656771e-01 -6.063233e-01 -1.853886e-01 5.026482e-01 8.103590e-01 8.580268e-01 3.714420e-01 -1.170682e-04
<VARIANCE> 25
 1.103758e+01 1.061316e+01 1.133268e+01 1.262168e+01 1.425308e+01 1.689660e+01 1.542061e+01 2.086431e+01 1.850566e+01 1.400068e+01 1.904576e+01 1.335411e+01 1.153108e-01 2.460189e-01 3.864111e-01 4.179269e-01 5.438355e-01 8.172065e-01 9.256364e-01 1.126453e+00 8.414573e-01 9.261065e-01 8.651211e-01 1.067595e+00 1.087252e-06
<GCONST> 5.781145e+01
<MIXTURE> 51 6.234641e-03
<MEAN> 25
 -3.425671e+00 1.000093e+00 -1.848982e+00 5.419782e+00 5.155456e+00 2.158807e+00 4.019827e+00 3.296613e+00 3.836352e+00 1.772727e+00 1.197150e+00 2.876529e+00 7.178311e-02 1.537335e-01 1.072047e-01 -2.025290e-01 -4.726675e-01 -5.656771e-01 -6.063233e-01 -1.853886e-01 5.026482e-01 8.103590e-01 8.580268e-01 3.714420e-01 -1.170682e-04
<VARIANCE> 25
 1.103758e+01 1.061316e+01 1.133268e+01 1.262168e+01 1.425308e+01 1.689660e+01 1.542061e+01 2.086431e+01 1.850566e+01 1.400068e+01 1.904576e+01 1.335411e+01 1.153108e-01 2.460189e-01 3.864111e-01 4.179269e-01 5.438355e-01 8.172065e-01 9.256364e-01 1.126453e+00 8.414573e-01 9.261065e-01 8.651211e-01 1.067595e+00 1.087252e-06
<GCONST> 5.781145e+01
<MIXTURE> 52 6.367945e-03
<MEAN> 25
 8.686534e+00 4.630130e-01 -5.910749e+00 -1.446115e+01 -4.334456e+00 8.503909e+00 -1.542985e+00 -2.787918e+00 -4.010877e+00 -2.014508e+00 3.122387e+00 4.335723e-01 -3.289989e-01 -4.486202e-01 -1.373880e-01 1.336675e+00 1.315224e+00 -4.573280e-01 -5.654548e-01 -5.167418e-01 2.138183e-02 1.087949e+00 3.003610e-01 -9.588393e-01 -1.599261e-02
<VARIANCE> 25
 1.145369e+01 2.825800e+01 2.758894e+01 3.851229e+01 3.982491e+01 2.334994e+01 4.718234e+01 4.989409e+01 3.668837e+01 4.300981e+01 3.301265e+01 3.203247e+01 4.223522e-01 1.490780e+00 1.098348e+00 2.719865e+00 2.286493e+00 2.409081e+00 4.068181e+00 2.534093e+00 2.564880e+00 2.336993e+00 2.427884e+00 3.063672e+00 1.538508e-03
<GCONST> 8.961308e+01
<MIXTURE> 53 6.367945e-03
<MEAN> 25
 8.686534e+00 4.630130e-01 -5.910749e+00 -1.446115e+01 -4.334456e+00 8.503909e+00 -1.542985e+00 -2.787918e+00 -4.010877e+00 -2.014508e+00 3.122387e+00 4.335723e-01 -3.289989e-01 -4.486202e-01 -1.373880e-01 1.336675e+00 1.315224e+00 -4.573280e-01 -5.654548e-01 -5.167418e-01 2.138183e-02 1.087949e+00 3.003610e-01 -9.588393e-01 -1.599261e-02
<VARIANCE> 25
 1.145369e+01 2.825800e+01 2.758894e+01 3.851229e+01 3.982491e+01 2.334994e+01 4.718234e+01 4.989409e+01 3.668837e+01 4.300981e+01 3.301265e+01 3.203247e+01 4.223522e-01 1.490780e+00 1.098348e+00 2.719865e+00 2.286493e+00 2.409081e+00 4.068181e+00 2.534093e+00 2.564880e+00 2.336993e+00 2.427884e+00 3.063672e+00 1.538508e-03
<GCONST> 8.961308e+01
<MIXTURE> 54 7.368620e-03
<MEAN> 25
 -2.685209e+00 8.664320e-01 -1.410463e+00 6.875652e+00 6.455224e+00 3.990406e+00 4.971667e+00 5.234573e+00 4.617137e+00 3.339810e+00 3.511110e+00 2.433971e+00 -1.122222e-03 9.937425e-03 2.385881e-02 2.239910e-03 5.732191e-02 6.517692e-02 -2.241478e-02 5.282915e-02 3.400652e-02 6.712830e-02 1.008978e-01 4.847429e-02 -4.245918e-05
<VARIANCE> 25
 9.061432e+00 9.681585e+00 8.424123e+00 1.782092e+01 1.183429e+01 1.329331e+01 1.211559e+01 1.125341e+01 1.085579e+01 1.203087e+01 1.783883e+01 1.188164e+01 3.713961e-02 8.638144e-02 1.365453e-01 2.052968e-01 3.693820e-01 4.037163e-01 5.110205e-01 5.956283e-01 5.455098e-01 5.443962e-01 6.024694e-01 5.291879e-01 1.574873e-06
<GCONST> 4.750714e+01
<MIXTURE> 55 7.368620e-03
<MEAN> 25
 -2.685209e+00 8.664320e-01 -1.410463e+00 6.875652e+00 6.455224e+00 3.990406e+00 4.971667e+00 5.234573e+00 4.617137e+00 3.339810e+00 3.511110e+00 2.433971e+00 -1.122222e-03 9.937425e-03 2.385881e-02 2.239910e-03 5.732191e-02 6.517692e-02 -2.241478e-02 5.282915e-02 3.400652e-02 6.712830e-02 1.008978e-01 4.847429e-02 -4.245918e-05
<VARIANCE> 25
 9.061432e+00 9.681585e+00 8.424123e+00 1.782092e+01 1.183429e+01 1.329331e+01 1.211559e+01 1.125341e+01 1.085579e+01 1.203087e+01 1.783883e+01 1.188164e+01 3.713961e-02 8.638144e-02 1.365453e-01 2.052968e-01 3.693820e-01 4.037163e-01 5.110205e-01 5.956283e-01 5.455098e-01 5.443962e-01 6.024694e-01 5.291879e-01 1.574873e-06
<GCONST> 4.750714e+01
<MIXTURE> 56 6.132464e-03
<MEAN> 25
 7.471129e+00 -7.078832e+00 -8.928337e+00 -8.518147e+00 3.593064e+00 3.612997e+00 -2.170514e+00 -1.317058e+00 1.862214e+00 6.157802e-01 -2.525891e+00 -6.988297e+00 3.478978e-02 9.104338e-03 -8.076112e-02 1.487989e-02 2.466036e-01 1.205673e-01 6.272955e-02 -1.529333e-01 -1.020165e-01 4.100383e-02 -5.580909e-02 -2.905746e-02 -6.899650e-03
<VARIANCE> 25
 9.842336e+00 2.607299e+01 1.983495e+01 4.033439e+01 3.327878e+01 5.048940e+01 5.935614e+01 3.571169e+01 3.807668e+01 3.575576e+01 3.835063e+01 3.052904e+01 2.459363e-01 4.237065e-01 4.491336e-01 7.688982e-01 7.809848e-01 1.143682e+00 9.479519e-01 8.749331e-01 9.628787e-01 9.997771e-01 9.886017e-01 8.488212e-01 2.369584e-04
<GCONST> 7.536098e+01
<MIXTURE> 57 6.132464e-03
<MEAN> 25
 7.471129e+00 -7.078832e+00 -8.928337e+00 -8.518147e+00 3.593064e+00 3.612997e+00 -2.170514e+00 -1.317058e+00 1.862214e+00 6.157802e-01 -2.525891e+00 -6.988297e+00 3.478978e-02 9.104338e-03 -8.076112e-02 1.487989e-02 2.466036e-01 1.205673e-01 6.272955e-02 -1.529333e-01 -1.020165e-01 4.100383e-02 -5.580909e-02 -2.905746e-02 -6.899650e-03
<VARIANCE> 25
 9.842336e+00 2.607299e+01 1.983495e+01 4.033439e+01 3.327878e+01 5.048940e+01 5.935614e+01 3.571169e+01 3.807668e+01 3.575576e+01 3.835063e+01 3.052904e+01 2.459363e-01 4.237065e-01 4.491336e-01 7.688982e-01 7.809848e-01 1.143682e+00 9.479519e-01 8.749331e-01 9.628787e-01 9.997771e-01 9.886017e-01 8.488212e-01 2.369584e-04
<GCONST> 7.536098e+01
<MIXTURE> 58 6.172147e-03
<MEAN> 25
 1.327092e+00 -3.443726e+00 7.621426e+00 -4.331025e+00 -1.407068e+01 -6.345231e+00 -2.488643e-01 -1.557374e+00 -2.266899e+00 1.535900e+00 1.027611e+00 -2.075343e-01 -4.686225e-02 -1.886327e-02 -1.817788e-01 -1.546897e-01 2.812427e-02 8.901574e-02 2.858664e-01 1.203828e-01 2.225992e-01 3.755249e-02 -1.839390e-01 -1.676977e-01 -4.030841e-03
<VARIANCE> 25
 1.151697e+01 1.309920e+01 1.902159e+01 2.672206e+01 2.319971e+01 4.441886e+01 3.532861e+01 4.634288e+01 3.355777e+01 3.308386e+01 1.993117e+01 1.842270e+01 3.014326e-01 6.949043e-01 7.369880e-01 1.208736e+00 9.707839e-01 1.168862e+00 1.074713e+00 1.377335e+00 1.553293e+00 1.241734e+00 1.016355e+00 8.341917e-01 6.462472e-04
<GCONST> 7.643837e+01
<MIXTURE> 59 6.172147e-03
<MEAN> 25
 1.327092e+00 -3.443726e+00 7.621426e+00 -4.331025e+00 -1.407068e+01 -6.345231e+00 -2.488643e-01 -1.557374e+00 -2.266899e+00 1.535900e+00 1.027611e+00 -2.075343e-01 -4.686225e-02 -1.886327e-02 -1.817788e-01 -1.546897e-01 2.812427e-02 8.901574e-02 2.858664e-01 1.203828e-01 2.225992e-01 3.755249e-02 -1.839390e-01 -1.676977e-01 -4.030841e-03
<VARIANCE> 25
 1.151697e+01 1.309920e+01 1.902159e+01 2.672206e+01 2.319971e+01 4.441886e+01 3.532861e+01 4.634288e+01 3.355777e+01 3.308386e+01 1.993117e+01 1.842270e+01 3.014326e-01 6.949043e-01 7.369880e-01 1.208736e+00 9.707839e-01 1.168862e+00 1.074713e+00 1.377335e+00 1.553293e+00 1.241734e+00 1.016355e+00 8.341917e-01 6.462472e-04
<GCONST> 7.643837e+01
<MIXTURE> 60 4.479129e-03
<MEAN> 25
 -2.403021e+00 6.270524e-01 -1.998291e+00 3.285387e+00 2.945859e+00 1.933945e+00 2.824032e+00 2.764902e+00 3.009903e+00 1.098356e+00 9.158781e-01 1.789789e+00 -1.642994e-02 5.732234e-02 1.053359e-01 6.430943e-02 1.197172e-01 8.032008e-02 1.526257e-01 3.566112e-01 4.985970e-01 6.598031e-01 4.694668e-01 2.849267e-01 2.399011e-04
<VARIANCE> 25
 7.611464e+00 4.827211e+00 8.027031e+00 8.650854e+00 1.175668e+01 1.335224e+01 1.234477e+01 1.171811e+01 1.156811e+01 1.042593e+01 1.455910e+01 1.115025e+01 9.378632e-02 1.668114e-01 2.498542e-01 4.734415e-01 5.980168e-01 7.334323e-01 7.069114e-01 7.728596e-01 7.041512e-01 7.418408e-01 7.554801e-01 8.389961e-01 3.842441e-05
<GCONST> 5.471097e+01
<MIXTURE> 61 4.479129e-03
<MEAN> 25
 -2.403021e+00 6.270524e-01 -1.998291e+00 3.285387e+00 2.945859e+00 1.933945e+00 2.824032e+00 2.764902e+00 3.009903e+00 1.098356e+00 9.158781e-01 1.789789e+00 -1.642994e-02 5.732234e-02 1.053359e-01 6.430943e-02 1.197172e-01 8.032008e-02 1.526257e-01 3.566112e-01 4.985970e-01 6.598031e-01 4.694668e-01 2.849267e-01 2.399011e-04
<VARIANCE> 25
 7.611464e+00 4.827211e+00 8.027031e+00 8.650854e+00 1.175668e+01 1.335224e+01 1.234477e+01 1.171811e+01 1.156811e+01 1.042593e+01 1.455910e+01 1.115025e+01 9.378632e-02 1.668114e-01 2.498542e-01 4.734415e-01 5.980168e-01 7.334323e-01 7.069114e-01 7.728596e-01 7.041512e-01 7.418408e-01 7.554801e-01 8.389961e-01 3.842441e-05
<GCONST> 5.471097e+01
<MIXTURE> 62 3.278034e-03
<MEAN> 25
 -5.022109e+00 1.259329e+00 1.001197e+00 8.787492e+00 6.132760e+00 4.997003e+00 5.486970e+00 4.084775e+00 4.985811e+00 3.891842e+00 4.874133e+00 2.926181e+00 -9.942847e-01 -1.157322e+00 -9.520453e-01 -2.820361e-01 4.250846e-01 9.992419e-01 1.373607e+00 1.546500e+00 1.468858e+00 1.234313e+00 1.072729e+00 7.302615e-01 -1.286214e-03
<VARIANCE> 25
 1.017434e+01 9.902668e+00 1.304275e+01 1.669431e+01 1.729732e+01 1.765266e+01 1.954935e+01 1.917542e+01 1.875542e+01 1.869933e+01 2.211294e+01 1.474314e+01 4.046352e-01 4.360684e-01 5.506017e-01 7.905210e-01 1.025000e+00 1.192321e+00 1.264481e+00 1.278688e+00 1.326642e+00 1.360180e+00 1.393434e+00 1.361157e+00 1.639724e-05
<GCONST> 6.756437e+01
<MIXTURE> 63 4.351215e-03
<MEAN> 25
 -1.030913e+00 1.377479e+00 -3.750691e+00 2.300598e+00 4.709454e+00 6.911535e-01 4.303959e+00 4.711770e+00 3.755308e+00 -7.397675e-02 -2.103546e+00 1.943424e+00 -2.357085e-02 2.701522e-01 2.937530e-01 4.122281e-01 3.843822e-01 3.417902e-01 3.988900e-01 3.127401e-01 2.854261e-01 2.037308e-01 1.472091e-01 2.146409e-01 -5.275934e-05
<VARIANCE> 25
 5.391039e+00 8.483550e+00 7.429289e+00 8.827413e+00 1.007509e+01 1.590912e+01 1.688837e+01 1.724905e+01 1.535283e+01 1.284712e+01 1.355410e+01 1.191135e+01 2.254576e-01 3.626351e-01 4.030287e-01 5.956120e-01 6.978968e-01 1.008473e+00 1.068346e+00 1.009710e+00 1.187057e+00 1.252799e+00 1.016493e+00 1.160787e+00 2.286736e-04
<GCONST> 6.304577e+01
<MIXTURE> 64 4.351215e-03
<MEAN> 25
 -1.030913e+00 1.377479e+00 -3.750691e+00 2.300598e+00 4.709454e+00 6.911535e-01 4.303959e+00 4.711770e+00 3.755308e+00 -7.397675e-02 -2.103546e+00 1.943424e+00 -2.357085e-02 2.701522e-01 2.937530e-01 4.122281e-01 3.843822e-01 3.417902e-01 3.988900e-01 3.127401e-01 2.854261e-01 2.037308e-01 1.472091e-01 2.146409e-01 -5.275934e-05
<VARIANCE> 25
 5.391039e+00 8.483550e+00 7.429289e+00 8.827413e+00 1.007509e+01 1.590912e+01 1.688837e+01 1.724905e+01 1.535283e+01 1.284712e+01 1.355410e+01 1.191135e+01 2.254576e-01 3.626351e-01 4.030287e-01 5.956120e-01 6.978968e-01 1.008473e+00 1.068346e+00 1.009710e+00 1.187057e+00 1.252799e+00 1.016493e+00 1.160787e+00 2.286736e-04
<GCONST> 6.304577e+01
<MIXTURE> 65 1.721197e-02
<MEAN> 25
 7.413949e+00 -1.061121e+00 1.535137e+00 2.045538e+00 -6.938802e+00 -1.782607e+00 -3.978609e+00 -9.185202e+00 -7.492936e+00 -1.324448e+00 -1.936908e+00 -3.189237e+00 1.065788e-01 1.234929e-01 -3.322368e-01 -2.835792e-01 -3.212280e-01 2.164740e-01 -1.906009e-01 3.704003e-01 4.158160e-01 1.598666e-01 2.437041e-02 -2.605382e-01 -4.586048e-03
<VARIANCE> 25
 1.324398e+01 1.895112e+01 2.142019e+01 3.110178e+01 3.666546e+01 4.291455e+01 7.865608e+01 5.005831e+01 5.149104e+01 3.831233e+01 4.653433e+01 3.315125e+01 5.265684e-01 7.102196e-01 1.976005e+00 2.389811e+00 1.737613e+00 1.843830e+00 1.992860e+00 2.240526e+00 2.198566e+00 2.462031e+00 3.079929e+00 1.517571e+00 4.243224e-04
<GCONST> 8.723687e+01
<MIXTURE> 66 1.191532e-02
<MEAN> 25
 6.210154e+00 -5.335041e+00 -5.008651e+00 -3.990241e+00 -5.398014e-01 -4.615104e+00 -7.052317e+00 8.269991e-01 8.772685e-01 -1.450422e+00 -4.921989e+00 -4.326766e+00 1.693096e-02 1.213526e+00 2.418432e+00 2.532683e+00 -1.229864e+00 -1.444509e+00 3.066383e-02 -4.101899e-01 -7.562390e-01 -4.147428e-01 5.451893e-02 1.216116e+00 -5.289968e-02
<VARIANCE> 25
 1.176088e+01 2.365294e+01 2.539816e+01 3.238940e+01 3.961351e+01 4.334491e+01 4.607358e+01 4.585951e+01 4.393850e+01 5.613107e+01 4.498967e+01 3.050701e+01 1.159268e+00 3.267299e+00 2.730372e+00 2.372623e+00 4.263407e+00 4.187898e+00 3.403571e+00 4.122196e+00 5.163319e+00 4.943620e+00 4.238564e+00 3.991390e+00 2.124675e-03
<GCONST> 9.706432e+01
<MIXTURE> 67 1.559142e-02
<MEAN> 25
 7.118807e+00 3.559139e-01 -4.552969e+00 -9.026003e+00 4.207409e-01 4.786986e+00 -4.701062e+00 -3.404911e+00 -2.853384e+00 -4.819110e-01 2.208022e+00 -3.396873e+00 -4.322592e-01 1.799239e+00 8.313527e-01 2.776764e+00 1.324969e+00 -5.884792e-01 7.437515e-01 5.958655e-01 8.155089e-01 6.039003e-01 -4.317941e-01 1.054354e+00 -1.253204e-01
<VARIANCE> 25
 9.209355e+00 3.195786e+01 3.171909e+01 4.736791e+01 3.608234e+01 4.255146e+01 4.512551e+01 4.529999e+01 5.150407e+01 5.688364e+01 5.621156e+01 7.097147e+01 1.836737e+00 2.121532e+00 2.145209e+00 3.586628e+00 3.603861e+00 3.538819e+00 3.764529e+00 3.302919e+00 4.536773e+00 3.165963e+00 3.588171e+00 4.194210e+00 2.057485e-03
<GCONST> 9.783633e+01
<MIXTURE> 68 1.485092e-02
<MEAN> 25
 -2.024354e+00 -2.692806e+00 -4.153883e+00 6.642175e-01 5.018854e+00 -1.161209e+00 7.215385e-01 1.213762e+00 1.302368e+00 2.360659e+00 5.043582e-01 7.739787e-01 2.462502e+00 -3.349902e-02 -1.844965e-01 -2.591539e+00 -2.557231e+00 -5.848356e-01 -2.601500e+00 -2.376439e+00 -1.462609e+00 -1.194777e+00 -1.374143e+00 -1.173859e+00 1.066746e-01
<VARIANCE> 25
 2.000035e+01 2.986321e+01 5.051802e+01 4.503994e+01 3.970968e+01 5.315826e+01 4.121773e+01 3.848116e+01 3.870724e+01 3.353108e+01 3.478616e+01 2.652027e+01 1.642804e+00 4.729764e+00 5.334570e+00 5.462132e+00 4.645797e+00 6.743727e+00 4.658652e+00 5.251402e+00 4.621430e+00 4.222919e+00 4.749224e+00 3.859682e+00 5.671368e-03
<GCONST> 1.018603e+02
<MIXTURE> 69 1.204884e-02
<MEAN> 25
 4.710704e+00 -4.258806e+00 -3.856414e+00 -3.787482e+00 -3.528690e+00 -8.170493e+00 -1.123685e+00 1.928838e+00 -6.932935e-01 -4.728351e+00 -5.144375e+00 9.703022e-01 1.531180e+00 -2.140516e+00 -1.259475e+00 -2.317890e+00 -7.698755e-01 -5.643303e-01 -3.929429e-01 3.816478e-01 -7.614875e-01 -1.306228e+00 -2.048284e+00 -1.386944e-01 6.512398e-02
<VARIANCE> 25
 8.293493e+00 2.064243e+01 2.628840e+01 2.453890e+01 3.850125e+01 3.424485e+01 4.495623e+01 2.927528e+01 3.766889e+01 3.415335e+01 3.051235e+01 2.322338e+01 3.539582e+00 2.691481e+00 3.071126e+00 3.551991e+00 5.810163e+00 5.451908e+00 6.574131e+00 5.880912e+00 5.673327e+00 5.431154e+00 4.098028e+00 3.370080e+00 2.283039e-03
<GCONST> 9.737399e+01
<MIXTURE> 70 1.329190e-02
<MEAN> 25
 6.000749e+00 -2.812519e+00 -3.310165e+00 -4.846944e+00 -8.518846e-01 1.013626e+00 -8.246983e+00 -7.038836e+00 -7.623082e-01 1.142338e+00 1.977213e+00 -5.067668e+00 1.474641e+00 -1.072188e+00 -6.318913e-01 -1.985620e+00 -1.493567e+00 7.564806e-01 -1.310952e+00 -7.046577e-01 -2.414961e-01 -4.012219e-01 9.420525e-01 -6.724216e-01 6.133935e-02
<VARIANCE> 25
 9.974814e+00 1.657144e+01 2.442214e+01 4.209703e+01 2.429972e+01 3.634606e+01 4.185692e+01 7.700923e+01 4.564227e+01 3.031526e+01 3.332601e+01 2.503210e+01 3.722047e+00 2.699450e+00 3.731169e+00 6.324932e+00 3.344345e+00 7.197490e+00 4.227962e+00 6.853272e+00 4.875794e+00 3.891150e+00 4.121762e+00 4.392168e+00 1.923270e-03
<GCONST> 9.841220e+01
<MIXTURE> 71 1.406903e-02
<MEAN> 25
 5.393099e+00 3.149193e+00 4.712239e+00 2.218581e+00 -4.183858e+00 -2.488323e+00 -4.764486e+00 -7.034072e+00 -5.430611e+00 -3.230748e+00 -3.463031e+00 -2.101381e+00 -1.643299e+00 -5.836423e-01 -6.615390e-01 -2.485184e+00 1.157136e+00 3.465313e-01 -1.051538e-01 9.291345e-01 3.233930e-01 -3.092055e-01 4.894921e-01 -6.342839e-03 4.494657e-02
<VARIANCE> 25
 1.588518e+01 2.233976e+01 1.896877e+01 3.756389e+01 3.317735e+01 3.513316e+01 4.255126e+01 3.941497e+01 5.117342e+01 3.895100e+01 3.581118e+01 2.639630e+01 1.561411e+00 2.493988e+00 3.949396e+00 5.358457e+00 3.505329e+00 4.226872e+00 4.416510e+00 4.996053e+00 4.730823e+00 3.507603e+00 2.990482e+00 2.229915e+00 1.330203e-03
<GCONST> 9.560787e+01
<MIXTURE> 72 8.134747e-03
<MEAN> 25
 3.621967e+00 -5.347857e+00 6.171597e+00 -1.393609e+00 -1.118303e+01 -9.685089e+00 -4.170910e+00 1.044395e+00 -5.059148e+00 -3.136118e+00 -3.724642e-01 4.655885e-01 9.059142e-01 -8.446235e-01 -2.220755e+00 -3.158290e-02 2.202662e+00 -8.368452e-01 -9.478930e-01 1.776975e+00 1.597433e+00 -1.473026e-01 -1.054342e+00 -1.104176e-01 -8.477671e-03
<VARIANCE> 25
 1.246254e+01 1.723712e+01 2.484058e+01 3.174434e+01 3.266920e+01 2.824619e+01 3.707395e+01 3.944351e+01 4.421774e+01 3.396844e+01 3.726686e+01 2.175766e+01 3.280732e-01 7.774137e-01 1.668638e+00 1.539497e+00 2.338927e+00 2.411803e+00 2.811603e+00 2.331101e+00 2.156149e+00 2.844074e+00 1.753679e+00 1.950759e+00 4.597302e-04
<GCONST> 8.466065e+01
<MIXTURE> 73 1.213625e-02
<MEAN> 25
 -3.767235e+00 -3.802307e-01 -2.095922e+00 4.346053e+00 4.785510e+00 2.467371e+00 5.392374e+00 4.218709e+00 4.483699e+00 3.606227e+00 3.923272e+00 3.420891e+00 6.070769e-01 -1.450224e+00 -6.117181e-01 -2.339102e+00 -2.134736e+00 -1.611634e+00 -1.205461e+00 -8.237150e-01 -1.261784e+00 -6.058504e-01 -1.790979e-02 -3.178290e-01 1.424432e-01
<VARIANCE> 25
 1.406775e+01 1.167649e+01 1.293586e+01 1.696889e+01 1.973157e+01 1.958011e+01 1.542630e+01 1.714411e+01 1.746323e+01 1.645666e+01 1.746883e+01 1.290792e+01 3.347067e+00 3.134205e+00 5.740956e+00 3.998294e+00 8.630338e+00 4.679066e+00 3.770801e+00 3.697215e+00 3.696593e+00 3.396496e+00 5.594591e+00 2.225659e+00 3.776959e-03
<GCONST> 9.034370e+01
<MIXTURE> 74 1.756491e-02
<MEAN> 25
 3.566145e+00 -3.918615e+00 5.861006e+00 -5.601826e-01 -8.440543e+00 -6.063991e+00 -5.722283e+00 -1.538125e+00 -2.185464e+00 -2.234369e+00 7.479426e-02 -1.235452e+00 3.536501e-01 1.912128e+00 4.565758e-01 1.081540e+00 1.124541e+00 5.019153e-01 -6.647644e-02 -1.288255e-02 2.027164e-01 -3.213731e-02 -6.839138e-01 5.491585e-01 -8.290631e-02
<VARIANCE> 25
 9.302414e+00 1.929963e+01 3.415007e+01 2.992193e+01 3.307555e+01 3.308489e+01 4.423213e+01 4.755196e+01 5.626177e+01 3.411287e+01 4.684781e+01 4.842328e+01 1.719041e+00 1.388403e+00 3.871142e+00 2.520377e+00 2.320868e+00 3.663567e+00 3.645970e+00 3.676863e+00 6.094912e+00 2.685662e+00 4.120744e+00 2.632181e+00 1.239914e-03
<GCONST> 9.437283e+01
<MIXTURE> 75 9.711651e-03
<MEAN> 25
 1.136039e+00 -2.154978e+00 1.168364e+01 2.888712e+00 -1.282850e+01 -6.763483e+00 -5.017370e+00 -4.956977e+00 -8.006026e+00 -5.327047e+00 2.852502e+00 -2.185516e-01 1.530689e+00 -1.791740e+00 -3.017035e-01 -1.411569e-02 -1.947429e+00 -6.051582e-01 -1.246865e+00 5.711520e-01 -8.176412e-02 -6.231407e-01 1.172630e+00 -7.344289e-01 3.352270e-02
<VARIANCE> 25
 1.021583e+01 1.309172e+01 2.406019e+01 2.198816e+01 2.274422e+01 2.790670e+01 2.803781e+01 4.767620e+01 4.463886e+01 2.438829e+01 1.403114e+01 1.794461e+01 1.797118e+00 1.418012e+00 3.193782e+00 2.237778e+00 3.508876e+00 3.688460e+00 3.252041e+00 2.830523e+00 3.120325e+00 2.926449e+00 2.063918e+00 1.857050e+00 1.156401e-03
<GCONST> 8.776161e+01
<MIXTURE> 76 1.052359e-02
<MEAN> 25
 -4.361215e+00 2.528060e-01 -2.910229e+00 3.352205e+00 5.065279e+00 1.925275e+00 4.480413e+00 3.484368e+00 4.029313e+00 8.186001e-01 5.026673e-01 2.389822e+00 -5.606364e-02 -4.767921e-01 -3.215526e-01 -6.960055e-01 -6.289062e-01 -7.737084e-01 -6.095402e-01 -3.892950e-01 -5.630969e-01 -3.505627e-01 -8.909161e-02 -1.794630e-01 1.342066e-02
<VARIANCE> 25
 3.128052e+01 2.375492e+01 1.992682e+01 1.907123e+01 2.242696e+01 2.155416e+01 1.956714e+01 2.348304e+01 3.094195e+01 1.708702e+01 2.141059e+01 1.617044e+01 8.827366e-01 8.328695e-01 1.088334e+00 1.032818e+00 1.225614e+00 1.376408e+00 1.284048e+00 1.569724e+00 2.069710e+00 1.391038e+00 1.227714e+00 1.360161e+00 1.237980e-03
<GCONST> 7.883555e+01
<MIXTURE> 77 1.244626e-02
<MEAN> 25
 -8.040339e-01 7.103329e+00 1.176173e+01 -1.017051e+01 -7.458057e+00 1.017414e+00 -9.486295e+00 -8.644302e+00 -3.674780e+00 -9.969251e-01 -3.875476e+00 -1.529680e+00 5.097326e-02 2.210205e-01 1.611801e-01 2.900638e-01 5.266782e-03 -1.919668e-02 -1.735266e-01 -1.129425e-02 4.143547e-03 1.045525e-01 1.619596e-02 1.890112e-01 -1.204212e-02
<VARIANCE> 25
 9.761747e+00 2.531049e+01 2.855624e+01 4.461079e+01 2.994000e+01 3.118164e+01 3.204607e+01 3.948830e+01 3.837782e+01 3.557280e+01 3.551327e+01 3.255291e+01 3.114507e-01 7.241659e-01 6.557470e-01 1.102824e+00 1.076880e+00 1.104651e+00 1.250672e+00 1.145219e+00 1.257925e+00 1.108317e+00 8.421536e-01 9.739352e-01 5.528339e-04
<GCONST> 7.821368e+01
<MIXTURE> 78 9.702551e-03
<MEAN> 25
 -1.189594e+01 1.661321e+00 -1.460662e+00 5.481615e-01 7.561062e+00 -3.883210e+00 3.439751e+00 4.447148e+00 8.910450e-01 -7.043041e-02 3.117745e-01 3.012711e+00 2.402635e+00 -1.023475e-01 3.447032e-02 7.470126e-01 8.314274e-02 2.559648e-01 -3.617552e-01 -3.983464e-01 4.759201e-02 1.957077e-01 -5.735705e-01 -6.042096e-02 -7.662832e-02
<VARIANCE> 25
 4.414345e+01 3.332808e+01 2.546473e+01 2.676459e+01 3.640750e+01 3.119390e+01 2.491499e+01 3.004466e+01 2.660821e+01 2.356220e+01 2.096344e+01 1.957671e+01 3.457295e+00 3.610278e+00 2.901136e+00 2.210608e+00 2.078115e+00 2.962073e+00 2.540292e+00 2.166973e+00 2.581148e+00 2.266522e+00 1.891990e+00 1.788727e+00 4.793625e-03
<GCONST> 9.142702e+01
<MIXTURE> 79 1.156824e-02
<MEAN> 25
 1.621749e+00 1.861564e-01 9.363264e+00 -4.020221e+00 -1.187296e+01 -1.587332e+00 -3.484126e+00 -8.939967e+00 -6.531816e+00 -9.178319e-01 -2.377566e+00 -2.399665e+00 1.315283e+00 -3.796306e-01 -8.327685e-01 1.992510e+00 1.864182e-01 -9.886464e-01 1.046200e+00 9.598984e-01 -1.358534e-01 -5.274909e-01 2.826707e-01 4.761288e-01 -4.321991e-02
<VARIANCE> 25
 1.463852e+01 2.097507e+01 3.269072e+01 4.818239e+01 3.095850e+01 3.422145e+01 4.304067e+01 3.857732e+01 3.435279e+01 3.487915e+01 3.870587e+01 2.573975e+01 8.809916e-01 1.763024e+00 2.002391e+00 1.869130e+00 1.924474e+00 2.785630e+00 3.319174e+00 2.934742e+00 3.302061e+00 2.789386e+00 2.130057e+00 1.975985e+00 1.347237e-03
<GCONST> 9.017241e+01
<MIXTURE> 80 7.550998e-03
<MEAN> 25
 -1.569764e+01 4.748886e+00 1.268623e+00 1.758350e+00 3.771339e+00 6.540044e-02 5.888652e+00 3.118275e+00 2.108245e+00 1.880314e+00 4.372108e+00 9.875250e-01 4.166719e+00 -4.717776e-01 1.315830e+00 -8.420004e-01 -2.680044e+00 -2.626829e+00 -2.085368e+00 -2.242135e+00 -2.287854e+00 -1.668652e+00 -1.398541e+00 -5.077627e-01 -4.755524e-02
<VARIANCE> 25
 2.664328e+01 2.150627e+01 3.214700e+01 3.703389e+01 3.614423e+01 3.631812e+01 2.599785e+01 3.245741e+01 2.591550e+01 2.673666e+01 2.467677e+01 1.602367e+01 2.153128e+00 3.608689e+00 3.378068e+00 4.214024e+00 3.221290e+00 2.739515e+00 2.939468e+00 3.063137e+00 2.931986e+00 2.579288e+00 3.089039e+00 1.946339e+00 1.464940e-03
<GCONST> 9.219083e+01
<MIXTURE> 81 8.025434e-03
<MEAN> 25
 -1.262343e+00 3.111804e+00 9.941656e+00 -1.336859e+01 -9.565038e+00 -1.579680e+00 -7.340815e+00 -8.776442e+00 -4.134413e+00 -1.027501e+00 -6.981121e+00 -2.154472e+00 1.329287e-01 -5.422716e-01 5.002538e-02 -5.318578e-01 -4.381833e-01 2.811267e-01 3.896093e-01 1.767405e-01 1.395871e-02 9.068249e-02 -4.687724e-01 -9.011555e-02 1.017614e-02
<VARIANCE> 25
 9.442296e+00 3.621281e+01 2.657905e+01 4.246212e+01 3.345303e+01 2.969879e+01 4.356676e+01 2.909984e+01 3.874218e+01 3.556157e+01 2.638212e+01 3.121087e+01 7.426596e-01 2.099286e+00 1.700976e+00 2.735108e+00 2.423668e+00 2.014345e+00 3.346775e+00 2.279958e+00 2.636891e+00 2.680825e+00 2.141806e+00 2.203426e+00 1.109337e-03
<GCONST> 8.910079e+01
<MIXTURE> 82 8.213053e-03
<MEAN> 25
 -9.769078e+00 -4.633889e+00 2.833555e+00 -4.261656e+00 1.473188e+00 1.585564e-01 1.502626e+00 1.044558e+00 4.055249e+00 2.616591e+00 1.177198e+00 2.011155e+00 -1.529578e+00 -4.571572e-01 1.956570e-01 -2.416778e+00 -8.079130e-01 -8.095455e-01 -8.479174e-01 -1.281008e+00 -4.869890e-01 -4.366089e-01 -1.615134e-01 6.307591e-02 1.634882e-01
<VARIANCE> 25
 1.863753e+01 2.139288e+01 2.844772e+01 3.028984e+01 2.890950e+01 3.434217e+01 2.364762e+01 3.395597e+01 5.960423e+01 2.400941e+01 2.342508e+01 2.182335e+01 3.603234e+00 3.121705e+00 2.826904e+00 3.167626e+00 4.404474e+00 3.244777e+00 3.178549e+00 3.218270e+00 2.890985e+00 2.094085e+00 3.345934e+00 1.378056e+00 3.574210e-03
<GCONST> 9.307831e+01
<MIXTURE> 83 1.167529e-02
<MEAN> 25
 -2.190492e+01 8.758101e+00 6.225142e-01 -2.680540e+00 9.224339e+00 -3.640439e+00 4.412402e+00 6.999620e+00 3.334600e+00 3.005743e+00 3.830448e-01 2.448695e+00 1.352028e-03 -3.020968e-01 1.691741e-01 -1.024404e-01 -4.002901e-01 -1.528247e-01 3.129498e-02 -1.705476e-01 -3.860800e-01 -4.947509e-01 -1.574514e-02 -1.808336e-01 3.892255e-03
<VARIANCE> 25
 1.019915e+01 1.426512e+01 2.086381e+01 1.816972e+01 2.131629e+01 2.360506e+01 1.518013e+01 3.034070e+01 2.385096e+01 1.721278e+01 1.532320e+01 9.983670e+00 8.929602e-01 1.111664e+00 9.014886e-01 6.846373e-01 1.213168e+00 1.556097e+00 1.418967e+00 1.750286e+00 2.089067e+00 1.347142e+00 1.206262e+00 9.758275e-01 7.985465e-04
<GCONST> 7.538625e+01
<MIXTURE> 84 1.066614e-02
<MEAN> 25
 6.262689e-01 8.156192e+00 6.905210e+00 6.696558e+00 2.538283e+00 -1.042425e+00 -1.913076e+00 -4.506134e+00 -3.015296e+00 -1.954563e+00 -3.013871e+00 -1.854467e+00 -1.323175e+00 -8.831528e-01 -1.459916e+00 1.137997e+00 2.209515e+00 1.325463e+00 1.456552e+00 1.601750e+00 1.485633e+00 2.152934e-01 1.011927e-01 5.287276e-01 -7.386642e-02
<VARIANCE> 25
 2.015446e+01 1.652548e+01 2.259616e+01 2.444245e+01 2.509357e+01 2.411283e+01 2.640859e+01 2.514248e+01 2.425457e+01 2.291418e+01 2.137932e+01 2.187612e+01 2.226248e+00 2.488476e+00 3.816110e+00 2.840831e+00 2.918970e+00 2.777163e+00 3.559539e+00 2.948768e+00 3.458733e+00 2.685004e+00 3.308448e+00 2.409650e+00 2.927714e-03
<GCONST> 9.045114e+01
<MIXTURE> 85 7.591393e-03
<MEAN> 25
 -3.719656e+00 7.709282e+00 6.261905e+00 1.299453e+00 -3.680546e+00 -5.210892e+00 -2.555392e+00 -6.795095e+00 -4.295579e+00 -2.861808e+00 -7.743368e-01 -1.453771e+00 3.833539e+00 2.220477e-01 1.766742e+00 -1.574045e+00 -3.457520e+00 -2.506930e+00 -2.602489e+00 -2.375848e+00 -2.462760e+00 -1.287182e+00 -1.942588e+00 -6.688643e-01 7.457712e-03
<VARIANCE> 25
 4.184023e+01 2.210553e+01 3.675513e+01 3.520045e+01 4.045723e+01 3.918628e+01 3.077087e+01 3.220113e+01 3.047046e+01 2.474296e+01 2.437533e+01 2.088514e+01 2.591123e+00 4.363692e+00 3.680088e+00 6.909331e+00 4.056711e+00 3.761884e+00 4.232930e+00 3.719912e+00 4.319518e+00 3.785768e+00 4.655504e+00 3.200583e+00 5.083671e-03
<GCONST> 9.842416e+01
<MIXTURE> 86 1.273941e-02
<MEAN> 25
 -1.072323e+00 1.507604e+00 -2.650926e+00 4.033672e+00 6.092003e+00 3.255715e+00 5.828407e+00 6.684615e+00 5.780352e+00 2.400888e+00 1.346837e+00 2.977309e+00 -3.914377e-02 -8.945620e-02 -7.163677e-02 -6.461868e-02 -1.064257e-01 -6.823782e-02 -2.815776e-01 -2.279114e-01 -2.862962e-01 -2.394765e-01 -1.852406e-01 -1.101756e-01 -4.166184e-03
<VARIANCE> 25
 3.964715e+00 3.624629e+00 4.105804e+00 7.621726e+00 7.871644e+00 9.294067e+00 7.104611e+00 7.434340e+00 1.138107e+01 9.291036e+00 8.601261e+00 9.768869e+00 1.244716e-01 1.932001e-01 2.560727e-01 4.418225e-01 5.791874e-01 7.235443e-01 6.035824e-01 5.959622e-01 7.403587e-01 8.699027e-01 8.472837e-01 7.878419e-01 9.575091e-05
<GCONST> 5.151017e+01
<MIXTURE> 87 1.100681e-02
<MEAN> 25
 -2.352540e+00 4.473708e+00 2.610641e+00 5.836012e+00 4.862726e+00 9.465342e-02 1.249369e+00 -7.802814e-01 -5.630735e-01 -2.472937e-01 -5.555001e-01 -2.093434e-02 -2.244559e+00 -2.755012e+00 -1.929103e+00 -2.222205e+00 -4.273233e-02 -1.275419e-01 6.207103e-01 1.303541e+00 8.897399e-01 9.617356e-01 9.530714e-01 6.732211e-01 1.102104e-01
<VARIANCE> 25
 3.384748e+01 2.447815e+01 2.916104e+01 3.182843e+01 3.124497e+01 2.834398e+01 2.430582e+01 2.465441e+01 2.270618e+01 2.343021e+01 2.091849e+01 1.957958e+01 3.401350e+00 2.293375e+00 5.054384e+00 3.337052e+00 4.599270e+00 3.709293e+00 3.741505e+00 3.402237e+00 3.726861e+00 2.951611e+00 3.474468e+00 2.573975e+00 4.453618e-03
<GCONST> 9.440847e+01
<MIXTURE> 88 1.256585e-02
<MEAN> 25
 -1.464004e+00 1.122651e+00 -2.117980e+00 4.023440e+00 5.325591e+00 2.823351e+00 4.884184e+00 4.988239e+00 4.300513e+00 1.887096e+00 9.027070e-01 2.437756e+00 -1.353009e-01 3.092270e-02 2.901158e-01 4.718862e-01 4.591829e-01 1.167453e-01 1.266574e-01 -1.238052e-01 -2.958170e-01 -1.209419e-01 9.920139e-02 -1.281978e-01 7.662704e-04
<VARIANCE> 25
 7.359878e+00 8.390020e+00 8.462516e+00 9.588840e+00 1.219064e+01 1.202181e+01 1.293352e+01 1.398293e+01 1.722801e+01 1.251902e+01 1.584282e+01 1.079373e+01 8.361236e-01 1.543538e+00 1.469567e+00 1.923651e+00 1.863594e+00 2.126894e+00 1.841660e+00 1.939885e+00 3.566076e+00 1.971369e+00 1.587500e+00 1.885158e+00 1.246123e-03
<GCONST> 7.547018e+01
<MIXTURE> 89 9.333527e-03
<MEAN> 25
 5.285277e+00 -7.100469e+00 -2.361805e+00 -2.591718e+00 -3.004423e+00 -5.254870e+00 -7.606652e+00 2.272527e+00 3.296715e+00 -3.391433e+00 -5.828674e+00 -2.886227e+00 -6.317701e-01 1.764911e-01 2.309377e+00 1.108727e+00 -2.014224e+00 -1.515843e+00 8.026890e-01 1.126796e+00 -6.734506e-01 -1.799522e+00 3.828125e-02 1.745367e+00 -2.332808e-03
<VARIANCE> 25
 1.188521e+01 2.410889e+01 3.684524e+01 2.955210e+01 4.378536e+01 3.697070e+01 6.726736e+01 5.833062e+01 3.491832e+01 4.080842e+01 3.288731e+01 3.039886e+01 3.851877e-01 7.742945e-01 1.988657e+00 1.629138e+00 1.904518e+00 1.961260e+00 2.347094e+00 1.919967e+00 2.253422e+00 3.495109e+00 3.068980e+00 1.698377e+00 3.720805e-04
<GCONST> 8.703870e+01
<MIXTURE> 90 7.114505e-03
<MEAN> 25
 2.394923e+00 -9.656093e+00 -4.675365e+00 -4.085927e+00 -3.448830e+00 -1.835903e+00 3.174354e+00 1.047592e+00 -7.494555e+00 -1.016744e+01 -3.354876e+00 -7.185472e-01 -1.608576e-01 8.991745e-01 1.157921e+00 -8.548471e-01 -1.600632e+00 -2.048688e-01 6.310634e-01 -2.003283e-01 -1.493347e-01 7.260936e-01 1.701377e-01 -5.440542e-01 -1.089082e-02
<VARIANCE> 25
 8.659381e+00 1.780333e+01 2.015765e+01 2.894209e+01 3.686355e+01 3.319242e+01 4.021825e+01 3.736370e+01 3.514153e+01 2.805782e+01 2.694602e+01 2.605522e+01 2.291284e-01 6.112505e-01 7.869075e-01 1.031604e+00 1.460486e+00 1.577983e+00 1.773229e+00 1.648358e+00 1.806488e+00 1.660057e+00 1.497545e+00 1.308840e+00 2.165265e-04
<GCONST> 7.829275e+01
<MIXTURE> 91 7.852945e-03
<MEAN> 25
 5.821789e+00 -7.927630e+00 -7.777259e+00 -5.116168e+00 2.480717e+00 -5.718574e-01 -3.113827e+00 7.659926e-01 7.981356e-01 -1.896749e+00 -4.564009e+00 -5.379305e+00 3.561346e-01 1.062808e+00 2.242228e-01 5.715389e-01 6.158518e-03 -5.361197e-01 -2.970686e-01 9.495772e-03 -9.894567e-02 3.716499e-01 -2.155916e-01 7.645588e-02 -3.576540e-02
<VARIANCE> 25
 1.271421e+01 2.587927e+01 1.741684e+01 3.973764e+01 3.542831e+01 4.812763e+01 4.423302e+01 3.293537e+01 4.168481e+01 5.260674e+01 3.247845e+01 3.359929e+01 4.390049e-01 8.861358e-01 1.068798e+00 1.438078e+00 1.855472e+00 2.019201e+00 2.357412e+00 2.381598e+00 2.193910e+00 2.421158e+00 1.912625e+00 1.967531e+00 5.430423e-04
<GCONST> 8.570504e+01
<MIXTURE> 92 7.852945e-03
<MEAN> 25
 5.821789e+00 -7.927630e+00 -7.777259e+00 -5.116168e+00 2.480717e+00 -5.718574e-01 -3.113827e+00 7.659926e-01 7.981356e-01 -1.896749e+00 -4.564009e+00 -5.379305e+00 3.561346e-01 1.062808e+00 2.242228e-01 5.715389e-01 6.158518e-03 -5.361197e-01 -2.970686e-01 9.495772e-03 -9.894567e-02 3.716499e-01 -2.155916e-01 7.645588e-02 -3.576540e-02
<VARIANCE> 25
 1.271421e+01 2.587927e+01 1.741684e+01 3.973764e+01 3.542831e+01 4.812763e+01 4.423302e+01 3.293537e+01 4.168481e+01 5.260674e+01 3.247845e+01 3.359929e+01 4.390049e-01 8.861358e-01 1.068798e+00 1.438078e+00 1.855472e+00 2.019201e+00 2.357412e+00 2.381598e+00 2.193910e+00 2.421158e+00 1.912625e+00 1.967531e+00 5.430423e-04
<GCONST> 8.570504e+01
<MIXTURE> 93 6.122769e-03
<MEAN> 25
 -6.143984e+00 -6.374300e-01 -2.523982e+00 5.548881e+00 6.002943e+00 3.754196e+00 6.197293e+00 4.046137e+00 4.228225e+00 2.454303e+00 1.727137e+00 3.588778e+00 -4.683784e-02 -1.502947e-01 -2.780181e-01 -3.265411e-01 -3.505225e-01 -2.931441e-01 -2.602113e-01 -1.614565e-01 -1.569337e-01 -1.490860e-01 -2.844315e-02 -5.177935e-02 -3.424191e-05
<VARIANCE> 25
 1.205640e+01 6.467834e+00 7.728765e+00 1.118600e+01 1.108479e+01 1.516468e+01 1.438568e+01 1.712353e+01 1.388101e+01 1.347855e+01 1.609897e+01 1.316216e+01 8.399707e-02 1.489422e-01 2.752779e-01 3.565716e-01 5.018426e-01 6.778172e-01 7.983452e-01 8.431001e-01 8.787331e-01 8.334616e-01 9.248927e-01 8.918247e-01 1.134817e-06
<GCONST> 5.361228e+01
<MIXTURE> 94 6.122769e-03
<MEAN> 25
 -6.143984e+00 -6.374300e-01 -2.523982e+00 5.548881e+00 6.002943e+00 3.754196e+00 6.197293e+00 4.046137e+00 4.228225e+00 2.454303e+00 1.727137e+00 3.588778e+00 -4.683784e-02 -1.502947e-01 -2.780181e-01 -3.265411e-01 -3.505225e-01 -2.931441e-01 -2.602113e-01 -1.614565e-01 -1.569337e-01 -1.490860e-01 -2.844315e-02 -5.177935e-02 -3.424191e-05
<VARIANCE> 25
 1.205640e+01 6.467834e+00 7.728765e+00 1.118600e+01 1.108479e+01 1.516468e+01 1.438568e+01 1.712353e+01 1.388101e+01 1.347855e+01 1.609897e+01 1.316216e+01 8.399707e-02 1.489422e-01 2.752779e-01 3.565716e-01 5.018426e-01 6.778172e-01 7.983452e-01 8.431001e-01 8.787331e-01 8.334616e-01 9.248927e-01 8.918247e-01 1.134817e-06
<GCONST> 5.361228e+01
<MIXTURE> 95 5.258835e-03
<MEAN> 25
 -3.003177e+00 1.052589e+00 -2.630677e+00 3.651319e+00 4.430344e+00 2.081025e+00 4.453934e+00 3.544200e+00 3.438069e+00 5.304222e-01 2.865889e-01 2.561817e+00 1.366418e-01 8.980500e-02 -1.028253e-02 -1.579877e-01 -2.387635e-01 -3.184339e-01 -7.460581e-01 -1.230789e+00 -1.239339e+00 -8.857806e-01 -5.176201e-01 -4.496486e-01 -2.829126e-03
<VARIANCE> 25
 1.048700e+01 6.480752e+00 7.641137e+00 9.155220e+00 9.799791e+00 1.252381e+01 1.257100e+01 1.455693e+01 1.326361e+01 1.176906e+01 1.377055e+01 1.184238e+01 1.760768e-01 2.647355e-01 3.604724e-01 5.166995e-01 6.718883e-01 1.037356e+00 7.562865e-01 7.936818e-01 8.559151e-01 7.258915e-01 9.189053e-01 1.081986e+00 6.030909e-05
<GCONST> 5.876231e+01
<MIXTURE> 96 7.034694e-03
<MEAN> 25
 -3.858981e+00 4.066006e-01 -2.655187e+00 4.399365e+00 4.234758e+00 1.344460e+00 3.704018e+00 3.094893e+00 3.312082e+00 1.282314e+00 4.091036e-01 2.698148e+00 -1.755548e-02 6.761702e-02 2.302227e-01 4.144462e-01 5.772362e-01 4.767416e-01 3.594933e-01 -9.296829e-02 -4.248752e-01 -6.464918e-01 -5.410993e-01 -3.715722e-01 6.033735e-05
<VARIANCE> 25
 1.165135e+01 9.703861e+00 1.052040e+01 1.283974e+01 1.242129e+01 1.713750e+01 1.623879e+01 2.077275e+01 1.742287e+01 1.552499e+01 1.796604e+01 1.576264e+01 1.047719e-01 1.909423e-01 2.937867e-01 3.799959e-01 5.391933e-01 6.110343e-01 7.611079e-01 9.428700e-01 8.673188e-01 7.961865e-01 9.891418e-01 9.783028e-01 1.746747e-06
<GCONST> 5.680161e+01
<MIXTURE> 97 7.034694e-03
<MEAN> 25
 -3.858981e+00 4.066006e-01 -2.655187e+00 4.399365e+00 4.234758e+00 1.344460e+00 3.704018e+00 3.094893e+00 3.312082e+00 1.282314e+00 4.091036e-01 2.698148e+00 -1.755548e-02 6.761702e-02 2.302227e-01 4.144462e-01 5.772362e-01 4.767416e-01 3.594933e-01 -9.296829e-02 -4.248752e-01 -6.464918e-01 -5.410993e-01 -3.715722e-01 6.033735e-05
<VARIANCE> 25
 1.165135e+01 9.703861e+00 1.052040e+01 1.283974e+01 1.242129e+01 1.713750e+01 1.623879e+01 2.077275e+01 1.742287e+01 1.552499e+01 1.796604e+01 1.576264e+01 1.047719e-01 1.909423e-01 2.937867e-01 3.799959e-01 5.391933e-01 6.110343e-01 7.611079e-01 9.428700e-01 8.673188e-01 7.961865e-01 9.891418e-01 9.783028e-01 1.746747e-06
<GCONST> 5.680161e+01
<MIXTURE> 98 9.917808e-03
<MEAN> 25
 -8.053468e-01 1.502181e+00 -3.614968e-02 3.653317e+00 3.645322e+00 2.373933e+00 2.529999e+00 1.635414e+00 2.594371e+00 6.092955e-01 9.367079e-02 9.594032e-01 -1.546346e+00 -1.354542e+00 -9.218273e-01 2.998534e-01 6.512519e-01 6.637610e-01 1.272854e+00 1.397563e+00 1.528106e+00 8.632357e-01 1.135320e+00 7.908495e-01 -2.664561e-02
<VARIANCE> 25
 1.302159e+01 1.742899e+01 2.901797e+01 2.845424e+01 3.741123e+01 3.181505e+01 3.051167e+01 2.749859e+01 3.274220e+01 2.539047e+01 2.464110e+01 2.040048e+01 1.260017e+00 1.569703e+00 2.519675e+00 2.932252e+00 2.612959e+00 2.689229e+00 2.759271e+00 2.653422e+00 2.741955e+00 3.025508e+00 2.298401e+00 1.964958e+00 2.498782e-03
<GCONST> 8.909900e+01
<MIXTURE> 99 6.696178e-03
<MEAN> 25
 -5.935166e+00 8.981631e+00 2.200400e+00 3.765957e+00 2.215567e+00 -4.149070e+00 -3.519573e+00 -7.626261e+00 -7.077321e+00 -2.424732e-01 -2.251484e+00 -2.001695e+00 6.798090e-01 -8.375928e-01 4.637545e-01 -4.175656e-01 -8.137892e-01 -5.689678e-01 -7.096239e-01 -6.783498e-01 1.181864e-02 -2.416041e-01 3.579727e-01 -7.192323e-03 8.715781e-03
<VARIANCE> 25
 2.159003e+01 1.792815e+01 4.049557e+01 1.809909e+01 2.259491e+01 2.114888e+01 2.105211e+01 2.818298e+01 2.470607e+01 2.456470e+01 1.277783e+01 2.173728e+01 2.117458e+00 1.747298e+00 1.146945e+00 1.007316e+00 2.043468e+00 1.323976e+00 1.194574e+00 1.786404e+00 1.671801e+00 1.458010e+00 1.240757e+00 1.063043e+00 9.925078e-04
<GCONST> 8.055122e+01
<MIXTURE> 100 4.498084e-03
<MEAN> 25
 -2.333867e+00 5.724209e+00 1.040070e+01 -6.037814e+00 -1.062152e+01 -5.391614e+00 -4.128936e+00 -1.055979e+01 -5.753591e+00 -7.190272e-01 -2.645360e+00 -2.332237e+00 2.810657e+00 -1.284777e+00 1.377418e+00 -1.639280e+00 -3.389496e+00 -7.332499e-01 -1.181804e+00 -9.830512e-01 -1.762345e+00 1.036831e-01 -1.132740e+00 -4.518423e-01 1.534612e-03
<VARIANCE> 25
 1.470374e+01 2.128406e+01 2.054777e+01 3.249666e+01 2.292606e+01 2.297088e+01 2.922411e+01 2.127315e+01 3.143847e+01 2.040418e+01 1.950946e+01 1.967970e+01 1.657475e+00 3.608308e+00 2.531881e+00 5.594443e+00 3.839696e+00 4.758065e+00 3.600977e+00 3.910122e+00 4.986630e+00 3.773023e+00 4.639297e+00 2.918343e+00 1.523811e-03
<GCONST> 9.235301e+01
<MIXTURE> 101 6.007792e-03
<MEAN> 25
 7.670710e+00 -3.764683e+00 -5.725886e+00 -6.477580e+00 2.547819e-01 -1.422552e+00 -1.067301e+01 -2.407750e+00 1.437231e+00 2.311858e+00 -2.480010e+00 -5.338995e+00 7.185879e-01 6.264837e-01 -1.443662e+00 -1.583613e+00 1.061526e+00 2.378527e+00 9.566262e-02 -1.526508e+00 -1.153397e+00 1.090112e+00 1.414712e+00 -3.680102e-01 -5.829711e-03
<VARIANCE> 25
 1.165442e+01 1.779349e+01 3.418842e+01 4.246272e+01 3.904481e+01 3.403212e+01 3.894305e+01 3.793173e+01 3.747260e+01 4.333946e+01 4.859431e+01 2.356490e+01 3.153238e-01 6.574273e-01 1.121419e+00 1.477073e+00 1.600160e+00 2.053531e+00 2.123446e+00 1.987324e+00 2.448652e+00 2.126578e+00 1.785050e+00 1.896659e+00 3.473503e-04
<GCONST> 8.395279e+01
<MIXTURE> 102 6.007792e-03
<MEAN> 25
 7.670710e+00 -3.764683e+00 -5.725886e+00 -6.477580e+00 2.547819e-01 -1.422552e+00 -1.067301e+01 -2.407750e+00 1.437231e+00 2.311858e+00 -2.480010e+00 -5.338995e+00 7.185879e-01 6.264837e-01 -1.443662e+00 -1.583613e+00 1.061526e+00 2.378527e+00 9.566262e-02 -1.526508e+00 -1.153397e+00 1.090112e+00 1.414712e+00 -3.680102e-01 -5.829711e-03
<VARIANCE> 25
 1.165442e+01 1.779349e+01 3.418842e+01 4.246272e+01 3.904481e+01 3.403212e+01 3.894305e+01 3.793173e+01 3.747260e+01 4.333946e+01 4.859431e+01 2.356490e+01 3.153238e-01 6.574273e-01 1.121419e+00 1.477073e+00 1.600160e+00 2.053531e+00 2.123446e+00 1.987324e+00 2.448652e+00 2.126578e+00 1.785050e+00 1.896659e+00 3.473503e-04
<GCONST> 8.395279e+01
<MIXTURE> 103 5.694618e-03
<MEAN> 25
 3.433211e+00 -9.480624e+00 -6.140265e+00 -3.649249e+00 -1.478855e+00 -1.929740e+00 2.306390e+00 2.347192e+00 -4.408173e+00 -8.872391e+00 -4.790412e+00 4.296911e-01 -1.483607e-01 -1.445948e+00 -9.955239e-01 3.119293e-01 1.148155e+00 1.025373e+00 2.759661e-01 -2.703851e-01 -7.076895e-01 -8.653179e-01 -9.492204e-03 6.782981e-02 2.624237e-02
<VARIANCE> 25
 1.000322e+01 2.020014e+01 2.209925e+01 3.774205e+01 4.593645e+01 3.470660e+01 4.593166e+01 3.603093e+01 4.263729e+01 3.009999e+01 3.031477e+01 2.693502e+01 6.242531e-01 1.215206e+00 1.488298e+00 1.944673e+00 2.830812e+00 2.401905e+00 3.240139e+00 2.530242e+00 2.571505e+00 2.471673e+00 2.025703e+00 1.974474e+00 7.810259e-04
<GCONST> 8.751779e+01
<MIXTURE> 104 5.694618e-03
<MEAN> 25
 3.433211e+00 -9.480624e+00 -6.140265e+00 -3.649249e+00 -1.478855e+00 -1.929740e+00 2.306390e+00 2.347192e+00 -4.408173e+00 -8.872391e+00 -4.790412e+00 4.296911e-01 -1.483607e-01 -1.445948e+00 -9.955239e-01 3.119293e-01 1.148155e+00 1.025373e+00 2.759661e-01 -2.703851e-01 -7.076895e-01 -8.653179e-01 -9.492204e-03 6.782981e-02 2.624237e-02
<VARIANCE> 25
 1.000322e+01 2.020014e+01 2.209925e+01 3.774205e+01 4.593645e+01 3.470660e+01 4.593166e+01 3.603093e+01 4.263729e+01 3.009999e+01 3.031477e+01 2.693502e+01 6.242531e-01 1.215206e+00 1.488298e+00 1.944673e+00 2.830812e+00 2.401905e+00 3.240139e+00 2.530242e+00 2.571505e+00 2.471673e+00 2.025703e+00 1.974474e+00 7.810259e-04
<GCONST> 8.751779e+01
<MIXTURE> 105 4.710235e-03
<MEAN> 25
 1.504677e+00 -1.819073e+00 8.925149e+00 -2.337281e+00 -1.185205e+01 -4.781258e+00 -5.115074e+00 -2.592335e+00 -4.205570e+00 -3.129930e+00 1.175538e+00 -1.090901e+00 -2.962688e-02 5.598490e-02 5.259225e-02 -6.717075e-02 -7.359355e-02 5.655544e-03 3.813682e-02 1.043869e-01 3.309482e-02 5.101342e-02 -1.124586e-02 -5.068268e-02 -1.471503e-03
<VARIANCE> 25
 1.574392e+01 2.620494e+01 3.994142e+01 4.257375e+01 3.774965e+01 4.947108e+01 4.230695e+01 5.380053e+01 4.295077e+01 4.515884e+01 4.004993e+01 3.144946e+01 1.062806e-01 1.980525e-01 3.528013e-01 3.482327e-01 3.873695e-01 4.635955e-01 5.360960e-01 5.827740e-01 6.532453e-01 4.836628e-01 5.310143e-01 3.852309e-01 9.189157e-05
<GCONST> 6.850723e+01
<MIXTURE> 106 4.710235e-03
<MEAN> 25
 1.504677e+00 -1.819073e+00 8.925149e+00 -2.337281e+00 -1.185205e+01 -4.781258e+00 -5.115074e+00 -2.592335e+00 -4.205570e+00 -3.129930e+00 1.175538e+00 -1.090901e+00 -2.962688e-02 5.598490e-02 5.259225e-02 -6.717075e-02 -7.359355e-02 5.655544e-03 3.813682e-02 1.043869e-01 3.309482e-02 5.101342e-02 -1.124586e-02 -5.068268e-02 -1.471503e-03
<VARIANCE> 25
 1.574392e+01 2.620494e+01 3.994142e+01 4.257375e+01 3.774965e+01 4.947108e+01 4.230695e+01 5.380053e+01 4.295077e+01 4.515884e+01 4.004993e+01 3.144946e+01 1.062806e-01 1.980525e-01 3.528013e-01 3.482327e-01 3.873695e-01 4.635955e-01 5.360960e-01 5.827740e-01 6.532453e-01 4.836628e-01 5.310143e-01 3.852309e-01 9.189157e-05
<GCONST> 6.850723e+01
<MIXTURE> 107 5.452374e-03
<MEAN> 25
 7.435992e+00 -2.666176e+00 -6.657874e+00 -8.505053e+00 1.124850e+00 2.807930e+00 -9.212070e+00 -7.101016e+00 -1.728790e+00 3.043761e+00 1.808417e+00 -4.684699e+00 -6.059683e-01 -8.069581e-01 8.326692e-01 1.793399e+00 2.718434e-01 -2.041834e+00 -1.046260e+00 9.165897e-01 1.692068e+00 -1.646485e-01 -1.770938e+00 -8.156427e-01 -7.981099e-04
<VARIANCE> 25
 1.476021e+01 1.741207e+01 2.815664e+01 5.046857e+01 3.370952e+01 3.356367e+01 4.685491e+01 5.237397e+01 4.194838e+01 3.529200e+01 4.438809e+01 2.584644e+01 3.295961e-01 8.255724e-01 1.404448e+00 2.904004e+00 2.123187e+00 2.261293e+00 2.764762e+00 2.248178e+00 2.429861e+00 3.712368e+00 1.820953e+00 2.009798e+00 7.400171e-04
<GCONST> 8.772524e+01
<MIXTURE> 108 5.452374e-03
<MEAN> 25
 7.435992e+00 -2.666176e+00 -6.657874e+00 -8.505053e+00 1.124850e+00 2.807930e+00 -9.212070e+00 -7.101016e+00 -1.728790e+00 3.043761e+00 1.808417e+00 -4.684699e+00 -6.059683e-01 -8.069581e-01 8.326692e-01 1.793399e+00 2.718434e-01 -2.041834e+00 -1.046260e+00 9.165897e-01 1.692068e+00 -1.646485e-01 -1.770938e+00 -8.156427e-01 -7.981099e-04
<VARIANCE> 25
 1.476021e+01 1.741207e+01 2.815664e+01 5.046857e+01 3.370952e+01 3.356367e+01 4.685491e+01 5.237397e+01 4.194838e+01 3.529200e+01 4.438809e+01 2.584644e+01 3.295961e-01 8.255724e-01 1.404448e+00 2.904004e+00 2.123187e+00 2.261293e+00 2.764762e+00 2.248178e+00 2.429861e+00 3.712368e+00 1.820953e+00 2.009798e+00 7.400171e-04
<GCONST> 8.772524e+01
<MIXTURE> 109 6.661064e-03
<MEAN> 25
 4.182274e+00 -1.044939e+01 -8.177012e+00 -1.729194e+00 2.342055e+00 -3.942190e-01 -4.243422e-02 1.435392e+00 -2.400828e+00 -7.851111e+00 -5.188367e+00 -6.855911e-02 -7.154181e-03 -1.636736e-01 -4.224852e-02 1.891785e-01 2.101540e-01 2.095509e-01 -1.277757e-01 -1.579628e-01 -8.616214e-02 -4.532992e-02 2.343496e-01 -6.896883e-03 -2.839199e-03
<VARIANCE> 25
 9.024659e+00 2.003853e+01 1.906801e+01 3.225233e+01 4.013803e+01 3.739828e+01 4.392551e+01 3.232361e+01 4.629010e+01 3.587453e+01 2.852947e+01 2.775441e+01 2.208297e-01 4.226941e-01 5.419713e-01 6.529987e-01 1.187618e+00 1.102271e+00 1.231484e+00 1.081071e+00 1.125099e+00 9.844024e-01 8.267506e-01 8.698232e-01 1.914875e-04
<GCONST> 7.458473e+01
<MIXTURE> 110 6.661064e-03
<MEAN> 25
 4.182274e+00 -1.044939e+01 -8.177012e+00 -1.729194e+00 2.342055e+00 -3.942190e-01 -4.243422e-02 1.435392e+00 -2.400828e+00 -7.851111e+00 -5.188367e+00 -6.855911e-02 -7.154181e-03 -1.636736e-01 -4.224852e-02 1.891785e-01 2.101540e-01 2.095509e-01 -1.277757e-01 -1.579628e-01 -8.616214e-02 -4.532992e-02 2.343496e-01 -6.896883e-03 -2.839199e-03
<VARIANCE> 25
 9.024659e+00 2.003853e+01 1.906801e+01 3.225233e+01 4.013803e+01 3.739828e+01 4.392551e+01 3.232361e+01 4.629010e+01 3.587453e+01 2.852947e+01 2.775441e+01 2.208297e-01 4.226941e-01 5.419713e-01 6.529987e-01 1.187618e+00 1.102271e+00 1.231484e+00 1.081071e+00 1.125099e+00 9.844024e-01 8.267506e-01 8.698232e-01 1.914875e-04
<GCONST> 7.458473e+01
<MIXTURE> 111 4.337247e-03
<MEAN> 25
 -2.834699e+00 3.015909e-01 -2.469661e+00 1.650832e+00 2.029820e+00 8.261435e-01 1.206715e+00 1.481280e+00 1.025688e+00 -6.254680e-01 -1.255649e+00 1.705229e+00 -3.300658e-03 1.994150e-03 -8.321996e-02 -1.003117e-01 2.082857e-02 1.032333e-01 5.057576e-02 -1.050870e-01 -2.545057e-01 -2.212227e-01 -2.424304e-01 -7.061421e-02 -6.969992e-04
<VARIANCE> 25
 8.418856e+00 5.714582e+00 8.233627e+00 7.186461e+00 1.185945e+01 1.831730e+01 1.268809e+01 1.302706e+01 1.076548e+01 1.026711e+01 1.243117e+01 1.072589e+01 7.967342e-02 1.676002e-01 2.757427e-01 3.611734e-01 5.678986e-01 6.815774e-01 7.360179e-01 8.254362e-01 8.858676e-01 7.625355e-01 8.464482e-01 8.591183e-01 3.581388e-05
<GCONST> 5.496948e+01
<MIXTURE> 112 4.337247e-03
<MEAN> 25
 -2.834699e+00 3.015909e-01 -2.469661e+00 1.650832e+00 2.029820e+00 8.261435e-01 1.206715e+00 1.481280e+00 1.025688e+00 -6.254680e-01 -1.255649e+00 1.705229e+00 -3.300658e-03 1.994150e-03 -8.321996e-02 -1.003117e-01 2.082857e-02 1.032333e-01 5.057576e-02 -1.050870e-01 -2.545057e-01 -2.212227e-01 -2.424304e-01 -7.061421e-02 -6.969992e-04
<VARIANCE> 25
 8.418856e+00 5.714582e+00 8.233627e+00 7.186461e+00 1.185945e+01 1.831730e+01 1.268809e+01 1.302706e+01 1.076548e+01 1.026711e+01 1.243117e+01 1.072589e+01 7.967342e-02 1.676002e-01 2.757427e-01 3.611734e-01 5.678986e-01 6.815774e-01 7.360179e-01 8.254362e-01 8.858676e-01 7.625355e-01 8.464482e-01 8.591183e-01 3.581388e-05
<GCONST> 5.496948e+01
<MIXTURE> 113 5.938666e-03
<MEAN> 25
 9.598642e+00 1.451591e+00 -8.524040e+00 -1.704925e+01 -1.208116e+00 5.719894e+00 -5.430571e+00 -1.740348e+00 -5.633284e+00 -8.146036e-01 4.525525e-01 -2.566978e-02 -3.037649e-03 2.579268e-02 -6.309560e-02 -1.355544e-01 4.004507e-02 1.826167e-01 7.350064e-02 1.382940e-02 -2.523968e-02 -3.104818e-02 1.803071e-01 4.634656e-02 -1.193977e-03
<VARIANCE> 25
 1.166067e+01 1.770435e+01 3.001863e+01 3.304056e+01 5.127853e+01 3.364796e+01 3.907887e+01 4.117014e+01 3.604839e+01 4.798404e+01 3.542169e+01 2.790224e+01 1.226576e-01 3.171977e-01 3.068473e-01 6.300111e-01 6.980007e-01 6.624318e-01 7.576306e-01 8.455682e-01 9.521340e-01 8.853095e-01 6.954083e-01 7.019544e-01 1.224108e-04
<GCONST> 7.136195e+01
<MIXTURE> 114 5.938666e-03
<MEAN> 25
 9.598642e+00 1.451591e+00 -8.524040e+00 -1.704925e+01 -1.208116e+00 5.719894e+00 -5.430571e+00 -1.740348e+00 -5.633284e+00 -8.146036e-01 4.525525e-01 -2.566978e-02 -3.037649e-03 2.579268e-02 -6.309560e-02 -1.355544e-01 4.004507e-02 1.826167e-01 7.350064e-02 1.382940e-02 -2.523968e-02 -3.104818e-02 1.803071e-01 4.634656e-02 -1.193977e-03
<VARIANCE> 25
 1.166067e+01 1.770435e+01 3.001863e+01 3.304056e+01 5.127853e+01 3.364796e+01 3.907887e+01 4.117014e+01 3.604839e+01 4.798404e+01 3.542169e+01 2.790224e+01 1.226576e-01 3.171977e-01 3.068473e-01 6.300111e-01 6.980007e-01 6.624318e-01 7.576306e-01 8.455682e-01 9.521340e-01 8.853095e-01 6.954083e-01 7.019544e-01 1.224108e-04
<GCONST> 7.136195e+01
<MIXTURE> 115 2.935202e-03
<MEAN> 25
 -3.758078e+00 -4.044363e-01 -3.090264e+00 3.578153e+00 2.600794e+00 -4.176018e-01 2.361786e+00 4.561840e-01 1.460822e+00 1.607451e-01 -2.435965e-01 2.684973e+00 4.479996e-02 -6.477369e-02 -2.457960e-01 -4.427141e-01 -6.475777e-01 -6.469085e-01 -5.677435e-01 -5.391826e-01 -4.810705e-01 -4.134361e-01 -2.998180e-01 -1.986507e-01 -9.322802e-05
<VARIANCE> 25
 9.651525e+00 1.116623e+01 1.280347e+01 1.205676e+01 1.315892e+01 1.676025e+01 1.661949e+01 2.185615e+01 1.708297e+01 1.669196e+01 2.037343e+01 1.421130e+01 1.964576e-01 3.276685e-01 4.806401e-01 5.571423e-01 6.080791e-01 7.740231e-01 9.722236e-01 1.138746e+00 1.035677e+00 1.012522e+00 9.961908e-01 1.031679e+00 1.177530e-06
<GCONST> 5.998902e+01
<MIXTURE> 116 2.935202e-03
<MEAN> 25
 -3.758078e+00 -4.044363e-01 -3.090264e+00 3.578153e+00 2.600794e+00 -4.176018e-01 2.361786e+00 4.561840e-01 1.460822e+00 1.607451e-01 -2.435965e-01 2.684973e+00 4.479996e-02 -6.477369e-02 -2.457960e-01 -4.427141e-01 -6.475777e-01 -6.469085e-01 -5.677435e-01 -5.391826e-01 -4.810705e-01 -4.134361e-01 -2.998180e-01 -1.986507e-01 -9.322802e-05
<VARIANCE> 25
 9.651525e+00 1.116623e+01 1.280347e+01 1.205676e+01 1.315892e+01 1.676025e+01 1.661949e+01 2.185615e+01 1.708297e+01 1.669196e+01 2.037343e+01 1.421130e+01 1.964576e-01 3.276685e-01 4.806401e-01 5.571423e-01 6.080791e-01 7.740231e-01 9.722236e-01 1.138746e+00 1.035677e+00 1.012522e+00 9.961908e-01 1.031679e+00 1.177530e-06
<GCONST> 5.998902e+01
<MIXTURE> 117 6.506003e-03
<MEAN> 25
 -4.534041e+00 1.145233e+00 9.724548e-01 9.641805e+00 6.294949e+00 6.141465e+00 6.453516e+00 5.126897e+00 6.342096e+00 4.879299e+00 6.277879e+00 2.709595e+00 -6.813177e-02 -2.333906e-01 -3.656144e-01 -4.147511e-01 -3.808409e-01 -3.180097e-01 -3.044832e-01 -3.317795e-01 -3.840522e-01 -3.674667e-01 -2.385957e-01 -1.169972e-01 -1.062575e-05
<VARIANCE> 25
 7.542511e+00 8.631248e+00 9.918806e+00 1.457069e+01 1.535806e+01 1.564894e+01 1.742072e+01 1.808796e+01 1.621802e+01 1.615755e+01 1.688327e+01 1.471077e+01 2.161620e-01 3.021500e-01 4.241168e-01 6.077066e-01 8.483938e-01 1.067073e+00 1.178264e+00 1.208051e+00 1.208522e+00 1.175326e+00 1.173034e+00 1.095894e+00 1.003662e-06
<GCONST> 6.037412e+01
<MIXTURE> 118 6.506003e-03
<MEAN> 25
 -4.534041e+00 1.145233e+00 9.724548e-01 9.641805e+00 6.294949e+00 6.141465e+00 6.453516e+00 5.126897e+00 6.342096e+00 4.879299e+00 6.277879e+00 2.709595e+00 -6.813177e-02 -2.333906e-01 -3.656144e-01 -4.147511e-01 -3.808409e-01 -3.180097e-01 -3.044832e-01 -3.317795e-01 -3.840522e-01 -3.674667e-01 -2.385957e-01 -1.169972e-01 -1.062575e-05
<VARIANCE> 25
 7.542511e+00 8.631248e+00 9.918806e+00 1.457069e+01 1.535806e+01 1.564894e+01 1.742072e+01 1.808796e+01 1.621802e+01 1.615755e+01 1.688327e+01 1.471077e+01 2.161620e-01 3.021500e-01 4.241168e-01 6.077066e-01 8.483938e-01 1.067073e+00 1.178264e+00 1.208051e+00 1.208522e+00 1.175326e+00 1.173034e+00 1.095894e+00 1.003662e-06
<GCONST> 6.037412e+01
<MIXTURE> 119 4.297961e-03
<MEAN> 25
 -4.918553e+00 -7.523152e+00 2.205245e+00 1.992094e+00 2.265210e+00 2.258310e-01 5.286115e+00 5.946810e+00 1.161284e+00 1.009874e+00 6.553493e+00 1.560149e+00 -5.160202e-02 -8.219893e-02 3.406717e-02 -6.483630e-02 -1.267099e-01 -1.774673e-01 -7.451939e-02 -1.073450e-02 -9.234744e-02 -9.996029e-02 -4.836624e-02 -4.738863e-02 1.126315e-03
<VARIANCE> 25
 8.618889e+00 1.057828e+01 1.665067e+01 1.999896e+01 2.259698e+01 2.300977e+01 2.484618e+01 2.621606e+01 2.592753e+01 2.807678e+01 2.050475e+01 2.029046e+01 1.643380e-01 2.827760e-01 4.777971e-01 6.334102e-01 7.981360e-01 1.001855e+00 1.091936e+00 1.266578e+00 1.294331e+00 1.254784e+00 1.197179e+00 1.124866e+00 2.307161e-04
<GCONST> 6.986647e+01
<MIXTURE> 120 4.297961e-03
<MEAN> 25
 -4.918553e+00 -7.523152e+00 2.205245e+00 1.992094e+00 2.265210e+00 2.258310e-01 5.286115e+00 5.946810e+00 1.161284e+00 1.009874e+00 6.553493e+00 1.560149e+00 -5.160202e-02 -8.219893e-02 3.406717e-02 -6.483630e-02 -1.267099e-01 -1.774673e-01 -7.451939e-02 -1.073450e-02 -9.234744e-02 -9.996029e-02 -4.836624e-02 -4.738863e-02 1.126315e-03
<VARIANCE> 25
 8.618889e+00 1.057828e+01 1.665067e+01 1.999896e+01 2.259698e+01 2.300977e+01 2.484618e+01 2.621606e+01 2.592753e+01 2.807678e+01 2.050475e+01 2.029046e+01 1.643380e-01 2.827760e-01 4.777971e-01 6.334102e-01 7.981360e-01 1.001855e+00 1.091936e+00 1.266578e+00 1.294331e+00 1.254784e+00 1.197179e+00 1.124866e+00 2.307161e-04
<GCONST> 6.986647e+01
<MIXTURE> 121 4.567511e-03
<MEAN> 25
 5.410860e-02 -3.007491e+00 4.830943e+00 -1.239953e+01 -1.259791e+01 -1.917766e+00 7.261288e-02 -5.520578e+00 -3.475992e+00 -7.804691e-01 -5.363210e+00 -4.122201e+00 2.895281e-02 1.366871e-01 -6.888007e-02 1.022787e-01 2.065619e-01 8.287960e-02 -1.029717e-01 -2.178728e-01 -2.640059e-01 -1.140641e-01 -1.941792e-01 -1.461816e-01 -7.740463e-03
<VARIANCE> 25
 7.506311e+00 1.674598e+01 1.806142e+01 2.252317e+01 2.360668e+01 3.066244e+01 3.352057e+01 2.609685e+01 4.437352e+01 2.808472e+01 2.159422e+01 2.113867e+01 1.637025e-01 5.902303e-01 6.245729e-01 6.952440e-01 7.845359e-01 1.089577e+00 1.053765e+00 1.141055e+00 1.376489e+00 1.313132e+00 9.468191e-01 1.031862e+00 2.047145e-04
<GCONST> 7.233018e+01
<MIXTURE> 122 4.567511e-03
<MEAN> 25
 5.410860e-02 -3.007491e+00 4.830943e+00 -1.239953e+01 -1.259791e+01 -1.917766e+00 7.261288e-02 -5.520578e+00 -3.475992e+00 -7.804691e-01 -5.363210e+00 -4.122201e+00 2.895281e-02 1.366871e-01 -6.888007e-02 1.022787e-01 2.065619e-01 8.287960e-02 -1.029717e-01 -2.178728e-01 -2.640059e-01 -1.140641e-01 -1.941792e-01 -1.461816e-01 -7.740463e-03
<VARIANCE> 25
 7.506311e+00 1.674598e+01 1.806142e+01 2.252317e+01 2.360668e+01 3.066244e+01 3.352057e+01 2.609685e+01 4.437352e+01 2.808472e+01 2.159422e+01 2.113867e+01 1.637025e-01 5.902303e-01 6.245729e-01 6.952440e-01 7.845359e-01 1.089577e+00 1.053765e+00 1.141055e+00 1.376489e+00 1.313132e+00 9.468191e-01 1.031862e+00 2.047145e-04
<GCONST> 7.233018e+01
<MIXTURE> 123 4.393044e-03
<MEAN> 25
 -1.648468e+00 2.155165e+00 -1.484187e+00 4.458462e+00 5.323469e+00 2.219052e+00 4.309631e+00 2.987959e+00 1.626382e+00 -7.134034e-02 -1.139745e+00 1.651450e-01 -3.824997e-01 -5.804141e-01 -7.198632e-01 -5.822657e-01 -2.445346e-01 7.194349e-02 2.243413e-01 5.762217e-01 5.855687e-01 6.249044e-01 6.875961e-01 4.773948e-01 -6.270293e-03
<VARIANCE> 25
 8.465135e+00 6.969321e+00 1.368485e+01 1.200460e+01 1.350766e+01 1.938077e+01 1.398036e+01 1.659400e+01 1.852429e+01 1.409756e+01 1.672558e+01 1.572810e+01 2.635040e-01 2.729638e-01 5.371557e-01 6.584126e-01 7.625681e-01 8.783169e-01 1.021099e+00 9.783629e-01 1.012952e+00 1.039753e+00 9.966279e-01 9.796990e-01 1.118620e-04
<GCONST> 6.413412e+01
<MIXTURE> 124 4.069876e-03
<MEAN> 25
 -3.539665e+00 5.279678e-01 -3.272084e+00 4.224345e+00 5.861671e+00 3.097626e+00 5.748857e+00 4.403411e+00 3.696247e+00 9.865483e-01 -5.612197e-02 2.737498e+00 -1.343665e-01 -2.595565e-01 -2.854703e-01 -1.879747e-01 7.432177e-02 5.111958e-01 7.782226e-01 8.341049e-01 6.206071e-01 1.862490e-01 -9.028095e-02 -2.522752e-02 3.795667e-04
<VARIANCE> 25
 1.282739e+01 6.858179e+00 7.028743e+00 9.392617e+00 9.335570e+00 1.360762e+01 1.188467e+01 1.663578e+01 1.246704e+01 1.167459e+01 1.488481e+01 1.117448e+01 1.029929e-01 1.614858e-01 2.499815e-01 5.586744e-01 5.315123e-01 5.733979e-01 6.228128e-01 7.545887e-01 8.328073e-01 8.633340e-01 1.071539e+00 8.851267e-01 2.664273e-05
<GCONST> 5.591551e+01
<MIXTURE> 125 4.069876e-03
<MEAN> 25
 -3.539665e+00 5.279678e-01 -3.272084e+00 4.224345e+00 5.861671e+00 3.097626e+00 5.748857e+00 4.403411e+00 3.696247e+00 9.865483e-01 -5.612197e-02 2.737498e+00 -1.343665e-01 -2.595565e-01 -2.854703e-01 -1.879747e-01 7.432177e-02 5.111958e-01 7.782226e-01 8.341049e-01 6.206071e-01 1.862490e-01 -9.028095e-02 -2.522752e-02 3.795667e-04
<VARIANCE> 25
 1.282739e+01 6.858179e+00 7.028743e+00 9.392617e+00 9.335570e+00 1.360762e+01 1.188467e+01 1.663578e+01 1.246704e+01 1.167459e+01 1.488481e+01 1.117448e+01 1.029929e-01 1.614858e-01 2.499815e-01 5.586744e-01 5.315123e-01 5.733979e-01 6.228128e-01 7.545887e-01 8.328073e-01 8.633340e-01 1.071539e+00 8.851267e-01 2.664273e-05
<GCONST> 5.591551e+01
<MIXTURE> 126 2.402244e-03
<MEAN> 25
 -3.350862e+00 -5.951754e+00 -5.087344e+00 2.060969e+00 4.332043e+00 -2.864876e+00 4.737805e-01 4.061016e+00 4.199956e+00 -2.354394e+00 -1.110531e+00 2.969642e+00 5.377559e-03 -5.892035e-02 -2.999247e-02 -1.927686e-01 -4.045025e-01 -4.424764e-01 -3.042203e-01 -1.386904e-01 -1.830709e-01 -8.327832e-02 -1.193843e-01 -7.946882e-02 -2.380086e-03
<VARIANCE> 25
 7.643278e+00 1.831326e+01 1.305102e+01 1.457811e+01 2.207420e+01 2.191192e+01 2.207524e+01 2.814159e+01 3.846518e+01 2.464521e+01 2.176143e+01 1.746098e+01 2.054343e-01 3.776931e-01 4.358192e-01 5.395636e-01 7.706535e-01 9.549301e-01 1.083300e+00 1.198813e+00 1.546194e+00 1.215267e+00 1.122539e+00 1.139426e+00 1.968067e-04
<GCONST> 6.983883e+01
<MIXTURE> 127 2.402244e-03
<MEAN> 25
 -3.350862e+00 -5.951754e+00 -5.087344e+00 2.060969e+00 4.332043e+00 -2.864876e+00 4.737805e-01 4.061016e+00 4.199956e+00 -2.354394e+00 -1.110531e+00 2.969642e+00 5.377559e-03 -5.892035e-02 -2.999247e-02 -1.927686e-01 -4.045025e-01 -4.424764e-01 -3.042203e-01 -1.386904e-01 -1.830709e-01 -8.327832e-02 -1.193843e-01 -7.946882e-02 -2.380086e-03
<VARIANCE> 25
 7.643278e+00 1.831326e+01 1.305102e+01 1.457811e+01 2.207420e+01 2.191192e+01 2.207524e+01 2.814159e+01 3.846518e+01 2.464521e+01 2.176143e+01 1.746098e+01 2.054343e-01 3.776931e-01 4.358192e-01 5.395636e-01 7.706535e-01 9.549301e-01 1.083300e+00 1.198813e+00 1.546194e+00 1.215267e+00 1.122539e+00 1.139426e+00 1.968067e-04
<GCONST> 6.983883e+01
<MIXTURE> 128 3.790457e-03
<MEAN> 25
 -3.901325e+00 1.557589e+00 -3.642565e-01 6.535429e+00 3.628368e+00 1.841039e+00 3.580018e+00 2.392533e+00 3.965279e+00 3.693157e+00 3.734071e+00 3.519179e+00 -3.936989e-01 -1.982655e-01 9.764377e-02 7.250070e-01 1.179126e+00 1.130303e+00 7.185161e-01 1.344289e-01 -4.418840e-01 -7.875197e-01 -6.926767e-01 -3.922511e-01 -3.697725e-05
<VARIANCE> 25
 1.027043e+01 1.165677e+01 1.499400e+01 1.941194e+01 1.993846e+01 2.118498e+01 2.423746e+01 2.463506e+01 2.627437e+01 2.376967e+01 2.682375e+01 1.825041e+01 8.872306e-01 1.139964e+00 1.358486e+00 1.495967e+00 1.575858e+00 1.855918e+00 2.238356e+00 2.317654e+00 2.146587e+00 1.856141e+00 1.754863e+00 1.743372e+00 1.030994e-06
<GCONST> 7.362968e+01
<TRANSP> 3
 0.000000e+00 1.000000e+00 0.000000e+00
 0.000000e+00 9.999990e-01 9.999998e-07
 0.000000e+00 0.000000e+00 0.000000e+00
<ENDHMM>
