~o
<STREAMINFO> 1 25
<VECSIZE> 25<NULLD><MFCC_E_D_N><DIAGC>
~h "jmodel"
<BEGINHMM>
<NUMSTATES> 3
<STATE> 2
<NUMMIXES> 128
<MIXTURE> 1 5.748963e-03
<MEAN> 25
 -2.586423e+00 3.188627e+00 2.296074e+00 8.719535e+00 4.365785e+00 3.427787e+00 4.058083e+00 3.926861e+00 5.833779e+00 5.227948e+00 5.850275e+00 3.074358e+00 -2.002982e+00 -1.628531e+00 -8.610219e-01 1.079775e+00 1.562216e+00 2.229702e+00 2.147929e+00 2.073983e+00 1.694110e+00 1.266962e+00 1.564164e+00 6.104667e-01 -4.691891e-02
<VARIANCE> 25
 1.003294e+01 1.174707e+01 1.496601e+01 1.893298e+01 2.310857e+01 2.220584e+01 2.182650e+01 2.190813e+01 2.099358e+01 2.260604e+01 2.122058e+01 1.704137e+01 1.784953e+00 2.114722e+00 3.022643e+00 3.200175e+00 3.727092e+00 3.362961e+00 3.317825e+00 3.404907e+00 3.511338e+00 3.717059e+00 3.507972e+00 2.826805e+00 3.110833e-03
<GCONST> 8.846758e+01
<MIXTURE> 2 4.549242e-03
<MEAN> 25
 -4.857614e+00 1.336752e+00 9.769725e-01 9.869338e+00 6.695022e+00 7.409571e+00 7.850787e+00 6.931358e+00 8.372524e+00 6.340765e+00 7.565051e+00 3.062630e+00 -6.170414e-02 3.843576e-02 1.422913e-01 2.255848e-01 2.675069e-01 2.805825e-01 2.828401e-01 3.235706e-01 3.521149e-01 3.130131e-01 1.970585e-01 7.891516e-02 -1.262659e-05
<VARIANCE> 25
 6.948612e+00 8.927149e+00 1.065587e+01 1.592739e+01 1.712299e+01 1.552014e+01 1.681491e+01 1.889349e+01 1.653468e+01 1.743083e+01 1.862317e+01 1.429812e+01 1.246127e-01 2.278391e-01 3.389053e-01 4.648274e-01 6.475245e-01 8.097165e-01 9.492118e-01 1.003378e+00 1.047628e+00 1.077002e+00 1.086782e+00 1.008003e+00 1.031521e-06
<GCONST> 5.812381e+01
<MIXTURE> 3 4.549242e-03
<MEAN> 25
 -4.857614e+00 1.336752e+00 9.769725e-01 9.869338e+00 6.695022e+00 7.409571e+00 7.850787e+00 6.931358e+00 8.372524e+00 6.340765e+00 7.565051e+00 3.062630e+00 -6.170414e-02 3.843576e-02 1.422913e-01 2.255848e-01 2.675069e-01 2.805825e-01 2.828401e-01 3.235706e-01 3.521149e-01 3.130131e-01 1.970585e-01 7.891516e-02 -1.262659e-05
<VARIANCE> 25
 6.948612e+00 8.927149e+00 1.065587e+01 1.592739e+01 1.712299e+01 1.552014e+01 1.681491e+01 1.889349e+01 1.653468e+01 1.743083e+01 1.862317e+01 1.429812e+01 1.246127e-01 2.278391e-01 3.389053e-01 4.648274e-01 6.475245e-01 8.097165e-01 9.492118e-01 1.003378e+00 1.047628e+00 1.077002e+00 1.086782e+00 1.008003e+00 1.031521e-06
<GCONST> 5.812381e+01
<MIXTURE> 4 1.671429e-02
<MEAN> 25
 2.883759e+00 2.858820e+00 -3.925754e+00 5.121624e-01 3.570209e+00 -1.733835e-01 -8.046553e-01 2.335521e-01 1.612395e+00 8.618531e-01 -2.317083e+00 9.042028e-01 -2.799951e+00 1.336297e+00 1.623997e+00 2.980369e+00 8.136971e-01 2.968812e-01 1.568305e+00 1.122550e+00 1.059446e+00 2.083954e-01 1.283280e+00 6.390496e-01 -9.806860e-02
<VARIANCE> 25
 2.112420e+01 2.704525e+01 2.549760e+01 3.769559e+01 4.403783e+01 6.054675e+01 6.435301e+01 4.711018e+01 5.011143e+01 5.519733e+01 4.829375e+01 3.574585e+01 2.115698e+00 4.598075e+00 3.455286e+00 4.377114e+00 4.481156e+00 5.591518e+00 5.552096e+00 4.893707e+00 5.269360e+00 5.910812e+00 5.500395e+00 4.533041e+00 5.545857e-03
<GCONST> 1.034220e+02
<MIXTURE> 5 3.206198e-03
<MEAN> 25
 -3.402863e+00 2.213542e+00 5.726977e-01 9.391603e+00 6.711320e+00 6.293397e+00 7.121572e+00 4.725914e+00 5.503802e+00 3.793947e+00 4.586310e+00 2.577891e+00 -3.214082e-01 7.502699e-01 1.225623e+00 1.030411e+00 3.033195e-01 -1.023982e-01 -8.237965e-02 3.722534e-02 4.551392e-01 6.810446e-01 3.984512e-01 8.195446e-02 -2.291793e-05
<VARIANCE> 25
 1.019714e+01 1.395573e+01 2.348314e+01 2.557107e+01 2.008683e+01 1.940730e+01 1.998019e+01 2.038889e+01 2.129765e+01 2.151430e+01 2.459642e+01 1.634663e+01 1.201367e+00 1.236623e+00 1.350356e+00 1.661580e+00 2.284548e+00 2.358474e+00 2.291982e+00 2.261548e+00 2.300752e+00 2.225079e+00 2.076439e+00 1.865447e+00 1.030890e-06
<GCONST> 7.513776e+01
<MIXTURE> 6 5.475854e-03
<MEAN> 25
 9.346148e+00 1.308414e-01 -6.797130e+00 -1.103463e+01 -2.499319e+00 6.362823e+00 -5.500271e+00 -5.397827e+00 -3.772916e+00 2.248810e+00 4.849925e+00 -1.213813e+00 4.908705e-01 8.589976e-01 -5.347013e-01 -1.243294e+00 -5.060461e-01 1.278345e+00 1.528093e+00 2.494119e-01 -1.128396e+00 -1.380482e+00 2.512935e-01 1.182660e+00 -8.378442e-03
<VARIANCE> 25
 9.084100e+00 1.775383e+01 2.231141e+01 3.572095e+01 3.458523e+01 2.868542e+01 4.107949e+01 3.452208e+01 3.702589e+01 3.838787e+01 3.963402e+01 2.607702e+01 2.990318e-01 7.875916e-01 1.234360e+00 2.198838e+00 1.630423e+00 1.878811e+00 1.762888e+00 1.902692e+00 2.212451e+00 2.180684e+00 2.089502e+00 1.305855e+00 5.493115e-04
<GCONST> 8.302079e+01
<MIXTURE> 7 5.475854e-03
<MEAN> 25
 9.346148e+00 1.308414e-01 -6.797130e+00 -1.103463e+01 -2.499319e+00 6.362823e+00 -5.500271e+00 -5.397827e+00 -3.772916e+00 2.248810e+00 4.849925e+00 -1.213813e+00 4.908705e-01 8.589976e-01 -5.347013e-01 -1.243294e+00 -5.060461e-01 1.278345e+00 1.528093e+00 2.494119e-01 -1.128396e+00 -1.380482e+00 2.512935e-01 1.182660e+00 -8.378442e-03
<VARIANCE> 25
 9.084100e+00 1.775383e+01 2.231141e+01 3.572095e+01 3.458523e+01 2.868542e+01 4.107949e+01 3.452208e+01 3.702589e+01 3.838787e+01 3.963402e+01 2.607702e+01 2.990318e-01 7.875916e-01 1.234360e+00 2.198838e+00 1.630423e+00 1.878811e+00 1.762888e+00 1.902692e+00 2.212451e+00 2.180684e+00 2.089502e+00 1.305855e+00 5.493115e-04
<GCONST> 8.302079e+01
<MIXTURE> 8 1.165917e-02
<MEAN> 25
 -4.723561e+00 1.368913e+00 1.285060e+00 9.555579e+00 6.577480e+00 6.251712e+00 6.473305e+00 5.680892e+00 6.654243e+00 5.624672e+00 6.568378e+00 3.150469e+00 -6.279654e-01 -1.422278e+00 -1.070797e+00 -1.727734e+00 -2.290797e-01 -9.448759e-01 -1.783211e-01 -2.858422e-01 -2.541650e-01 -1.734425e-01 -2.150259e-01 7.888260e-02 9.867818e-02
<VARIANCE> 25
 9.343424e+00 9.846370e+00 1.162006e+01 1.604451e+01 1.661628e+01 1.568682e+01 1.812963e+01 1.754079e+01 1.703276e+01 1.737416e+01 1.885943e+01 1.397968e+01 2.753501e+00 2.815922e+00 3.899783e+00 3.761505e+00 3.452651e+00 3.310935e+00 3.123055e+00 3.088138e+00 2.867354e+00 2.654119e+00 2.434583e+00 1.902679e+00 6.691251e-03
<GCONST> 8.627907e+01
<MIXTURE> 9 1.199672e-02
<MEAN> 25
 9.115817e+00 3.259383e+00 -6.260907e+00 -1.040838e+01 -2.038679e+00 5.018206e+00 -2.164200e+00 -2.359120e+00 -5.211617e+00 -1.130584e+00 3.845635e-01 -8.650049e-02 1.419891e+00 -1.092979e-01 -5.231544e-01 -2.701164e+00 -1.657891e+00 7.984849e-01 -9.581744e-01 -2.033152e-01 -1.958327e-01 -5.194290e-01 5.718275e-01 -9.479669e-02 7.267856e-02
<VARIANCE> 25
 1.278277e+01 2.128396e+01 3.258742e+01 5.385265e+01 4.939077e+01 3.131400e+01 4.187615e+01 5.050052e+01 4.166392e+01 4.087577e+01 3.602269e+01 2.619363e+01 2.038579e+00 2.398030e+00 4.450400e+00 4.730149e+00 4.898102e+00 4.074672e+00 4.110765e+00 5.862300e+00 4.881647e+00 4.056428e+00 3.938159e+00 2.817553e+00 2.156627e-03
<GCONST> 9.837633e+01
<MIXTURE> 10 6.596976e-03
<MEAN> 25
 8.156333e-01 7.630645e+00 5.365429e+00 7.137297e+00 1.587179e+00 -2.115246e+00 -5.167149e-01 -1.680269e+00 8.817793e-01 8.575242e-01 8.330557e-01 6.600723e-01 -1.925082e+00 -6.719539e-01 -4.577978e-01 3.026783e+00 2.461911e+00 2.708307e+00 2.371774e+00 2.273941e+00 1.861726e+00 1.542969e+00 2.333632e+00 5.237496e-01 -1.380164e-01
<VARIANCE> 25
 1.953560e+01 2.067201e+01 2.235373e+01 2.911362e+01 3.826561e+01 3.489670e+01 3.512303e+01 3.380960e+01 2.764073e+01 2.901405e+01 2.697148e+01 2.499667e+01 2.232692e+00 3.424661e+00 5.530096e+00 5.163486e+00 5.547101e+00 4.473592e+00 4.697191e+00 4.850579e+00 4.383406e+00 5.017414e+00 4.441442e+00 3.188547e+00 2.703961e-03
<GCONST> 9.745509e+01
<MIXTURE> 11 1.633820e-02
<MEAN> 25
 7.760694e+00 3.134153e+00 3.209692e+00 4.995987e+00 -3.422702e+00 -2.022957e+00 -2.165291e+00 -6.503399e+00 -3.921298e+00 7.210425e-01 -2.144780e+00 -2.169077e+00 -2.902125e-01 4.973160e-01 3.400366e-01 2.385552e-01 4.190237e-01 -5.444138e-03 1.170268e-01 -1.474378e-01 -2.278251e-01 -9.328588e-04 -5.485740e-02 7.960751e-02 -1.615897e-02
<VARIANCE> 25
 9.115973e+00 3.033460e+01 1.943163e+01 2.826003e+01 3.577103e+01 3.623401e+01 4.349467e+01 3.905489e+01 3.927993e+01 3.414087e+01 3.419956e+01 2.693468e+01 8.529127e-01 1.262188e+00 1.949254e+00 2.033205e+00 2.219154e+00 1.962116e+00 2.051557e+00 2.470348e+00 1.974898e+00 1.888360e+00 1.758133e+00 1.614725e+00 9.361571e-04
<GCONST> 8.644002e+01
<MIXTURE> 12 5.904134e-03
<MEAN> 25
 1.071768e+01 3.746523e+00 -4.601964e+00 -1.592558e+01 -8.623092e+00 8.568092e+00 -9.235520e-01 -1.976801e+00 -1.785993e+00 -4.831873e+00 1.784890e+00 6.933991e-01 6.182627e-02 2.930140e-01 8.006778e-02 -3.578183e-01 -2.809094e-01 3.569994e-02 3.116787e-01 4.607926e-01 1.386613e-01 -4.297954e-01 -3.958454e-01 6.160447e-02 -6.694033e-03
<VARIANCE> 25
 8.938961e+00 2.074530e+01 2.383134e+01 3.494806e+01 4.194260e+01 3.098125e+01 4.131525e+01 4.858834e+01 4.386359e+01 3.719203e+01 3.754261e+01 2.864573e+01 2.491671e-01 6.800421e-01 6.904134e-01 1.164148e+00 1.240829e+00 1.043278e+00 1.158972e+00 1.382324e+00 1.224907e+00 1.359531e+00 1.215156e+00 9.486268e-01 5.855787e-04
<GCONST> 7.899144e+01
<MIXTURE> 13 5.904134e-03
<MEAN> 25
 1.071768e+01 3.746523e+00 -4.601964e+00 -1.592558e+01 -8.623092e+00 8.568092e+00 -9.235520e-01 -1.976801e+00 -1.785993e+00 -4.831873e+00 1.784890e+00 6.933991e-01 6.182627e-02 2.930140e-01 8.006778e-02 -3.578183e-01 -2.809094e-01 3.569994e-02 3.116787e-01 4.607926e-01 1.386613e-01 -4.297954e-01 -3.958454e-01 6.160447e-02 -6.694033e-03
<VARIANCE> 25
 8.938961e+00 2.074530e+01 2.383134e+01 3.494806e+01 4.194260e+01 3.098125e+01 4.131525e+01 4.858834e+01 4.386359e+01 3.719203e+01 3.754261e+01 2.864573e+01 2.491671e-01 6.800421e-01 6.904134e-01 1.164148e+00 1.240829e+00 1.043278e+00 1.158972e+00 1.382324e+00 1.224907e+00 1.359531e+00 1.215156e+00 9.486268e-01 5.855787e-04
<GCONST> 7.899144e+01
<MIXTURE> 14 6.488954e-03
<MEAN> 25
 -4.205625e+00 -1.194800e-01 -4.908545e-01 8.808064e+00 7.527109e+00 7.190183e+00 7.784927e+00 7.263754e+00 7.234229e+00 5.104029e+00 6.624029e+00 3.987981e+00 -2.418016e-01 1.988434e-01 3.360590e-01 3.153607e-01 4.015703e-02 8.427085e-02 9.224772e-02 1.714879e-01 2.635254e-01 6.018789e-01 5.171477e-01 8.415873e-02 -8.497024e-03
<VARIANCE> 25
 9.093568e+00 1.451875e+01 1.842000e+01 1.754562e+01 2.001196e+01 1.974405e+01 2.071836e+01 2.050391e+01 1.936110e+01 2.327793e+01 2.169727e+01 1.558828e+01 9.393255e-01 1.570312e+00 1.716323e+00 1.875628e+00 2.173912e+00 2.193565e+00 2.164452e+00 2.203619e+00 2.224066e+00 2.545716e+00 2.171718e+00 1.778152e+00 1.002946e-03
<GCONST> 8.143564e+01
<MIXTURE> 15 2.475190e-03
<MEAN> 25
 -5.311252e+00 -4.300608e-01 -2.758532e-01 7.290205e+00 5.720973e+00 5.651701e+00 6.135775e+00 4.919471e+00 5.157010e+00 3.969411e+00 5.327213e+00 2.521810e+00 -1.122808e-01 -2.587536e-02 6.140287e-02 2.707065e-01 5.183206e-01 7.840366e-01 1.039399e+00 1.180107e+00 1.037647e+00 8.022133e-01 4.378646e-01 1.478318e-01 2.036976e-04
<VARIANCE> 25
 7.067601e+00 6.609613e+00 8.875196e+00 1.257559e+01 1.364395e+01 1.387694e+01 1.461378e+01 1.467753e+01 1.378235e+01 1.473282e+01 1.551221e+01 1.212077e+01 1.283740e-01 2.027718e-01 3.232019e-01 5.150836e-01 7.040738e-01 7.925776e-01 7.871208e-01 7.933459e-01 8.933247e-01 1.124160e+00 1.070450e+00 1.015100e+00 2.980516e-05
<GCONST> 5.883868e+01
<MIXTURE> 16 2.475190e-03
<MEAN> 25
 -5.311252e+00 -4.300608e-01 -2.758532e-01 7.290205e+00 5.720973e+00 5.651701e+00 6.135775e+00 4.919471e+00 5.157010e+00 3.969411e+00 5.327213e+00 2.521810e+00 -1.122808e-01 -2.587536e-02 6.140287e-02 2.707065e-01 5.183206e-01 7.840366e-01 1.039399e+00 1.180107e+00 1.037647e+00 8.022133e-01 4.378646e-01 1.478318e-01 2.036976e-04
<VARIANCE> 25
 7.067601e+00 6.609613e+00 8.875196e+00 1.257559e+01 1.364395e+01 1.387694e+01 1.461378e+01 1.467753e+01 1.378235e+01 1.473282e+01 1.551221e+01 1.212077e+01 1.283740e-01 2.027718e-01 3.232019e-01 5.150836e-01 7.040738e-01 7.925776e-01 7.871208e-01 7.933459e-01 8.933247e-01 1.124160e+00 1.070450e+00 1.015100e+00 2.980516e-05
<GCONST> 5.883868e+01
<MIXTURE> 17 9.518312e-03
<MEAN> 25
 3.711941e+00 -2.390555e+00 6.136562e+00 2.650795e+00 -6.545496e+00 -5.933753e+00 -3.699772e+00 -1.092837e-02 -2.913632e+00 -3.960258e+00 1.569351e+00 4.959274e-01 -9.573560e-01 -1.271806e+00 1.559397e+00 -1.944450e+00 -2.364541e+00 1.684383e-01 6.280767e-02 8.351399e-01 -3.899882e-01 -4.856478e-01 1.020528e+00 7.058045e-01 7.625668e-02
<VARIANCE> 25
 1.402736e+01 3.296101e+01 2.586818e+01 3.105963e+01 3.776565e+01 3.910849e+01 3.399187e+01 2.827563e+01 2.786864e+01 2.423019e+01 2.899193e+01 2.408284e+01 1.566391e+00 2.199736e+00 3.256957e+00 2.503200e+00 3.201351e+00 4.514351e+00 4.150016e+00 3.769536e+00 3.284811e+00 3.472474e+00 2.367486e+00 2.605823e+00 1.741194e-03
<GCONST> 9.265861e+01
<MIXTURE> 18 1.221018e-02
<MEAN> 25
 3.921959e+00 4.531048e+00 6.686177e+00 4.661474e+00 -4.624852e+00 -8.300620e+00 -1.702294e+00 -1.095711e+00 -3.295023e+00 -2.426486e+00 -9.542056e-01 5.865662e-01 -7.604730e-01 2.164690e+00 -2.175134e-01 2.028113e+00 3.104089e+00 1.472876e+00 8.170114e-01 -2.260370e-01 6.319217e-01 5.042437e-01 -2.848218e-01 -7.162855e-02 -1.231286e-01
<VARIANCE> 25
 1.601692e+01 2.578628e+01 3.312957e+01 2.632036e+01 3.979037e+01 3.352003e+01 3.855755e+01 3.517908e+01 3.921697e+01 3.415761e+01 3.287046e+01 3.067209e+01 2.544209e+00 3.008494e+00 4.702257e+00 4.001879e+00 4.061002e+00 4.653005e+00 4.612765e+00 4.429384e+00 4.446760e+00 4.284535e+00 4.522141e+00 3.593685e+00 4.098482e-03
<GCONST> 9.842989e+01
<MIXTURE> 19 9.912824e-03
<MEAN> 25
 -1.020213e+01 2.750831e+00 -5.194856e-02 9.046171e-01 4.433167e+00 1.048926e+00 3.475472e+00 1.167106e+00 2.871441e+00 1.586466e-01 8.018121e-01 1.282750e+00 2.011146e+00 1.587624e+00 2.201733e+00 5.077069e-01 -9.644395e-01 -8.464768e-01 -1.040062e+00 -1.391336e+00 -1.509862e+00 -1.234580e+00 -7.151162e-01 -6.792009e-01 -2.760289e-04
<VARIANCE> 25
 4.823502e+01 3.379653e+01 4.418533e+01 4.840208e+01 3.141354e+01 3.180286e+01 2.830695e+01 2.699844e+01 2.999571e+01 3.364014e+01 2.810486e+01 2.151018e+01 2.271575e+00 2.210227e+00 2.031914e+00 2.497071e+00 2.572246e+00 2.217955e+00 2.271412e+00 2.158034e+00 1.906099e+00 1.952694e+00 2.134709e+00 1.746680e+00 2.169131e-03
<GCONST> 9.094374e+01
<MIXTURE> 20 6.308331e-03
<MEAN> 25
 -1.417738e+01 7.414661e+00 8.397251e-01 6.151304e+00 4.841599e+00 1.635182e+00 5.206587e+00 8.562331e-01 9.264035e-01 7.964005e-01 2.565792e+00 -3.010016e-01 -3.285931e+00 -8.646242e-01 -1.564237e+00 3.330553e-01 1.541429e+00 2.061174e+00 1.980246e+00 2.054482e+00 2.144360e+00 2.038347e+00 1.685410e+00 9.425699e-01 4.728397e-02
<VARIANCE> 25
 1.967607e+01 2.344416e+01 3.098567e+01 3.715352e+01 3.083518e+01 2.788337e+01 2.992482e+01 3.146333e+01 2.797144e+01 2.820274e+01 2.515469e+01 2.090710e+01 2.091105e+00 2.188565e+00 1.910003e+00 2.540339e+00 2.701192e+00 2.317785e+00 2.310542e+00 2.322864e+00 2.234025e+00 2.656048e+00 2.240897e+00 1.875634e+00 1.887186e-03
<GCONST> 8.922820e+01
<MIXTURE> 21 7.928653e-03
<MEAN> 25
 3.686947e+00 -5.189940e+00 5.755762e+00 -1.822388e+00 -1.023368e+01 -8.314363e+00 -2.978999e+00 4.113616e+00 -2.135671e+00 -2.807984e+00 -1.282554e-01 5.044879e-01 -6.286565e-01 1.209177e+00 2.567906e+00 -9.383795e-02 -1.529840e+00 3.441978e-01 5.147960e-01 -1.395413e+00 -1.908747e+00 3.207506e-01 1.288352e+00 2.823052e-01 -1.285765e-02
<VARIANCE> 25
 9.949588e+00 2.244674e+01 2.782966e+01 2.834472e+01 2.799207e+01 3.278038e+01 4.153141e+01 3.913754e+01 4.017298e+01 3.322858e+01 3.371978e+01 2.202544e+01 4.541135e-01 1.074076e+00 1.723973e+00 1.229336e+00 2.036739e+00 2.011704e+00 3.415252e+00 2.407110e+00 2.012193e+00 2.386915e+00 1.875136e+00 2.205845e+00 4.049925e-04
<GCONST> 8.477586e+01
<MIXTURE> 22 8.827789e-03
<MEAN> 25
 -1.781409e+01 7.258410e+00 -4.159148e+00 7.291629e+00 4.671845e+00 2.631073e+00 8.270186e+00 1.699475e+00 5.482766e+00 3.173144e+00 5.611519e+00 1.090597e+00 -3.019507e-01 -1.787968e-01 -7.948069e-02 -1.795946e-01 2.792481e-02 1.379107e-01 1.821033e-01 1.364435e-01 2.293141e-01 1.587771e-01 1.629780e-01 1.778399e-01 8.535515e-03
<VARIANCE> 25
 8.506892e+00 1.701222e+01 1.707685e+01 2.516296e+01 2.267477e+01 2.124262e+01 1.985765e+01 1.845815e+01 1.829643e+01 2.124184e+01 1.939235e+01 1.394653e+01 1.072711e+00 1.370432e+00 1.439802e+00 1.585331e+00 1.440712e+00 1.496890e+00 1.480537e+00 1.585935e+00 1.600676e+00 1.627841e+00 1.335294e+00 1.156299e+00 1.715909e-03
<GCONST> 7.848593e+01
<MIXTURE> 23 6.455497e-03
<MEAN> 25
 7.666619e+00 1.378428e+00 2.976692e+00 2.283043e+00 -5.110046e+00 -2.556522e+00 -3.953759e+00 -6.494326e+00 -3.845774e+00 -2.649330e-01 -2.756778e+00 -2.217564e+00 2.727529e-02 2.088151e-01 6.280209e-02 -3.751034e-02 -1.490001e-01 -2.227590e-02 5.289937e-02 1.719843e-02 7.496785e-02 2.987409e-02 8.338492e-02 -3.639954e-02 -3.876284e-03
<VARIANCE> 25
 9.052093e+00 2.365599e+01 2.073535e+01 3.463200e+01 3.313021e+01 4.777412e+01 4.983576e+01 4.642130e+01 4.116531e+01 4.259583e+01 4.829081e+01 3.379582e+01 1.017210e-01 2.798218e-01 3.739162e-01 4.706879e-01 7.139125e-01 6.674864e-01 7.281779e-01 7.709696e-01 8.040353e-01 8.041592e-01 8.274476e-01 7.251711e-01 7.546086e-05
<GCONST> 7.081683e+01
<MIXTURE> 24 6.455497e-03
<MEAN> 25
 7.666619e+00 1.378428e+00 2.976692e+00 2.283043e+00 -5.110046e+00 -2.556522e+00 -3.953759e+00 -6.494326e+00 -3.845774e+00 -2.649330e-01 -2.756778e+00 -2.217564e+00 2.727529e-02 2.088151e-01 6.280209e-02 -3.751034e-02 -1.490001e-01 -2.227590e-02 5.289937e-02 1.719843e-02 7.496785e-02 2.987409e-02 8.338492e-02 -3.639954e-02 -3.876284e-03
<VARIANCE> 25
 9.052093e+00 2.365599e+01 2.073535e+01 3.463200e+01 3.313021e+01 4.777412e+01 4.983576e+01 4.642130e+01 4.116531e+01 4.259583e+01 4.829081e+01 3.379582e+01 1.017210e-01 2.798218e-01 3.739162e-01 4.706879e-01 7.139125e-01 6.674864e-01 7.281779e-01 7.709696e-01 8.040353e-01 8.041592e-01 8.274476e-01 7.251711e-01 7.546086e-05
<GCONST> 7.081683e+01
<MIXTURE> 25 1.118642e-02
<MEAN> 25
 3.481974e-01 8.927338e-01 1.689160e+01 -2.682229e+00 -1.247073e+01 -3.017920e+00 -5.242733e+00 -1.378859e+00 -7.818330e+00 -5.771495e+00 4.036208e+00 -2.139624e+00 4.679117e-02 6.821609e-01 7.813177e-02 3.866066e-02 2.404669e-01 -3.007619e-01 3.615434e-01 7.106467e-02 -4.188802e-01 5.166653e-02 -1.342989e-01 -6.424369e-02 -2.036572e-02
<VARIANCE> 25
 5.898083e+00 2.593344e+01 1.773462e+01 2.143735e+01 2.069131e+01 2.972933e+01 1.849342e+01 2.226001e+01 2.217367e+01 2.368232e+01 1.540110e+01 2.225293e+01 4.710914e-01 1.260826e+00 1.800118e+00 1.357922e+00 1.634419e+00 2.165573e+00 1.667738e+00 1.291712e+00 1.413003e+00 1.253692e+00 1.383227e+00 1.459383e+00 1.334044e-03
<GCONST> 7.851931e+01
<MIXTURE> 26 7.727677e-03
<MEAN> 25
 1.907804e+00 -6.288442e+00 -1.007623e+01 -1.407696e+00 7.468107e+00 5.155798e+00 3.285681e+00 -7.305373e-01 2.164587e+00 -1.588195e-01 -3.150189e+00 -1.099203e+00 -7.113237e-01 6.118054e-01 3.184196e-01 7.625766e-01 9.989533e-02 3.174634e-02 2.606572e-01 4.061707e-01 4.093848e-01 -2.125913e-02 2.578842e-01 4.449115e-01 -4.822993e-02
<VARIANCE> 25
 2.390096e+01 3.285724e+01 2.397163e+01 6.141369e+01 3.728969e+01 3.951857e+01 4.694241e+01 4.188562e+01 3.597633e+01 5.604974e+01 3.784602e+01 4.567418e+01 1.562596e+00 1.834839e+00 1.905332e+00 1.927178e+00 2.205924e+00 2.590583e+00 2.461197e+00 2.594635e+00 2.257961e+00 2.265144e+00 2.218202e+00 1.924236e+00 3.247314e-03
<GCONST> 9.315556e+01
<MIXTURE> 27 7.727677e-03
<MEAN> 25
 1.907804e+00 -6.288442e+00 -1.007623e+01 -1.407696e+00 7.468107e+00 5.155798e+00 3.285681e+00 -7.305373e-01 2.164587e+00 -1.588195e-01 -3.150189e+00 -1.099203e+00 -7.113237e-01 6.118054e-01 3.184196e-01 7.625766e-01 9.989533e-02 3.174634e-02 2.606572e-01 4.061707e-01 4.093848e-01 -2.125913e-02 2.578842e-01 4.449115e-01 -4.822993e-02
<VARIANCE> 25
 2.390096e+01 3.285724e+01 2.397163e+01 6.141369e+01 3.728969e+01 3.951857e+01 4.694241e+01 4.188562e+01 3.597633e+01 5.604974e+01 3.784602e+01 4.567418e+01 1.562596e+00 1.834839e+00 1.905332e+00 1.927178e+00 2.205924e+00 2.590583e+00 2.461197e+00 2.594635e+00 2.257961e+00 2.265144e+00 2.218202e+00 1.924236e+00 3.247314e-03
<GCONST> 9.315556e+01
<MIXTURE> 28 5.036674e-03
<MEAN> 25
 -5.189137e+00 5.307055e-01 -1.661959e+00 6.492577e+00 5.431551e+00 3.216203e+00 5.494186e+00 3.398567e+00 4.052955e+00 1.978009e+00 2.296277e+00 2.967115e+00 -1.110793e-01 2.249663e-01 5.960231e-01 8.020225e-01 8.136857e-01 6.151861e-01 4.641847e-01 4.070249e-01 4.336810e-01 4.931676e-01 3.584155e-01 1.505470e-01 -8.452566e-05
<VARIANCE> 25
 1.015045e+01 1.012187e+01 1.147650e+01 1.384574e+01 1.389699e+01 1.740772e+01 1.773839e+01 1.949253e+01 1.665893e+01 1.752851e+01 2.118568e+01 1.483447e+01 2.379207e-01 3.218951e-01 4.578546e-01 4.398494e-01 6.173971e-01 8.624745e-01 1.049277e+00 1.075772e+00 1.030650e+00 9.671074e-01 1.005103e+00 1.007912e+00 1.101316e-06
<GCONST> 6.001859e+01
<MIXTURE> 29 5.036674e-03
<MEAN> 25
 -5.189137e+00 5.307055e-01 -1.661959e+00 6.492577e+00 5.431551e+00 3.216203e+00 5.494186e+00 3.398567e+00 4.052955e+00 1.978009e+00 2.296277e+00 2.967115e+00 -1.110793e-01 2.249663e-01 5.960231e-01 8.020225e-01 8.136857e-01 6.151861e-01 4.641847e-01 4.070249e-01 4.336810e-01 4.931676e-01 3.584155e-01 1.505470e-01 -8.452566e-05
<VARIANCE> 25
 1.015045e+01 1.012187e+01 1.147650e+01 1.384574e+01 1.389699e+01 1.740772e+01 1.773839e+01 1.949253e+01 1.665893e+01 1.752851e+01 2.118568e+01 1.483447e+01 2.379207e-01 3.218951e-01 4.578546e-01 4.398494e-01 6.173971e-01 8.624745e-01 1.049277e+00 1.075772e+00 1.030650e+00 9.671074e-01 1.005103e+00 1.007912e+00 1.101316e-06
<GCONST> 6.001859e+01
<MIXTURE> 30 8.917812e-03
<MEAN> 25
 -4.020820e+00 8.982176e-01 1.263237e-01 8.541439e+00 7.781615e+00 6.830315e+00 7.431334e+00 6.228593e+00 6.600813e+00 4.465478e+00 5.715858e+00 3.170957e+00 -1.285639e-02 2.198014e-02 9.967100e-02 1.385546e-01 1.310913e-01 9.451706e-02 -1.003260e-01 -4.495576e-02 5.559549e-02 2.073976e-01 1.065866e-01 5.715923e-02 9.442058e-05
<VARIANCE> 25
 6.435471e+00 1.223943e+01 1.018261e+01 1.275240e+01 1.418899e+01 1.581391e+01 1.636656e+01 2.081105e+01 1.507052e+01 1.602143e+01 2.632672e+01 1.329698e+01 9.583959e-02 2.028670e-01 3.322186e-01 4.728272e-01 5.696363e-01 7.427211e-01 7.866141e-01 9.047729e-01 8.106522e-01 1.076634e+00 1.157593e+00 8.842545e-01 6.013880e-05
<GCONST> 6.094552e+01
<MIXTURE> 31 4.136493e-03
<MEAN> 25
 -3.273676e+00 -5.437775e+00 -7.026304e-03 4.839647e+00 3.756234e+00 1.781123e+00 5.226476e+00 6.584328e+00 2.788974e+00 1.185521e+00 6.412984e+00 3.107098e+00 2.522518e-01 4.752971e-01 -2.175217e-01 3.302104e-01 1.381889e-01 4.182450e-01 2.023682e-01 4.239066e-02 3.492980e-01 3.973844e-01 9.453629e-02 1.003202e-01 -1.824523e-02
<VARIANCE> 25
 7.035231e+00 1.736389e+01 1.737740e+01 1.790400e+01 2.495301e+01 2.367284e+01 2.320861e+01 2.518419e+01 2.548160e+01 2.767634e+01 2.045273e+01 1.842555e+01 1.888179e-01 4.886078e-01 5.951972e-01 7.824401e-01 9.633448e-01 1.098794e+00 1.211888e+00 1.427252e+00 1.362368e+00 1.310427e+00 1.249158e+00 1.128475e+00 2.550028e-04
<GCONST> 7.184103e+01
<MIXTURE> 32 4.136493e-03
<MEAN> 25
 -3.273676e+00 -5.437775e+00 -7.026304e-03 4.839647e+00 3.756234e+00 1.781123e+00 5.226476e+00 6.584328e+00 2.788974e+00 1.185521e+00 6.412984e+00 3.107098e+00 2.522518e-01 4.752971e-01 -2.175217e-01 3.302104e-01 1.381889e-01 4.182450e-01 2.023682e-01 4.239066e-02 3.492980e-01 3.973844e-01 9.453629e-02 1.003202e-01 -1.824523e-02
<VARIANCE> 25
 7.035231e+00 1.736389e+01 1.737740e+01 1.790400e+01 2.495301e+01 2.367284e+01 2.320861e+01 2.518419e+01 2.548160e+01 2.767634e+01 2.045273e+01 1.842555e+01 1.888179e-01 4.886078e-01 5.951972e-01 7.824401e-01 9.633448e-01 1.098794e+00 1.211888e+00 1.427252e+00 1.362368e+00 1.310427e+00 1.249158e+00 1.128475e+00 2.550028e-04
<GCONST> 7.184103e+01
<MIXTURE> 33 1.508826e-02
<MEAN> 25
 5.766686e+00 -3.862674e+00 -1.159945e+00 -3.315473e+00 -2.551919e+00 -5.690735e+00 -7.787691e+00 1.229166e+00 1.394946e+00 9.575610e-01 -3.132599e+00 -2.279540e+00 4.915226e-01 -9.829028e-01 -2.612371e+00 -2.245425e+00 1.616700e+00 1.930688e+00 -8.961086e-01 2.441311e-01 1.068193e+00 7.843302e-01 -4.092642e-01 -1.409364e+00 3.667096e-02
<VARIANCE> 25
 1.003358e+01 1.788013e+01 2.953673e+01 3.357214e+01 4.354607e+01 5.042851e+01 3.755236e+01 4.176506e+01 3.491190e+01 4.371303e+01 3.458158e+01 2.561969e+01 1.162318e+00 2.200024e+00 2.438373e+00 2.258546e+00 3.671477e+00 3.876448e+00 3.770411e+00 5.577904e+00 3.424035e+00 3.782552e+00 2.672913e+00 2.410063e+00 1.687891e-03
<GCONST> 9.359143e+01
<MIXTURE> 34 1.588179e-02
<MEAN> 25
 8.889128e+00 -5.233783e-02 7.450684e-02 1.210840e+00 -2.916539e+00 -1.496748e+00 -6.051867e+00 -4.711303e+00 -1.841205e+00 2.124477e-01 -2.626454e+00 -3.629744e+00 -1.969975e-02 1.342807e+00 1.479065e+00 2.379601e+00 -4.928153e-02 -1.555399e-01 7.902748e-01 -1.626585e+00 -8.953484e-01 2.631198e-01 -5.523634e-01 2.377082e-01 -6.216855e-02
<VARIANCE> 25
 7.669952e+00 3.138830e+01 2.936052e+01 4.938184e+01 4.182297e+01 4.882745e+01 5.493486e+01 5.601631e+01 5.205618e+01 4.298079e+01 4.784974e+01 3.139000e+01 1.249765e+00 1.957536e+00 4.228125e+00 4.014691e+00 5.577729e+00 5.762430e+00 5.443089e+00 6.096085e+00 5.135117e+00 4.922422e+00 4.958728e+00 3.834046e+00 1.143026e-03
<GCONST> 9.949044e+01
<MIXTURE> 35 1.467755e-02
<MEAN> 25
 -1.963952e+00 -5.189572e+00 -9.538243e+00 -2.465113e-01 9.370728e+00 9.215806e-01 1.194724e+00 2.101281e+00 1.223724e+00 4.855143e+00 5.957116e-02 1.712848e+00 4.744844e-01 -1.130948e+00 -1.418824e+00 -1.503257e+00 5.179134e-01 -6.277800e-01 -7.799697e-01 -9.608052e-02 -1.587890e-01 2.027840e-01 -6.576270e-01 -4.707991e-01 1.056734e-01
<VARIANCE> 25
 1.899234e+01 2.807038e+01 4.386656e+01 6.274545e+01 4.139165e+01 5.441668e+01 5.058274e+01 4.375290e+01 4.861550e+01 3.768981e+01 3.611868e+01 2.973084e+01 3.425720e+00 3.455469e+00 6.384338e+00 5.506732e+00 5.438255e+00 5.800392e+00 4.847375e+00 4.498762e+00 4.780939e+00 4.291647e+00 3.837858e+00 3.628684e+00 5.073995e-03
<GCONST> 1.029963e+02
<MIXTURE> 36 1.093293e-02
<MEAN> 25
 5.142797e+00 -3.439312e+00 6.196373e+00 2.750221e+00 -9.669376e+00 -8.455850e+00 -5.394691e+00 2.105709e+00 -2.259158e+00 -3.723093e+00 3.352353e+00 -2.206857e-01 3.966290e-01 2.179445e-01 -1.142597e+00 6.222154e-02 1.129634e+00 -1.209298e-01 -3.000759e-01 3.253943e-02 3.073215e-01 7.577613e-01 -2.883918e-01 -5.463369e-01 -1.429534e-02
<VARIANCE> 25
 9.623282e+00 1.533205e+01 2.490579e+01 2.654371e+01 2.711519e+01 2.966500e+01 4.131369e+01 3.295043e+01 3.260620e+01 3.041300e+01 2.505109e+01 2.325134e+01 5.411635e-01 6.847181e-01 1.660402e+00 1.266491e+00 1.617559e+00 1.669856e+00 1.923655e+00 1.466107e+00 2.064161e+00 1.580551e+00 1.286853e+00 1.829355e+00 7.068009e-04
<GCONST> 8.117278e+01
<MIXTURE> 37 1.246826e-02
<MEAN> 25
 5.477646e-01 7.755766e+00 1.204432e+01 -5.544774e+00 -8.034442e+00 -1.056694e+00 -5.079457e+00 -8.308099e+00 -3.704163e+00 -9.118637e-01 -3.664696e+00 -1.283981e+00 1.828749e-01 6.480867e-01 -1.355225e+00 3.580832e+00 1.986342e+00 -3.023807e-01 1.091482e+00 4.355130e-01 5.275596e-01 -3.216075e-01 5.383609e-01 -9.980547e-02 -9.483376e-02
<VARIANCE> 25
 1.591808e+01 2.616897e+01 3.094505e+01 5.100103e+01 3.391210e+01 3.197822e+01 4.393695e+01 3.516113e+01 3.861012e+01 3.593417e+01 3.773064e+01 3.088723e+01 2.960623e+00 3.413789e+00 3.018457e+00 4.089764e+00 4.611357e+00 3.749193e+00 4.203110e+00 3.806190e+00 3.446367e+00 3.619954e+00 3.866054e+00 2.795235e+00 3.928719e-03
<GCONST> 9.778400e+01
<MIXTURE> 38 1.154525e-02
<MEAN> 25
 -4.734916e+00 8.662443e+00 3.617425e+00 3.330580e+00 8.450132e-01 -4.833396e+00 -6.123289e-01 -2.138055e+00 -2.098630e+00 -3.064517e+00 -1.533352e+00 -2.570444e-01 -4.436614e+00 1.372214e+00 -3.013816e-01 1.436623e+00 2.490981e+00 1.186247e+00 2.180227e+00 8.651243e-01 8.713262e-01 5.115874e-01 1.153807e+00 3.938245e-02 4.347723e-02
<VARIANCE> 25
 2.990005e+01 2.814181e+01 4.546638e+01 3.063082e+01 4.518760e+01 3.454332e+01 3.453632e+01 4.186112e+01 3.782577e+01 2.979461e+01 2.257912e+01 2.747721e+01 2.237662e+00 3.765749e+00 3.588767e+00 4.769462e+00 3.992703e+00 5.025059e+00 4.555332e+00 4.375515e+00 4.150192e+00 4.693137e+00 4.266783e+00 3.817298e+00 2.150847e-03
<GCONST> 9.858855e+01
<MIXTURE> 39 9.501865e-03
<MEAN> 25
 1.336423e+00 2.556277e+00 1.021964e+01 -9.190443e+00 -1.129060e+01 -9.941552e-01 -2.978510e+00 -6.549894e+00 -4.529896e+00 8.591006e-01 -3.642231e+00 -2.285451e+00 -7.260270e-01 1.515772e+00 1.626918e+00 -1.389571e+00 7.544534e-02 1.219968e+00 -1.196477e+00 -1.247249e+00 4.227098e-01 4.439228e-01 -4.997303e-01 1.190345e-01 1.350957e-03
<VARIANCE> 25
 8.916401e+00 3.047345e+01 3.166222e+01 3.830556e+01 3.709530e+01 4.253784e+01 4.428835e+01 3.354355e+01 3.934094e+01 3.323220e+01 3.644118e+01 2.939906e+01 6.926221e-01 1.551709e+00 1.512844e+00 2.915918e+00 2.416308e+00 2.814215e+00 3.044734e+00 2.746852e+00 2.434206e+00 2.608907e+00 2.120522e+00 2.068713e+00 1.181165e-03
<GCONST> 8.965523e+01
<MIXTURE> 40 1.030800e-02
<MEAN> 25
 -8.114238e+00 2.672055e+00 -1.426823e+00 7.858085e+00 4.424718e+00 5.328990e+00 5.359404e+00 4.192207e+00 4.686174e+00 3.836319e+00 4.960962e+00 1.582941e+00 -3.150827e-02 -1.371031e-01 -4.437090e-02 -1.314758e-01 -4.858096e-02 -9.388334e-02 7.238038e-02 1.138323e-01 -7.133987e-02 9.173071e-02 1.670219e-02 1.100274e-02 3.226534e-03
<VARIANCE> 25
 4.221397e+01 1.898679e+01 2.572014e+01 2.416202e+01 2.462099e+01 1.709057e+01 1.775053e+01 1.809524e+01 1.573094e+01 1.743710e+01 2.036442e+01 1.321784e+01 6.668960e-01 7.014574e-01 8.424890e-01 1.096359e+00 1.091665e+00 1.252343e+00 1.180139e+00 1.404028e+00 1.211843e+00 1.305786e+00 1.302872e+00 1.139206e+00 7.579051e-04
<GCONST> 7.573674e+01
<MIXTURE> 41 6.713375e-03
<MEAN> 25
 1.301704e+00 1.767184e+00 1.046351e+01 -6.928922e+00 -1.047322e+01 -3.871530e+00 -2.494473e+00 -5.034728e+00 -4.654097e+00 2.645464e+00 -1.728953e+00 -9.442788e-01 7.645970e-02 -7.630436e-01 1.696326e+00 -3.550610e+00 -2.449667e+00 -1.116173e-01 -5.167145e-01 -3.588929e-01 -8.342647e-01 1.078101e+00 -1.038961e+00 7.777808e-02 8.619715e-02
<VARIANCE> 25
 1.167137e+01 2.964763e+01 3.264336e+01 4.015761e+01 3.863632e+01 4.009417e+01 3.702514e+01 2.978936e+01 3.295285e+01 2.888981e+01 3.179856e+01 2.709330e+01 3.167083e+00 3.298134e+00 3.821372e+00 3.796521e+00 4.935718e+00 5.853985e+00 4.722353e+00 4.543145e+00 3.976690e+00 4.222378e+00 3.824515e+00 3.220236e+00 2.919760e-03
<GCONST> 9.788623e+01
<MIXTURE> 42 1.106211e-02
<MEAN> 25
 -2.486654e+00 5.230954e+00 4.267749e+00 2.226549e+00 6.305695e-01 -5.937374e+00 -1.095816e+00 -1.776839e+00 -7.342805e-01 -2.451491e+00 -1.912584e+00 1.277103e+00 3.997580e+00 -7.716203e-01 1.836560e+00 1.212592e-01 -3.270019e+00 -9.417784e-01 -2.193931e+00 -8.388215e-01 -1.057491e+00 -6.402659e-01 6.378770e-01 -4.706830e-01 1.276722e-02
<VARIANCE> 25
 3.318451e+01 2.058674e+01 4.117597e+01 2.453109e+01 3.841219e+01 3.487512e+01 3.259924e+01 2.446995e+01 2.746680e+01 3.083364e+01 1.895623e+01 1.542891e+01 3.212412e+00 5.123899e+00 5.720052e+00 4.184788e+00 4.554092e+00 5.371908e+00 4.359293e+00 4.513887e+00 4.595732e+00 4.285595e+00 3.694159e+00 4.645015e+00 3.917491e-03
<GCONST> 9.812700e+01
<MIXTURE> 43 7.108249e-03
<MEAN> 25
 3.217046e+00 -6.332992e+00 -2.251202e+00 -5.073562e+00 -7.297927e+00 -3.356997e+00 4.079946e+00 1.187847e+00 -5.056285e+00 -6.887015e+00 -4.282718e+00 -1.205578e+00 2.329258e-01 2.144377e+00 1.921424e+00 -1.168074e-01 -1.424791e+00 -7.835803e-01 -9.495000e-01 -7.769585e-01 7.921808e-01 1.455284e+00 3.358878e-01 1.500283e-02 -4.503177e-02
<VARIANCE> 25
 9.680696e+00 1.947110e+01 2.709991e+01 3.554160e+01 3.844654e+01 3.621745e+01 3.313192e+01 4.029176e+01 3.910958e+01 4.057307e+01 2.631374e+01 2.920587e+01 6.817659e-01 1.257269e+00 1.551849e+00 2.472780e+00 2.339335e+00 2.358767e+00 2.647531e+00 2.979526e+00 2.618036e+00 2.549956e+00 2.305364e+00 1.900468e+00 9.309664e-04
<GCONST> 8.786620e+01
<MIXTURE> 44 7.328289e-03
<MEAN> 25
 -1.513280e+01 1.661662e+00 3.448807e+00 -3.207285e+00 3.373926e+00 2.024863e+00 8.122460e-03 2.389393e+00 1.683197e+00 -8.598883e-01 1.770419e+00 1.931992e+00 -1.729082e-01 1.551223e-03 1.853560e-01 3.053161e-01 -7.946882e-02 2.074270e-01 4.659905e-01 9.858911e-02 2.562874e-01 1.215233e-01 5.302885e-02 8.055446e-02 3.768650e-03
<VARIANCE> 25
 4.348443e+01 2.844255e+01 3.519257e+01 2.989164e+01 2.933606e+01 2.974962e+01 2.447409e+01 3.117191e+01 2.806171e+01 2.700215e+01 2.685981e+01 1.924822e+01 1.214745e+00 1.527147e+00 1.412104e+00 1.372847e+00 2.170488e+00 1.656996e+00 1.489544e+00 1.680260e+00 1.582270e+00 1.512456e+00 1.340167e+00 1.213808e+00 1.283593e-03
<GCONST> 8.449110e+01
<MIXTURE> 45 1.364932e-02
<MEAN> 25
 -1.231121e+01 3.836610e+00 -1.897900e+00 2.859385e+00 5.609804e+00 -4.913840e-01 4.646649e+00 2.941029e+00 3.899395e+00 1.780932e+00 1.965685e+00 2.341200e+00 -2.882594e+00 6.968589e-01 -3.854072e-01 -5.243933e-01 4.270881e-01 -9.993018e-02 7.070962e-01 1.562400e-02 6.952743e-02 -2.160583e-01 3.569332e-01 -1.943940e-01 1.081554e-01
<VARIANCE> 25
 3.087347e+01 2.933049e+01 3.173558e+01 3.192871e+01 2.890339e+01 3.082929e+01 2.731872e+01 2.426130e+01 2.606883e+01 2.270882e+01 2.693845e+01 1.489804e+01 2.295180e+00 2.905811e+00 2.708413e+00 2.515480e+00 2.777513e+00 2.463518e+00 2.688559e+00 2.092383e+00 2.139744e+00 2.148233e+00 1.963635e+00 2.264352e+00 4.775173e-03
<GCONST> 9.048346e+01
<MIXTURE> 46 9.336259e-03
<MEAN> 25
 -9.450320e+00 2.320611e+00 1.187549e+00 7.548809e+00 5.937257e+00 3.321223e+00 7.057048e+00 4.489334e+00 5.712727e+00 4.676550e+00 5.019491e+00 2.920783e+00 1.053566e+00 -2.395632e-01 4.148327e-02 1.003011e+00 6.073294e-01 9.436049e-01 3.880643e-01 6.704863e-01 4.760459e-01 5.065373e-01 6.404719e-01 5.217201e-01 -1.055051e-01
<VARIANCE> 25
 3.423782e+01 4.378596e+01 3.849364e+01 4.996750e+01 5.071297e+01 4.081088e+01 3.701582e+01 3.529980e+01 3.312257e+01 3.098029e+01 2.835520e+01 2.020466e+01 3.922315e+00 4.134596e+00 3.877419e+00 4.132979e+00 4.170900e+00 3.699499e+00 3.375197e+00 3.117299e+00 2.982921e+00 2.862250e+00 2.306909e+00 1.784330e+00 7.943256e-03
<GCONST> 9.829009e+01
<MIXTURE> 47 7.116147e-03
<MEAN> 25
 6.484268e+00 -7.485823e+00 -7.312997e+00 -7.070880e+00 2.349560e+00 1.781393e+00 -2.533295e+00 1.328990e-02 1.519097e+00 1.805150e+00 -3.779349e+00 -5.999731e+00 -1.804682e-01 -1.226669e+00 -7.192657e-01 -3.442239e-01 1.982019e-01 7.236542e-01 6.295817e-01 1.536672e-01 2.573389e-01 -8.976832e-01 -3.332631e-01 -4.484682e-01 3.260243e-02
<VARIANCE> 25
 1.137071e+01 1.936096e+01 1.897270e+01 3.098144e+01 3.309813e+01 4.556782e+01 3.903611e+01 3.666214e+01 4.162732e+01 4.644965e+01 4.128918e+01 2.892038e+01 4.720589e-01 7.294810e-01 9.963269e-01 1.485079e+00 2.381699e+00 2.035758e+00 2.230087e+00 2.064017e+00 1.846624e+00 1.909681e+00 2.294970e+00 1.910586e+00 4.897900e-04
<GCONST> 8.450279e+01
<MIXTURE> 48 7.116147e-03
<MEAN> 25
 6.484268e+00 -7.485823e+00 -7.312997e+00 -7.070880e+00 2.349560e+00 1.781393e+00 -2.533295e+00 1.328990e-02 1.519097e+00 1.805150e+00 -3.779349e+00 -5.999731e+00 -1.804682e-01 -1.226669e+00 -7.192657e-01 -3.442239e-01 1.982019e-01 7.236542e-01 6.295817e-01 1.536672e-01 2.573389e-01 -8.976832e-01 -3.332631e-01 -4.484682e-01 3.260243e-02
<VARIANCE> 25
 1.137071e+01 1.936096e+01 1.897270e+01 3.098144e+01 3.309813e+01 4.556782e+01 3.903611e+01 3.666214e+01 4.162732e+01 4.644965e+01 4.128918e+01 2.892038e+01 4.720589e-01 7.294810e-01 9.963269e-01 1.485079e+00 2.381699e+00 2.035758e+00 2.230087e+00 2.064017e+00 1.846624e+00 1.909681e+00 2.294970e+00 1.910586e+00 4.897900e-04
<GCONST> 8.450279e+01
<MIXTURE> 49 5.548473e-03
<MEAN> 25
 -4.716339e+00 9.228368e-01 -1.875895e-01 8.142778e+00 6.322458e+00 5.407223e+00 6.088394e+00 4.162684e+00 4.851015e+00 3.201260e+00 4.313372e+00 2.615269e+00 3.276458e-01 6.376886e-01 7.471464e-01 4.002171e-01 -2.533485e-01 -6.094454e-01 -8.671573e-01 -1.062642e+00 -9.401845e-01 -6.446947e-01 -4.616545e-01 -2.481499e-01 1.211159e-04
<VARIANCE> 25
 9.608032e+00 1.168723e+01 1.394780e+01 1.492276e+01 1.485794e+01 1.639912e+01 1.750960e+01 1.869760e+01 1.690147e+01 1.887185e+01 2.310420e+01 1.387987e+01 2.719092e-01 2.492832e-01 3.704208e-01 5.965209e-01 8.624186e-01 9.302375e-01 1.077791e+00 1.016127e+00 1.056047e+00 1.149191e+00 1.284293e+00 1.180216e+00 1.608880e-05
<GCONST> 6.407014e+01
<MIXTURE> 50 6.234641e-03
<MEAN> 25
 -4.302872e+00 9.620907e-01 -1.512033e+00 6.102984e+00 4.534327e+00 2.248892e+00 3.801529e+00 1.702706e+00 2.761703e+00 1.206049e+00 1.827001e+00 2.651166e+00 5.679759e-02 1.445735e-01 7.837222e-02 -1.179807e-01 -4.953520e-01 -5.671474e-01 -3.755329e-01 -1.778463e-02 3.884429e-01 6.756661e-01 7.312585e-01 4.343882e-01 -9.249758e-05
<VARIANCE> 25
 1.002946e+01 1.446255e+01 1.352239e+01 1.486797e+01 1.511733e+01 1.732849e+01 1.690289e+01 2.019722e+01 1.665649e+01 1.674082e+01 2.233473e+01 1.428413e+01 1.321280e-01 2.468596e-01 4.065670e-01 5.260418e-01 7.244720e-01 6.628063e-01 1.003146e+00 1.055545e+00 9.973171e-01 9.259180e-01 9.217669e-01 9.253900e-01 1.017682e-06
<GCONST> 5.934641e+01
<MIXTURE> 51 6.234641e-03
<MEAN> 25
 -4.302872e+00 9.620907e-01 -1.512033e+00 6.102984e+00 4.534327e+00 2.248892e+00 3.801529e+00 1.702706e+00 2.761703e+00 1.206049e+00 1.827001e+00 2.651166e+00 5.679759e-02 1.445735e-01 7.837222e-02 -1.179807e-01 -4.953520e-01 -5.671474e-01 -3.755329e-01 -1.778463e-02 3.884429e-01 6.756661e-01 7.312585e-01 4.343882e-01 -9.249758e-05
<VARIANCE> 25
 1.002946e+01 1.446255e+01 1.352239e+01 1.486797e+01 1.511733e+01 1.732849e+01 1.690289e+01 2.019722e+01 1.665649e+01 1.674082e+01 2.233473e+01 1.428413e+01 1.321280e-01 2.468596e-01 4.065670e-01 5.260418e-01 7.244720e-01 6.628063e-01 1.003146e+00 1.055545e+00 9.973171e-01 9.259180e-01 9.217669e-01 9.253900e-01 1.017682e-06
<GCONST> 5.934641e+01
<MIXTURE> 52 6.367945e-03
<MEAN> 25
 1.007282e+01 2.071068e+00 -6.297982e+00 -1.424263e+01 -4.188451e+00 8.459140e+00 -2.761214e+00 -3.114816e+00 -4.458795e+00 -2.133998e+00 3.330406e+00 7.025445e-01 -3.915108e-01 -4.705332e-01 -5.641688e-02 1.128049e+00 1.353851e+00 -4.583648e-01 -5.819691e-01 -6.232302e-01 4.330585e-02 1.172039e+00 3.612495e-01 -5.274655e-01 -1.433715e-02
<VARIANCE> 25
 9.310016e+00 2.021728e+01 2.561949e+01 3.811735e+01 4.509919e+01 3.062159e+01 4.583154e+01 4.838435e+01 4.258000e+01 4.537842e+01 3.938434e+01 2.967292e+01 4.476028e-01 1.463932e+00 1.305311e+00 2.727121e+00 2.307476e+00 2.181011e+00 2.967734e+00 2.836416e+00 2.960352e+00 2.978364e+00 2.525557e+00 2.263425e+00 1.541951e-03
<GCONST> 8.967189e+01
<MIXTURE> 53 6.367945e-03
<MEAN> 25
 1.007282e+01 2.071068e+00 -6.297982e+00 -1.424263e+01 -4.188451e+00 8.459140e+00 -2.761214e+00 -3.114816e+00 -4.458795e+00 -2.133998e+00 3.330406e+00 7.025445e-01 -3.915108e-01 -4.705332e-01 -5.641688e-02 1.128049e+00 1.353851e+00 -4.583648e-01 -5.819691e-01 -6.232302e-01 4.330585e-02 1.172039e+00 3.612495e-01 -5.274655e-01 -1.433715e-02
<VARIANCE> 25
 9.310016e+00 2.021728e+01 2.561949e+01 3.811735e+01 4.509919e+01 3.062159e+01 4.583154e+01 4.838435e+01 4.258000e+01 4.537842e+01 3.938434e+01 2.967292e+01 4.476028e-01 1.463932e+00 1.305311e+00 2.727121e+00 2.307476e+00 2.181011e+00 2.967734e+00 2.836416e+00 2.960352e+00 2.978364e+00 2.525557e+00 2.263425e+00 1.541951e-03
<GCONST> 8.967189e+01
<MIXTURE> 54 7.368620e-03
<MEAN> 25
 -3.556592e+00 3.602066e-01 -7.681264e-01 7.977898e+00 6.636097e+00 4.626424e+00 4.737382e+00 4.418647e+00 3.942013e+00 3.495626e+00 4.396151e+00 2.288194e+00 -5.188477e-03 2.968763e-02 5.747319e-02 3.799748e-02 1.114507e-02 2.757712e-02 1.413348e-02 -9.186305e-03 2.083519e-02 2.098945e-02 -2.622303e-03 2.660272e-02 1.607917e-05
<VARIANCE> 25
 8.713203e+00 1.130920e+01 8.932800e+00 1.738019e+01 1.297142e+01 1.292518e+01 1.155064e+01 1.141511e+01 1.109314e+01 1.348835e+01 1.701365e+01 1.210528e+01 3.975618e-02 8.855318e-02 1.960606e-01 2.588653e-01 3.382457e-01 3.850352e-01 4.720391e-01 5.242697e-01 5.282330e-01 5.260597e-01 5.217527e-01 5.025717e-01 9.867123e-07
<GCONST> 4.740907e+01
<MIXTURE> 55 7.368620e-03
<MEAN> 25
 -3.556592e+00 3.602066e-01 -7.681264e-01 7.977898e+00 6.636097e+00 4.626424e+00 4.737382e+00 4.418647e+00 3.942013e+00 3.495626e+00 4.396151e+00 2.288194e+00 -5.188477e-03 2.968763e-02 5.747319e-02 3.799748e-02 1.114507e-02 2.757712e-02 1.413348e-02 -9.186305e-03 2.083519e-02 2.098945e-02 -2.622303e-03 2.660272e-02 1.607917e-05
<VARIANCE> 25
 8.713203e+00 1.130920e+01 8.932800e+00 1.738019e+01 1.297142e+01 1.292518e+01 1.155064e+01 1.141511e+01 1.109314e+01 1.348835e+01 1.701365e+01 1.210528e+01 3.975618e-02 8.855318e-02 1.960606e-01 2.588653e-01 3.382457e-01 3.850352e-01 4.720391e-01 5.242697e-01 5.282330e-01 5.260597e-01 5.217527e-01 5.025717e-01 9.867123e-07
<GCONST> 4.740907e+01
<MIXTURE> 56 6.132464e-03
<MEAN> 25
 7.456176e+00 -7.024679e+00 -8.982736e+00 -8.480392e+00 3.963766e+00 4.057404e+00 -2.300300e+00 -1.637773e+00 1.527273e+00 8.278287e-01 -2.344053e+00 -6.867099e+00 1.374532e-04 2.598121e-02 -6.510234e-02 9.754084e-02 1.802988e-01 5.112738e-02 6.839884e-02 -1.260015e-01 -2.397394e-02 -6.989373e-02 -1.784017e-02 3.622647e-02 -7.219913e-03
<VARIANCE> 25
 9.009826e+00 2.322068e+01 1.937305e+01 3.977048e+01 3.206554e+01 4.855801e+01 5.887247e+01 3.510575e+01 3.972816e+01 3.656051e+01 3.897959e+01 3.068443e+01 1.985840e-01 4.298696e-01 4.513671e-01 8.290588e-01 8.557219e-01 1.070332e+00 9.101399e-01 8.632047e-01 8.761905e-01 9.116426e-01 1.054334e+00 7.531878e-01 2.575762e-04
<GCONST> 7.479713e+01
<MIXTURE> 57 6.132464e-03
<MEAN> 25
 7.456176e+00 -7.024679e+00 -8.982736e+00 -8.480392e+00 3.963766e+00 4.057404e+00 -2.300300e+00 -1.637773e+00 1.527273e+00 8.278287e-01 -2.344053e+00 -6.867099e+00 1.374532e-04 2.598121e-02 -6.510234e-02 9.754084e-02 1.802988e-01 5.112738e-02 6.839884e-02 -1.260015e-01 -2.397394e-02 -6.989373e-02 -1.784017e-02 3.622647e-02 -7.219913e-03
<VARIANCE> 25
 9.009826e+00 2.322068e+01 1.937305e+01 3.977048e+01 3.206554e+01 4.855801e+01 5.887247e+01 3.510575e+01 3.972816e+01 3.656051e+01 3.897959e+01 3.068443e+01 1.985840e-01 4.298696e-01 4.513671e-01 8.290588e-01 8.557219e-01 1.070332e+00 9.101399e-01 8.632047e-01 8.761905e-01 9.116426e-01 1.054334e+00 7.531878e-01 2.575762e-04
<GCONST> 7.479713e+01
<MIXTURE> 58 6.172147e-03
<MEAN> 25
 2.243435e+00 -3.908985e+00 7.451034e+00 -5.031250e+00 -1.302205e+01 -5.133049e+00 8.340208e-01 8.622255e-01 -2.488822e+00 1.668355e+00 7.973269e-01 -4.501805e-01 -5.885601e-02 -5.753264e-02 -1.238935e-02 -2.064416e-01 -8.389407e-02 1.970433e-01 3.598997e-01 1.434409e-01 6.701887e-04 9.853780e-02 -9.576792e-02 -1.300138e-01 -3.139335e-03
<VARIANCE> 25
 8.358281e+00 1.879035e+01 1.833809e+01 2.511963e+01 2.264841e+01 4.170379e+01 3.265314e+01 3.185415e+01 2.942700e+01 3.059024e+01 2.450360e+01 1.931139e+01 3.388178e-01 7.812026e-01 8.378441e-01 9.870029e-01 1.030168e+00 1.100161e+00 1.130655e+00 1.240499e+00 9.890307e-01 1.025398e+00 8.393491e-01 8.365703e-01 6.956136e-04
<GCONST> 7.523008e+01
<MIXTURE> 59 6.172147e-03
<MEAN> 25
 2.243435e+00 -3.908985e+00 7.451034e+00 -5.031250e+00 -1.302205e+01 -5.133049e+00 8.340208e-01 8.622255e-01 -2.488822e+00 1.668355e+00 7.973269e-01 -4.501805e-01 -5.885601e-02 -5.753264e-02 -1.238935e-02 -2.064416e-01 -8.389407e-02 1.970433e-01 3.598997e-01 1.434409e-01 6.701887e-04 9.853780e-02 -9.576792e-02 -1.300138e-01 -3.139335e-03
<VARIANCE> 25
 8.358281e+00 1.879035e+01 1.833809e+01 2.511963e+01 2.264841e+01 4.170379e+01 3.265314e+01 3.185415e+01 2.942700e+01 3.059024e+01 2.450360e+01 1.931139e+01 3.388178e-01 7.812026e-01 8.378441e-01 9.870029e-01 1.030168e+00 1.100161e+00 1.130655e+00 1.240499e+00 9.890307e-01 1.025398e+00 8.393491e-01 8.365703e-01 6.956136e-04
<GCONST> 7.523008e+01
<MIXTURE> 60 4.479129e-03
<MEAN> 25
 -4.151661e+00 -2.385741e-01 -1.223379e+00 3.727344e+00 1.998326e+00 2.090720e+00 1.900566e+00 1.494588e+00 2.268422e+00 1.025985e+00 2.167832e+00 1.819622e+00 -2.357304e-02 5.755706e-02 9.343433e-02 1.612318e-01 1.630590e-01 1.467196e-01 1.945172e-01 3.070369e-01 5.287940e-01 6.190770e-01 5.626143e-01 2.958756e-01 1.577859e-04
<VARIANCE> 25
 6.630586e+00 6.257513e+00 1.042700e+01 1.065470e+01 1.369253e+01 1.612948e+01 1.392372e+01 1.145102e+01 1.260919e+01 1.384903e+01 1.593742e+01 1.241329e+01 8.559281e-02 1.669037e-01 2.960694e-01 4.298507e-01 5.807114e-01 7.061076e-01 8.164178e-01 9.001305e-01 8.675707e-01 8.475510e-01 8.297489e-01 8.289145e-01 2.584778e-05
<GCONST> 5.654753e+01
<MIXTURE> 61 4.479129e-03
<MEAN> 25
 -4.151661e+00 -2.385741e-01 -1.223379e+00 3.727344e+00 1.998326e+00 2.090720e+00 1.900566e+00 1.494588e+00 2.268422e+00 1.025985e+00 2.167832e+00 1.819622e+00 -2.357304e-02 5.755706e-02 9.343433e-02 1.612318e-01 1.630590e-01 1.467196e-01 1.945172e-01 3.070369e-01 5.287940e-01 6.190770e-01 5.626143e-01 2.958756e-01 1.577859e-04
<VARIANCE> 25
 6.630586e+00 6.257513e+00 1.042700e+01 1.065470e+01 1.369253e+01 1.612948e+01 1.392372e+01 1.145102e+01 1.260919e+01 1.384903e+01 1.593742e+01 1.241329e+01 8.559281e-02 1.669037e-01 2.960694e-01 4.298507e-01 5.807114e-01 7.061076e-01 8.164178e-01 9.001305e-01 8.675707e-01 8.475510e-01 8.297489e-01 8.289145e-01 2.584778e-05
<GCONST> 5.654753e+01
<MIXTURE> 62 3.278034e-03
<MEAN> 25
 -5.067824e+00 1.279360e+00 9.972709e-01 8.792789e+00 6.110049e+00 5.030135e+00 5.522475e+00 4.014549e+00 4.970836e+00 3.863926e+00 4.935123e+00 2.944205e+00 -9.959049e-01 -1.160469e+00 -9.519787e-01 -2.690218e-01 4.328609e-01 9.975097e-01 1.374949e+00 1.555410e+00 1.474382e+00 1.251757e+00 1.064004e+00 7.168548e-01 -1.218444e-03
<VARIANCE> 25
 9.851432e+00 1.004776e+01 1.311701e+01 1.667108e+01 1.737254e+01 1.747663e+01 1.963252e+01 1.904909e+01 1.875876e+01 1.893366e+01 2.150861e+01 1.469114e+01 4.048433e-01 4.340532e-01 5.509096e-01 7.907341e-01 1.036372e+00 1.189336e+00 1.260277e+00 1.273453e+00 1.323658e+00 1.381605e+00 1.406166e+00 1.369724e+00 1.674839e-05
<GCONST> 6.757200e+01
<MIXTURE> 63 4.351215e-03
<MEAN> 25
 -3.483011e+00 7.965420e-02 -4.118762e+00 3.046971e+00 4.317577e+00 6.327357e-01 3.360070e+00 1.775628e+00 2.815703e+00 -1.476359e+00 -1.541400e+00 1.403706e+00 -5.132365e-02 3.035560e-01 3.726211e-01 5.415276e-01 3.794513e-01 4.080019e-01 3.453726e-01 3.201097e-02 9.435754e-02 3.761926e-01 3.143162e-01 8.587603e-02 -3.347145e-03
<VARIANCE> 25
 6.998201e+00 2.058126e+01 1.406494e+01 1.338517e+01 1.473711e+01 2.129265e+01 1.844190e+01 1.809302e+01 1.968903e+01 1.725773e+01 1.802604e+01 1.604926e+01 2.181696e-01 3.956210e-01 6.742599e-01 5.928809e-01 8.754959e-01 9.805326e-01 1.054785e+00 1.573863e+00 1.135533e+00 1.367007e+00 1.248755e+00 1.085486e+00 1.695553e-04
<GCONST> 6.825861e+01
<MIXTURE> 64 4.351215e-03
<MEAN> 25
 -3.483011e+00 7.965420e-02 -4.118762e+00 3.046971e+00 4.317577e+00 6.327357e-01 3.360070e+00 1.775628e+00 2.815703e+00 -1.476359e+00 -1.541400e+00 1.403706e+00 -5.132365e-02 3.035560e-01 3.726211e-01 5.415276e-01 3.794513e-01 4.080019e-01 3.453726e-01 3.201097e-02 9.435754e-02 3.761926e-01 3.143162e-01 8.587603e-02 -3.347145e-03
<VARIANCE> 25
 6.998201e+00 2.058126e+01 1.406494e+01 1.338517e+01 1.473711e+01 2.129265e+01 1.844190e+01 1.809302e+01 1.968903e+01 1.725773e+01 1.802604e+01 1.604926e+01 2.181696e-01 3.956210e-01 6.742599e-01 5.928809e-01 8.754959e-01 9.805326e-01 1.054785e+00 1.573863e+00 1.135533e+00 1.367007e+00 1.248755e+00 1.085486e+00 1.695553e-04
<GCONST> 6.825861e+01
<MIXTURE> 65 1.721197e-02
<MEAN> 25
 7.911785e+00 1.573908e+00 1.840073e+00 8.903157e-01 -5.326256e+00 -4.175949e+00 -5.551622e+00 -6.751821e+00 -4.036471e+00 -1.905195e+00 -4.906497e+00 -2.010262e+00 1.363535e-01 9.798699e-02 1.225996e-01 1.124120e-01 -2.102690e-01 2.822433e-01 -1.978421e-01 -1.453952e-01 1.401506e-01 -1.997524e-02 1.852678e-02 -1.730638e-01 -4.395896e-03
<VARIANCE> 25
 9.375637e+00 2.101779e+01 2.445287e+01 3.445192e+01 3.576237e+01 5.614195e+01 5.527428e+01 5.512587e+01 5.217786e+01 5.662412e+01 5.748510e+01 4.811907e+01 5.468689e-01 1.019755e+00 1.741194e+00 1.706610e+00 1.974991e+00 2.077101e+00 2.253530e+00 2.795884e+00 2.331647e+00 2.399685e+00 2.324602e+00 2.112692e+00 4.245855e-04
<GCONST> 8.881604e+01
<MIXTURE> 66 1.191532e-02
<MEAN> 25
 6.286001e+00 -3.960790e+00 -5.778432e+00 -4.668514e+00 1.432390e+00 -4.752192e+00 -6.886911e+00 9.771713e-01 9.344917e-01 -1.714130e+00 -6.389011e+00 -2.579635e+00 -1.726610e-01 1.655552e+00 2.158416e+00 2.268266e+00 -1.224820e+00 -1.262863e+00 -6.847510e-02 -3.679641e-01 -4.008869e-02 -3.513152e-01 -1.470588e-01 1.030723e+00 -6.309555e-02
<VARIANCE> 25
 9.924424e+00 2.128025e+01 2.525187e+01 3.069717e+01 3.559520e+01 5.005076e+01 5.218505e+01 4.267606e+01 5.088641e+01 6.235921e+01 3.602161e+01 4.157470e+01 1.377972e+00 2.255775e+00 2.230250e+00 2.311132e+00 3.854595e+00 3.994525e+00 4.392894e+00 4.800794e+00 4.014072e+00 4.914300e+00 3.682739e+00 3.098715e+00 1.361320e-03
<GCONST> 9.589481e+01
<MIXTURE> 67 1.559142e-02
<MEAN> 25
 8.371708e+00 2.520519e+00 -5.887881e+00 -8.603073e+00 8.212654e-01 3.377626e+00 -2.876084e+00 -2.161356e+00 -3.910938e+00 -9.511624e-02 4.910940e-01 -1.400946e+00 -1.214253e+00 1.673462e+00 1.194628e+00 2.968318e+00 1.390782e+00 -5.191079e-01 1.331606e+00 3.596873e-01 3.815058e-01 1.199212e-01 -2.821090e-01 6.864800e-01 -1.249557e-01
<VARIANCE> 25
 1.207440e+01 3.488834e+01 2.687824e+01 4.904435e+01 4.253066e+01 4.717953e+01 5.547655e+01 4.567418e+01 5.622414e+01 5.384213e+01 4.996449e+01 4.150671e+01 1.993959e+00 3.125767e+00 2.939188e+00 4.059196e+00 3.951963e+00 3.969562e+00 4.066926e+00 4.681832e+00 5.150179e+00 4.267873e+00 4.435515e+00 3.266661e+00 2.780046e-03
<GCONST> 1.001551e+02
<MIXTURE> 68 1.485092e-02
<MEAN> 25
 -1.990052e+00 -2.254787e+00 -4.097358e+00 1.266559e+00 5.350479e+00 -5.304025e-01 2.012543e+00 1.722379e+00 2.028995e+00 1.733035e+00 2.249516e-01 1.753805e+00 2.753024e+00 5.613345e-01 -2.119259e-03 -2.573101e+00 -2.409758e+00 -1.534048e+00 -2.301864e+00 -1.766316e+00 -1.655690e+00 -1.404486e+00 -1.970378e+00 -1.045595e+00 1.016540e-01
<VARIANCE> 25
 2.545301e+01 3.143917e+01 5.733921e+01 5.134064e+01 4.588478e+01 5.452240e+01 4.471646e+01 4.164910e+01 3.947086e+01 4.262438e+01 3.913486e+01 2.571605e+01 1.828838e+00 3.665495e+00 5.813884e+00 5.729781e+00 4.587328e+00 5.602603e+00 5.735170e+00 4.879601e+00 4.858109e+00 5.362300e+00 4.931550e+00 3.356279e+00 6.090201e-03
<GCONST> 1.032680e+02
<MIXTURE> 69 1.204884e-02
<MEAN> 25
 4.666978e+00 -4.224968e+00 -3.574398e+00 -3.631523e+00 -3.484367e+00 -7.837893e+00 -1.116384e+00 2.190320e+00 -3.512410e-01 -4.703626e+00 -5.675451e+00 9.481332e-01 1.672413e+00 -2.229180e+00 -1.337821e+00 -2.246573e+00 -5.287278e-01 -3.466228e-01 -4.765863e-01 6.158488e-01 -6.411297e-01 -1.451889e+00 -2.199072e+00 -1.683327e-01 6.253841e-02
<VARIANCE> 25
 8.853599e+00 2.175257e+01 2.671750e+01 2.591047e+01 4.272857e+01 3.606924e+01 4.882433e+01 3.163528e+01 3.965121e+01 3.818753e+01 3.110545e+01 2.456341e+01 3.549299e+00 2.930455e+00 3.328095e+00 3.692899e+00 5.775054e+00 5.008177e+00 7.099764e+00 6.058599e+00 5.894290e+00 5.869501e+00 4.345148e+00 3.702266e+00 2.439735e-03
<GCONST> 9.867429e+01
<MIXTURE> 70 1.329190e-02
<MEAN> 25
 7.269648e+00 -2.151541e+00 -3.834965e+00 -3.806446e+00 -2.670197e-01 -4.825567e-01 -7.585856e+00 -4.008513e+00 4.014310e-01 3.129478e+00 -1.235228e-01 -4.770774e+00 1.826600e+00 -1.142745e+00 -8.498116e-01 -2.260309e+00 -1.388852e+00 1.222752e+00 -1.361832e+00 -6.205588e-02 3.197841e-01 9.571640e-04 6.258663e-01 -1.401162e+00 5.911634e-02
<VARIANCE> 25
 1.072436e+01 2.217822e+01 2.757675e+01 4.641536e+01 3.507163e+01 4.380285e+01 4.828267e+01 4.199813e+01 4.554126e+01 3.303606e+01 4.345073e+01 2.639196e+01 3.586209e+00 3.174134e+00 4.584709e+00 4.830453e+00 5.553839e+00 6.360775e+00 6.537908e+00 7.268834e+00 5.888427e+00 5.190062e+00 5.662566e+00 4.242584e+00 2.473606e-03
<GCONST> 1.014382e+02
<MIXTURE> 71 1.406903e-02
<MEAN> 25
 6.296926e+00 4.574522e+00 4.111917e+00 2.963218e+00 -3.822559e+00 -3.493929e+00 -2.812541e+00 -6.880355e+00 -4.752604e+00 -1.434690e+00 -4.500365e+00 -3.149032e+00 -1.571240e+00 -7.408323e-01 -3.538333e-01 -1.886291e+00 1.414348e+00 -3.580409e-02 -1.322016e-01 1.405598e+00 2.806047e-01 -1.250494e-02 5.749275e-01 2.674286e-01 4.251453e-02
<VARIANCE> 25
 1.725987e+01 2.685479e+01 2.227892e+01 4.139166e+01 3.842946e+01 3.710928e+01 4.258505e+01 3.846973e+01 3.555825e+01 5.120605e+01 3.820259e+01 3.157350e+01 1.597983e+00 2.792364e+00 4.965661e+00 4.583560e+00 5.185829e+00 4.430412e+00 4.740631e+00 5.066251e+00 3.923180e+00 4.042647e+00 3.417014e+00 3.067512e+00 1.323045e-03
<GCONST> 9.759825e+01
<MIXTURE> 72 8.134747e-03
<MEAN> 25
 3.435297e+00 -3.337875e+00 7.011271e+00 -2.369790e+00 -1.026169e+01 -1.069045e+01 -3.205842e+00 2.297266e+00 -6.083392e+00 -2.160808e+00 -6.130140e-01 1.352636e+00 8.683863e-01 -8.030999e-01 -2.510794e+00 4.854412e-01 1.967747e+00 -6.797134e-01 -1.302318e+00 1.414016e+00 2.081386e+00 -7.978556e-02 -1.114291e+00 6.034120e-01 -1.453976e-03
<VARIANCE> 25
 9.759431e+00 1.871199e+01 3.896135e+01 3.324915e+01 2.733604e+01 3.594162e+01 3.677013e+01 3.129356e+01 4.722616e+01 3.531969e+01 4.056204e+01 2.748059e+01 4.079457e-01 1.010122e+00 1.893875e+00 1.448025e+00 1.944608e+00 2.440937e+00 2.706679e+00 2.537513e+00 2.880811e+00 3.697443e+00 1.969749e+00 2.430605e+00 6.195844e-04
<GCONST> 8.684674e+01
<MIXTURE> 73 1.213625e-02
<MEAN> 25
 -5.637218e+00 -7.912044e-01 -1.306044e+00 4.915051e+00 4.243093e+00 2.345110e+00 5.514163e+00 3.451300e+00 4.367875e+00 3.435546e+00 4.262499e+00 3.025264e+00 8.037976e-01 -1.029665e+00 -9.459195e-01 -2.648743e+00 -1.261902e+00 -1.750840e+00 -9.016241e-01 -5.084112e-01 -9.211492e-01 -7.004091e-01 -1.105385e+00 -2.829654e-01 1.548472e-01
<VARIANCE> 25
 1.285157e+01 1.339455e+01 1.519905e+01 2.263056e+01 2.333597e+01 2.476526e+01 2.041444e+01 2.001569e+01 1.776576e+01 1.905248e+01 2.289816e+01 1.559212e+01 4.045996e+00 3.092196e+00 5.963129e+00 4.673260e+00 6.151045e+00 4.562531e+00 4.301837e+00 4.248864e+00 3.896925e+00 4.232910e+00 3.539963e+00 2.672972e+00 4.303068e-03
<GCONST> 9.270648e+01
<MIXTURE> 74 1.756491e-02
<MEAN> 25
 3.402592e+00 -3.072722e+00 5.335247e+00 -1.691785e+00 -8.373407e+00 -6.973716e+00 -1.973006e+00 2.227224e+00 -2.761116e+00 -1.685521e+00 -2.759909e+00 8.950242e-01 2.319064e-01 2.232015e+00 -5.440646e-01 1.645465e+00 1.426137e+00 2.957907e-01 6.467862e-01 -1.196266e+00 6.302471e-01 -7.238486e-02 -3.679556e-01 -2.332821e-01 -7.859798e-02
<VARIANCE> 25
 1.041256e+01 2.408881e+01 3.695781e+01 2.824489e+01 3.292907e+01 3.050403e+01 4.327975e+01 3.612809e+01 3.811359e+01 3.521085e+01 3.847819e+01 2.538439e+01 1.612351e+00 1.646764e+00 3.335531e+00 1.899608e+00 2.873617e+00 3.000034e+00 4.072536e+00 3.235221e+00 3.303873e+00 3.103775e+00 2.647659e+00 2.299789e+00 1.272619e-03
<GCONST> 9.179838e+01
<MIXTURE> 75 9.711651e-03
<MEAN> 25
 1.829992e+00 -1.547867e+00 1.132392e+01 9.552328e-01 -1.193584e+01 -6.847834e+00 -4.574039e+00 -9.373907e-01 -4.599688e+00 -5.255866e+00 3.175435e+00 1.109896e+00 1.641809e+00 -1.810107e+00 5.170273e-01 -8.398098e-02 -2.213049e+00 -4.624961e-01 -1.389548e+00 5.611432e-01 -6.724694e-01 -1.542469e-01 9.775987e-01 -5.542290e-01 3.959379e-02
<VARIANCE> 25
 9.704035e+00 1.551080e+01 2.741713e+01 2.212142e+01 2.034715e+01 2.986230e+01 2.329626e+01 2.307945e+01 3.033927e+01 2.396685e+01 1.579689e+01 2.220447e+01 2.289433e+00 1.860208e+00 4.356843e+00 2.639761e+00 4.049901e+00 3.292060e+00 3.381848e+00 3.030718e+00 3.828726e+00 3.158129e+00 2.208974e+00 2.819644e+00 1.237180e-03
<GCONST> 8.895029e+01
<MIXTURE> 76 1.052359e-02
<MEAN> 25
 -5.502141e+00 -8.292151e-01 -3.210350e+00 3.555379e+00 4.623904e+00 2.544540e+00 3.753296e+00 1.403321e+00 2.458951e+00 8.163013e-01 4.867968e-01 1.737262e+00 5.322405e-02 -3.702822e-01 -3.134616e-01 -9.130300e-01 -7.121219e-01 -7.728824e-01 -5.502347e-01 -3.270681e-01 -5.195465e-01 -3.042825e-01 -4.005287e-01 -1.308636e-01 2.053988e-02
<VARIANCE> 25
 3.643573e+01 2.805195e+01 2.653347e+01 2.602812e+01 2.806698e+01 2.878775e+01 2.477277e+01 2.639167e+01 2.035371e+01 2.265950e+01 3.085610e+01 1.886511e+01 1.123437e+00 1.127372e+00 1.334242e+00 1.242477e+00 1.429435e+00 1.543080e+00 1.400106e+00 1.600049e+00 1.487281e+00 1.593211e+00 1.347259e+00 1.528187e+00 1.118340e-03
<GCONST> 8.222029e+01
<MIXTURE> 77 1.244626e-02
<MEAN> 25
 -4.698404e-01 8.568798e+00 1.246178e+01 -1.160587e+01 -7.012409e+00 9.546839e-01 -9.268536e+00 -7.228336e+00 -3.368223e+00 -2.020692e-01 -4.635169e+00 -1.478861e+00 6.754260e-02 1.391750e-01 7.346723e-02 2.514046e-01 -2.184303e-02 7.506689e-02 -6.670839e-02 -6.532498e-02 8.058387e-02 -4.567405e-02 2.587896e-02 1.171449e-01 -9.891714e-03
<VARIANCE> 25
 1.043567e+01 2.022645e+01 2.747912e+01 4.162999e+01 3.315155e+01 3.376636e+01 3.672697e+01 3.177083e+01 3.530977e+01 3.318636e+01 3.776312e+01 3.494684e+01 2.985706e-01 7.780974e-01 6.450661e-01 1.084532e+00 1.235680e+00 9.890706e-01 1.223665e+00 1.080136e+00 1.044184e+00 1.064484e+00 9.701486e-01 9.226227e-01 5.397655e-04
<GCONST> 7.780865e+01
<MIXTURE> 78 9.702551e-03
<MEAN> 25
 -1.149499e+01 1.409729e+00 -1.787017e+00 2.192158e+00 4.496864e+00 -2.356626e+00 3.760108e+00 2.630858e+00 2.902580e+00 5.731746e-01 -5.780793e-01 2.852062e+00 2.267722e+00 -2.306687e-01 2.293899e-01 5.437006e-01 3.180905e-02 3.148664e-02 -2.507088e-01 -1.216841e-01 2.249385e-01 8.195286e-02 -3.380958e-01 -4.845945e-01 -5.993483e-02
<VARIANCE> 25
 4.028965e+01 3.399685e+01 3.221840e+01 3.147892e+01 3.838185e+01 3.646461e+01 3.450711e+01 3.167834e+01 2.895503e+01 2.797441e+01 2.665539e+01 2.050781e+01 5.236603e+00 2.552801e+00 2.860365e+00 3.078418e+00 2.961575e+00 3.462045e+00 3.334674e+00 2.771012e+00 2.384461e+00 2.415454e+00 2.223613e+00 2.170208e+00 4.624606e-03
<GCONST> 9.460056e+01
<MIXTURE> 79 1.156824e-02
<MEAN> 25
 2.443695e+00 1.132516e+00 9.219583e+00 -6.053414e+00 -1.212530e+01 -2.280940e+00 -2.302061e+00 -5.969755e+00 -6.424294e+00 -3.029610e-01 -2.989342e+00 -2.916381e+00 1.232229e+00 -4.490975e-01 -1.531900e+00 2.302155e+00 4.639787e-01 -1.515681e+00 4.768575e-01 8.112027e-01 -4.753270e-01 -3.473612e-01 4.448689e-01 2.252400e-01 -3.383406e-02
<VARIANCE> 25
 1.308710e+01 2.564134e+01 3.600638e+01 4.927124e+01 3.020369e+01 4.186826e+01 3.933430e+01 3.557793e+01 4.021592e+01 4.004167e+01 4.200423e+01 3.041780e+01 9.653986e-01 2.145671e+00 1.928185e+00 1.921287e+00 2.280959e+00 2.608208e+00 2.984689e+00 3.205020e+00 2.328775e+00 2.823073e+00 2.223408e+00 2.511351e+00 1.185813e-03
<GCONST> 9.111207e+01
<MIXTURE> 80 7.550998e-03
<MEAN> 25
 -1.458585e+01 4.010907e+00 6.813612e-01 2.844513e+00 2.475377e+00 1.390416e+00 6.385449e+00 2.486688e+00 2.738915e+00 2.312788e+00 4.819492e+00 1.169243e+00 4.277060e+00 -2.077747e-02 1.645231e+00 -1.135796e+00 -2.886225e+00 -2.762822e+00 -2.320220e+00 -2.015809e+00 -1.976297e+00 -1.685418e+00 -1.639873e+00 -5.929999e-01 -4.407549e-02
<VARIANCE> 25
 2.096789e+01 1.991957e+01 3.429757e+01 3.464699e+01 3.018468e+01 2.916486e+01 2.820616e+01 2.850519e+01 2.673533e+01 2.946260e+01 2.696567e+01 1.814845e+01 2.365286e+00 2.663867e+00 2.672517e+00 4.100663e+00 3.390895e+00 2.739696e+00 3.013137e+00 3.195907e+00 2.737000e+00 2.690444e+00 2.794659e+00 2.159472e+00 1.511180e-03
<GCONST> 9.142201e+01
<MIXTURE> 81 8.025434e-03
<MEAN> 25
 -1.118935e+00 4.038815e+00 1.017688e+01 -1.479377e+01 -9.078961e+00 -1.428601e+00 -6.768255e+00 -8.404605e+00 -4.147398e+00 -4.091871e-01 -7.569765e+00 -2.239114e+00 1.347919e-01 -5.854894e-01 -2.362078e-03 -5.554586e-01 -4.632375e-01 3.347190e-01 3.207818e-01 1.363469e-01 -1.409636e-01 1.062802e-01 -4.687828e-01 -1.242400e-01 1.144702e-02
<VARIANCE> 25
 1.013615e+01 3.324002e+01 2.643388e+01 2.928549e+01 3.366329e+01 3.050084e+01 4.537464e+01 2.849843e+01 3.795372e+01 3.188456e+01 2.528816e+01 3.104817e+01 7.715421e-01 2.277505e+00 1.552057e+00 2.870826e+00 2.661565e+00 2.123720e+00 3.277693e+00 2.284694e+00 2.353764e+00 2.535582e+00 2.296715e+00 2.076709e+00 1.184848e-03
<GCONST> 8.869576e+01
<MIXTURE> 82 8.213053e-03
<MEAN> 25
 -9.961048e+00 -3.903483e+00 1.638226e+00 -2.973434e+00 3.114240e+00 6.717739e-01 1.991385e+00 9.352741e-01 2.974079e+00 1.732517e+00 1.742028e+00 3.083618e+00 -1.313930e+00 -1.254288e-01 2.889614e-01 -2.604799e+00 -1.103932e+00 -1.263802e+00 -1.014176e+00 -8.697131e-01 -3.167473e-01 -4.775648e-01 -3.168387e-01 -9.509084e-02 1.783969e-01
<VARIANCE> 25
 1.805749e+01 2.492774e+01 3.236445e+01 3.088751e+01 3.301463e+01 3.228119e+01 3.179109e+01 3.298325e+01 3.086156e+01 2.514010e+01 3.079398e+01 1.750284e+01 3.754482e+00 3.049102e+00 3.316931e+00 3.267792e+00 3.569464e+00 3.291028e+00 2.943625e+00 3.015608e+00 2.793986e+00 2.491010e+00 2.448325e+00 1.865320e+00 3.434064e-03
<GCONST> 9.308716e+01
<MIXTURE> 83 1.167529e-02
<MEAN> 25
 -1.998682e+01 5.553269e+00 -1.815792e+00 -3.862306e-01 7.831555e+00 -1.252505e+00 5.434831e+00 3.017897e+00 1.259508e+00 2.151525e+00 7.222400e-01 2.835044e+00 -2.521825e-02 -4.382620e-01 2.073281e-02 -3.749626e-01 -4.817356e-01 -1.234906e-01 -1.320299e-01 -1.123273e-01 -4.656556e-02 -5.494305e-02 -3.254366e-02 -3.797781e-02 4.316477e-03
<VARIANCE> 25
 9.157027e+00 1.666755e+01 2.840423e+01 2.237635e+01 2.112317e+01 2.395177e+01 2.195927e+01 2.329647e+01 2.090236e+01 2.228201e+01 2.303123e+01 1.468375e+01 1.054050e+00 9.492761e-01 1.266562e+00 1.070134e+00 1.384785e+00 1.282956e+00 1.275645e+00 1.401263e+00 1.343253e+00 1.335382e+00 1.212717e+00 1.065836e+00 8.870460e-04
<GCONST> 7.713414e+01
<MIXTURE> 84 1.066614e-02
<MEAN> 25
 1.170775e+00 9.017242e+00 7.223586e+00 7.968554e+00 2.831445e+00 -9.195524e-01 -1.518201e+00 -4.467515e+00 -4.097699e+00 -2.908992e+00 -2.412248e+00 -1.586531e+00 -1.788133e+00 -1.183856e+00 -1.202419e+00 1.291490e+00 2.252836e+00 1.503548e+00 1.451498e+00 1.286610e+00 1.171918e+00 4.024141e-01 4.164819e-01 4.248289e-01 -7.169603e-02
<VARIANCE> 25
 2.348063e+01 1.823504e+01 2.179037e+01 2.425927e+01 2.912306e+01 2.825811e+01 2.793016e+01 2.657497e+01 2.549388e+01 2.520933e+01 2.359041e+01 2.460843e+01 2.097963e+00 2.538519e+00 3.851655e+00 3.296125e+00 3.271049e+00 3.379705e+00 3.285818e+00 3.409963e+00 3.480277e+00 3.244284e+00 3.583678e+00 2.800479e+00 3.519098e-03
<GCONST> 9.254253e+01
<MIXTURE> 85 7.591393e-03
<MEAN> 25
 -3.164212e+00 7.913958e+00 5.658604e+00 1.255363e+00 -3.366223e+00 -5.288170e+00 -2.943194e+00 -6.075312e+00 -3.444937e+00 -3.270585e+00 -4.920217e-01 -1.847566e+00 3.926247e+00 2.808006e-01 1.782522e+00 -2.072406e+00 -3.429029e+00 -2.546703e+00 -2.870570e+00 -2.320761e+00 -2.254882e+00 -1.255074e+00 -2.255692e+00 -5.697287e-01 9.379673e-03
<VARIANCE> 25
 4.212778e+01 2.318586e+01 3.630410e+01 3.775252e+01 4.076838e+01 4.080067e+01 3.186617e+01 2.772643e+01 2.693027e+01 2.626808e+01 2.594222e+01 2.046181e+01 2.691003e+00 4.401031e+00 4.048845e+00 5.138246e+00 4.373998e+00 3.917777e+00 3.817064e+00 3.959729e+00 3.796567e+00 3.995812e+00 4.036986e+00 3.591470e+00 5.376589e-03
<GCONST> 9.832222e+01
<MIXTURE> 86 1.273941e-02
<MEAN> 25
 -4.465014e+00 -2.358253e-02 -1.242691e+00 6.220764e+00 5.525155e+00 4.123002e+00 5.019402e+00 4.417054e+00 4.744171e+00 3.442563e+00 4.483124e+00 2.563685e+00 -2.243603e-02 6.235688e-03 -2.678563e-02 -7.814378e-02 -5.991007e-02 -1.965964e-01 -3.186003e-01 -4.151616e-01 -3.296572e-01 -4.056022e-01 -1.964916e-01 -4.970659e-02 -1.235092e-03
<VARIANCE> 25
 7.207068e+00 9.326511e+00 9.506755e+00 1.066911e+01 1.497502e+01 1.348550e+01 1.188141e+01 1.221274e+01 1.161994e+01 1.266751e+01 1.496189e+01 1.128520e+01 9.323003e-02 1.869404e-01 3.210971e-01 4.707659e-01 6.339918e-01 7.032828e-01 7.204697e-01 8.604762e-01 7.651249e-01 9.221168e-01 9.286119e-01 8.713943e-01 5.525546e-05
<GCONST> 5.759145e+01
<MIXTURE> 87 1.100681e-02
<MEAN> 25
 -3.296821e+00 4.535239e+00 3.498224e+00 7.010400e+00 5.567080e+00 8.937381e-01 1.639645e+00 -9.524109e-01 -5.904070e-01 -8.785490e-01 -7.855276e-01 2.980343e-02 -2.150793e+00 -2.785362e+00 -2.102136e+00 -2.227039e+00 -3.429862e-02 -1.803136e-01 6.100893e-01 1.298372e+00 1.402106e+00 1.030970e+00 9.433905e-01 1.003436e+00 1.046708e-01
<VARIANCE> 25
 3.811468e+01 2.958692e+01 2.809168e+01 3.387048e+01 2.872363e+01 3.189698e+01 2.815396e+01 2.730979e+01 2.593010e+01 2.478013e+01 2.482530e+01 2.313980e+01 3.859670e+00 2.716095e+00 3.914773e+00 3.653629e+00 4.806429e+00 4.313854e+00 4.162368e+00 3.896070e+00 3.534549e+00 3.383179e+00 3.382829e+00 2.730974e+00 4.953926e-03
<GCONST> 9.634220e+01
<MIXTURE> 88 1.256585e-02
<MEAN> 25
 -3.583588e+00 -1.138286e-01 -1.901800e+00 5.279279e+00 5.234542e+00 3.706141e+00 4.200616e+00 2.747197e+00 3.915719e+00 2.020055e+00 1.962100e+00 2.177183e+00 4.676898e-02 1.533284e-01 -7.365097e-02 4.702768e-01 4.801894e-01 3.017364e-01 -4.452336e-02 -2.510030e-02 -3.729339e-01 -7.794858e-02 -1.202158e-01 -1.896611e-01 -7.954996e-03
<VARIANCE> 25
 7.943310e+00 1.385700e+01 1.250974e+01 1.414057e+01 1.672692e+01 1.793190e+01 1.670914e+01 1.883627e+01 1.502220e+01 1.497195e+01 2.337642e+01 1.256317e+01 1.141176e+00 1.390867e+00 1.908189e+00 1.907539e+00 2.392801e+00 2.748882e+00 2.009758e+00 2.791139e+00 2.120702e+00 2.093418e+00 2.316783e+00 1.744397e+00 1.153087e-03
<GCONST> 7.986105e+01
<MIXTURE> 89 9.333527e-03
<MEAN> 25
 3.336177e+00 -7.879072e+00 -3.250915e+00 -4.155835e+00 -1.506016e+00 -4.995968e+00 -5.909235e+00 3.566103e+00 3.701675e+00 -5.065667e-01 -6.461072e+00 -2.893290e+00 -3.509887e-01 -1.274902e-01 2.151201e+00 8.123195e-01 -1.814553e+00 -1.594203e+00 3.031642e-01 1.565639e+00 -5.908543e-01 -1.295270e+00 2.061667e-01 1.621523e+00 -5.296162e-03
<VARIANCE> 25
 1.910975e+01 2.343601e+01 2.715586e+01 2.348642e+01 2.791056e+01 3.138758e+01 4.286124e+01 3.457424e+01 2.867779e+01 3.910394e+01 2.562732e+01 2.646696e+01 4.370162e-01 8.282949e-01 1.246223e+00 1.086054e+00 1.394640e+00 1.719267e+00 2.483002e+00 1.927785e+00 2.154578e+00 1.741954e+00 1.888652e+00 1.091782e+00 2.978741e-04
<GCONST> 8.178212e+01
<MIXTURE> 90 7.114505e-03
<MEAN> 25
 2.487243e+00 -9.693723e+00 -4.643704e+00 -3.893605e+00 -3.378912e+00 -1.791238e+00 3.267162e+00 1.080563e+00 -7.508836e+00 -9.948004e+00 -3.408227e+00 -7.199751e-01 -1.620186e-01 9.037955e-01 1.188323e+00 -8.384385e-01 -1.605120e+00 -1.991339e-01 6.213128e-01 -2.126876e-01 -1.852231e-01 7.266932e-01 1.955810e-01 -5.513139e-01 -1.135049e-02
<VARIANCE> 25
 8.600765e+00 1.770956e+01 2.034746e+01 2.824761e+01 3.634196e+01 3.181366e+01 3.863703e+01 3.693661e+01 3.476797e+01 3.134586e+01 2.674138e+01 2.583160e+01 2.226176e-01 6.099526e-01 7.975016e-01 1.045286e+00 1.448746e+00 1.575353e+00 1.790576e+00 1.627540e+00 1.796382e+00 1.659348e+00 1.485462e+00 1.302871e+00 2.159529e-04
<GCONST> 7.820289e+01
<MIXTURE> 91 7.852945e-03
<MEAN> 25
 6.335415e+00 -7.790740e+00 -8.268906e+00 -4.596517e+00 3.533167e+00 2.036377e-01 -2.261434e+00 -1.150278e-01 1.529521e-01 -2.085737e+00 -4.215569e+00 -4.506255e+00 2.345390e-01 1.013869e+00 3.137055e-01 6.231644e-01 -1.798164e-01 -6.822025e-01 -1.825099e-01 -1.654236e-01 -7.546128e-02 4.935941e-01 -1.824992e-01 2.911682e-01 -3.666848e-02
<VARIANCE> 25
 9.307004e+00 2.032045e+01 1.817158e+01 3.806770e+01 3.202215e+01 4.920230e+01 4.851498e+01 3.861611e+01 4.797354e+01 6.036602e+01 3.699533e+01 3.916259e+01 4.112766e-01 7.911481e-01 1.165665e+00 1.416691e+00 1.989670e+00 2.228649e+00 2.492780e+00 2.160587e+00 2.037633e+00 2.037908e+00 1.852480e+00 1.695314e+00 5.587687e-04
<GCONST> 8.550639e+01
<MIXTURE> 92 7.852945e-03
<MEAN> 25
 6.335415e+00 -7.790740e+00 -8.268906e+00 -4.596517e+00 3.533167e+00 2.036377e-01 -2.261434e+00 -1.150278e-01 1.529521e-01 -2.085737e+00 -4.215569e+00 -4.506255e+00 2.345390e-01 1.013869e+00 3.137055e-01 6.231644e-01 -1.798164e-01 -6.822025e-01 -1.825099e-01 -1.654236e-01 -7.546128e-02 4.935941e-01 -1.824992e-01 2.911682e-01 -3.666848e-02
<VARIANCE> 25
 9.307004e+00 2.032045e+01 1.817158e+01 3.806770e+01 3.202215e+01 4.920230e+01 4.851498e+01 3.861611e+01 4.797354e+01 6.036602e+01 3.699533e+01 3.916259e+01 4.112766e-01 7.911481e-01 1.165665e+00 1.416691e+00 1.989670e+00 2.228649e+00 2.492780e+00 2.160587e+00 2.037633e+00 2.037908e+00 1.852480e+00 1.695314e+00 5.587687e-04
<GCONST> 8.550639e+01
<MIXTURE> 93 6.122769e-03
<MEAN> 25
 -6.552069e+00 -6.206237e-01 -2.467911e+00 5.753093e+00 6.019983e+00 3.823696e+00 6.116555e+00 3.563761e+00 4.216446e+00 2.336840e+00 1.778743e+00 3.619742e+00 -5.768571e-02 -1.614769e-01 -2.880488e-01 -3.588859e-01 -2.967320e-01 -2.713784e-01 -2.067305e-01 -1.577487e-01 -1.633831e-01 -1.718709e-01 -1.108989e-01 -3.018020e-02 -3.050282e-05
<VARIANCE> 25
 9.643517e+00 7.346059e+00 7.865555e+00 1.082623e+01 1.146096e+01 1.545781e+01 1.490212e+01 1.579306e+01 1.452299e+01 1.452474e+01 1.597805e+01 1.289550e+01 8.077918e-02 1.507047e-01 2.913351e-01 3.811602e-01 5.185162e-01 6.322135e-01 7.572191e-01 8.556979e-01 9.021661e-01 8.855649e-01 9.131306e-01 8.883590e-01 1.116168e-06
<GCONST> 5.367476e+01
<MIXTURE> 94 6.122769e-03
<MEAN> 25
 -6.552069e+00 -6.206237e-01 -2.467911e+00 5.753093e+00 6.019983e+00 3.823696e+00 6.116555e+00 3.563761e+00 4.216446e+00 2.336840e+00 1.778743e+00 3.619742e+00 -5.768571e-02 -1.614769e-01 -2.880488e-01 -3.588859e-01 -2.967320e-01 -2.713784e-01 -2.067305e-01 -1.577487e-01 -1.633831e-01 -1.718709e-01 -1.108989e-01 -3.018020e-02 -3.050282e-05
<VARIANCE> 25
 9.643517e+00 7.346059e+00 7.865555e+00 1.082623e+01 1.146096e+01 1.545781e+01 1.490212e+01 1.579306e+01 1.452299e+01 1.452474e+01 1.597805e+01 1.289550e+01 8.077918e-02 1.507047e-01 2.913351e-01 3.811602e-01 5.185162e-01 6.322135e-01 7.572191e-01 8.556979e-01 9.021661e-01 8.855649e-01 9.131306e-01 8.883590e-01 1.116168e-06
<GCONST> 5.367476e+01
<MIXTURE> 95 5.258835e-03
<MEAN> 25
 -4.551079e+00 1.055033e+00 -2.044027e+00 4.685364e+00 4.441878e+00 2.850648e+00 4.578868e+00 1.816056e+00 2.049344e+00 7.485031e-01 4.724149e-01 2.216336e+00 6.032287e-02 1.770274e-01 2.262131e-01 -1.746766e-01 -5.199724e-01 -6.491963e-01 -8.862435e-01 -1.383863e+00 -1.221226e+00 -1.009693e+00 -6.483750e-01 -2.637399e-01 -2.233872e-03
<VARIANCE> 25
 9.368649e+00 1.167132e+01 9.882727e+00 1.010159e+01 1.163513e+01 1.514549e+01 1.286913e+01 1.510222e+01 1.403696e+01 1.242218e+01 1.963602e+01 1.331521e+01 2.411004e-01 3.033499e-01 4.080042e-01 6.809147e-01 6.437382e-01 8.000985e-01 7.470055e-01 8.244990e-01 7.466233e-01 9.098374e-01 1.142335e+00 9.927480e-01 4.869585e-05
<GCONST> 6.117861e+01
<MIXTURE> 96 7.034694e-03
<MEAN> 25
 -4.684785e+00 3.129361e-01 -2.309699e+00 5.127946e+00 4.384133e+00 1.920527e+00 3.640259e+00 1.836568e+00 2.596639e+00 5.213906e-01 1.089165e+00 2.527524e+00 -2.352515e-02 9.566160e-02 2.290207e-01 4.254377e-01 5.163561e-01 4.256417e-01 2.063746e-01 -9.653591e-02 -5.434140e-01 -6.456599e-01 -5.919713e-01 -3.139676e-01 7.186388e-05
<VARIANCE> 25
 1.040482e+01 1.145996e+01 1.160124e+01 1.237636e+01 1.496830e+01 1.720323e+01 1.652720e+01 1.722544e+01 1.686186e+01 1.540989e+01 1.780427e+01 1.404663e+01 1.095660e-01 2.198655e-01 3.608030e-01 3.983839e-01 6.428133e-01 6.250563e-01 8.077530e-01 9.080671e-01 9.881811e-01 7.743285e-01 8.367035e-01 8.351723e-01 1.113212e-06
<GCONST> 5.675746e+01
<MIXTURE> 97 7.034694e-03
<MEAN> 25
 -4.684785e+00 3.129361e-01 -2.309699e+00 5.127946e+00 4.384133e+00 1.920527e+00 3.640259e+00 1.836568e+00 2.596639e+00 5.213906e-01 1.089165e+00 2.527524e+00 -2.352515e-02 9.566160e-02 2.290207e-01 4.254377e-01 5.163561e-01 4.256417e-01 2.063746e-01 -9.653591e-02 -5.434140e-01 -6.456599e-01 -5.919713e-01 -3.139676e-01 7.186388e-05
<VARIANCE> 25
 1.040482e+01 1.145996e+01 1.160124e+01 1.237636e+01 1.496830e+01 1.720323e+01 1.652720e+01 1.722544e+01 1.686186e+01 1.540989e+01 1.780427e+01 1.404663e+01 1.095660e-01 2.198655e-01 3.608030e-01 3.983839e-01 6.428133e-01 6.250563e-01 8.077530e-01 9.080671e-01 9.881811e-01 7.743285e-01 8.367035e-01 8.351723e-01 1.113212e-06
<GCONST> 5.675746e+01
<MIXTURE> 98 9.917808e-03
<MEAN> 25
 -1.472074e+00 1.449064e+00 -7.514343e-01 3.676006e+00 3.527465e+00 2.140365e+00 3.152689e+00 1.348261e+00 2.114866e+00 3.155125e-01 8.831513e-02 1.406614e+00 -1.773231e+00 -1.325826e+00 -7.892203e-01 5.200832e-01 8.809456e-01 8.846602e-01 1.042768e+00 1.124557e+00 1.747595e+00 9.385336e-01 1.147457e+00 8.592713e-01 -3.723167e-02
<VARIANCE> 25
 1.179746e+01 2.165239e+01 2.663489e+01 2.926275e+01 3.491476e+01 3.125951e+01 2.597327e+01 2.453992e+01 2.495167e+01 2.607951e+01 2.653943e+01 1.980247e+01 1.130109e+00 1.305855e+00 2.551425e+00 2.385792e+00 2.643327e+00 2.865677e+00 2.484070e+00 2.746091e+00 2.292994e+00 2.531161e+00 2.618061e+00 1.768648e+00 1.984041e-03
<GCONST> 8.755244e+01
<MIXTURE> 99 6.696178e-03
<MEAN> 25
 -6.472746e+00 1.001118e+01 6.581377e+00 3.416817e+00 1.148966e+00 -5.211757e+00 -1.566180e+00 -4.046832e+00 -3.212800e+00 -3.870059e+00 -1.656264e+00 3.151159e-01 5.959421e-01 -7.330653e-01 3.862343e-01 -4.073065e-01 -1.178023e+00 -4.952454e-01 -3.542322e-01 -2.719447e-01 -1.491154e-01 -8.676658e-02 2.399539e-01 1.916071e-01 1.005045e-02
<VARIANCE> 25
 3.546899e+01 2.457058e+01 4.746384e+01 3.123817e+01 3.696519e+01 3.467269e+01 2.769428e+01 2.939594e+01 2.862933e+01 2.794125e+01 2.025640e+01 2.871030e+01 2.212659e+00 1.884767e+00 1.591047e+00 1.718780e+00 2.724220e+00 2.059172e+00 1.586177e+00 1.624033e+00 1.615285e+00 1.597864e+00 1.287841e+00 1.312116e+00 1.532860e-03
<GCONST> 8.702391e+01
<MIXTURE> 100 4.498084e-03
<MEAN> 25
 -1.599945e+00 6.327682e+00 1.027549e+01 -7.447059e+00 -1.077237e+01 -5.073092e+00 -4.930867e+00 -9.945141e+00 -4.701491e+00 -8.834030e-01 -2.717345e+00 -2.678255e+00 2.917807e+00 -1.269995e+00 1.302290e+00 -2.175181e+00 -3.425832e+00 -7.801747e-01 -1.219282e+00 -8.188832e-01 -1.475259e+00 3.482759e-01 -1.646118e+00 -2.811920e-01 2.162727e-03
<VARIANCE> 25
 1.358021e+01 2.108320e+01 2.239986e+01 2.640958e+01 2.298336e+01 2.364653e+01 2.904482e+01 2.179555e+01 2.747279e+01 2.280351e+01 2.240573e+01 2.153347e+01 1.794305e+00 3.966999e+00 2.912490e+00 4.304950e+00 4.184092e+00 4.525900e+00 4.002462e+00 4.325741e+00 4.154447e+00 3.884117e+00 3.922251e+00 3.223486e+00 1.675279e-03
<GCONST> 9.256480e+01
<MIXTURE> 101 6.007792e-03
<MEAN> 25
 7.756119e+00 -2.973724e+00 -5.891469e+00 -7.447058e+00 4.328843e-01 -1.283880e+00 -1.045152e+01 -2.289211e+00 1.131260e+00 3.041920e+00 -1.886515e+00 -4.973342e+00 6.666775e-01 7.377915e-01 -1.619746e+00 -1.676003e+00 1.037163e+00 2.499515e+00 4.063837e-01 -1.545885e+00 -1.068132e+00 1.063090e+00 1.368810e+00 -4.432764e-01 -6.419932e-03
<VARIANCE> 25
 9.557299e+00 1.784442e+01 2.905884e+01 4.301952e+01 3.500042e+01 3.379483e+01 3.403662e+01 3.370844e+01 3.697051e+01 4.124490e+01 4.973152e+01 2.239742e+01 2.696690e-01 6.870021e-01 1.337190e+00 1.647861e+00 1.559160e+00 2.392613e+00 2.363659e+00 2.005587e+00 2.186695e+00 2.125810e+00 1.657876e+00 1.942812e+00 3.408642e-04
<GCONST> 8.338194e+01
<MIXTURE> 102 6.007792e-03
<MEAN> 25
 7.756119e+00 -2.973724e+00 -5.891469e+00 -7.447058e+00 4.328843e-01 -1.283880e+00 -1.045152e+01 -2.289211e+00 1.131260e+00 3.041920e+00 -1.886515e+00 -4.973342e+00 6.666775e-01 7.377915e-01 -1.619746e+00 -1.676003e+00 1.037163e+00 2.499515e+00 4.063837e-01 -1.545885e+00 -1.068132e+00 1.063090e+00 1.368810e+00 -4.432764e-01 -6.419932e-03
<VARIANCE> 25
 9.557299e+00 1.784442e+01 2.905884e+01 4.301952e+01 3.500042e+01 3.379483e+01 3.403662e+01 3.370844e+01 3.697051e+01 4.124490e+01 4.973152e+01 2.239742e+01 2.696690e-01 6.870021e-01 1.337190e+00 1.647861e+00 1.559160e+00 2.392613e+00 2.363659e+00 2.005587e+00 2.186695e+00 2.125810e+00 1.657876e+00 1.942812e+00 3.408642e-04
<GCONST> 8.338194e+01
<MIXTURE> 103 5.694618e-03
<MEAN> 25
 3.379565e+00 -9.473237e+00 -6.146467e+00 -3.098327e+00 -1.286191e+00 -1.930928e+00 2.417692e+00 2.447730e+00 -4.608335e+00 -9.150444e+00 -5.037873e+00 3.510572e-01 -1.558732e-01 -1.490064e+00 -9.728971e-01 3.770658e-01 1.188094e+00 1.022264e+00 1.451958e-01 -2.656060e-01 -7.718691e-01 -9.526277e-01 -2.016971e-02 1.206562e-01 2.696081e-02
<VARIANCE> 25
 1.030832e+01 2.022027e+01 2.279110e+01 3.155221e+01 4.799959e+01 3.499363e+01 4.610723e+01 3.696595e+01 4.183511e+01 3.049040e+01 2.995737e+01 2.624997e+01 6.411067e-01 1.242729e+00 1.538275e+00 1.926223e+00 3.005875e+00 2.393872e+00 2.889993e+00 2.557272e+00 2.552687e+00 2.511802e+00 2.110416e+00 2.003463e+00 8.030705e-04
<GCONST> 8.755599e+01
<MIXTURE> 104 5.694618e-03
<MEAN> 25
 3.379565e+00 -9.473237e+00 -6.146467e+00 -3.098327e+00 -1.286191e+00 -1.930928e+00 2.417692e+00 2.447730e+00 -4.608335e+00 -9.150444e+00 -5.037873e+00 3.510572e-01 -1.558732e-01 -1.490064e+00 -9.728971e-01 3.770658e-01 1.188094e+00 1.022264e+00 1.451958e-01 -2.656060e-01 -7.718691e-01 -9.526277e-01 -2.016971e-02 1.206562e-01 2.696081e-02
<VARIANCE> 25
 1.030832e+01 2.022027e+01 2.279110e+01 3.155221e+01 4.799959e+01 3.499363e+01 4.610723e+01 3.696595e+01 4.183511e+01 3.049040e+01 2.995737e+01 2.624997e+01 6.411067e-01 1.242729e+00 1.538275e+00 1.926223e+00 3.005875e+00 2.393872e+00 2.889993e+00 2.557272e+00 2.552687e+00 2.511802e+00 2.110416e+00 2.003463e+00 8.030705e-04
<GCONST> 8.755599e+01
<MIXTURE> 105 4.710235e-03
<MEAN> 25
 2.234807e+00 -2.518395e+00 8.638557e+00 -2.380249e+00 -1.154113e+01 -4.197393e+00 -4.062402e+00 -9.170962e-01 -3.929930e+00 -2.582540e+00 2.153481e+00 -9.906966e-01 -1.191934e-03 5.034878e-02 1.640814e-01 -1.033388e-01 -9.512673e-02 -5.851610e-02 -5.232704e-02 1.234668e-01 1.050006e-02 1.215877e-01 -6.611823e-02 -8.461536e-02 -2.713499e-03
<VARIANCE> 25
 1.361455e+01 2.784679e+01 3.581963e+01 3.710199e+01 3.504668e+01 4.518377e+01 3.353517e+01 3.824475e+01 3.201500e+01 3.794062e+01 3.574803e+01 2.567205e+01 7.882094e-02 1.978182e-01 3.636465e-01 2.699936e-01 4.113414e-01 4.039541e-01 5.805450e-01 4.732409e-01 4.355308e-01 4.086044e-01 4.192359e-01 3.779222e-01 9.127604e-05
<GCONST> 6.508624e+01
<MIXTURE> 106 4.710235e-03
<MEAN> 25
 2.234807e+00 -2.518395e+00 8.638557e+00 -2.380249e+00 -1.154113e+01 -4.197393e+00 -4.062402e+00 -9.170962e-01 -3.929930e+00 -2.582540e+00 2.153481e+00 -9.906966e-01 -1.191934e-03 5.034878e-02 1.640814e-01 -1.033388e-01 -9.512673e-02 -5.851610e-02 -5.232704e-02 1.234668e-01 1.050006e-02 1.215877e-01 -6.611823e-02 -8.461536e-02 -2.713499e-03
<VARIANCE> 25
 1.361455e+01 2.784679e+01 3.581963e+01 3.710199e+01 3.504668e+01 4.518377e+01 3.353517e+01 3.824475e+01 3.201500e+01 3.794062e+01 3.574803e+01 2.567205e+01 7.882094e-02 1.978182e-01 3.636465e-01 2.699936e-01 4.113414e-01 4.039541e-01 5.805450e-01 4.732409e-01 4.355308e-01 4.086044e-01 4.192359e-01 3.779222e-01 9.127604e-05
<GCONST> 6.508624e+01
<MIXTURE> 107 5.452374e-03
<MEAN> 25
 7.984901e+00 -2.539851e+00 -8.069574e+00 -9.552072e+00 1.936196e+00 3.011328e+00 -8.210899e+00 -4.596897e+00 -9.001637e-01 3.683641e+00 4.729574e-01 -4.920217e+00 -6.389998e-01 -7.097511e-01 7.531701e-01 1.691951e+00 2.050083e-01 -1.996523e+00 -8.640848e-01 8.583626e-01 1.731488e+00 -5.046508e-02 -1.654141e+00 -6.911125e-01 -1.545519e-03
<VARIANCE> 25
 1.399415e+01 2.155132e+01 2.673388e+01 4.035353e+01 3.320048e+01 3.589545e+01 4.953314e+01 3.365145e+01 4.299602e+01 4.078310e+01 4.970659e+01 2.977503e+01 3.461739e-01 9.482398e-01 1.526682e+00 2.329588e+00 2.205311e+00 2.700753e+00 2.618295e+00 2.451339e+00 2.159830e+00 3.004255e+00 1.796385e+00 2.379503e+00 6.842245e-04
<GCONST> 8.774455e+01
<MIXTURE> 108 5.452374e-03
<MEAN> 25
 7.984901e+00 -2.539851e+00 -8.069574e+00 -9.552072e+00 1.936196e+00 3.011328e+00 -8.210899e+00 -4.596897e+00 -9.001637e-01 3.683641e+00 4.729574e-01 -4.920217e+00 -6.389998e-01 -7.097511e-01 7.531701e-01 1.691951e+00 2.050083e-01 -1.996523e+00 -8.640848e-01 8.583626e-01 1.731488e+00 -5.046508e-02 -1.654141e+00 -6.911125e-01 -1.545519e-03
<VARIANCE> 25
 1.399415e+01 2.155132e+01 2.673388e+01 4.035353e+01 3.320048e+01 3.589545e+01 4.953314e+01 3.365145e+01 4.299602e+01 4.078310e+01 4.970659e+01 2.977503e+01 3.461739e-01 9.482398e-01 1.526682e+00 2.329588e+00 2.205311e+00 2.700753e+00 2.618295e+00 2.451339e+00 2.159830e+00 3.004255e+00 1.796385e+00 2.379503e+00 6.842245e-04
<GCONST> 8.774455e+01
<MIXTURE> 109 6.661064e-03
<MEAN> 25
 4.156372e+00 -1.065501e+01 -8.236255e+00 -1.629631e+00 2.699394e+00 2.322894e-01 -3.072338e-01 1.181753e+00 -2.765945e+00 -7.873497e+00 -5.181327e+00 -1.114960e-01 -2.029874e-02 -1.493022e-01 -7.540292e-03 2.959410e-01 1.249489e-01 1.240052e-01 -1.792605e-01 -9.677309e-02 -4.373495e-02 -1.675904e-01 2.666208e-01 3.477310e-02 -3.352974e-03
<VARIANCE> 25
 8.805929e+00 1.784190e+01 1.922600e+01 3.163592e+01 3.951609e+01 3.671368e+01 4.573572e+01 3.430790e+01 4.479387e+01 3.886526e+01 2.929179e+01 2.760106e+01 1.877105e-01 4.205448e-01 5.340535e-01 6.506125e-01 1.283244e+00 9.576139e-01 1.270443e+00 1.046139e+00 1.074588e+00 9.427425e-01 8.846830e-01 8.599158e-01 1.848521e-04
<GCONST> 7.424788e+01
<MIXTURE> 110 6.661064e-03
<MEAN> 25
 4.156372e+00 -1.065501e+01 -8.236255e+00 -1.629631e+00 2.699394e+00 2.322894e-01 -3.072338e-01 1.181753e+00 -2.765945e+00 -7.873497e+00 -5.181327e+00 -1.114960e-01 -2.029874e-02 -1.493022e-01 -7.540292e-03 2.959410e-01 1.249489e-01 1.240052e-01 -1.792605e-01 -9.677309e-02 -4.373495e-02 -1.675904e-01 2.666208e-01 3.477310e-02 -3.352974e-03
<VARIANCE> 25
 8.805929e+00 1.784190e+01 1.922600e+01 3.163592e+01 3.951609e+01 3.671368e+01 4.573572e+01 3.430790e+01 4.479387e+01 3.886526e+01 2.929179e+01 2.760106e+01 1.877105e-01 4.205448e-01 5.340535e-01 6.506125e-01 1.283244e+00 9.576139e-01 1.270443e+00 1.046139e+00 1.074588e+00 9.427425e-01 8.846830e-01 8.599158e-01 1.848521e-04
<GCONST> 7.424788e+01
<MIXTURE> 111 4.337247e-03
<MEAN> 25
 -4.341869e+00 -3.223980e-01 -1.917503e+00 1.789750e+00 1.330981e+00 8.205547e-01 7.330804e-01 3.313582e-01 2.348113e-01 -8.182484e-01 -8.544819e-01 1.457448e+00 -1.156945e-02 -2.747314e-02 -8.417254e-02 -4.695886e-02 3.527222e-02 4.825418e-02 4.071748e-02 -3.480588e-02 -1.125961e-01 -2.407638e-01 -1.890943e-01 -1.117373e-01 1.475552e-04
<VARIANCE> 25
 6.608967e+00 7.026568e+00 1.009142e+01 8.595504e+00 1.329836e+01 2.163369e+01 1.454878e+01 1.248677e+01 1.170503e+01 1.183730e+01 1.382861e+01 1.338099e+01 8.025656e-02 1.670692e-01 2.879058e-01 4.080815e-01 6.464689e-01 6.685895e-01 7.724658e-01 8.279425e-01 9.034097e-01 8.063809e-01 8.051224e-01 7.972067e-01 2.443074e-05
<GCONST> 5.614496e+01
<MIXTURE> 112 4.337247e-03
<MEAN> 25
 -4.341869e+00 -3.223980e-01 -1.917503e+00 1.789750e+00 1.330981e+00 8.205547e-01 7.330804e-01 3.313582e-01 2.348113e-01 -8.182484e-01 -8.544819e-01 1.457448e+00 -1.156945e-02 -2.747314e-02 -8.417254e-02 -4.695886e-02 3.527222e-02 4.825418e-02 4.071748e-02 -3.480588e-02 -1.125961e-01 -2.407638e-01 -1.890943e-01 -1.117373e-01 1.475552e-04
<VARIANCE> 25
 6.608967e+00 7.026568e+00 1.009142e+01 8.595504e+00 1.329836e+01 2.163369e+01 1.454878e+01 1.248677e+01 1.170503e+01 1.183730e+01 1.382861e+01 1.338099e+01 8.025656e-02 1.670692e-01 2.879058e-01 4.080815e-01 6.464689e-01 6.685895e-01 7.724658e-01 8.279425e-01 9.034097e-01 8.063809e-01 8.051224e-01 7.972067e-01 2.443074e-05
<GCONST> 5.614496e+01
<MIXTURE> 113 5.938666e-03
<MEAN> 25
 9.976628e+00 1.753721e+00 -8.780177e+00 -1.704289e+01 -1.033952e+00 5.657855e+00 -5.279227e+00 -1.467631e+00 -5.695542e+00 -4.912179e-01 2.994182e-01 -1.975991e-01 4.912680e-03 1.389593e-02 -5.982695e-02 -1.130997e-01 1.040816e-01 1.506162e-01 5.946359e-02 3.623083e-02 -5.682535e-02 -5.236196e-02 1.797893e-01 3.534046e-02 -1.409055e-03
<VARIANCE> 25
 8.873912e+00 1.640846e+01 2.967532e+01 3.424048e+01 5.274282e+01 3.385751e+01 3.969746e+01 3.913046e+01 3.736070e+01 4.640196e+01 3.629402e+01 2.843186e+01 1.217654e-01 3.206265e-01 3.165069e-01 6.315295e-01 6.134529e-01 6.534551e-01 7.765100e-01 8.450304e-01 9.591768e-01 9.087992e-01 7.246467e-01 7.134003e-01 1.248959e-04
<GCONST> 7.111072e+01
<MIXTURE> 114 5.938666e-03
<MEAN> 25
 9.976628e+00 1.753721e+00 -8.780177e+00 -1.704289e+01 -1.033952e+00 5.657855e+00 -5.279227e+00 -1.467631e+00 -5.695542e+00 -4.912179e-01 2.994182e-01 -1.975991e-01 4.912680e-03 1.389593e-02 -5.982695e-02 -1.130997e-01 1.040816e-01 1.506162e-01 5.946359e-02 3.623083e-02 -5.682535e-02 -5.236196e-02 1.797893e-01 3.534046e-02 -1.409055e-03
<VARIANCE> 25
 8.873912e+00 1.640846e+01 2.967532e+01 3.424048e+01 5.274282e+01 3.385751e+01 3.969746e+01 3.913046e+01 3.736070e+01 4.640196e+01 3.629402e+01 2.843186e+01 1.217654e-01 3.206265e-01 3.165069e-01 6.315295e-01 6.134529e-01 6.534551e-01 7.765100e-01 8.450304e-01 9.591768e-01 9.087992e-01 7.246467e-01 7.134003e-01 1.248959e-04
<GCONST> 7.111072e+01
<MIXTURE> 115 2.935202e-03
<MEAN> 25
 -3.824940e+00 6.294029e-02 -2.820491e+00 3.732964e+00 2.665829e+00 -3.651052e-01 2.458621e+00 4.698754e-01 1.406777e+00 -2.793753e-01 -3.434114e-01 2.333664e+00 2.893632e-02 -6.586163e-02 -2.609825e-01 -4.837777e-01 -6.952395e-01 -6.402767e-01 -5.681239e-01 -5.184177e-01 -4.235427e-01 -4.645200e-01 -4.206579e-01 -2.155376e-01 -1.978313e-04
<VARIANCE> 25
 8.841634e+00 1.481984e+01 1.343039e+01 1.161844e+01 1.307991e+01 1.617784e+01 1.619548e+01 1.923733e+01 1.656644e+01 1.648879e+01 1.965587e+01 1.485115e+01 1.875734e-01 3.195505e-01 5.097169e-01 5.655398e-01 6.966444e-01 7.414320e-01 9.658688e-01 1.060149e+00 1.044758e+00 9.281976e-01 1.014139e+00 1.002918e+00 1.328398e-06
<GCONST> 6.001472e+01
<MIXTURE> 116 2.935202e-03
<MEAN> 25
 -3.824940e+00 6.294029e-02 -2.820491e+00 3.732964e+00 2.665829e+00 -3.651052e-01 2.458621e+00 4.698754e-01 1.406777e+00 -2.793753e-01 -3.434114e-01 2.333664e+00 2.893632e-02 -6.586163e-02 -2.609825e-01 -4.837777e-01 -6.952395e-01 -6.402767e-01 -5.681239e-01 -5.184177e-01 -4.235427e-01 -4.645200e-01 -4.206579e-01 -2.155376e-01 -1.978313e-04
<VARIANCE> 25
 8.841634e+00 1.481984e+01 1.343039e+01 1.161844e+01 1.307991e+01 1.617784e+01 1.619548e+01 1.923733e+01 1.656644e+01 1.648879e+01 1.965587e+01 1.485115e+01 1.875734e-01 3.195505e-01 5.097169e-01 5.655398e-01 6.966444e-01 7.414320e-01 9.658688e-01 1.060149e+00 1.044758e+00 9.281976e-01 1.014139e+00 1.002918e+00 1.328398e-06
<GCONST> 6.001472e+01
<MIXTURE> 117 6.506003e-03
<MEAN> 25
 -4.530701e+00 1.325144e+00 9.461538e-01 9.588848e+00 6.357754e+00 6.218795e+00 6.438893e+00 4.720718e+00 6.331987e+00 4.766674e+00 6.162759e+00 2.672044e+00 -6.561811e-02 -2.457857e-01 -3.735378e-01 -4.147401e-01 -3.425522e-01 -2.868339e-01 -3.281886e-01 -3.123653e-01 -3.678569e-01 -3.418355e-01 -1.921442e-01 -1.049274e-01 -3.470383e-05
<VARIANCE> 25
 6.998611e+00 9.023611e+00 9.728568e+00 1.411756e+01 1.509693e+01 1.488640e+01 1.688487e+01 1.999975e+01 1.596335e+01 1.645449e+01 1.660919e+01 1.424203e+01 2.069298e-01 3.047940e-01 4.266786e-01 6.071872e-01 8.524898e-01 1.006770e+00 1.214974e+00 1.185192e+00 1.188387e+00 1.172929e+00 1.245937e+00 1.075856e+00 1.079101e-06
<GCONST> 6.027247e+01
<MIXTURE> 118 6.506003e-03
<MEAN> 25
 -4.530701e+00 1.325144e+00 9.461538e-01 9.588848e+00 6.357754e+00 6.218795e+00 6.438893e+00 4.720718e+00 6.331987e+00 4.766674e+00 6.162759e+00 2.672044e+00 -6.561811e-02 -2.457857e-01 -3.735378e-01 -4.147401e-01 -3.425522e-01 -2.868339e-01 -3.281886e-01 -3.123653e-01 -3.678569e-01 -3.418355e-01 -1.921442e-01 -1.049274e-01 -3.470383e-05
<VARIANCE> 25
 6.998611e+00 9.023611e+00 9.728568e+00 1.411756e+01 1.509693e+01 1.488640e+01 1.688487e+01 1.999975e+01 1.596335e+01 1.645449e+01 1.660919e+01 1.424203e+01 2.069298e-01 3.047940e-01 4.266786e-01 6.071872e-01 8.524898e-01 1.006770e+00 1.214974e+00 1.185192e+00 1.188387e+00 1.172929e+00 1.245937e+00 1.075856e+00 1.079101e-06
<GCONST> 6.027247e+01
<MIXTURE> 119 4.297961e-03
<MEAN> 25
 -4.942744e+00 -7.539910e+00 2.366109e+00 1.933211e+00 2.051690e+00 2.232507e-01 5.141483e+00 5.795678e+00 1.231707e+00 9.347481e-01 6.637020e+00 1.624742e+00 -5.545380e-02 -5.977010e-02 4.210453e-02 -4.599897e-02 -1.212434e-01 -1.995866e-01 -8.952036e-02 -5.539324e-02 -1.028853e-01 -1.209926e-01 -5.515195e-02 -7.103924e-02 1.267823e-03
<VARIANCE> 25
 8.405079e+00 1.011938e+01 1.723448e+01 2.018596e+01 2.434781e+01 2.279856e+01 2.549090e+01 2.710565e+01 2.482076e+01 2.762532e+01 2.007350e+01 2.019829e+01 1.591230e-01 2.978832e-01 4.526888e-01 6.281996e-01 7.903930e-01 1.007353e+00 1.102894e+00 1.348221e+00 1.269254e+00 1.227899e+00 1.170813e+00 1.101070e+00 2.288594e-04
<GCONST> 6.981229e+01
<MIXTURE> 120 4.297961e-03
<MEAN> 25
 -4.942744e+00 -7.539910e+00 2.366109e+00 1.933211e+00 2.051690e+00 2.232507e-01 5.141483e+00 5.795678e+00 1.231707e+00 9.347481e-01 6.637020e+00 1.624742e+00 -5.545380e-02 -5.977010e-02 4.210453e-02 -4.599897e-02 -1.212434e-01 -1.995866e-01 -8.952036e-02 -5.539324e-02 -1.028853e-01 -1.209926e-01 -5.515195e-02 -7.103924e-02 1.267823e-03
<VARIANCE> 25
 8.405079e+00 1.011938e+01 1.723448e+01 2.018596e+01 2.434781e+01 2.279856e+01 2.549090e+01 2.710565e+01 2.482076e+01 2.762532e+01 2.007350e+01 2.019829e+01 1.591230e-01 2.978832e-01 4.526888e-01 6.281996e-01 7.903930e-01 1.007353e+00 1.102894e+00 1.348221e+00 1.269254e+00 1.227899e+00 1.170813e+00 1.101070e+00 2.288594e-04
<GCONST> 6.981229e+01
<MIXTURE> 121 4.567511e-03
<MEAN> 25
 1.985500e-01 -2.597305e+00 5.178871e+00 -1.285527e+01 -1.260486e+01 -1.683992e+00 9.408491e-01 -5.039471e+00 -4.168224e+00 -4.497304e-01 -5.490213e+00 -4.258683e+00 2.538804e-02 1.366100e-01 -3.867621e-02 8.012394e-02 1.554831e-01 7.859825e-02 -7.208984e-02 -1.893634e-01 -2.681823e-01 -2.515211e-01 -1.120169e-01 4.605902e-03 -7.547474e-03
<VARIANCE> 25
 7.698586e+00 1.629362e+01 1.723935e+01 2.050903e+01 2.445758e+01 2.909124e+01 2.974988e+01 2.502094e+01 3.519042e+01 2.838672e+01 1.973986e+01 2.141330e+01 1.544821e-01 6.423866e-01 6.254150e-01 7.011962e-01 7.674336e-01 1.144356e+00 1.121737e+00 1.119093e+00 1.211276e+00 1.189165e+00 9.361195e-01 8.685797e-01 2.117355e-04
<GCONST> 7.144090e+01
<MIXTURE> 122 4.567511e-03
<MEAN> 25
 1.985500e-01 -2.597305e+00 5.178871e+00 -1.285527e+01 -1.260486e+01 -1.683992e+00 9.408491e-01 -5.039471e+00 -4.168224e+00 -4.497304e-01 -5.490213e+00 -4.258683e+00 2.538804e-02 1.366100e-01 -3.867621e-02 8.012394e-02 1.554831e-01 7.859825e-02 -7.208984e-02 -1.893634e-01 -2.681823e-01 -2.515211e-01 -1.120169e-01 4.605902e-03 -7.547474e-03
<VARIANCE> 25
 7.698586e+00 1.629362e+01 1.723935e+01 2.050903e+01 2.445758e+01 2.909124e+01 2.974988e+01 2.502094e+01 3.519042e+01 2.838672e+01 1.973986e+01 2.141330e+01 1.544821e-01 6.423866e-01 6.254150e-01 7.011962e-01 7.674336e-01 1.144356e+00 1.121737e+00 1.119093e+00 1.211276e+00 1.189165e+00 9.361195e-01 8.685797e-01 2.117355e-04
<GCONST> 7.144090e+01
<MIXTURE> 123 4.393044e-03
<MEAN> 25
 -3.507593e+00 2.542061e+00 -5.253841e-01 6.016649e+00 4.830404e+00 2.426589e+00 3.547929e+00 8.006788e-01 1.208466e+00 -9.593719e-01 -4.221257e-01 4.868137e-02 -3.978652e-01 -7.594576e-01 -8.764027e-01 -5.904114e-01 -1.933198e-01 -5.709163e-02 3.525551e-01 6.205338e-01 7.729441e-01 4.907568e-01 5.959653e-01 3.551689e-01 -3.808843e-03
<VARIANCE> 25
 7.595289e+00 1.042525e+01 1.128061e+01 1.290540e+01 1.735472e+01 2.057447e+01 1.766327e+01 1.409533e+01 1.531831e+01 1.394266e+01 1.704474e+01 1.604075e+01 2.809777e-01 2.920362e-01 5.293046e-01 6.185918e-01 8.591106e-01 8.846315e-01 1.116990e+00 1.279160e+00 9.835742e-01 1.340931e+00 1.347286e+00 9.465173e-01 8.259712e-05
<GCONST> 6.525357e+01
<MIXTURE> 124 4.069876e-03
<MEAN> 25
 -5.931626e+00 -2.443401e-01 -2.990781e+00 4.989686e+00 4.868373e+00 3.105472e+00 5.527815e+00 2.430014e+00 3.213496e+00 6.359650e-01 8.606968e-01 2.812327e+00 -1.801360e-01 -3.252030e-01 -4.144840e-01 -2.629243e-01 1.222642e-01 4.787045e-01 7.935665e-01 8.583523e-01 7.149774e-01 2.348128e-01 -6.746782e-02 -9.560114e-02 1.406802e-04
<VARIANCE> 25
 1.142376e+01 1.058169e+01 9.932392e+00 1.095013e+01 1.265300e+01 1.762514e+01 1.539923e+01 1.542878e+01 1.475333e+01 1.630028e+01 1.736950e+01 1.329505e+01 1.010729e-01 1.639501e-01 2.923707e-01 4.276291e-01 5.935283e-01 6.685322e-01 6.963403e-01 8.368192e-01 8.630493e-01 1.018106e+00 1.117296e+00 9.266079e-01 1.864625e-05
<GCONST> 5.860516e+01
<MIXTURE> 125 4.069876e-03
<MEAN> 25
 -5.931626e+00 -2.443401e-01 -2.990781e+00 4.989686e+00 4.868373e+00 3.105472e+00 5.527815e+00 2.430014e+00 3.213496e+00 6.359650e-01 8.606968e-01 2.812327e+00 -1.801360e-01 -3.252030e-01 -4.144840e-01 -2.629243e-01 1.222642e-01 4.787045e-01 7.935665e-01 8.583523e-01 7.149774e-01 2.348128e-01 -6.746782e-02 -9.560114e-02 1.406802e-04
<VARIANCE> 25
 1.142376e+01 1.058169e+01 9.932392e+00 1.095013e+01 1.265300e+01 1.762514e+01 1.539923e+01 1.542878e+01 1.475333e+01 1.630028e+01 1.736950e+01 1.329505e+01 1.010729e-01 1.639501e-01 2.923707e-01 4.276291e-01 5.935283e-01 6.685322e-01 6.963403e-01 8.368192e-01 8.630493e-01 1.018106e+00 1.117296e+00 9.266079e-01 1.864625e-05
<GCONST> 5.860516e+01
<MIXTURE> 126 2.402244e-03
<MEAN> 25
 -3.789379e+00 -6.848389e+00 -5.314680e+00 2.309314e+00 4.336284e+00 -3.166247e+00 7.669265e-02 3.526050e+00 3.404623e+00 -2.654785e+00 -1.434552e+00 3.037400e+00 -1.799336e-03 6.685819e-03 -3.715670e-02 -1.565363e-01 -3.017641e-01 -3.773091e-01 -2.841353e-01 -1.583540e-01 -1.180262e-01 -1.090667e-01 -1.033097e-01 -5.072962e-02 -1.571470e-03
<VARIANCE> 25
 7.329081e+00 1.306298e+01 1.371714e+01 1.493006e+01 2.458387e+01 2.365602e+01 2.243060e+01 2.801830e+01 3.109291e+01 2.596742e+01 2.145925e+01 1.897421e+01 1.686125e-01 3.609664e-01 4.768449e-01 5.585949e-01 7.614151e-01 9.950175e-01 1.118799e+00 1.246698e+00 1.312283e+00 1.299498e+00 1.198252e+00 1.174128e+00 2.087200e-04
<GCONST> 6.967641e+01
<MIXTURE> 127 2.402244e-03
<MEAN> 25
 -3.789379e+00 -6.848389e+00 -5.314680e+00 2.309314e+00 4.336284e+00 -3.166247e+00 7.669265e-02 3.526050e+00 3.404623e+00 -2.654785e+00 -1.434552e+00 3.037400e+00 -1.799336e-03 6.685819e-03 -3.715670e-02 -1.565363e-01 -3.017641e-01 -3.773091e-01 -2.841353e-01 -1.583540e-01 -1.180262e-01 -1.090667e-01 -1.033097e-01 -5.072962e-02 -1.571470e-03
<VARIANCE> 25
 7.329081e+00 1.306298e+01 1.371714e+01 1.493006e+01 2.458387e+01 2.365602e+01 2.243060e+01 2.801830e+01 3.109291e+01 2.596742e+01 2.145925e+01 1.897421e+01 1.686125e-01 3.609664e-01 4.768449e-01 5.585949e-01 7.614151e-01 9.950175e-01 1.118799e+00 1.246698e+00 1.312283e+00 1.299498e+00 1.198252e+00 1.174128e+00 2.087200e-04
<GCONST> 6.967641e+01
<MIXTURE> 128 3.790457e-03
<MEAN> 25
 -3.912742e+00 1.585750e+00 -3.713573e-01 6.560305e+00 3.621600e+00 1.848093e+00 3.606941e+00 2.349626e+00 3.950888e+00 3.630389e+00 3.749651e+00 3.506750e+00 -3.913347e-01 -2.000378e-01 9.109182e-02 7.146500e-01 1.172106e+00 1.127651e+00 7.210395e-01 1.456910e-01 -4.246981e-01 -7.820157e-01 -7.052490e-01 -3.922007e-01 -2.847154e-05
<VARIANCE> 25
 1.015152e+01 1.178304e+01 1.497338e+01 1.915706e+01 2.010802e+01 2.102173e+01 2.428135e+01 2.459418e+01 2.625390e+01 2.416974e+01 2.664868e+01 1.809518e+01 8.860756e-01 1.139445e+00 1.365730e+00 1.507783e+00 1.588450e+00 1.852490e+00 2.237139e+00 2.344407e+00 2.161135e+00 1.845918e+00 1.737643e+00 1.733829e+00 1.015436e-06
<GCONST> 7.361506e+01
<TRANSP> 3
 0.000000e+00 1.000000e+00 0.000000e+00
 0.000000e+00 9.999990e-01 9.999998e-07
 0.000000e+00 0.000000e+00 0.000000e+00
<ENDHMM>
