~o
<STREAMINFO> 1 25
<VECSIZE> 25<NULLD><MFCC_E_D_N><DIAGC>
~h "jmodel"
<BEGINHMM>
<NUMSTATES> 3
<STATE> 2
<NUMMIXES> 128
<MIXTURE> 1 5.748963e-03
<MEAN> 25
 -2.333672e+00 3.135964e+00 2.122293e+00 8.298086e+00 4.129864e+00 3.056685e+00 3.913065e+00 3.907416e+00 5.782116e+00 4.688044e+00 5.367697e+00 3.034733e+00 -1.962946e+00 -1.536738e+00 -7.779403e-01 1.117243e+00 1.377546e+00 2.221382e+00 2.128264e+00 1.912243e+00 1.632629e+00 1.132803e+00 1.556823e+00 5.024245e-01 -4.243227e-02
<VARIANCE> 25
 1.022586e+01 1.135770e+01 1.469195e+01 1.960423e+01 2.197640e+01 2.320138e+01 2.108071e+01 2.117405e+01 1.945362e+01 2.390106e+01 2.252944e+01 1.705431e+01 1.750948e+00 2.071457e+00 3.007607e+00 3.028161e+00 3.982898e+00 3.190107e+00 3.355285e+00 3.331440e+00 3.281885e+00 3.881701e+00 3.321004e+00 2.808349e+00 3.068608e-03
<GCONST> 8.823782e+01
<MIXTURE> 2 4.549242e-03
<MEAN> 25
 -4.862824e+00 1.317408e+00 9.802089e-01 9.892589e+00 6.693925e+00 7.420920e+00 7.850015e+00 6.948523e+00 8.371606e+00 6.371219e+00 7.601902e+00 3.071618e+00 -6.223222e-02 4.288975e-02 1.423447e-01 2.255640e-01 2.665423e-01 2.807133e-01 2.938171e-01 3.193695e-01 3.518727e-01 3.057867e-01 1.945781e-01 8.097328e-02 1.067728e-06
<VARIANCE> 25
 6.999783e+00 8.892103e+00 1.069884e+01 1.589229e+01 1.719458e+01 1.553393e+01 1.686750e+01 1.848215e+01 1.655068e+01 1.734538e+01 1.825131e+01 1.431195e+01 1.250531e-01 2.266759e-01 3.356668e-01 4.660617e-01 6.483948e-01 8.142051e-01 9.308896e-01 1.000916e+00 1.050990e+00 1.079791e+00 1.076964e+00 1.011900e+00 1.002794e-06
<GCONST> 5.804077e+01
<MIXTURE> 3 4.549242e-03
<MEAN> 25
 -4.862824e+00 1.317408e+00 9.802089e-01 9.892589e+00 6.693925e+00 7.420920e+00 7.850015e+00 6.948523e+00 8.371606e+00 6.371219e+00 7.601902e+00 3.071618e+00 -6.223222e-02 4.288975e-02 1.423447e-01 2.255640e-01 2.665423e-01 2.807133e-01 2.938171e-01 3.193695e-01 3.518727e-01 3.057867e-01 1.945781e-01 8.097328e-02 1.067728e-06
<VARIANCE> 25
 6.999783e+00 8.892103e+00 1.069884e+01 1.589229e+01 1.719458e+01 1.553393e+01 1.686750e+01 1.848215e+01 1.655068e+01 1.734538e+01 1.825131e+01 1.431195e+01 1.250531e-01 2.266759e-01 3.356668e-01 4.660617e-01 6.483948e-01 8.142051e-01 9.308896e-01 1.000916e+00 1.050990e+00 1.079791e+00 1.076964e+00 1.011900e+00 1.002794e-06
<GCONST> 5.804077e+01
<MIXTURE> 4 1.671429e-02
<MEAN> 25
 3.282445e+00 1.254701e+00 -3.068037e+00 -1.666250e-01 3.872006e+00 -1.658301e+00 -1.677689e-01 1.520443e+00 1.583169e+00 7.203892e-01 -2.822374e+00 1.514670e+00 -2.582268e+00 1.167250e+00 1.621402e+00 2.679208e+00 3.474165e-01 6.209008e-01 1.985980e+00 1.041497e+00 1.224251e+00 -3.305141e-02 1.564430e+00 3.848645e-01 -9.120721e-02
<VARIANCE> 25
 1.578600e+01 2.602485e+01 2.410095e+01 3.133784e+01 3.653760e+01 5.196518e+01 4.890745e+01 4.371355e+01 4.032801e+01 4.815039e+01 4.878115e+01 3.467475e+01 2.110844e+00 3.764358e+00 2.958577e+00 3.754767e+00 4.348101e+00 4.388082e+00 5.339314e+00 4.016680e+00 4.718123e+00 5.515145e+00 5.018518e+00 3.914398e+00 4.769796e-03
<GCONST> 1.001993e+02
<MIXTURE> 5 3.206198e-03
<MEAN> 25
 -3.412350e+00 2.182275e+00 6.061935e-01 9.420949e+00 6.691595e+00 6.309495e+00 7.109003e+00 4.722258e+00 5.490588e+00 3.841312e+00 4.650399e+00 2.604480e+00 -3.229685e-01 7.524127e-01 1.222587e+00 1.030089e+00 3.064180e-01 -1.006226e-01 -8.276984e-02 3.402576e-02 4.591922e-01 6.833594e-01 4.037101e-01 8.875297e-02 -2.718880e-05
<VARIANCE> 25
 1.026406e+01 1.392608e+01 2.347810e+01 2.562284e+01 2.022935e+01 1.943200e+01 2.011363e+01 2.034453e+01 2.141359e+01 2.130185e+01 2.411470e+01 1.635283e+01 1.213250e+00 1.243250e+00 1.358685e+00 1.675535e+00 2.283294e+00 2.381298e+00 2.302089e+00 2.272862e+00 2.314976e+00 2.238937e+00 2.086003e+00 1.872476e+00 1.001216e-06
<GCONST> 7.517262e+01
<MIXTURE> 6 5.475854e-03
<MEAN> 25
 9.905412e+00 -9.238401e-01 -6.416028e+00 -1.005721e+01 -2.201321e+00 6.058532e+00 -5.461511e+00 -5.431535e+00 -4.304052e+00 1.560279e+00 4.118134e+00 -1.420472e+00 4.487624e-01 1.017596e+00 -4.397557e-01 -1.348021e+00 -5.831253e-01 1.050411e+00 1.465783e+00 4.425758e-01 -9.627718e-01 -1.035957e+00 3.097341e-01 1.049497e+00 -8.771055e-03
<VARIANCE> 25
 7.663528e+00 1.708425e+01 2.082347e+01 3.803764e+01 3.064219e+01 2.806205e+01 3.825335e+01 3.384948e+01 3.577497e+01 3.472112e+01 3.700332e+01 2.374799e+01 2.781051e-01 8.190030e-01 8.880088e-01 1.804443e+00 1.420044e+00 2.217468e+00 1.783697e+00 2.219882e+00 2.310613e+00 2.220693e+00 2.183025e+00 1.344060e+00 5.093189e-04
<GCONST> 8.196681e+01
<MIXTURE> 7 5.475854e-03
<MEAN> 25
 9.905412e+00 -9.238401e-01 -6.416028e+00 -1.005721e+01 -2.201321e+00 6.058532e+00 -5.461511e+00 -5.431535e+00 -4.304052e+00 1.560279e+00 4.118134e+00 -1.420472e+00 4.487624e-01 1.017596e+00 -4.397557e-01 -1.348021e+00 -5.831253e-01 1.050411e+00 1.465783e+00 4.425758e-01 -9.627718e-01 -1.035957e+00 3.097341e-01 1.049497e+00 -8.771055e-03
<VARIANCE> 25
 7.663528e+00 1.708425e+01 2.082347e+01 3.803764e+01 3.064219e+01 2.806205e+01 3.825335e+01 3.384948e+01 3.577497e+01 3.472112e+01 3.700332e+01 2.374799e+01 2.781051e-01 8.190030e-01 8.880088e-01 1.804443e+00 1.420044e+00 2.217468e+00 1.783697e+00 2.219882e+00 2.310613e+00 2.220693e+00 2.183025e+00 1.344060e+00 5.093189e-04
<GCONST> 8.196681e+01
<MIXTURE> 8 1.165917e-02
<MEAN> 25
 -3.875574e+00 2.081123e+00 1.575815e-01 8.757339e+00 6.364185e+00 6.088413e+00 6.322991e+00 5.836021e+00 6.427414e+00 5.091083e+00 5.917656e+00 2.575054e+00 -4.794397e-01 -1.638062e+00 -9.286062e-01 -1.142260e+00 -4.425112e-01 -1.168525e+00 -1.307307e-01 -3.790955e-01 -3.425952e-01 -2.133487e-01 -2.908436e-03 1.435159e-01 8.499910e-02
<VARIANCE> 25
 1.045007e+01 1.003011e+01 1.410213e+01 1.596564e+01 1.664127e+01 1.388985e+01 1.521186e+01 1.515047e+01 1.673422e+01 1.527029e+01 1.668213e+01 1.273936e+01 2.511491e+00 3.110191e+00 3.444220e+00 5.166566e+00 2.967336e+00 4.964422e+00 2.860546e+00 2.606858e+00 2.634705e+00 2.805237e+00 2.322262e+00 1.589278e+00 6.825158e-03
<GCONST> 8.575396e+01
<MIXTURE> 9 1.199672e-02
<MEAN> 25
 9.224044e+00 3.276761e+00 -6.163356e+00 -1.046993e+01 -2.134463e+00 4.788849e+00 -2.250078e+00 -2.255637e+00 -5.334626e+00 -1.218066e+00 5.251870e-01 -2.576859e-02 1.422435e+00 -1.640426e-01 -4.745218e-01 -2.661452e+00 -1.598033e+00 8.215418e-01 -9.656876e-01 -2.437237e-01 -1.971201e-01 -5.069068e-01 6.296567e-01 -1.771923e-01 7.265070e-02
<VARIANCE> 25
 1.214129e+01 2.165089e+01 3.347270e+01 5.298842e+01 4.963673e+01 3.271193e+01 4.195181e+01 5.092375e+01 4.115706e+01 4.068933e+01 3.618915e+01 2.635915e+01 2.172365e+00 2.446672e+00 4.652149e+00 4.839791e+00 4.991148e+00 4.046374e+00 4.196729e+00 5.970716e+00 4.938398e+00 4.180046e+00 3.956354e+00 2.749098e+00 2.180316e-03
<GCONST> 9.863971e+01
<MIXTURE> 10 6.596976e-03
<MEAN> 25
 8.167316e-01 7.528003e+00 5.301801e+00 7.020170e+00 1.555413e+00 -2.151527e+00 -4.877662e-01 -1.627557e+00 9.331409e-01 8.453320e-01 8.767138e-01 7.699658e-01 -1.920190e+00 -6.561592e-01 -4.468822e-01 3.015026e+00 2.398340e+00 2.701708e+00 2.385836e+00 2.232461e+00 1.843986e+00 1.469964e+00 2.309755e+00 4.981905e-01 -1.354405e-01
<VARIANCE> 25
 1.946893e+01 2.068901e+01 2.212594e+01 2.901350e+01 3.770160e+01 3.452400e+01 3.445042e+01 3.366962e+01 2.738696e+01 2.842032e+01 2.703784e+01 2.522885e+01 2.221482e+00 3.364536e+00 5.482215e+00 5.049809e+00 5.727400e+00 4.380012e+00 4.646126e+00 4.799066e+00 4.294608e+00 5.124570e+00 4.400480e+00 3.165265e+00 2.895684e-03
<GCONST> 9.735963e+01
<MIXTURE> 11 1.633820e-02
<MEAN> 25
 7.129933e+00 3.485685e+00 1.816684e+00 3.684302e+00 -3.324340e+00 -2.643755e+00 -1.956823e+00 -4.961491e+00 -3.494909e+00 1.392354e+00 -1.101815e+00 -1.752931e+00 -4.681468e-01 3.880234e-01 5.112332e-02 3.504022e-01 7.828332e-01 1.172730e-01 3.853067e-01 -1.537755e-01 2.477793e-01 4.307851e-02 -3.745864e-01 1.888205e-01 -1.950428e-02
<VARIANCE> 25
 1.235172e+01 1.816303e+01 2.088490e+01 2.818472e+01 3.217101e+01 3.487891e+01 3.476818e+01 3.767724e+01 3.358387e+01 2.741279e+01 2.959065e+01 2.189612e+01 8.917042e-01 1.293710e+00 1.584594e+00 2.336399e+00 1.788271e+00 2.042196e+00 1.836717e+00 2.546411e+00 2.041350e+00 1.488687e+00 1.873821e+00 1.421289e+00 9.724470e-04
<GCONST> 8.468257e+01
<MIXTURE> 12 5.904134e-03
<MEAN> 25
 1.077672e+01 3.589887e+00 -4.946631e+00 -1.527486e+01 -8.282999e+00 7.771392e+00 -8.060625e-01 -1.676283e+00 -2.112405e+00 -4.419454e+00 1.781721e+00 4.800982e-01 4.137646e-02 4.054187e-01 5.062050e-02 -3.962708e-01 -3.131673e-01 1.264632e-02 3.425521e-01 5.007482e-01 1.810716e-01 -3.421842e-01 -4.219109e-01 6.692191e-02 -7.815479e-03
<VARIANCE> 25
 7.928709e+00 2.058334e+01 2.270692e+01 3.517738e+01 3.969172e+01 3.321176e+01 3.808208e+01 4.560178e+01 4.024862e+01 3.502981e+01 3.420933e+01 2.602436e+01 2.299621e-01 7.109521e-01 7.349657e-01 1.103253e+00 1.079781e+00 9.685193e-01 1.093330e+00 1.479222e+00 1.125513e+00 1.269789e+00 1.245932e+00 8.563895e-01 5.444973e-04
<GCONST> 7.782268e+01
<MIXTURE> 13 5.904134e-03
<MEAN> 25
 1.077672e+01 3.589887e+00 -4.946631e+00 -1.527486e+01 -8.282999e+00 7.771392e+00 -8.060625e-01 -1.676283e+00 -2.112405e+00 -4.419454e+00 1.781721e+00 4.800982e-01 4.137646e-02 4.054187e-01 5.062050e-02 -3.962708e-01 -3.131673e-01 1.264632e-02 3.425521e-01 5.007482e-01 1.810716e-01 -3.421842e-01 -4.219109e-01 6.692191e-02 -7.815479e-03
<VARIANCE> 25
 7.928709e+00 2.058334e+01 2.270692e+01 3.517738e+01 3.969172e+01 3.321176e+01 3.808208e+01 4.560178e+01 4.024862e+01 3.502981e+01 3.420933e+01 2.602436e+01 2.299621e-01 7.109521e-01 7.349657e-01 1.103253e+00 1.079781e+00 9.685193e-01 1.093330e+00 1.479222e+00 1.125513e+00 1.269789e+00 1.245932e+00 8.563895e-01 5.444973e-04
<GCONST> 7.782268e+01
<MIXTURE> 14 6.488954e-03
<MEAN> 25
 -4.012661e+00 -2.715777e-01 -3.916842e-01 8.673345e+00 7.383428e+00 7.100368e+00 7.333299e+00 6.973749e+00 7.186502e+00 5.048594e+00 6.072916e+00 3.759304e+00 -2.734358e-01 1.283087e-01 2.918370e-01 2.810323e-01 1.541306e-02 2.411391e-02 5.325030e-02 2.323841e-01 3.708960e-01 6.645415e-01 5.942870e-01 9.155786e-02 -7.621896e-03
<VARIANCE> 25
 9.587070e+00 1.468394e+01 1.766171e+01 1.686274e+01 1.966163e+01 1.938630e+01 2.199478e+01 2.001124e+01 1.874062e+01 2.509972e+01 2.483640e+01 1.626098e+01 9.140279e-01 1.584317e+00 1.707767e+00 1.828358e+00 2.159540e+00 2.367377e+00 2.277063e+00 2.179060e+00 2.276528e+00 2.656033e+00 2.232516e+00 1.745454e+00 1.055847e-03
<GCONST> 8.182410e+01
<MIXTURE> 15 2.475190e-03
<MEAN> 25
 -4.927135e+00 -4.325123e-01 -5.944572e-01 7.056121e+00 5.414496e+00 5.391607e+00 6.299137e+00 5.125205e+00 5.499342e+00 4.316255e+00 5.134124e+00 2.429623e+00 -1.364331e-01 -7.289024e-03 5.510313e-02 2.516900e-01 4.936607e-01 7.640282e-01 1.052958e+00 1.149567e+00 1.089188e+00 7.579273e-01 4.151489e-01 1.481372e-01 3.916414e-04
<VARIANCE> 25
 8.578271e+00 5.605258e+00 9.388675e+00 1.243141e+01 1.357033e+01 1.446140e+01 1.511900e+01 1.531139e+01 1.422332e+01 1.461785e+01 1.539803e+01 1.290127e+01 1.202863e-01 1.968043e-01 3.104768e-01 4.649268e-01 6.358551e-01 8.365737e-01 7.558264e-01 7.515731e-01 1.009052e+00 9.637046e-01 1.016695e+00 9.834719e-01 3.055918e-05
<GCONST> 5.863259e+01
<MIXTURE> 16 2.475190e-03
<MEAN> 25
 -4.927135e+00 -4.325123e-01 -5.944572e-01 7.056121e+00 5.414496e+00 5.391607e+00 6.299137e+00 5.125205e+00 5.499342e+00 4.316255e+00 5.134124e+00 2.429623e+00 -1.364331e-01 -7.289024e-03 5.510313e-02 2.516900e-01 4.936607e-01 7.640282e-01 1.052958e+00 1.149567e+00 1.089188e+00 7.579273e-01 4.151489e-01 1.481372e-01 3.916414e-04
<VARIANCE> 25
 8.578271e+00 5.605258e+00 9.388675e+00 1.243141e+01 1.357033e+01 1.446140e+01 1.511900e+01 1.531139e+01 1.422332e+01 1.461785e+01 1.539803e+01 1.290127e+01 1.202863e-01 1.968043e-01 3.104768e-01 4.649268e-01 6.358551e-01 8.365737e-01 7.558264e-01 7.515731e-01 1.009052e+00 9.637046e-01 1.016695e+00 9.834719e-01 3.055918e-05
<GCONST> 5.863259e+01
<MIXTURE> 17 9.518312e-03
<MEAN> 25
 3.235479e+00 -1.096521e+00 5.560247e+00 1.310112e+00 -6.131354e+00 -5.840144e+00 -3.674443e+00 -3.952791e-01 -3.336540e+00 -3.218381e+00 1.845015e-01 -1.144292e+00 -7.499843e-01 -1.382825e+00 2.078472e+00 -1.857573e+00 -2.228124e+00 -2.645879e-01 -1.974173e-01 2.908964e-01 -2.678607e-01 -7.659191e-02 9.966765e-01 1.066891e-01 8.632618e-02
<VARIANCE> 25
 1.464578e+01 2.973871e+01 3.032100e+01 3.359186e+01 2.945040e+01 3.921589e+01 3.076551e+01 2.389111e+01 2.586404e+01 2.179128e+01 2.998367e+01 2.413165e+01 2.232390e+00 2.034840e+00 3.785720e+00 2.450523e+00 2.884330e+00 3.901273e+00 3.528076e+00 3.570782e+00 3.242003e+00 3.595609e+00 2.813286e+00 1.999579e+00 1.485373e-03
<GCONST> 9.188615e+01
<MIXTURE> 18 1.221018e-02
<MEAN> 25
 3.938776e+00 4.288755e+00 6.261743e+00 3.969117e+00 -5.079665e+00 -7.861932e+00 -1.769208e+00 -1.158914e+00 -3.191466e+00 -1.699337e+00 -1.907443e-01 3.920384e-01 -7.117710e-01 2.029544e+00 -4.365406e-01 2.070589e+00 2.989899e+00 1.254523e+00 8.804163e-01 -1.439476e-01 7.634740e-01 6.183878e-01 -3.187206e-01 5.094409e-02 -1.177973e-01
<VARIANCE> 25
 1.483461e+01 2.329058e+01 3.192577e+01 2.709429e+01 3.679698e+01 3.306638e+01 3.419794e+01 3.330523e+01 3.638245e+01 3.347640e+01 3.090691e+01 2.856704e+01 2.302464e+00 2.933998e+00 4.531238e+00 3.564803e+00 3.600910e+00 4.577575e+00 4.065580e+00 4.091131e+00 4.126739e+00 3.813620e+00 4.143237e+00 3.294558e+00 3.828014e-03
<GCONST> 9.669524e+01
<MIXTURE> 19 9.912824e-03
<MEAN> 25
 -9.227085e+00 1.382236e+00 7.639619e-01 5.120757e-01 2.826985e+00 1.951339e+00 2.809916e+00 5.291786e-01 1.847419e+00 4.573116e-02 1.937662e+00 2.449296e+00 1.931273e+00 1.241849e+00 2.060949e+00 2.525240e-01 -1.241830e+00 -1.217287e+00 -1.371649e+00 -1.192038e+00 -1.719600e+00 -1.194649e+00 -1.006229e+00 -8.063969e-01 5.701834e-03
<VARIANCE> 25
 4.623666e+01 2.396418e+01 3.772011e+01 5.533355e+01 2.652368e+01 3.120591e+01 2.421578e+01 2.752427e+01 2.146024e+01 2.307552e+01 3.073631e+01 1.756632e+01 1.939913e+00 2.096913e+00 1.773809e+00 1.962444e+00 2.395941e+00 2.002975e+00 2.043504e+00 1.851394e+00 2.131247e+00 1.698712e+00 2.379066e+00 1.607186e+00 1.916392e-03
<GCONST> 8.823785e+01
<MIXTURE> 20 6.308331e-03
<MEAN> 25
 -1.379316e+01 7.258241e+00 1.183039e+00 5.633431e+00 4.173359e+00 1.212471e+00 5.183338e+00 7.172623e-02 8.639941e-01 6.046916e-01 3.124698e+00 -1.546606e-01 -3.149499e+00 -7.953807e-01 -1.647157e+00 4.696414e-01 1.701599e+00 2.081836e+00 1.859438e+00 1.996220e+00 2.021462e+00 1.869268e+00 1.630616e+00 8.909121e-01 4.351332e-02
<VARIANCE> 25
 1.977530e+01 2.192024e+01 3.064546e+01 3.666462e+01 3.356855e+01 2.847844e+01 2.766317e+01 3.553223e+01 2.597218e+01 2.710979e+01 2.895080e+01 2.053413e+01 2.167609e+00 2.082470e+00 1.914734e+00 2.715202e+00 2.828299e+00 2.319086e+00 2.460034e+00 2.310290e+00 2.234979e+00 2.745668e+00 2.260152e+00 1.788219e+00 1.871426e-03
<GCONST> 8.944482e+01
<MIXTURE> 21 7.928653e-03
<MEAN> 25
 3.900192e+00 -4.680517e+00 5.673663e+00 -1.621191e+00 -1.046086e+01 -8.936967e+00 -2.966341e+00 3.958810e+00 -2.267627e+00 -3.276766e+00 -3.297656e-02 4.161780e-01 -6.604825e-01 1.260624e+00 2.548254e+00 -2.215123e-02 -1.581978e+00 3.060078e-01 6.094545e-01 -1.359991e+00 -2.009940e+00 3.700244e-01 1.333716e+00 2.040161e-01 -1.155515e-02
<VARIANCE> 25
 8.676343e+00 1.938675e+01 2.852234e+01 2.759349e+01 2.774254e+01 3.372242e+01 4.386729e+01 3.844885e+01 4.236217e+01 3.042656e+01 3.373277e+01 2.239375e+01 4.607125e-01 1.043250e+00 1.804814e+00 1.243874e+00 2.202880e+00 2.106680e+00 3.517917e+00 2.774034e+00 2.176170e+00 2.543641e+00 1.932422e+00 2.231697e+00 4.555734e-04
<GCONST> 8.516867e+01
<MIXTURE> 22 8.827789e-03
<MEAN> 25
 -1.778860e+01 6.950037e+00 -3.632834e+00 6.605191e+00 4.740869e+00 2.987037e+00 8.397154e+00 1.437455e+00 5.250373e+00 2.754039e+00 5.620665e+00 1.042211e+00 -3.159955e-01 -1.654687e-01 -1.328987e-01 -1.904610e-01 6.942160e-02 1.644299e-01 1.789730e-01 2.162656e-01 2.340726e-01 2.208111e-01 1.847789e-01 1.780756e-01 8.747122e-03
<VARIANCE> 25
 7.873390e+00 1.630655e+01 1.935329e+01 3.087981e+01 2.295071e+01 2.024968e+01 1.904666e+01 1.896646e+01 1.833290e+01 2.406448e+01 1.930846e+01 1.336594e+01 1.036197e+00 1.302859e+00 1.350079e+00 1.515032e+00 1.516344e+00 1.503588e+00 1.451096e+00 1.514226e+00 1.540261e+00 1.682461e+00 1.371680e+00 1.133079e+00 1.645645e-03
<GCONST> 7.847936e+01
<MIXTURE> 23 6.455497e-03
<MEAN> 25
 7.403669e+00 2.018660e+00 1.207632e+00 2.195181e+00 -3.990706e+00 -3.310590e+00 -4.489619e+00 -5.565706e+00 -2.934012e+00 -2.234752e-01 -3.275178e+00 -1.318227e+00 4.297304e-02 2.403619e-01 -2.620282e-02 1.174933e-01 -2.164983e-02 -1.387044e-02 1.326364e-01 -1.127549e-01 1.826042e-01 7.337029e-02 1.063164e-02 5.302211e-02 -6.662265e-03
<VARIANCE> 25
 1.544808e+01 2.109706e+01 2.490550e+01 3.453559e+01 3.265430e+01 4.482540e+01 4.609176e+01 4.517095e+01 3.932584e+01 3.777513e+01 3.775416e+01 3.134182e+01 1.282704e-01 2.628829e-01 4.735531e-01 4.971654e-01 5.577679e-01 6.818368e-01 8.904029e-01 7.659012e-01 7.861695e-01 7.989401e-01 9.570606e-01 7.228907e-01 7.727061e-05
<GCONST> 7.131287e+01
<MIXTURE> 24 6.455497e-03
<MEAN> 25
 7.403669e+00 2.018660e+00 1.207632e+00 2.195181e+00 -3.990706e+00 -3.310590e+00 -4.489619e+00 -5.565706e+00 -2.934012e+00 -2.234752e-01 -3.275178e+00 -1.318227e+00 4.297304e-02 2.403619e-01 -2.620282e-02 1.174933e-01 -2.164983e-02 -1.387044e-02 1.326364e-01 -1.127549e-01 1.826042e-01 7.337029e-02 1.063164e-02 5.302211e-02 -6.662265e-03
<VARIANCE> 25
 1.544808e+01 2.109706e+01 2.490550e+01 3.453559e+01 3.265430e+01 4.482540e+01 4.609176e+01 4.517095e+01 3.932584e+01 3.777513e+01 3.775416e+01 3.134182e+01 1.282704e-01 2.628829e-01 4.735531e-01 4.971654e-01 5.577679e-01 6.818368e-01 8.904029e-01 7.659012e-01 7.861695e-01 7.989401e-01 9.570606e-01 7.228907e-01 7.727061e-05
<GCONST> 7.131287e+01
<MIXTURE> 25 1.118642e-02
<MEAN> 25
 5.831971e-01 7.242000e-01 1.750330e+01 -4.741516e+00 -1.236218e+01 -1.429659e+00 -5.069727e+00 -2.293573e+00 -8.197969e+00 -4.510347e+00 4.885500e+00 -3.110856e+00 -1.116178e-01 6.160935e-01 -3.046537e-03 6.325477e-02 2.018589e-01 2.159749e-01 1.075205e-01 -1.162948e-01 -2.943469e-01 1.063778e-01 -2.753583e-01 1.029933e-02 -1.391293e-02
<VARIANCE> 25
 7.025344e+00 2.703794e+01 1.975378e+01 4.218488e+01 2.457880e+01 2.956362e+01 1.943447e+01 2.351336e+01 2.306121e+01 2.710446e+01 1.954780e+01 2.403376e+01 5.169986e-01 1.359518e+00 1.384535e+00 1.428475e+00 1.866631e+00 1.575251e+00 1.456065e+00 1.291028e+00 1.332564e+00 1.354783e+00 1.283808e+00 1.498555e+00 1.352841e-03
<GCONST> 7.990097e+01
<MIXTURE> 26 7.727677e-03
<MEAN> 25
 2.172757e+00 -5.270202e+00 -9.733406e+00 -7.447957e-01 7.076056e+00 4.421251e+00 3.413657e+00 1.290112e-01 2.447432e+00 -8.593146e-01 -2.948784e+00 -8.553373e-01 -6.435714e-01 6.004961e-01 3.270164e-01 8.038493e-01 1.189639e-01 3.416790e-01 3.241183e-01 3.681451e-01 2.618083e-01 9.069928e-02 5.092139e-01 4.140832e-01 -5.318820e-02
<VARIANCE> 25
 2.423998e+01 3.560492e+01 2.506178e+01 5.396798e+01 3.876175e+01 4.287854e+01 4.301975e+01 3.983823e+01 3.791460e+01 4.967311e+01 3.559233e+01 4.027736e+01 1.837491e+00 1.846670e+00 1.799482e+00 1.895481e+00 2.100473e+00 2.445419e+00 2.256969e+00 2.489647e+00 2.359273e+00 2.277894e+00 2.206326e+00 1.893372e+00 3.092159e-03
<GCONST> 9.273187e+01
<MIXTURE> 27 7.727677e-03
<MEAN> 25
 2.172757e+00 -5.270202e+00 -9.733406e+00 -7.447957e-01 7.076056e+00 4.421251e+00 3.413657e+00 1.290112e-01 2.447432e+00 -8.593146e-01 -2.948784e+00 -8.553373e-01 -6.435714e-01 6.004961e-01 3.270164e-01 8.038493e-01 1.189639e-01 3.416790e-01 3.241183e-01 3.681451e-01 2.618083e-01 9.069928e-02 5.092139e-01 4.140832e-01 -5.318820e-02
<VARIANCE> 25
 2.423998e+01 3.560492e+01 2.506178e+01 5.396798e+01 3.876175e+01 4.287854e+01 4.301975e+01 3.983823e+01 3.791460e+01 4.967311e+01 3.559233e+01 4.027736e+01 1.837491e+00 1.846670e+00 1.799482e+00 1.895481e+00 2.100473e+00 2.445419e+00 2.256969e+00 2.489647e+00 2.359273e+00 2.277894e+00 2.206326e+00 1.893372e+00 3.092159e-03
<GCONST> 9.273187e+01
<MIXTURE> 28 5.036674e-03
<MEAN> 25
 -5.113045e+00 1.411530e-01 -1.738864e+00 6.489915e+00 5.227910e+00 3.487573e+00 5.500546e+00 3.308016e+00 3.900034e+00 2.390207e+00 2.500746e+00 3.068111e+00 -1.190322e-01 2.307640e-01 5.134658e-01 7.469524e-01 7.974072e-01 7.568035e-01 5.984740e-01 4.112558e-01 4.550473e-01 4.740233e-01 4.136091e-01 1.922040e-01 -5.122042e-05
<VARIANCE> 25
 1.232225e+01 8.362417e+00 1.218814e+01 1.451939e+01 1.410094e+01 1.699241e+01 1.798040e+01 1.944457e+01 1.657302e+01 1.623020e+01 2.011918e+01 1.489387e+01 2.466817e-01 3.237751e-01 3.938119e-01 4.782794e-01 6.074832e-01 9.027267e-01 1.195963e+00 1.118178e+00 1.082081e+00 9.911711e-01 1.055270e+00 1.034754e+00 1.052518e-06
<GCONST> 6.027789e+01
<MIXTURE> 29 5.036674e-03
<MEAN> 25
 -5.113045e+00 1.411530e-01 -1.738864e+00 6.489915e+00 5.227910e+00 3.487573e+00 5.500546e+00 3.308016e+00 3.900034e+00 2.390207e+00 2.500746e+00 3.068111e+00 -1.190322e-01 2.307640e-01 5.134658e-01 7.469524e-01 7.974072e-01 7.568035e-01 5.984740e-01 4.112558e-01 4.550473e-01 4.740233e-01 4.136091e-01 1.922040e-01 -5.122042e-05
<VARIANCE> 25
 1.232225e+01 8.362417e+00 1.218814e+01 1.451939e+01 1.410094e+01 1.699241e+01 1.798040e+01 1.944457e+01 1.657302e+01 1.623020e+01 2.011918e+01 1.489387e+01 2.466817e-01 3.237751e-01 3.938119e-01 4.782794e-01 6.074832e-01 9.027267e-01 1.195963e+00 1.118178e+00 1.082081e+00 9.911711e-01 1.055270e+00 1.034754e+00 1.052518e-06
<GCONST> 6.027789e+01
<MIXTURE> 30 8.917812e-03
<MEAN> 25
 -4.049454e+00 9.900986e-02 2.693637e-01 8.597631e+00 7.479223e+00 7.094164e+00 7.424264e+00 6.563492e+00 6.537541e+00 4.787640e+00 6.065193e+00 3.205169e+00 -3.415374e-02 2.555001e-02 4.571754e-02 9.586226e-02 1.120970e-01 3.158347e-02 9.992183e-03 1.458030e-02 4.549252e-02 1.454757e-02 6.695846e-02 5.246151e-02 -6.068524e-04
<VARIANCE> 25
 7.720006e+00 1.018392e+01 1.030116e+01 1.387198e+01 1.470246e+01 1.659408e+01 1.898114e+01 1.820457e+01 1.576366e+01 1.950524e+01 2.423034e+01 1.418207e+01 1.035742e-01 2.085670e-01 3.141637e-01 4.604886e-01 5.742553e-01 6.916514e-01 7.336216e-01 8.574997e-01 8.992182e-01 9.392152e-01 8.867763e-01 8.312475e-01 5.489569e-05
<GCONST> 6.074470e+01
<MIXTURE> 31 4.136493e-03
<MEAN> 25
 -2.979272e+00 -5.162993e+00 -6.729709e-02 4.713897e+00 3.629203e+00 1.618634e+00 4.609411e+00 6.183953e+00 3.288686e+00 1.450748e+00 5.537783e+00 3.419146e+00 2.875153e-01 5.393313e-01 -2.989120e-01 2.729952e-01 1.443457e-01 3.501965e-01 1.814706e-01 9.028749e-02 3.405401e-01 2.799567e-01 1.330407e-01 1.011371e-01 -1.953065e-02
<VARIANCE> 25
 7.547105e+00 1.656246e+01 1.594103e+01 1.758332e+01 2.343598e+01 2.249845e+01 2.492151e+01 2.411054e+01 2.803563e+01 2.713227e+01 2.400302e+01 2.027009e+01 2.057097e-01 5.413536e-01 6.632192e-01 7.827625e-01 9.787920e-01 1.134358e+00 1.156276e+00 1.568861e+00 1.258497e+00 1.370638e+00 1.149877e+00 1.239166e+00 2.671798e-04
<GCONST> 7.242003e+01
<MIXTURE> 32 4.136493e-03
<MEAN> 25
 -2.979272e+00 -5.162993e+00 -6.729709e-02 4.713897e+00 3.629203e+00 1.618634e+00 4.609411e+00 6.183953e+00 3.288686e+00 1.450748e+00 5.537783e+00 3.419146e+00 2.875153e-01 5.393313e-01 -2.989120e-01 2.729952e-01 1.443457e-01 3.501965e-01 1.814706e-01 9.028749e-02 3.405401e-01 2.799567e-01 1.330407e-01 1.011371e-01 -1.953065e-02
<VARIANCE> 25
 7.547105e+00 1.656246e+01 1.594103e+01 1.758332e+01 2.343598e+01 2.249845e+01 2.492151e+01 2.411054e+01 2.803563e+01 2.713227e+01 2.400302e+01 2.027009e+01 2.057097e-01 5.413536e-01 6.632192e-01 7.827625e-01 9.787920e-01 1.134358e+00 1.156276e+00 1.568861e+00 1.258497e+00 1.370638e+00 1.149877e+00 1.239166e+00 2.671798e-04
<GCONST> 7.242003e+01
<MIXTURE> 33 1.508826e-02
<MEAN> 25
 6.901564e+00 -4.487990e+00 -3.651690e+00 -3.062289e+00 -1.087220e+00 -4.537318e+00 -7.318860e+00 2.730811e-02 1.778088e+00 7.813621e-01 -4.915856e+00 -1.854459e+00 6.853685e-01 -1.314952e+00 -2.226937e+00 -1.898664e+00 1.422218e+00 1.124382e+00 -1.041259e+00 3.793706e-01 5.043957e-01 6.866449e-01 -3.537211e-01 -1.259708e+00 4.499131e-02
<VARIANCE> 25
 7.937576e+00 1.896144e+01 2.857173e+01 3.083282e+01 3.685004e+01 3.714855e+01 3.246915e+01 4.283818e+01 3.298372e+01 3.924631e+01 3.083417e+01 2.528088e+01 1.678997e+00 1.639843e+00 2.042705e+00 1.833644e+00 3.154609e+00 2.701479e+00 3.645660e+00 5.379137e+00 3.825425e+00 4.651520e+00 3.300363e+00 1.966089e+00 1.533530e-03
<GCONST> 9.174686e+01
<MIXTURE> 34 1.588179e-02
<MEAN> 25
 8.964434e+00 -1.494683e+00 -4.827685e-01 -3.233220e-03 -2.436839e+00 -1.071796e+00 -6.313430e+00 -4.922915e+00 -2.281695e+00 1.006946e+00 -1.599138e+00 -3.338651e+00 1.821212e-01 1.518346e+00 8.306721e-01 2.322033e+00 1.858503e-02 3.223725e-02 9.793590e-01 -1.766962e+00 -7.468144e-01 2.999859e-01 -3.427887e-01 2.891312e-02 -6.246783e-02
<VARIANCE> 25
 6.569499e+00 3.640233e+01 2.709925e+01 4.568847e+01 3.768315e+01 4.183907e+01 4.767081e+01 4.693963e+01 4.503546e+01 3.719608e+01 4.370275e+01 2.693375e+01 1.312533e+00 1.805982e+00 5.215519e+00 3.310012e+00 5.106399e+00 4.763945e+00 4.708339e+00 5.233250e+00 4.708732e+00 4.007579e+00 4.235689e+00 3.266279e+00 9.842607e-04
<GCONST> 9.686478e+01
<MIXTURE> 35 1.467755e-02
<MEAN> 25
 -2.079137e+00 -5.461740e+00 -9.254731e+00 1.263285e+00 8.686673e+00 1.124147e+00 1.613958e+00 2.598178e+00 1.562275e+00 3.979299e+00 2.810024e-01 1.623416e+00 4.720556e-01 -1.342147e+00 -1.164070e+00 -1.159670e+00 2.261145e-01 -7.610651e-01 -7.496023e-01 -2.701168e-01 -2.576147e-01 -6.138451e-02 -6.402225e-01 -3.816855e-01 1.023782e-01
<VARIANCE> 25
 1.887140e+01 3.062566e+01 4.206095e+01 7.485009e+01 4.446947e+01 5.347987e+01 4.661917e+01 4.027742e+01 4.591229e+01 3.782424e+01 3.449530e+01 2.826542e+01 3.387529e+00 3.723468e+00 6.657091e+00 5.980898e+00 4.883555e+00 5.121244e+00 4.487119e+00 4.560491e+00 4.707269e+00 5.190808e+00 3.838042e+00 3.704779e+00 4.976587e-03
<GCONST> 1.030196e+02
<MIXTURE> 36 1.093293e-02
<MEAN> 25
 4.539148e+00 -2.700525e+00 5.993892e+00 1.173310e+00 -9.958527e+00 -8.474153e+00 -6.534503e+00 2.734777e+00 -2.995265e+00 -4.115137e+00 2.636157e+00 5.350699e-02 3.447896e-01 2.011706e-01 -9.487493e-01 1.796248e-01 9.834153e-01 1.859343e-01 -2.692136e-01 -8.760472e-03 4.293494e-01 5.601785e-01 -5.324731e-01 -1.746799e-01 -2.014447e-02
<VARIANCE> 25
 9.813470e+00 2.232879e+01 2.476433e+01 2.965188e+01 2.880975e+01 2.609982e+01 3.705500e+01 2.861228e+01 3.988567e+01 2.627301e+01 2.344379e+01 2.106945e+01 5.520301e-01 6.568176e-01 1.273326e+00 1.179174e+00 1.815756e+00 1.792798e+00 2.001719e+00 1.771241e+00 1.707762e+00 1.306270e+00 1.180449e+00 1.347701e+00 7.306971e-04
<GCONST> 8.056440e+01
<MIXTURE> 37 1.246826e-02
<MEAN> 25
 2.776228e-01 5.299810e+00 1.196280e+01 -6.421551e+00 -9.509675e+00 -1.665050e+00 -3.470334e+00 -7.135712e+00 -4.976770e+00 -5.896711e-01 -9.796678e-01 -2.130140e+00 -5.385139e-01 1.360912e+00 -1.849588e+00 3.272918e+00 1.971248e+00 -1.673548e-01 1.119658e+00 5.589335e-02 1.415924e+00 -4.252715e-02 4.067463e-01 7.458979e-01 -8.395015e-02
<VARIANCE> 25
 1.353670e+01 2.296465e+01 2.254001e+01 3.529304e+01 2.394951e+01 3.069393e+01 3.182083e+01 2.627414e+01 2.940697e+01 2.305244e+01 2.979722e+01 2.586592e+01 2.573606e+00 2.798001e+00 2.107514e+00 2.727082e+00 3.115261e+00 2.661618e+00 2.552072e+00 2.552191e+00 2.866741e+00 2.532477e+00 3.900794e+00 2.855530e+00 3.125071e-03
<GCONST> 9.119691e+01
<MIXTURE> 38 1.154525e-02
<MEAN> 25
 -5.437239e+00 8.050702e+00 6.046509e+00 1.807456e+00 -1.394594e+00 -3.688504e+00 2.912423e-01 -3.821058e+00 -2.367136e+00 -2.976256e+00 1.791092e-01 2.835044e-01 -4.006885e+00 1.212370e+00 -6.149013e-01 1.596917e+00 2.618674e+00 1.349890e+00 1.745666e+00 5.823601e-01 1.128926e+00 4.267897e-01 1.155074e+00 3.821765e-01 3.793402e-02
<VARIANCE> 25
 2.672164e+01 2.334131e+01 3.446098e+01 3.004410e+01 4.848977e+01 3.665162e+01 3.149565e+01 3.439479e+01 2.599739e+01 2.461003e+01 2.653034e+01 2.351746e+01 2.231767e+00 3.094947e+00 3.243400e+00 4.064062e+00 3.396377e+00 3.845293e+00 3.802089e+00 4.346395e+00 3.584501e+00 3.681744e+00 3.899901e+00 2.691139e+00 1.774054e-03
<GCONST> 9.517513e+01
<MIXTURE> 39 9.501865e-03
<MEAN> 25
 8.373982e-01 1.769406e+00 1.004088e+01 -7.354112e+00 -1.085832e+01 -8.007951e-01 -2.678048e+00 -5.968820e+00 -4.049198e+00 6.197197e-01 -2.775439e+00 -2.916771e+00 -9.535566e-01 1.487589e+00 1.591560e+00 -1.801331e+00 7.371029e-02 1.384109e+00 -1.009580e+00 -1.061788e+00 4.129737e-01 4.488273e-01 -2.881578e-01 1.945863e-01 8.658094e-03
<VARIANCE> 25
 1.049874e+01 2.590461e+01 2.871593e+01 4.257706e+01 3.292132e+01 4.053439e+01 3.421132e+01 2.881922e+01 3.096405e+01 3.690360e+01 3.065665e+01 2.299725e+01 8.201675e-01 1.339127e+00 1.656413e+00 2.715309e+00 1.976682e+00 2.318346e+00 2.670948e+00 2.411230e+00 2.227858e+00 2.243962e+00 2.338624e+00 2.305231e+00 1.229887e-03
<GCONST> 8.792596e+01
<MIXTURE> 40 1.030800e-02
<MEAN> 25
 -6.028496e+00 2.707575e+00 -1.301845e+00 6.461564e+00 4.001109e+00 4.930051e+00 5.109855e+00 3.488094e+00 4.161538e+00 3.034415e+00 3.479076e+00 1.511153e+00 -7.892895e-02 -1.693560e-01 2.221986e-02 -1.597484e-01 8.634897e-02 -4.102366e-02 -5.239772e-02 -6.352591e-02 -2.178170e-03 -4.720706e-02 3.907710e-02 1.171956e-01 2.674862e-03
<VARIANCE> 25
 4.510649e+01 1.751505e+01 2.185450e+01 2.456277e+01 2.022890e+01 1.632262e+01 1.543906e+01 1.615384e+01 1.819180e+01 1.584490e+01 2.338627e+01 1.249164e+01 6.848816e-01 7.492223e-01 8.565222e-01 1.016375e+00 1.025828e+00 1.195412e+00 1.170506e+00 1.222220e+00 1.047010e+00 1.045819e+00 9.302588e-01 1.107014e+00 7.180567e-04
<GCONST> 7.420178e+01
<MIXTURE> 41 6.713375e-03
<MEAN> 25
 1.157835e+00 -9.084761e-01 1.178944e+01 -7.920226e+00 -1.071705e+01 -3.674547e+00 -2.948179e+00 -4.024498e+00 -6.010953e+00 2.148968e+00 2.362007e-01 -1.973428e+00 -1.386310e-03 -1.309018e+00 2.396315e+00 -3.189474e+00 -2.280988e+00 1.406031e-01 -7.852550e-01 1.578080e-02 -1.294928e+00 5.191249e-01 -5.745736e-01 -1.717057e-01 9.021790e-02
<VARIANCE> 25
 7.932685e+00 3.191883e+01 2.859775e+01 2.971458e+01 2.705853e+01 3.008232e+01 2.641898e+01 2.662826e+01 2.380209e+01 2.203653e+01 3.211812e+01 2.647962e+01 2.613222e+00 2.744832e+00 3.800763e+00 2.760157e+00 3.069981e+00 4.128184e+00 3.076797e+00 4.019281e+00 2.811113e+00 3.731465e+00 3.264912e+00 2.055693e+00 2.107772e-03
<GCONST> 9.195977e+01
<MIXTURE> 42 1.106211e-02
<MEAN> 25
 -1.524293e+00 3.975296e+00 3.560072e+00 2.492728e+00 -1.270818e-01 -5.732166e+00 -1.654271e+00 -1.759383e+00 -1.766388e+00 -2.098854e+00 -2.233856e+00 1.116819e+00 3.745642e+00 -2.466334e-01 1.328245e+00 -1.655754e-01 -2.765200e+00 -1.399466e+00 -2.318748e+00 -8.802591e-01 -1.162410e+00 -7.030246e-01 6.571832e-01 -1.019657e+00 1.794943e-02
<VARIANCE> 25
 3.248141e+01 1.788871e+01 4.245849e+01 2.511230e+01 3.322076e+01 3.738115e+01 3.085963e+01 2.197227e+01 2.486556e+01 2.504374e+01 1.706974e+01 1.542368e+01 3.241990e+00 4.042105e+00 5.458855e+00 4.257305e+00 4.024818e+00 5.764119e+00 4.044593e+00 4.320370e+00 4.791223e+00 4.780804e+00 4.188152e+00 3.202005e+00 4.153725e-03
<GCONST> 9.690192e+01
<MIXTURE> 43 7.108249e-03
<MEAN> 25
 2.625590e+00 -6.437111e+00 -1.955469e+00 -3.721179e+00 -7.091206e+00 -3.118524e+00 4.055782e+00 1.157960e+00 -4.323148e+00 -7.329235e+00 -4.140767e+00 -1.319682e+00 1.800846e-01 2.083269e+00 1.937927e+00 -4.346614e-01 -1.365003e+00 -6.654695e-01 -1.001720e+00 -9.041719e-01 8.612065e-01 1.382448e+00 2.792346e-02 3.874211e-02 -4.442039e-02
<VARIANCE> 25
 1.167067e+01 1.839498e+01 2.568443e+01 5.143822e+01 3.580684e+01 3.454412e+01 3.051729e+01 3.681511e+01 4.101261e+01 3.686924e+01 2.441309e+01 2.722843e+01 6.628913e-01 1.198532e+00 1.449684e+00 3.158271e+00 2.204253e+00 2.309868e+00 2.446368e+00 2.924768e+00 2.430486e+00 2.414533e+00 3.063582e+00 1.760052e+00 8.657890e-04
<GCONST> 8.775696e+01
<MIXTURE> 44 7.328289e-03
<MEAN> 25
 -1.437231e+01 2.538280e+00 4.471317e+00 -3.120270e+00 1.712069e+00 3.703842e+00 2.047099e+00 -2.113804e+00 1.428234e+00 -2.569468e+00 3.533224e+00 2.160064e-01 -3.736789e-01 -6.726562e-02 -3.083564e-01 -6.203537e-02 5.142610e-01 1.969366e-01 3.944506e-01 2.006682e-01 3.054739e-01 -1.477136e-01 1.269199e-01 -4.457725e-04 7.087578e-03
<VARIANCE> 25
 2.186990e+01 1.594530e+01 2.262923e+01 1.850987e+01 2.714394e+01 2.151713e+01 1.765362e+01 3.368190e+01 2.097304e+01 1.773732e+01 1.820537e+01 1.658629e+01 1.033975e+00 1.106576e+00 1.254604e+00 1.003300e+00 2.596466e+00 1.359653e+00 1.435048e+00 2.033180e+00 1.337114e+00 1.509424e+00 1.748363e+00 1.605048e+00 7.182284e-04
<GCONST> 7.941819e+01
<MIXTURE> 45 1.364932e-02
<MEAN> 25
 -1.066453e+01 2.571662e+00 -3.604964e-01 5.880421e-01 4.312860e+00 1.029895e+00 3.963783e+00 2.589671e+00 3.055503e+00 1.988733e+00 2.508539e+00 2.118769e+00 -2.915128e+00 3.673766e-01 8.343466e-02 -6.159438e-01 -6.395723e-02 5.660498e-01 4.134333e-01 -1.668801e-01 1.431626e-02 -1.385515e-01 2.653290e-01 1.958070e-01 1.027565e-01
<VARIANCE> 25
 3.292737e+01 2.686402e+01 2.997204e+01 3.300766e+01 2.923348e+01 2.462303e+01 3.003724e+01 2.164108e+01 1.921205e+01 1.860818e+01 2.200830e+01 1.262756e+01 1.867857e+00 2.326057e+00 2.621894e+00 2.906239e+00 2.265510e+00 2.493315e+00 1.760647e+00 2.140876e+00 1.809908e+00 1.723676e+00 1.497276e+00 1.851156e+00 3.191193e-03
<GCONST> 8.715936e+01
<MIXTURE> 46 9.336259e-03
<MEAN> 25
 -8.383150e+00 2.586888e+00 2.092524e-01 6.380170e+00 4.376174e+00 2.885492e+00 6.258145e+00 4.484396e+00 6.178778e+00 4.454058e+00 4.702316e+00 2.573491e+00 1.066840e+00 -1.055664e-01 -5.676967e-02 1.064474e+00 6.072698e-01 1.055238e+00 2.266315e-01 7.544116e-01 2.428288e-01 4.526477e-01 6.008413e-01 6.286170e-01 -9.874877e-02
<VARIANCE> 25
 3.769764e+01 4.024914e+01 3.899134e+01 5.386492e+01 5.587142e+01 3.981384e+01 3.646789e+01 3.465899e+01 3.488804e+01 2.744912e+01 2.767158e+01 1.867125e+01 3.526006e+00 3.923682e+00 3.807148e+00 4.031686e+00 4.176095e+00 3.425395e+00 3.424782e+00 2.875631e+00 2.920492e+00 2.605312e+00 2.116572e+00 1.809884e+00 7.495530e-03
<GCONST> 9.766765e+01
<MIXTURE> 47 7.116147e-03
<MEAN> 25
 7.321805e+00 -7.439353e+00 -7.652463e+00 -5.912830e+00 1.032802e+00 1.704058e-01 -3.698746e+00 3.271720e-02 2.821075e+00 9.426978e-01 -4.484715e+00 -5.236079e+00 -2.258440e-01 -1.183127e+00 -7.245878e-01 -6.972448e-01 8.061808e-01 6.218479e-01 6.081002e-01 4.348812e-01 1.157896e-01 -8.439186e-01 -5.061576e-01 -4.787801e-01 3.328451e-02
<VARIANCE> 25
 9.071914e+00 1.988684e+01 1.842389e+01 2.945006e+01 3.155232e+01 4.576297e+01 4.142816e+01 3.825869e+01 4.012983e+01 4.141200e+01 4.244719e+01 3.399153e+01 4.937841e-01 8.516754e-01 1.061646e+00 1.751992e+00 1.732938e+00 1.843068e+00 2.515047e+00 2.186754e+00 2.000038e+00 1.923362e+00 2.622240e+00 1.751075e+00 5.482055e-04
<GCONST> 8.475500e+01
<MIXTURE> 48 7.116147e-03
<MEAN> 25
 7.321805e+00 -7.439353e+00 -7.652463e+00 -5.912830e+00 1.032802e+00 1.704058e-01 -3.698746e+00 3.271720e-02 2.821075e+00 9.426978e-01 -4.484715e+00 -5.236079e+00 -2.258440e-01 -1.183127e+00 -7.245878e-01 -6.972448e-01 8.061808e-01 6.218479e-01 6.081002e-01 4.348812e-01 1.157896e-01 -8.439186e-01 -5.061576e-01 -4.787801e-01 3.328451e-02
<VARIANCE> 25
 9.071914e+00 1.988684e+01 1.842389e+01 2.945006e+01 3.155232e+01 4.576297e+01 4.142816e+01 3.825869e+01 4.012983e+01 4.141200e+01 4.244719e+01 3.399153e+01 4.937841e-01 8.516754e-01 1.061646e+00 1.751992e+00 1.732938e+00 1.843068e+00 2.515047e+00 2.186754e+00 2.000038e+00 1.923362e+00 2.622240e+00 1.751075e+00 5.482055e-04
<GCONST> 8.475500e+01
<MIXTURE> 49 5.548473e-03
<MEAN> 25
 -4.668745e+00 5.092804e-01 -1.095241e-01 8.384826e+00 6.287103e+00 5.455680e+00 5.955171e+00 4.543284e+00 4.986842e+00 3.439223e+00 4.180985e+00 2.551236e+00 3.475864e-01 6.238212e-01 7.127542e-01 3.648514e-01 -2.407176e-01 -6.688274e-01 -9.867601e-01 -1.120362e+00 -9.488695e-01 -6.381934e-01 -5.044474e-01 -3.016960e-01 -1.328068e-04
<VARIANCE> 25
 1.090479e+01 9.936193e+00 1.401499e+01 1.506515e+01 1.515248e+01 1.624408e+01 1.857515e+01 1.828633e+01 1.731166e+01 1.787609e+01 2.595226e+01 1.681383e+01 2.658152e-01 2.607191e-01 3.522189e-01 6.028233e-01 8.700309e-01 9.374842e-01 9.696175e-01 1.070488e+00 1.078544e+00 1.201965e+00 1.194817e+00 1.174047e+00 1.527057e-05
<GCONST> 6.425500e+01
<MIXTURE> 50 6.234641e-03
<MEAN> 25
 -3.577063e+00 7.397586e-01 -1.951078e+00 5.730545e+00 4.528218e+00 2.385097e+00 3.650343e+00 2.010120e+00 2.690487e+00 1.081557e+00 1.501059e+00 2.343056e+00 4.931269e-02 1.593931e-01 1.265780e-02 -2.284286e-01 -5.803162e-01 -5.852180e-01 -3.303464e-01 -5.419793e-02 3.594553e-01 8.426028e-01 7.856500e-01 4.956763e-01 -2.388420e-05
<VARIANCE> 25
 1.198747e+01 1.089953e+01 1.346848e+01 1.415738e+01 1.304586e+01 1.593813e+01 1.803048e+01 1.755880e+01 1.599785e+01 1.750398e+01 2.179189e+01 1.506007e+01 1.401441e-01 2.251664e-01 3.742783e-01 5.339711e-01 5.870938e-01 7.541104e-01 9.020446e-01 1.027823e+00 1.094201e+00 9.354478e-01 1.156030e+00 9.566164e-01 1.281575e-06
<GCONST> 5.919328e+01
<MIXTURE> 51 6.234641e-03
<MEAN> 25
 -3.577063e+00 7.397586e-01 -1.951078e+00 5.730545e+00 4.528218e+00 2.385097e+00 3.650343e+00 2.010120e+00 2.690487e+00 1.081557e+00 1.501059e+00 2.343056e+00 4.931269e-02 1.593931e-01 1.265780e-02 -2.284286e-01 -5.803162e-01 -5.852180e-01 -3.303464e-01 -5.419793e-02 3.594553e-01 8.426028e-01 7.856500e-01 4.956763e-01 -2.388420e-05
<VARIANCE> 25
 1.198747e+01 1.089953e+01 1.346848e+01 1.415738e+01 1.304586e+01 1.593813e+01 1.803048e+01 1.755880e+01 1.599785e+01 1.750398e+01 2.179189e+01 1.506007e+01 1.401441e-01 2.251664e-01 3.742783e-01 5.339711e-01 5.870938e-01 7.541104e-01 9.020446e-01 1.027823e+00 1.094201e+00 9.354478e-01 1.156030e+00 9.566164e-01 1.281575e-06
<GCONST> 5.919328e+01
<MIXTURE> 52 6.367945e-03
<MEAN> 25
 1.010569e+01 2.239994e+00 -6.153120e+00 -1.397124e+01 -4.155787e+00 8.006922e+00 -2.469103e+00 -2.767012e+00 -4.528250e+00 -1.852841e+00 3.304501e+00 6.336249e-01 -4.407060e-01 -4.334819e-01 2.193784e-03 1.168668e+00 1.309192e+00 -4.375366e-01 -5.216061e-01 -6.059188e-01 1.289660e-01 1.170330e+00 2.872342e-01 -4.904715e-01 -1.557856e-02
<VARIANCE> 25
 9.042893e+00 2.004927e+01 2.530831e+01 3.798631e+01 4.293206e+01 3.278442e+01 4.473167e+01 4.718844e+01 4.207658e+01 4.400009e+01 3.801157e+01 2.855424e+01 4.927851e-01 1.467332e+00 1.399566e+00 2.674963e+00 2.225404e+00 2.174168e+00 2.900488e+00 2.778561e+00 2.981102e+00 2.588828e+00 2.597139e+00 2.164610e+00 1.614118e-03
<GCONST> 8.943369e+01
<MIXTURE> 53 6.367945e-03
<MEAN> 25
 1.010569e+01 2.239994e+00 -6.153120e+00 -1.397124e+01 -4.155787e+00 8.006922e+00 -2.469103e+00 -2.767012e+00 -4.528250e+00 -1.852841e+00 3.304501e+00 6.336249e-01 -4.407060e-01 -4.334819e-01 2.193784e-03 1.168668e+00 1.309192e+00 -4.375366e-01 -5.216061e-01 -6.059188e-01 1.289660e-01 1.170330e+00 2.872342e-01 -4.904715e-01 -1.557856e-02
<VARIANCE> 25
 9.042893e+00 2.004927e+01 2.530831e+01 3.798631e+01 4.293206e+01 3.278442e+01 4.473167e+01 4.718844e+01 4.207658e+01 4.400009e+01 3.801157e+01 2.855424e+01 4.927851e-01 1.467332e+00 1.399566e+00 2.674963e+00 2.225404e+00 2.174168e+00 2.900488e+00 2.778561e+00 2.981102e+00 2.588828e+00 2.597139e+00 2.164610e+00 1.614118e-03
<GCONST> 8.943369e+01
<MIXTURE> 54 7.368620e-03
<MEAN> 25
 -3.320425e+00 3.007357e-01 -9.051131e-01 7.973548e+00 6.537859e+00 4.626120e+00 4.834343e+00 4.561185e+00 4.158772e+00 3.548718e+00 4.024284e+00 2.375190e+00 2.097338e-03 5.771804e-02 4.497988e-02 4.609510e-02 7.237764e-02 4.279827e-02 2.874103e-04 3.466073e-02 5.252865e-02 -3.702228e-02 -5.942018e-02 1.840110e-02 -1.362800e-05
<VARIANCE> 25
 9.567813e+00 1.061054e+01 9.289328e+00 1.692810e+01 1.250742e+01 1.294917e+01 1.200325e+01 1.094759e+01 1.154137e+01 1.392634e+01 1.915104e+01 1.265135e+01 4.119552e-02 9.575387e-02 1.474108e-01 2.144493e-01 3.282931e-01 3.895831e-01 4.747357e-01 5.131800e-01 5.887936e-01 5.680766e-01 5.565717e-01 5.225371e-01 1.112204e-06
<GCONST> 4.766288e+01
<MIXTURE> 55 7.368620e-03
<MEAN> 25
 -3.320425e+00 3.007357e-01 -9.051131e-01 7.973548e+00 6.537859e+00 4.626120e+00 4.834343e+00 4.561185e+00 4.158772e+00 3.548718e+00 4.024284e+00 2.375190e+00 2.097338e-03 5.771804e-02 4.497988e-02 4.609510e-02 7.237764e-02 4.279827e-02 2.874103e-04 3.466073e-02 5.252865e-02 -3.702228e-02 -5.942018e-02 1.840110e-02 -1.362800e-05
<VARIANCE> 25
 9.567813e+00 1.061054e+01 9.289328e+00 1.692810e+01 1.250742e+01 1.294917e+01 1.200325e+01 1.094759e+01 1.154137e+01 1.392634e+01 1.915104e+01 1.265135e+01 4.119552e-02 9.575387e-02 1.474108e-01 2.144493e-01 3.282931e-01 3.895831e-01 4.747357e-01 5.131800e-01 5.887936e-01 5.680766e-01 5.565717e-01 5.225371e-01 1.112204e-06
<GCONST> 4.766288e+01
<MIXTURE> 56 6.132464e-03
<MEAN> 25
 7.454736e+00 -6.391114e+00 -8.876898e+00 -8.214793e+00 3.574848e+00 3.254086e+00 -2.651749e+00 -1.730992e+00 1.688040e+00 7.478207e-01 -2.523565e+00 -6.290582e+00 -1.305083e-02 8.205958e-02 -7.526260e-02 -1.278855e-02 3.037776e-01 -1.423316e-02 1.041927e-01 -1.425075e-02 -1.128412e-01 -6.571993e-02 -1.057673e-01 -2.502915e-03 -7.808643e-03
<VARIANCE> 25
 9.574556e+00 2.590051e+01 2.007077e+01 3.985203e+01 3.036111e+01 4.767722e+01 6.106133e+01 3.365718e+01 3.832018e+01 3.467506e+01 3.626205e+01 3.013247e+01 1.931906e-01 4.116455e-01 5.152891e-01 8.428219e-01 7.796859e-01 1.038081e+00 8.521616e-01 1.000124e+00 1.013482e+00 9.729134e-01 1.068921e+00 7.195727e-01 2.192250e-04
<GCONST> 7.479985e+01
<MIXTURE> 57 6.132464e-03
<MEAN> 25
 7.454736e+00 -6.391114e+00 -8.876898e+00 -8.214793e+00 3.574848e+00 3.254086e+00 -2.651749e+00 -1.730992e+00 1.688040e+00 7.478207e-01 -2.523565e+00 -6.290582e+00 -1.305083e-02 8.205958e-02 -7.526260e-02 -1.278855e-02 3.037776e-01 -1.423316e-02 1.041927e-01 -1.425075e-02 -1.128412e-01 -6.571993e-02 -1.057673e-01 -2.502915e-03 -7.808643e-03
<VARIANCE> 25
 9.574556e+00 2.590051e+01 2.007077e+01 3.985203e+01 3.036111e+01 4.767722e+01 6.106133e+01 3.365718e+01 3.832018e+01 3.467506e+01 3.626205e+01 3.013247e+01 1.931906e-01 4.116455e-01 5.152891e-01 8.428219e-01 7.796859e-01 1.038081e+00 8.521616e-01 1.000124e+00 1.013482e+00 9.729134e-01 1.068921e+00 7.195727e-01 2.192250e-04
<GCONST> 7.479985e+01
<MIXTURE> 58 6.172147e-03
<MEAN> 25
 2.575040e+00 -3.096241e+00 7.982530e+00 -5.615779e+00 -1.348145e+01 -5.553686e+00 5.378281e-01 5.219128e-01 -3.534483e+00 1.480355e+00 1.078285e+00 -1.105679e+00 1.720195e-02 -1.664232e-01 -1.126219e-01 -2.376510e-01 7.460458e-04 1.934831e-01 2.718163e-01 3.477558e-01 -5.995883e-02 2.322547e-02 -4.463649e-02 -6.579411e-03 -2.552041e-03
<VARIANCE> 25
 7.158511e+00 1.809157e+01 2.616857e+01 2.764932e+01 2.342131e+01 4.108731e+01 3.325398e+01 3.018811e+01 3.570065e+01 2.898034e+01 2.378033e+01 1.904221e+01 3.015372e-01 7.835336e-01 7.473624e-01 1.143609e+00 8.754392e-01 1.147284e+00 1.097178e+00 1.276478e+00 1.097365e+00 9.991602e-01 9.519266e-01 9.791064e-01 7.256005e-04
<GCONST> 7.576768e+01
<MIXTURE> 59 6.172147e-03
<MEAN> 25
 2.575040e+00 -3.096241e+00 7.982530e+00 -5.615779e+00 -1.348145e+01 -5.553686e+00 5.378281e-01 5.219128e-01 -3.534483e+00 1.480355e+00 1.078285e+00 -1.105679e+00 1.720195e-02 -1.664232e-01 -1.126219e-01 -2.376510e-01 7.460458e-04 1.934831e-01 2.718163e-01 3.477558e-01 -5.995883e-02 2.322547e-02 -4.463649e-02 -6.579411e-03 -2.552041e-03
<VARIANCE> 25
 7.158511e+00 1.809157e+01 2.616857e+01 2.764932e+01 2.342131e+01 4.108731e+01 3.325398e+01 3.018811e+01 3.570065e+01 2.898034e+01 2.378033e+01 1.904221e+01 3.015372e-01 7.835336e-01 7.473624e-01 1.143609e+00 8.754392e-01 1.147284e+00 1.097178e+00 1.276478e+00 1.097365e+00 9.991602e-01 9.519266e-01 9.791064e-01 7.256005e-04
<GCONST> 7.576768e+01
<MIXTURE> 60 4.479129e-03
<MEAN> 25
 -2.844527e+00 -3.700212e-01 -1.753068e+00 3.834785e+00 2.485990e+00 1.623081e+00 1.116490e+00 1.547279e+00 2.868046e+00 9.295623e-01 1.550453e+00 1.518134e+00 -3.794520e-02 3.799624e-02 7.098484e-02 1.321459e-01 1.267592e-01 8.994061e-02 2.333504e-01 3.864144e-01 4.192407e-01 5.361141e-01 4.911221e-01 2.763513e-01 3.215524e-04
<VARIANCE> 25
 7.802922e+00 4.305625e+00 9.230400e+00 8.750426e+00 1.172671e+01 1.626517e+01 1.344852e+01 1.253221e+01 1.416762e+01 1.181317e+01 1.373690e+01 1.040553e+01 7.401174e-02 1.830283e-01 3.017933e-01 4.251426e-01 6.824871e-01 9.745677e-01 7.992304e-01 8.281544e-01 8.858439e-01 8.315160e-01 8.805782e-01 9.212554e-01 3.629711e-05
<GCONST> 5.639951e+01
<MIXTURE> 61 4.479129e-03
<MEAN> 25
 -2.844527e+00 -3.700212e-01 -1.753068e+00 3.834785e+00 2.485990e+00 1.623081e+00 1.116490e+00 1.547279e+00 2.868046e+00 9.295623e-01 1.550453e+00 1.518134e+00 -3.794520e-02 3.799624e-02 7.098484e-02 1.321459e-01 1.267592e-01 8.994061e-02 2.333504e-01 3.864144e-01 4.192407e-01 5.361141e-01 4.911221e-01 2.763513e-01 3.215524e-04
<VARIANCE> 25
 7.802922e+00 4.305625e+00 9.230400e+00 8.750426e+00 1.172671e+01 1.626517e+01 1.344852e+01 1.253221e+01 1.416762e+01 1.181317e+01 1.373690e+01 1.040553e+01 7.401174e-02 1.830283e-01 3.017933e-01 4.251426e-01 6.824871e-01 9.745677e-01 7.992304e-01 8.281544e-01 8.858439e-01 8.315160e-01 8.805782e-01 9.212554e-01 3.629711e-05
<GCONST> 5.639951e+01
<MIXTURE> 62 3.278034e-03
<MEAN> 25
 -4.884869e+00 1.351375e+00 8.771783e-01 8.702229e+00 6.052470e+00 4.996867e+00 5.526445e+00 3.973392e+00 4.812673e+00 3.765965e+00 4.721236e+00 2.838633e+00 -9.827919e-01 -1.147473e+00 -9.562570e-01 -2.795171e-01 4.176345e-01 1.009040e+00 1.375962e+00 1.508524e+00 1.504095e+00 1.297145e+00 1.090025e+00 6.915024e-01 -1.204669e-03
<VARIANCE> 25
 1.068112e+01 9.952896e+00 1.327970e+01 1.657257e+01 1.715126e+01 1.704075e+01 1.919796e+01 1.861499e+01 1.916101e+01 1.910819e+01 2.247991e+01 1.469581e+01 4.004723e-01 4.286883e-01 5.369209e-01 7.567585e-01 1.020672e+00 1.161892e+00 1.219101e+00 1.329213e+00 1.343071e+00 1.486672e+00 1.391706e+00 1.365906e+00 1.605863e-05
<GCONST> 6.755194e+01
<MIXTURE> 63 4.351215e-03
<MEAN> 25
 -1.412617e+00 6.215502e-01 -3.973776e+00 3.518394e+00 3.238307e+00 5.374028e-01 2.848438e+00 1.601490e+00 1.933740e+00 -3.408577e-01 -2.026833e+00 9.847564e-01 -9.270898e-02 4.059909e-01 4.057213e-01 4.840015e-01 4.597358e-01 5.372440e-01 5.506921e-01 3.590836e-01 1.205804e-01 3.052924e-01 1.164763e-01 4.435442e-02 -1.997470e-03
<VARIANCE> 25
 9.362469e+00 1.457470e+01 1.036426e+01 1.131020e+01 1.475816e+01 1.897232e+01 1.799807e+01 1.823306e+01 1.880655e+01 1.555506e+01 1.448314e+01 1.297475e+01 2.453333e-01 3.478891e-01 6.243591e-01 7.599216e-01 7.181277e-01 1.268171e+00 1.169173e+00 1.145007e+00 1.431881e+00 1.075167e+00 9.098930e-01 1.189475e+00 2.437652e-04
<GCONST> 6.715268e+01
<MIXTURE> 64 4.351215e-03
<MEAN> 25
 -1.412617e+00 6.215502e-01 -3.973776e+00 3.518394e+00 3.238307e+00 5.374028e-01 2.848438e+00 1.601490e+00 1.933740e+00 -3.408577e-01 -2.026833e+00 9.847564e-01 -9.270898e-02 4.059909e-01 4.057213e-01 4.840015e-01 4.597358e-01 5.372440e-01 5.506921e-01 3.590836e-01 1.205804e-01 3.052924e-01 1.164763e-01 4.435442e-02 -1.997470e-03
<VARIANCE> 25
 9.362469e+00 1.457470e+01 1.036426e+01 1.131020e+01 1.475816e+01 1.897232e+01 1.799807e+01 1.823306e+01 1.880655e+01 1.555506e+01 1.448314e+01 1.297475e+01 2.453333e-01 3.478891e-01 6.243591e-01 7.599216e-01 7.181277e-01 1.268171e+00 1.169173e+00 1.145007e+00 1.431881e+00 1.075167e+00 9.098930e-01 1.189475e+00 2.437652e-04
<GCONST> 6.715268e+01
<MIXTURE> 65 1.721197e-02
<MEAN> 25
 7.880786e+00 1.512134e+00 4.441215e-01 5.096928e-01 -5.181597e+00 -4.434967e+00 -5.701519e+00 -6.505951e+00 -3.287994e+00 -1.289284e+00 -4.069333e+00 -1.022390e+00 1.267164e-01 2.107547e-01 -8.493681e-02 1.973868e-01 -1.345666e-01 1.721624e-01 -4.040833e-02 -1.611089e-01 5.726995e-01 1.746452e-01 -3.209730e-01 -1.042244e-01 -6.282929e-03
<VARIANCE> 25
 1.418672e+01 1.661185e+01 2.392862e+01 2.751285e+01 3.028833e+01 4.437708e+01 4.354238e+01 4.947163e+01 4.462291e+01 4.749539e+01 4.716356e+01 3.926427e+01 6.012212e-01 8.422679e-01 1.358936e+00 1.621271e+00 1.819563e+00 1.776432e+00 1.935479e+00 2.672743e+00 2.446089e+00 1.948042e+00 2.379853e+00 1.687847e+00 3.769957e-04
<GCONST> 8.595518e+01
<MIXTURE> 66 1.191532e-02
<MEAN> 25
 6.399486e+00 -4.658057e+00 -5.394501e+00 -5.316578e+00 2.070633e+00 -4.734434e+00 -6.583073e+00 6.170526e-01 -2.317937e-01 8.104242e-02 -7.455483e+00 -1.864053e+00 -3.709439e-01 1.752183e+00 1.893227e+00 2.203377e+00 -9.222962e-01 -9.495049e-01 6.561173e-01 -9.958626e-02 2.075169e-01 -6.383951e-01 -1.643229e-01 9.284101e-01 -6.755958e-02
<VARIANCE> 25
 8.781458e+00 2.011544e+01 2.490240e+01 2.448900e+01 3.393471e+01 3.852816e+01 3.930343e+01 3.607314e+01 4.526388e+01 6.006084e+01 3.985411e+01 3.405960e+01 1.508615e+00 2.070062e+00 2.194499e+00 1.839910e+00 4.469753e+00 3.248828e+00 3.860017e+00 4.182844e+00 3.861868e+00 4.299796e+00 3.718676e+00 2.366632e+00 1.303132e-03
<GCONST> 9.342143e+01
<MIXTURE> 67 1.559142e-02
<MEAN> 25
 8.862029e+00 2.166607e+00 -5.956837e+00 -8.171071e+00 6.656126e-01 2.679474e+00 -2.845090e+00 -1.616281e+00 -3.459972e+00 1.162865e+00 -6.526886e-01 -1.558065e+00 -1.064336e+00 1.658828e+00 1.044982e+00 2.934865e+00 1.401449e+00 -3.262476e-01 1.287541e+00 1.814118e-01 4.233991e-01 1.475157e-01 -3.641704e-01 5.772128e-01 -1.224957e-01
<VARIANCE> 25
 1.142976e+01 3.895061e+01 2.772646e+01 5.023838e+01 4.506981e+01 4.894453e+01 5.651708e+01 4.828990e+01 5.914331e+01 5.024066e+01 5.575496e+01 4.122639e+01 2.028959e+00 3.401397e+00 3.014062e+00 3.956576e+00 4.031062e+00 4.112932e+00 4.084245e+00 4.496466e+00 5.285132e+00 4.339500e+00 4.667847e+00 3.240514e+00 2.916180e-03
<GCONST> 1.007727e+02
<MIXTURE> 68 1.485092e-02
<MEAN> 25
 -2.510657e+00 -2.124863e+00 -3.727789e+00 1.383622e+00 4.385875e+00 -7.173187e-01 1.657456e+00 1.569245e+00 1.674471e+00 1.127477e-02 -1.614967e-01 1.587200e+00 2.721252e+00 3.051930e-01 1.457298e-01 -2.300293e+00 -2.086443e+00 -1.633856e+00 -2.438653e+00 -1.724162e+00 -1.698761e+00 -1.309874e+00 -1.979307e+00 -8.324708e-01 9.293880e-02
<VARIANCE> 25
 2.524505e+01 2.915184e+01 5.262341e+01 5.017661e+01 4.489643e+01 5.007649e+01 3.947863e+01 3.588346e+01 3.755904e+01 5.018539e+01 3.487647e+01 2.335584e+01 1.817836e+00 3.488928e+00 5.441254e+00 5.353521e+00 4.453444e+00 5.188686e+00 4.886969e+00 4.402317e+00 4.394510e+00 5.287679e+00 4.561448e+00 3.412637e+00 5.704877e-03
<GCONST> 1.017973e+02
<MIXTURE> 69 1.204884e-02
<MEAN> 25
 4.286482e+00 -4.075647e+00 -3.535291e+00 -3.219083e+00 -2.527865e+00 -7.053597e+00 -2.079493e+00 1.703634e+00 -2.702462e-01 -4.491055e+00 -5.863103e+00 1.414660e+00 2.049995e+00 -2.002177e+00 -1.111447e+00 -2.218525e+00 -4.228939e-01 -3.523965e-01 -1.027934e+00 1.622410e-01 -6.835087e-01 -4.813882e-01 -2.083608e+00 -1.808048e-01 6.567056e-02
<VARIANCE> 25
 8.432604e+00 1.932206e+01 2.174355e+01 2.322461e+01 3.736214e+01 3.342265e+01 4.465407e+01 3.290892e+01 3.092629e+01 4.377048e+01 2.582559e+01 2.256779e+01 3.652040e+00 3.060169e+00 3.766212e+00 2.927326e+00 4.680091e+00 4.737970e+00 6.150019e+00 5.329817e+00 4.658408e+00 6.840746e+00 3.628973e+00 3.230628e+00 2.590481e-03
<GCONST> 9.663575e+01
<MIXTURE> 70 1.329190e-02
<MEAN> 25
 7.174109e+00 -2.719933e+00 -4.494090e+00 -3.966015e+00 4.663199e-01 -5.679113e-01 -7.365273e+00 -3.748738e+00 2.507180e-01 3.033603e+00 -1.074715e+00 -3.687044e+00 2.019361e+00 -1.382723e+00 -1.003336e+00 -2.309516e+00 -1.101897e+00 1.117680e+00 -1.600655e+00 -2.768551e-01 -7.843643e-02 5.188857e-01 4.722728e-01 -1.351695e+00 6.226061e-02
<VARIANCE> 25
 9.023600e+00 2.117548e+01 2.724628e+01 3.882671e+01 3.300356e+01 3.705586e+01 4.067430e+01 3.704808e+01 3.812768e+01 2.868652e+01 4.152951e+01 2.793652e+01 3.241239e+00 2.978673e+00 4.189174e+00 4.202222e+00 4.853903e+00 5.299076e+00 5.723912e+00 6.505974e+00 5.521527e+00 5.515440e+00 5.254578e+00 3.506549e+00 2.455469e-03
<GCONST> 9.896494e+01
<MIXTURE> 71 1.406903e-02
<MEAN> 25
 6.218114e+00 4.613296e+00 3.824546e+00 2.545610e+00 -3.442546e+00 -3.275248e+00 -3.277177e+00 -5.745855e+00 -4.513608e+00 -1.767475e+00 -4.046531e+00 -2.851555e+00 -1.669238e+00 -7.757139e-01 3.272835e-02 -1.503884e+00 1.029864e+00 -1.489020e-01 -6.762223e-02 1.168825e+00 4.320591e-01 -3.405173e-01 4.863218e-01 2.806835e-01 4.193322e-02
<VARIANCE> 25
 1.761917e+01 2.341937e+01 2.337183e+01 4.111525e+01 3.752787e+01 3.731387e+01 3.673521e+01 3.848284e+01 3.308607e+01 4.022799e+01 3.753103e+01 3.037232e+01 1.620733e+00 2.664793e+00 4.984521e+00 4.723130e+00 4.207122e+00 4.158144e+00 4.173351e+00 5.653240e+00 3.836326e+00 3.583987e+00 3.664487e+00 2.874659e+00 1.328188e-03
<GCONST> 9.656445e+01
<MIXTURE> 72 8.134747e-03
<MEAN> 25
 3.328989e+00 -5.596873e+00 6.374703e+00 -4.483892e+00 -1.011516e+01 -8.375505e+00 -3.645336e+00 2.379920e+00 -6.252872e+00 -1.728920e+00 -1.075422e+00 8.607234e-01 1.017965e+00 -6.678798e-01 -2.489108e+00 6.183206e-01 2.276816e+00 -2.086182e-01 -1.182229e+00 1.167068e+00 1.640916e+00 -5.232282e-01 -1.183472e+00 3.029393e-01 -1.191529e-02
<VARIANCE> 25
 8.847562e+00 3.177492e+01 2.832181e+01 3.962985e+01 2.768102e+01 2.801009e+01 3.573238e+01 2.832946e+01 3.874886e+01 3.505304e+01 3.140695e+01 2.149424e+01 4.664625e-01 9.534135e-01 1.663757e+00 1.241980e+00 1.822172e+00 2.434032e+00 2.533931e+00 2.836056e+00 2.330422e+00 2.240794e+00 1.635563e+00 1.839576e+00 5.971369e-04
<GCONST> 8.461932e+01
<MIXTURE> 73 1.213625e-02
<MEAN> 25
 -4.693129e+00 -7.544509e-01 -1.449593e+00 4.721096e+00 3.860606e+00 1.880958e+00 5.135372e+00 3.589835e+00 4.199617e+00 3.091009e+00 3.799872e+00 2.766250e+00 6.707744e-01 -1.376224e+00 -7.858534e-01 -2.402222e+00 -1.182327e+00 -1.557179e+00 -1.124591e+00 -4.015202e-01 -6.960876e-01 -5.350522e-01 -8.731074e-01 -1.432410e-01 1.415718e-01
<VARIANCE> 25
 1.446678e+01 1.418473e+01 1.516742e+01 2.306647e+01 2.117585e+01 2.281167e+01 1.832226e+01 1.958926e+01 1.659818e+01 1.753052e+01 2.118823e+01 1.403803e+01 3.871820e+00 3.283538e+00 5.376379e+00 4.670827e+00 5.305664e+00 4.350427e+00 3.889375e+00 3.707673e+00 3.600365e+00 4.405845e+00 3.520817e+00 2.785908e+00 4.292458e-03
<GCONST> 9.173019e+01
<MIXTURE> 74 1.756491e-02
<MEAN> 25
 5.014777e+00 -3.909264e+00 6.232164e+00 -3.470479e+00 -9.407825e+00 -6.393685e+00 -4.074562e+00 5.268817e-01 -6.758829e+00 -1.642072e+00 7.310929e-01 -9.584791e-01 6.663139e-01 2.044727e+00 -1.661225e+00 1.752616e+00 1.313020e+00 5.828105e-01 9.134421e-01 -1.308463e+00 8.241308e-01 9.065980e-01 5.473685e-02 -2.240438e-01 -8.628087e-02
<VARIANCE> 25
 8.450450e+00 2.595693e+01 3.143904e+01 2.632156e+01 2.390272e+01 3.250732e+01 3.553150e+01 3.693464e+01 3.237873e+01 2.983908e+01 2.750718e+01 2.173265e+01 1.788385e+00 1.413008e+00 3.648736e+00 1.435010e+00 2.540930e+00 2.470782e+00 3.131986e+00 2.806335e+00 2.703261e+00 2.504942e+00 2.375000e+00 2.176760e+00 1.172904e-03
<GCONST> 8.855813e+01
<MIXTURE> 75 9.711651e-03
<MEAN> 25
 1.841985e+00 -2.227506e+00 1.176099e+01 -2.249807e+00 -1.222498e+01 -6.807761e+00 -5.294174e+00 -1.612870e-01 -6.195425e+00 -4.594818e+00 3.551226e+00 -1.375468e+00 2.111988e+00 -2.041377e+00 8.711597e-01 -5.274833e-01 -2.571480e+00 -1.032972e+00 -1.448376e+00 1.144654e+00 -1.193617e+00 -4.230143e-01 9.689521e-01 -6.909366e-01 4.647969e-02
<VARIANCE> 25
 9.939341e+00 2.100810e+01 3.081715e+01 3.702949e+01 2.042856e+01 3.839254e+01 2.100169e+01 2.425212e+01 2.196998e+01 2.134836e+01 1.759128e+01 1.728794e+01 2.694966e+00 2.026780e+00 3.525270e+00 1.989641e+00 2.480444e+00 3.468570e+00 2.871698e+00 2.396863e+00 3.617037e+00 2.383626e+00 2.651073e+00 2.032454e+00 1.216837e-03
<GCONST> 8.794806e+01
<MIXTURE> 76 1.052359e-02
<MEAN> 25
 -3.599034e+00 1.468009e-01 -2.546382e+00 3.613350e+00 3.892902e+00 1.757934e+00 3.331803e+00 1.506106e+00 2.204700e+00 1.186925e-01 7.489954e-02 8.598572e-01 -1.160157e-01 -5.876949e-01 -1.885844e-01 -6.671448e-01 -4.861343e-01 -9.262730e-01 -7.937358e-01 -4.256544e-01 -4.109910e-01 -4.509834e-01 -1.385523e-01 -2.120721e-02 1.490295e-02
<VARIANCE> 25
 2.830376e+01 1.806235e+01 1.863875e+01 2.175764e+01 1.991846e+01 2.454259e+01 2.116462e+01 1.746783e+01 1.805817e+01 1.687777e+01 2.117050e+01 1.677934e+01 1.205252e+00 1.234264e+00 1.422458e+00 9.678115e-01 1.288435e+00 2.071803e+00 1.497672e+00 1.402474e+00 1.403087e+00 1.706407e+00 1.643249e+00 1.423787e+00 1.187215e-03
<GCONST> 7.931380e+01
<MIXTURE> 77 1.244626e-02
<MEAN> 25
 -4.436283e-01 8.437337e+00 1.228781e+01 -1.132168e+01 -6.937991e+00 8.152275e-01 -9.170579e+00 -7.070454e+00 -3.329300e+00 -2.202202e-01 -4.587905e+00 -1.320311e+00 6.640980e-02 1.307431e-01 6.903472e-02 2.440278e-01 -1.563527e-02 7.385124e-02 -8.082392e-02 -6.277850e-02 7.243741e-02 -3.796023e-02 2.946164e-02 1.113706e-01 -9.667618e-03
<VARIANCE> 25
 1.020961e+01 2.100651e+01 2.915023e+01 4.479002e+01 3.298710e+01 3.385028e+01 3.636833e+01 3.209209e+01 3.550555e+01 3.260125e+01 3.715454e+01 3.565689e+01 2.961140e-01 7.716063e-01 6.421079e-01 1.072081e+00 1.219441e+00 9.800955e-01 1.276423e+00 1.065771e+00 1.027121e+00 1.046186e+00 9.674398e-01 9.158051e-01 5.429734e-04
<GCONST> 7.788175e+01
<MIXTURE> 78 9.702551e-03
<MEAN> 25
 -9.581409e+00 5.370631e-02 -2.230783e+00 2.174943e+00 3.529658e+00 -2.050612e+00 3.441402e+00 2.427463e+00 3.125468e+00 -5.082467e-01 -3.471610e-01 3.048135e+00 2.437396e+00 -1.364952e-01 -5.837769e-02 2.750238e-01 -2.170192e-01 1.026682e-01 -4.204742e-01 2.021042e-01 2.601000e-01 9.068783e-03 -8.083171e-01 -1.916351e-01 -4.642379e-02
<VARIANCE> 25
 3.909679e+01 3.025988e+01 2.648746e+01 2.769255e+01 3.334776e+01 2.872009e+01 2.855216e+01 2.547860e+01 2.967582e+01 2.891960e+01 2.345845e+01 1.856210e+01 4.326318e+00 2.112706e+00 2.359829e+00 2.662761e+00 2.460431e+00 3.060091e+00 3.077934e+00 3.426619e+00 2.443094e+00 2.236027e+00 3.098713e+00 2.073105e+00 3.860067e-03
<GCONST> 9.233218e+01
<MIXTURE> 79 1.156824e-02
<MEAN> 25
 2.144706e+00 -9.520670e-01 1.186448e+01 -8.144676e+00 -1.226793e+01 -2.766607e+00 -2.230417e+00 -5.102626e+00 -7.695421e+00 -7.210279e-02 -1.639184e+00 -3.544671e+00 1.244516e+00 -3.564285e-01 -1.671763e+00 2.156253e+00 3.099728e-01 -1.141453e+00 7.350124e-01 6.087461e-01 -1.553773e-01 -4.637366e-01 3.243325e-01 1.655528e-01 -4.160514e-02
<VARIANCE> 25
 1.070194e+01 3.227880e+01 4.704063e+01 4.309663e+01 2.734163e+01 3.835304e+01 3.230032e+01 3.430359e+01 3.187764e+01 3.346522e+01 4.502617e+01 2.462704e+01 1.538390e+00 2.787155e+00 1.617918e+00 1.614540e+00 2.083369e+00 2.608552e+00 2.406111e+00 3.220912e+00 2.528087e+00 2.206806e+00 1.845797e+00 1.864488e+00 1.098350e-03
<GCONST> 8.965265e+01
<MIXTURE> 80 7.550998e-03
<MEAN> 25
 -1.478596e+01 3.443090e+00 1.350565e+00 1.053016e+00 1.651624e+00 2.261029e+00 5.837337e+00 1.430494e+00 3.024925e+00 1.500144e+00 5.631302e+00 1.209875e+00 4.105810e+00 -9.117658e-02 1.813604e+00 -1.045820e+00 -3.122373e+00 -2.845099e+00 -2.303866e+00 -1.722214e+00 -2.035790e+00 -1.580746e+00 -1.395955e+00 -6.748560e-01 -3.330741e-02
<VARIANCE> 25
 1.854250e+01 1.824318e+01 3.123123e+01 4.198084e+01 2.788012e+01 2.755413e+01 2.670175e+01 2.911631e+01 2.277998e+01 2.841679e+01 2.630345e+01 1.588260e+01 2.221463e+00 2.236650e+00 2.431025e+00 3.669386e+00 3.165994e+00 2.719024e+00 2.646813e+00 3.014491e+00 2.396052e+00 2.509987e+00 2.745815e+00 1.970125e+00 1.804741e-03
<GCONST> 8.994325e+01
<MIXTURE> 81 8.025434e-03
<MEAN> 25
 -1.188487e+00 2.721910e+00 1.110698e+01 -1.472941e+01 -9.491836e+00 -2.187486e+00 -6.239623e+00 -8.252422e+00 -5.080630e+00 -1.744764e-01 -6.772723e+00 -2.513251e+00 2.220637e-01 -7.403545e-01 1.359672e-01 -6.212809e-01 -3.876733e-01 2.876577e-01 2.212972e-01 1.511214e-01 -2.521383e-01 2.643104e-01 -4.183455e-01 -8.449101e-03 1.357472e-02
<VARIANCE> 25
 9.118750e+00 4.021074e+01 2.873674e+01 2.633218e+01 3.047286e+01 3.126303e+01 4.155586e+01 2.594366e+01 3.870485e+01 2.870928e+01 2.599144e+01 2.820207e+01 7.843136e-01 2.395399e+00 1.578970e+00 2.623842e+00 2.427531e+00 1.899917e+00 2.976601e+00 2.054149e+00 2.190042e+00 2.494463e+00 2.105319e+00 1.944950e+00 1.141303e-03
<GCONST> 8.765640e+01
<MIXTURE> 82 8.213053e-03
<MEAN> 25
 -9.433274e+00 -3.453434e+00 1.930825e+00 -3.333968e+00 1.919350e+00 6.900917e-01 2.009746e+00 1.029602e-01 3.300890e+00 2.260745e+00 2.744673e+00 2.544788e+00 -1.396874e+00 -3.908946e-01 5.299828e-01 -2.458051e+00 -1.249110e+00 -7.372150e-01 -1.059015e+00 -8.766476e-01 -4.704599e-01 -3.669479e-01 -2.906344e-02 1.053397e-01 1.527658e-01
<VARIANCE> 25
 2.157853e+01 2.397936e+01 3.093414e+01 2.475127e+01 3.011138e+01 2.672021e+01 2.757285e+01 3.093992e+01 2.494452e+01 2.275648e+01 2.853845e+01 1.691872e+01 3.399876e+00 3.139958e+00 2.908785e+00 2.864892e+00 2.935808e+00 3.654269e+00 2.572978e+00 2.668577e+00 2.547308e+00 2.419173e+00 2.523696e+00 2.155951e+00 4.318189e-03
<GCONST> 9.165213e+01
<MIXTURE> 83 1.167529e-02
<MEAN> 25
 -1.903413e+01 5.399004e+00 3.493828e-02 -1.102516e+00 7.643844e+00 3.734207e-01 5.916775e+00 1.689378e+00 1.685046e+00 7.998551e-02 1.473569e+00 1.439614e+00 -5.589842e-02 -3.718102e-01 -1.294574e-02 -3.814150e-01 -3.677903e-01 -9.110004e-02 -2.344786e-01 -1.948983e-01 -1.769044e-01 1.587758e-01 1.820892e-01 8.878920e-02 6.360831e-03
<VARIANCE> 25
 8.415621e+00 1.277430e+01 2.718833e+01 1.811090e+01 2.069437e+01 2.623081e+01 2.026937e+01 2.623013e+01 1.944709e+01 2.658927e+01 2.161143e+01 1.836133e+01 8.354532e-01 8.114901e-01 1.068382e+00 9.682410e-01 1.557383e+00 1.188062e+00 1.094668e+00 1.590467e+00 1.332183e+00 1.864751e+00 1.532182e+00 1.258186e+00 7.025991e-04
<GCONST> 7.674886e+01
<MIXTURE> 84 1.066614e-02
<MEAN> 25
 9.763895e-01 8.578066e+00 6.695208e+00 7.282605e+00 2.373063e+00 -8.177170e-01 -1.173129e+00 -4.312881e+00 -3.698951e+00 -2.371051e+00 -1.736556e+00 -1.474318e+00 -1.645800e+00 -1.082045e+00 -1.246249e+00 1.294936e+00 2.268034e+00 1.530006e+00 1.509662e+00 1.188384e+00 1.117171e+00 3.127578e-01 3.127970e-01 4.694650e-01 -6.726487e-02
<VARIANCE> 25
 2.521515e+01 1.784591e+01 2.254504e+01 2.609483e+01 2.843707e+01 2.879988e+01 2.606241e+01 2.569199e+01 2.479468e+01 2.631392e+01 2.570712e+01 2.259601e+01 2.123069e+00 2.373084e+00 3.509329e+00 3.069308e+00 2.973632e+00 3.296117e+00 3.053520e+00 3.374396e+00 3.163064e+00 3.036805e+00 3.358261e+00 2.621262e+00 3.335628e-03
<GCONST> 9.183670e+01
<MIXTURE> 85 7.591393e-03
<MEAN> 25
 -4.178074e+00 6.743400e+00 5.884813e+00 -3.290644e-01 -3.697154e+00 -3.836733e+00 -2.559148e+00 -5.683667e+00 -3.382681e+00 -3.841324e+00 3.888611e-01 -1.343803e+00 3.907459e+00 -1.959815e-01 2.101198e+00 -1.899663e+00 -3.437006e+00 -2.830497e+00 -2.834267e+00 -1.703895e+00 -2.586300e+00 -1.154265e+00 -1.896698e+00 -7.336081e-01 1.858661e-02
<VARIANCE> 25
 3.756239e+01 2.202897e+01 3.494381e+01 3.935481e+01 3.165668e+01 4.436350e+01 2.597057e+01 2.444729e+01 2.382931e+01 2.350786e+01 2.648279e+01 1.676348e+01 2.322359e+00 3.940197e+00 3.677233e+00 4.338581e+00 3.937039e+00 3.299803e+00 3.356762e+00 4.194164e+00 3.286010e+00 3.377071e+00 4.006919e+00 3.132595e+00 4.404171e-03
<GCONST> 9.572030e+01
<MIXTURE> 86 1.273941e-02
<MEAN> 25
 -2.595868e+00 -3.305525e-01 -1.651154e+00 5.482637e+00 5.125670e+00 3.536832e+00 3.926536e+00 4.444919e+00 4.973379e+00 3.755945e+00 3.296051e+00 1.967356e+00 -5.652418e-03 -3.811502e-02 -1.449426e-02 -5.460443e-02 -5.702720e-02 -6.110065e-02 -1.799610e-01 -3.738398e-01 -2.966312e-01 -3.805009e-01 -3.324296e-01 -2.406791e-01 -2.718478e-03
<VARIANCE> 25
 8.610611e+00 5.623105e+00 6.881171e+00 9.854368e+00 1.010919e+01 1.255390e+01 1.416795e+01 1.353647e+01 1.216577e+01 1.592392e+01 1.493270e+01 1.066193e+01 1.239960e-01 2.420240e-01 3.370059e-01 3.815348e-01 4.926578e-01 6.100109e-01 6.761315e-01 8.067647e-01 7.098931e-01 8.664356e-01 8.617303e-01 7.900988e-01 6.909349e-05
<GCONST> 5.666383e+01
<MIXTURE> 87 1.100681e-02
<MEAN> 25
 -3.196300e+00 3.830019e+00 2.584233e+00 6.137351e+00 5.005998e+00 1.203885e+00 2.130001e+00 -7.174246e-01 2.636049e-01 -1.016550e+00 -9.810336e-01 -9.195074e-02 -1.877315e+00 -2.552320e+00 -1.690822e+00 -2.117032e+00 -1.303082e-01 -2.693904e-01 2.871377e-01 1.212579e+00 1.437461e+00 1.042871e+00 9.186524e-01 1.144852e+00 9.406694e-02
<VARIANCE> 25
 3.740976e+01 2.912886e+01 3.013606e+01 3.217806e+01 2.663267e+01 2.906432e+01 2.632436e+01 2.743069e+01 2.687998e+01 2.191183e+01 2.339937e+01 2.049709e+01 3.879841e+00 2.797656e+00 4.342169e+00 3.384843e+00 4.441006e+00 4.213531e+00 4.273563e+00 3.373498e+00 3.110230e+00 3.374407e+00 3.277273e+00 2.753065e+00 4.664890e-03
<GCONST> 9.545560e+01
<MIXTURE> 88 1.256585e-02
<MEAN> 25
 -1.767420e+00 4.222783e-01 -2.258008e+00 4.905964e+00 4.271401e+00 2.777776e+00 3.535821e+00 2.540355e+00 3.646510e+00 7.846217e-01 4.139937e-01 1.910106e+00 9.976467e-02 1.987329e-01 -1.452049e-01 2.524300e-01 4.049599e-01 2.847321e-01 -2.300174e-01 -2.165852e-01 -3.173141e-01 -3.082073e-01 -8.126076e-02 -3.029810e-01 -1.156766e-02
<VARIANCE> 25
 1.028917e+01 1.087248e+01 8.510380e+00 1.058833e+01 1.436503e+01 1.702023e+01 1.341925e+01 1.265501e+01 1.505586e+01 1.435049e+01 1.598879e+01 1.491809e+01 1.218354e+00 1.585023e+00 1.860192e+00 1.704931e+00 1.717222e+00 3.474465e+00 1.990701e+00 1.968303e+00 2.013464e+00 2.631485e+00 1.768448e+00 1.735042e+00 1.422532e-03
<GCONST> 7.784659e+01
<MIXTURE> 89 9.333527e-03
<MEAN> 25
 6.417615e+00 -6.315431e+00 -3.770936e+00 -3.881700e+00 -3.673246e-01 -5.102493e+00 -7.021776e+00 3.695834e+00 2.659607e+00 -1.965290e+00 -5.520138e+00 -1.731273e+00 -8.550796e-01 1.807660e-01 1.913279e+00 1.003794e+00 -1.725063e+00 -1.618599e+00 1.256519e+00 1.355720e+00 -5.591000e-01 -1.131331e+00 7.195896e-02 1.754317e+00 -8.051248e-03
<VARIANCE> 25
 9.119891e+00 2.461819e+01 2.656901e+01 2.603601e+01 3.734688e+01 3.468828e+01 5.039365e+01 3.395381e+01 3.413671e+01 3.653947e+01 2.999734e+01 3.375360e+01 5.613325e-01 6.764082e-01 1.214964e+00 1.193586e+00 1.610305e+00 1.986830e+00 2.735380e+00 1.722637e+00 2.362103e+00 1.888994e+00 2.419778e+00 1.394932e+00 3.699471e-04
<GCONST> 8.348692e+01
<MIXTURE> 90 7.114505e-03
<MEAN> 25
 2.428356e+00 -9.707695e+00 -4.730769e+00 -3.918203e+00 -3.384057e+00 -1.806986e+00 3.353849e+00 1.171399e+00 -7.484742e+00 -1.020645e+01 -3.426404e+00 -7.454214e-01 -1.640819e-01 9.097359e-01 1.171514e+00 -8.640598e-01 -1.607943e+00 -2.083479e-01 6.374019e-01 -2.161421e-01 -1.630233e-01 7.364998e-01 1.704638e-01 -5.468482e-01 -1.124196e-02
<VARIANCE> 25
 8.609547e+00 1.780449e+01 1.985858e+01 2.878114e+01 3.669350e+01 3.209882e+01 3.845723e+01 3.625212e+01 3.552562e+01 2.766330e+01 2.687156e+01 2.602055e+01 2.238429e-01 6.118497e-01 7.909805e-01 1.067487e+00 1.468922e+00 1.591833e+00 1.788744e+00 1.665788e+00 1.815981e+00 1.671719e+00 1.535218e+00 1.304618e+00 2.169840e-04
<GCONST> 7.823273e+01
<MIXTURE> 91 7.852945e-03
<MEAN> 25
 7.009410e+00 -7.093640e+00 -8.974261e+00 -4.917362e+00 3.967560e+00 -2.573480e-01 -2.923820e+00 -4.999733e-01 -5.852242e-02 -1.189736e+00 -4.280496e+00 -4.000386e+00 3.056308e-01 1.090304e+00 3.276128e-01 6.552949e-01 -2.829730e-01 -5.784106e-01 -1.613580e-01 -2.317698e-01 -1.197014e-01 4.283966e-01 5.236632e-02 1.009218e-01 -3.773744e-02
<VARIANCE> 25
 1.138903e+01 2.233770e+01 2.272796e+01 3.635768e+01 3.069396e+01 4.394876e+01 4.516420e+01 3.649655e+01 4.641652e+01 5.861470e+01 3.465147e+01 3.611157e+01 4.155118e-01 8.259011e-01 1.130808e+00 1.347176e+00 2.184378e+00 1.934104e+00 2.027609e+00 2.195829e+00 2.143292e+00 2.004154e+00 2.068574e+00 1.484884e+00 5.599011e-04
<GCONST> 8.523591e+01
<MIXTURE> 92 7.852945e-03
<MEAN> 25
 7.009410e+00 -7.093640e+00 -8.974261e+00 -4.917362e+00 3.967560e+00 -2.573480e-01 -2.923820e+00 -4.999733e-01 -5.852242e-02 -1.189736e+00 -4.280496e+00 -4.000386e+00 3.056308e-01 1.090304e+00 3.276128e-01 6.552949e-01 -2.829730e-01 -5.784106e-01 -1.613580e-01 -2.317698e-01 -1.197014e-01 4.283966e-01 5.236632e-02 1.009218e-01 -3.773744e-02
<VARIANCE> 25
 1.138903e+01 2.233770e+01 2.272796e+01 3.635768e+01 3.069396e+01 4.394876e+01 4.516420e+01 3.649655e+01 4.641652e+01 5.861470e+01 3.465147e+01 3.611157e+01 4.155118e-01 8.259011e-01 1.130808e+00 1.347176e+00 2.184378e+00 1.934104e+00 2.027609e+00 2.195829e+00 2.143292e+00 2.004154e+00 2.068574e+00 1.484884e+00 5.599011e-04
<GCONST> 8.523591e+01
<MIXTURE> 93 6.122769e-03
<MEAN> 25
 -6.642894e+00 -8.662118e-01 -2.452422e+00 5.758141e+00 5.915081e+00 3.863512e+00 6.062150e+00 3.558002e+00 4.077679e+00 2.473219e+00 1.792593e+00 3.587179e+00 -6.429270e-02 -1.521839e-01 -2.493250e-01 -3.408632e-01 -3.383107e-01 -2.905719e-01 -2.152582e-01 -1.690424e-01 -1.601415e-01 -1.425616e-01 -1.273690e-01 -3.271184e-02 1.350948e-05
<VARIANCE> 25
 1.019562e+01 6.262163e+00 8.144946e+00 1.120451e+01 1.122034e+01 1.583710e+01 1.518502e+01 1.646743e+01 1.511554e+01 1.450779e+01 1.681988e+01 1.384579e+01 8.450951e-02 1.569283e-01 2.641065e-01 3.807842e-01 4.977012e-01 6.420630e-01 8.122687e-01 8.739062e-01 9.055664e-01 8.721416e-01 9.075181e-01 9.230452e-01 1.045088e-06
<GCONST> 5.387201e+01
<MIXTURE> 94 6.122769e-03
<MEAN> 25
 -6.642894e+00 -8.662118e-01 -2.452422e+00 5.758141e+00 5.915081e+00 3.863512e+00 6.062150e+00 3.558002e+00 4.077679e+00 2.473219e+00 1.792593e+00 3.587179e+00 -6.429270e-02 -1.521839e-01 -2.493250e-01 -3.408632e-01 -3.383107e-01 -2.905719e-01 -2.152582e-01 -1.690424e-01 -1.601415e-01 -1.425616e-01 -1.273690e-01 -3.271184e-02 1.350948e-05
<VARIANCE> 25
 1.019562e+01 6.262163e+00 8.144946e+00 1.120451e+01 1.122034e+01 1.583710e+01 1.518502e+01 1.646743e+01 1.511554e+01 1.450779e+01 1.681988e+01 1.384579e+01 8.450951e-02 1.569283e-01 2.641065e-01 3.807842e-01 4.977012e-01 6.420630e-01 8.122687e-01 8.739062e-01 9.055664e-01 8.721416e-01 9.075181e-01 9.230452e-01 1.045088e-06
<GCONST> 5.387201e+01
<MIXTURE> 95 5.258835e-03
<MEAN> 25
 -3.631179e+00 9.257224e-01 -2.471024e+00 4.853463e+00 3.675730e+00 2.341519e+00 3.248084e+00 1.811162e+00 3.145395e+00 4.040000e-01 -2.237750e-01 1.344186e+00 7.949494e-02 -3.124094e-02 9.556045e-02 -6.267574e-03 -3.188228e-01 -8.339418e-01 -1.289437e+00 -1.316442e+00 -1.424223e+00 -1.117210e+00 -6.393917e-01 -2.606786e-01 -3.820915e-03
<VARIANCE> 25
 1.461920e+01 8.046521e+00 7.577355e+00 9.814958e+00 1.134963e+01 1.290336e+01 1.398487e+01 1.576571e+01 1.386610e+01 9.977350e+00 1.720605e+01 1.377327e+01 1.778172e-01 2.365072e-01 4.953653e-01 4.468361e-01 7.161605e-01 1.133653e+00 9.186866e-01 6.675206e-01 1.105561e+00 1.285895e+00 1.025459e+00 8.317716e-01 8.065953e-05
<GCONST> 6.119708e+01
<MIXTURE> 96 7.034694e-03
<MEAN> 25
 -3.530608e+00 6.545561e-02 -2.621656e+00 4.772448e+00 3.752700e+00 1.683598e+00 3.034534e+00 2.239551e+00 2.328652e+00 4.014392e-01 4.966987e-01 2.542465e+00 -1.042244e-02 1.280397e-01 2.223757e-01 3.145384e-01 4.538572e-01 4.718825e-01 2.205373e-01 -1.587698e-01 -6.042438e-01 -6.409997e-01 -6.977528e-01 -3.588516e-01 -6.239946e-05
<VARIANCE> 25
 1.248982e+01 9.399240e+00 1.063123e+01 1.295569e+01 1.410792e+01 1.607640e+01 1.646126e+01 1.817615e+01 1.541554e+01 1.406918e+01 1.655080e+01 1.563873e+01 1.150984e-01 2.119045e-01 2.592587e-01 4.011527e-01 4.081565e-01 6.350923e-01 7.583227e-01 9.432184e-01 1.005847e+00 8.488782e-01 1.047911e+00 9.885556e-01 1.523587e-06
<GCONST> 5.651926e+01
<MIXTURE> 97 7.034694e-03
<MEAN> 25
 -3.530608e+00 6.545561e-02 -2.621656e+00 4.772448e+00 3.752700e+00 1.683598e+00 3.034534e+00 2.239551e+00 2.328652e+00 4.014392e-01 4.966987e-01 2.542465e+00 -1.042244e-02 1.280397e-01 2.223757e-01 3.145384e-01 4.538572e-01 4.718825e-01 2.205373e-01 -1.587698e-01 -6.042438e-01 -6.409997e-01 -6.977528e-01 -3.588516e-01 -6.239946e-05
<VARIANCE> 25
 1.248982e+01 9.399240e+00 1.063123e+01 1.295569e+01 1.410792e+01 1.607640e+01 1.646126e+01 1.817615e+01 1.541554e+01 1.406918e+01 1.655080e+01 1.563873e+01 1.150984e-01 2.119045e-01 2.592587e-01 4.011527e-01 4.081565e-01 6.350923e-01 7.583227e-01 9.432184e-01 1.005847e+00 8.488782e-01 1.047911e+00 9.885556e-01 1.523587e-06
<GCONST> 5.651926e+01
<MIXTURE> 98 9.917808e-03
<MEAN> 25
 -9.339978e-01 1.174138e+00 -1.036981e+00 3.846890e+00 2.910441e+00 1.513476e+00 2.858326e+00 1.831391e+00 2.253367e+00 3.463262e-01 -8.111555e-02 5.468346e-01 -1.594015e+00 -1.083467e+00 -5.723684e-01 3.399341e-01 5.564027e-01 1.086803e+00 1.020200e+00 9.281679e-01 1.426001e+00 1.039897e+00 1.082298e+00 7.151237e-01 -1.845051e-02
<VARIANCE> 25
 1.360944e+01 1.647334e+01 2.350694e+01 2.241651e+01 2.796573e+01 3.201862e+01 2.159963e+01 2.350148e+01 2.133969e+01 2.571107e+01 2.235830e+01 1.666225e+01 1.425835e+00 1.359239e+00 2.374766e+00 2.238159e+00 2.457470e+00 2.453779e+00 2.527802e+00 1.991898e+00 2.057713e+00 3.125963e+00 2.784164e+00 2.127547e+00 2.121529e-03
<GCONST> 8.611148e+01
<MIXTURE> 99 6.696178e-03
<MEAN> 25
 -6.315049e+00 8.105733e+00 5.550263e+00 2.955048e+00 6.476643e-01 -4.541395e+00 -1.919804e+00 -4.103605e+00 -2.978863e+00 -3.546145e+00 -9.493899e-01 9.566514e-01 4.817047e-01 -6.078131e-01 1.311829e-01 -4.527191e-01 -9.183298e-01 -5.475968e-01 -4.191582e-01 -2.098857e-01 -8.324419e-02 -4.534538e-02 2.531553e-01 2.156875e-01 1.261530e-02
<VARIANCE> 25
 3.792709e+01 2.738258e+01 4.211471e+01 2.566837e+01 3.260080e+01 3.328863e+01 2.592907e+01 2.494587e+01 2.418932e+01 2.587432e+01 1.833879e+01 2.896015e+01 2.127631e+00 1.888975e+00 1.278035e+00 1.391652e+00 2.502863e+00 1.979874e+00 1.684045e+00 1.671805e+00 1.501311e+00 1.558171e+00 1.445846e+00 1.283975e+00 1.269571e-03
<GCONST> 8.545575e+01
<MIXTURE> 100 4.498084e-03
<MEAN> 25
 -2.231455e+00 5.469842e+00 1.086331e+01 -7.879391e+00 -1.054587e+01 -5.183995e+00 -3.968131e+00 -9.517684e+00 -5.247644e+00 -9.481822e-01 -2.287208e+00 -2.664101e+00 2.971123e+00 -1.601389e+00 1.692322e+00 -2.013872e+00 -3.432930e+00 -1.044161e+00 -1.201124e+00 -4.636303e-01 -1.834465e+00 2.041332e-01 -1.707338e+00 -6.555246e-01 8.385151e-03
<VARIANCE> 25
 1.435677e+01 2.253839e+01 2.090421e+01 2.286566e+01 2.259192e+01 2.157598e+01 2.866955e+01 2.061501e+01 2.449226e+01 1.977373e+01 1.966943e+01 1.825356e+01 1.600558e+00 3.734809e+00 3.000364e+00 3.743021e+00 3.537394e+00 4.106560e+00 3.334632e+00 4.021450e+00 3.963542e+00 3.351592e+00 3.519259e+00 3.285552e+00 1.576158e-03
<GCONST> 9.059335e+01
<MIXTURE> 101 6.007792e-03
<MEAN> 25
 8.185963e+00 -3.699101e+00 -6.589473e+00 -6.649459e+00 1.076297e+00 -1.197231e+00 -1.034033e+01 -2.277251e+00 1.132077e+00 2.709824e+00 -2.327380e+00 -4.863800e+00 7.066514e-01 6.181051e-01 -1.457403e+00 -1.458810e+00 9.623105e-01 2.164999e+00 2.062458e-01 -1.433102e+00 -1.071384e+00 1.077366e+00 1.421448e+00 -4.500319e-01 -4.834196e-03
<VARIANCE> 25
 8.925411e+00 1.676690e+01 3.134511e+01 4.110714e+01 3.683164e+01 3.439876e+01 3.579672e+01 3.485536e+01 3.896960e+01 4.137033e+01 4.908165e+01 2.383516e+01 2.990974e-01 6.698537e-01 1.120438e+00 1.819223e+00 1.672037e+00 2.312172e+00 2.006698e+00 1.938151e+00 2.278466e+00 2.131871e+00 1.860974e+00 1.836196e+00 3.344046e-04
<GCONST> 8.346096e+01
<MIXTURE> 102 6.007792e-03
<MEAN> 25
 8.185963e+00 -3.699101e+00 -6.589473e+00 -6.649459e+00 1.076297e+00 -1.197231e+00 -1.034033e+01 -2.277251e+00 1.132077e+00 2.709824e+00 -2.327380e+00 -4.863800e+00 7.066514e-01 6.181051e-01 -1.457403e+00 -1.458810e+00 9.623105e-01 2.164999e+00 2.062458e-01 -1.433102e+00 -1.071384e+00 1.077366e+00 1.421448e+00 -4.500319e-01 -4.834196e-03
<VARIANCE> 25
 8.925411e+00 1.676690e+01 3.134511e+01 4.110714e+01 3.683164e+01 3.439876e+01 3.579672e+01 3.485536e+01 3.896960e+01 4.137033e+01 4.908165e+01 2.383516e+01 2.990974e-01 6.698537e-01 1.120438e+00 1.819223e+00 1.672037e+00 2.312172e+00 2.006698e+00 1.938151e+00 2.278466e+00 2.131871e+00 1.860974e+00 1.836196e+00 3.344046e-04
<GCONST> 8.346096e+01
<MIXTURE> 103 5.694618e-03
<MEAN> 25
 3.327400e+00 -9.378792e+00 -6.116428e+00 -2.850381e+00 -1.316930e+00 -2.077602e+00 2.353348e+00 2.505340e+00 -4.449301e+00 -9.190150e+00 -4.987061e+00 4.260655e-01 -1.570408e-01 -1.487278e+00 -9.377915e-01 3.721783e-01 1.164445e+00 9.460661e-01 1.356931e-01 -2.424574e-01 -7.537832e-01 -9.099198e-01 -1.154401e-02 1.692549e-01 2.766965e-02
<VARIANCE> 25
 1.019252e+01 2.045939e+01 2.234469e+01 3.321910e+01 4.697662e+01 3.523128e+01 4.558942e+01 3.613872e+01 4.214241e+01 2.913676e+01 2.949830e+01 2.598781e+01 6.314979e-01 1.222360e+00 1.571553e+00 1.915591e+00 2.965086e+00 2.613145e+00 2.852402e+00 2.535596e+00 2.532701e+00 2.561556e+00 2.084437e+00 2.076998e+00 8.155464e-04
<GCONST> 8.756331e+01
<MIXTURE> 104 5.694618e-03
<MEAN> 25
 3.327400e+00 -9.378792e+00 -6.116428e+00 -2.850381e+00 -1.316930e+00 -2.077602e+00 2.353348e+00 2.505340e+00 -4.449301e+00 -9.190150e+00 -4.987061e+00 4.260655e-01 -1.570408e-01 -1.487278e+00 -9.377915e-01 3.721783e-01 1.164445e+00 9.460661e-01 1.356931e-01 -2.424574e-01 -7.537832e-01 -9.099198e-01 -1.154401e-02 1.692549e-01 2.766965e-02
<VARIANCE> 25
 1.019252e+01 2.045939e+01 2.234469e+01 3.321910e+01 4.697662e+01 3.523128e+01 4.558942e+01 3.613872e+01 4.214241e+01 2.913676e+01 2.949830e+01 2.598781e+01 6.314979e-01 1.222360e+00 1.571553e+00 1.915591e+00 2.965086e+00 2.613145e+00 2.852402e+00 2.535596e+00 2.532701e+00 2.561556e+00 2.084437e+00 2.076998e+00 8.155464e-04
<GCONST> 8.756331e+01
<MIXTURE> 105 4.710235e-03
<MEAN> 25
 2.153675e+00 -2.009013e+00 1.013338e+01 -3.849547e+00 -1.154240e+01 -4.815369e+00 -4.491882e+00 -7.126653e-01 -4.691761e+00 -2.998476e+00 1.517535e+00 -1.395768e+00 3.696480e-02 2.540786e-02 8.480722e-02 -1.296887e-01 3.682502e-02 6.530392e-03 -4.005074e-03 7.306757e-02 -1.291097e-01 1.036146e-01 2.021168e-02 -3.551731e-02 -3.193511e-03
<VARIANCE> 25
 1.228105e+01 2.843035e+01 4.744171e+01 5.182557e+01 3.500512e+01 4.888982e+01 3.802310e+01 3.988716e+01 4.254597e+01 3.921371e+01 3.796628e+01 2.850349e+01 9.026185e-02 1.803743e-01 3.264537e-01 3.660691e-01 3.554077e-01 4.012647e-01 4.878711e-01 4.520451e-01 5.972592e-01 4.585435e-01 3.992119e-01 4.079459e-01 9.627949e-05
<GCONST> 6.672577e+01
<MIXTURE> 106 4.710235e-03
<MEAN> 25
 2.153675e+00 -2.009013e+00 1.013338e+01 -3.849547e+00 -1.154240e+01 -4.815369e+00 -4.491882e+00 -7.126653e-01 -4.691761e+00 -2.998476e+00 1.517535e+00 -1.395768e+00 3.696480e-02 2.540786e-02 8.480722e-02 -1.296887e-01 3.682502e-02 6.530392e-03 -4.005074e-03 7.306757e-02 -1.291097e-01 1.036146e-01 2.021168e-02 -3.551731e-02 -3.193511e-03
<VARIANCE> 25
 1.228105e+01 2.843035e+01 4.744171e+01 5.182557e+01 3.500512e+01 4.888982e+01 3.802310e+01 3.988716e+01 4.254597e+01 3.921371e+01 3.796628e+01 2.850349e+01 9.026185e-02 1.803743e-01 3.264537e-01 3.660691e-01 3.554077e-01 4.012647e-01 4.878711e-01 4.520451e-01 5.972592e-01 4.585435e-01 3.992119e-01 4.079459e-01 9.627949e-05
<GCONST> 6.672577e+01
<MIXTURE> 107 5.452374e-03
<MEAN> 25
 8.822697e+00 -2.058703e+00 -7.616050e+00 -8.712789e+00 1.982547e+00 2.228456e+00 -8.395262e+00 -4.515780e+00 -1.157073e+00 3.580224e+00 7.374828e-01 -4.292695e+00 -6.866436e-01 -6.873302e-01 8.014434e-01 1.453922e+00 3.084012e-01 -1.792663e+00 -8.548751e-01 9.484823e-01 1.712530e+00 -6.046985e-02 -1.740156e+00 -4.610658e-01 -1.370472e-03
<VARIANCE> 25
 8.517177e+00 1.991467e+01 2.679829e+01 4.343877e+01 3.845474e+01 3.747716e+01 4.871570e+01 3.403130e+01 4.063702e+01 3.667963e+01 4.496625e+01 3.105915e+01 3.804739e-01 8.930902e-01 1.351870e+00 2.850197e+00 2.109015e+00 2.665845e+00 2.341033e+00 2.467567e+00 2.174158e+00 2.734627e+00 1.828563e+00 2.738212e+00 6.362298e-04
<GCONST> 8.715893e+01
<MIXTURE> 108 5.452374e-03
<MEAN> 25
 8.822697e+00 -2.058703e+00 -7.616050e+00 -8.712789e+00 1.982547e+00 2.228456e+00 -8.395262e+00 -4.515780e+00 -1.157073e+00 3.580224e+00 7.374828e-01 -4.292695e+00 -6.866436e-01 -6.873302e-01 8.014434e-01 1.453922e+00 3.084012e-01 -1.792663e+00 -8.548751e-01 9.484823e-01 1.712530e+00 -6.046985e-02 -1.740156e+00 -4.610658e-01 -1.370472e-03
<VARIANCE> 25
 8.517177e+00 1.991467e+01 2.679829e+01 4.343877e+01 3.845474e+01 3.747716e+01 4.871570e+01 3.403130e+01 4.063702e+01 3.667963e+01 4.496625e+01 3.105915e+01 3.804739e-01 8.930902e-01 1.351870e+00 2.850197e+00 2.109015e+00 2.665845e+00 2.341033e+00 2.467567e+00 2.174158e+00 2.734627e+00 1.828563e+00 2.738212e+00 6.362298e-04
<GCONST> 8.715893e+01
<MIXTURE> 109 6.661064e-03
<MEAN> 25
 4.097851e+00 -1.039931e+01 -8.239654e+00 -1.475189e+00 2.812340e+00 -2.389304e-02 -2.428389e-01 1.350284e+00 -2.539197e+00 -8.091274e+00 -5.366425e+00 4.248207e-02 -2.617868e-02 -1.299210e-01 -2.084556e-02 2.341879e-01 2.120249e-01 9.905674e-02 -1.224801e-01 -1.050756e-01 -8.071822e-02 -1.201202e-01 2.266493e-01 4.915008e-03 -3.670142e-03
<VARIANCE> 25
 9.125734e+00 1.973874e+01 1.979891e+01 3.231937e+01 4.017060e+01 3.607737e+01 4.751478e+01 3.398991e+01 4.559792e+01 3.700122e+01 2.904333e+01 2.754401e+01 1.922456e-01 4.227925e-01 5.646003e-01 6.477087e-01 1.216630e+00 9.878684e-01 1.236558e+00 1.086135e+00 1.189012e+00 9.643372e-01 8.834298e-01 8.693878e-01 1.810931e-04
<GCONST> 7.460262e+01
<MIXTURE> 110 6.661064e-03
<MEAN> 25
 4.097851e+00 -1.039931e+01 -8.239654e+00 -1.475189e+00 2.812340e+00 -2.389304e-02 -2.428389e-01 1.350284e+00 -2.539197e+00 -8.091274e+00 -5.366425e+00 4.248207e-02 -2.617868e-02 -1.299210e-01 -2.084556e-02 2.341879e-01 2.120249e-01 9.905674e-02 -1.224801e-01 -1.050756e-01 -8.071822e-02 -1.201202e-01 2.266493e-01 4.915008e-03 -3.670142e-03
<VARIANCE> 25
 9.125734e+00 1.973874e+01 1.979891e+01 3.231937e+01 4.017060e+01 3.607737e+01 4.751478e+01 3.398991e+01 4.559792e+01 3.700122e+01 2.904333e+01 2.754401e+01 1.922456e-01 4.227925e-01 5.646003e-01 6.477087e-01 1.216630e+00 9.878684e-01 1.236558e+00 1.086135e+00 1.189012e+00 9.643372e-01 8.834298e-01 8.693878e-01 1.810931e-04
<GCONST> 7.460262e+01
<MIXTURE> 111 4.337247e-03
<MEAN> 25
 -2.522759e+00 -3.764934e-02 -2.267599e+00 2.231112e+00 2.007915e+00 1.303965e+00 -1.315406e-01 -1.904816e-01 1.009575e+00 -5.890674e-01 -1.002521e+00 1.157206e+00 -4.614833e-02 -9.279688e-02 -2.269595e-02 -1.036626e-02 -1.031034e-01 -1.027959e-02 3.959789e-02 -6.323786e-02 -1.232619e-01 -3.019890e-01 -2.105100e-01 -1.537134e-01 -6.569999e-04
<VARIANCE> 25
 7.797259e+00 5.849543e+00 8.271433e+00 9.129827e+00 1.242371e+01 2.274666e+01 1.453055e+01 1.187660e+01 1.063238e+01 9.197402e+00 1.157660e+01 1.053827e+01 7.518427e-02 1.978125e-01 3.463073e-01 4.446993e-01 5.507259e-01 8.486787e-01 7.305013e-01 8.177184e-01 8.387926e-01 7.970567e-01 1.033370e+00 8.745440e-01 3.506506e-05
<GCONST> 5.615602e+01
<MIXTURE> 112 4.337247e-03
<MEAN> 25
 -2.522759e+00 -3.764934e-02 -2.267599e+00 2.231112e+00 2.007915e+00 1.303965e+00 -1.315406e-01 -1.904816e-01 1.009575e+00 -5.890674e-01 -1.002521e+00 1.157206e+00 -4.614833e-02 -9.279688e-02 -2.269595e-02 -1.036626e-02 -1.031034e-01 -1.027959e-02 3.959789e-02 -6.323786e-02 -1.232619e-01 -3.019890e-01 -2.105100e-01 -1.537134e-01 -6.569999e-04
<VARIANCE> 25
 7.797259e+00 5.849543e+00 8.271433e+00 9.129827e+00 1.242371e+01 2.274666e+01 1.453055e+01 1.187660e+01 1.063238e+01 9.197402e+00 1.157660e+01 1.053827e+01 7.518427e-02 1.978125e-01 3.463073e-01 4.446993e-01 5.507259e-01 8.486787e-01 7.305013e-01 8.177184e-01 8.387926e-01 7.970567e-01 1.033370e+00 8.745440e-01 3.506506e-05
<GCONST> 5.615602e+01
<MIXTURE> 113 5.938666e-03
<MEAN> 25
 1.002207e+01 1.529231e+00 -8.721037e+00 -1.628965e+01 -1.174852e+00 5.329354e+00 -4.881443e+00 -1.297042e+00 -5.761859e+00 -4.253087e-01 5.285430e-01 -3.643603e-01 -6.272324e-03 9.213117e-02 -9.756570e-02 -1.902587e-01 1.830801e-02 1.205418e-01 6.146979e-02 2.770700e-02 -9.388924e-02 -1.177916e-01 1.256138e-01 4.192630e-02 -2.201922e-03
<VARIANCE> 25
 8.087873e+00 1.632121e+01 2.791295e+01 3.693055e+01 4.784227e+01 3.197571e+01 3.886830e+01 3.889360e+01 3.394046e+01 4.255114e+01 3.374939e+01 2.596959e+01 1.175169e-01 3.410565e-01 3.190401e-01 6.557577e-01 6.297648e-01 6.150846e-01 7.136605e-01 8.654374e-01 9.375604e-01 9.019385e-01 7.302492e-01 6.622132e-01 1.210372e-04
<GCONST> 7.034778e+01
<MIXTURE> 114 5.938666e-03
<MEAN> 25
 1.002207e+01 1.529231e+00 -8.721037e+00 -1.628965e+01 -1.174852e+00 5.329354e+00 -4.881443e+00 -1.297042e+00 -5.761859e+00 -4.253087e-01 5.285430e-01 -3.643603e-01 -6.272324e-03 9.213117e-02 -9.756570e-02 -1.902587e-01 1.830801e-02 1.205418e-01 6.146979e-02 2.770700e-02 -9.388924e-02 -1.177916e-01 1.256138e-01 4.192630e-02 -2.201922e-03
<VARIANCE> 25
 8.087873e+00 1.632121e+01 2.791295e+01 3.693055e+01 4.784227e+01 3.197571e+01 3.886830e+01 3.889360e+01 3.394046e+01 4.255114e+01 3.374939e+01 2.596959e+01 1.175169e-01 3.410565e-01 3.190401e-01 6.557577e-01 6.297648e-01 6.150846e-01 7.136605e-01 8.654374e-01 9.375604e-01 9.019385e-01 7.302492e-01 6.622132e-01 1.210372e-04
<GCONST> 7.034778e+01
<MIXTURE> 115 2.935202e-03
<MEAN> 25
 -3.563538e+00 -2.501943e-01 -3.142162e+00 3.755595e+00 2.606930e+00 -4.269948e-01 2.061484e+00 1.531495e-01 1.280039e+00 4.288549e-02 1.198048e-01 2.222366e+00 -6.624702e-04 -1.188751e-01 -2.236520e-01 -4.507278e-01 -5.872475e-01 -6.283242e-01 -5.378698e-01 -4.373907e-01 -4.398031e-01 -4.957481e-01 -4.100332e-01 -1.826909e-01 1.400979e-04
<VARIANCE> 25
 1.144116e+01 1.022985e+01 1.194835e+01 1.132292e+01 1.379498e+01 1.724419e+01 1.589545e+01 2.077717e+01 1.891775e+01 1.590598e+01 1.832332e+01 1.422962e+01 1.858575e-01 3.407285e-01 4.662336e-01 5.231667e-01 6.131309e-01 7.556735e-01 1.035970e+00 1.062535e+00 1.017135e+00 9.373513e-01 1.056824e+00 1.008203e+00 1.162453e-06
<GCONST> 5.966591e+01
<MIXTURE> 116 2.935202e-03
<MEAN> 25
 -3.563538e+00 -2.501943e-01 -3.142162e+00 3.755595e+00 2.606930e+00 -4.269948e-01 2.061484e+00 1.531495e-01 1.280039e+00 4.288549e-02 1.198048e-01 2.222366e+00 -6.624702e-04 -1.188751e-01 -2.236520e-01 -4.507278e-01 -5.872475e-01 -6.283242e-01 -5.378698e-01 -4.373907e-01 -4.398031e-01 -4.957481e-01 -4.100332e-01 -1.826909e-01 1.400979e-04
<VARIANCE> 25
 1.144116e+01 1.022985e+01 1.194835e+01 1.132292e+01 1.379498e+01 1.724419e+01 1.589545e+01 2.077717e+01 1.891775e+01 1.590598e+01 1.832332e+01 1.422962e+01 1.858575e-01 3.407285e-01 4.662336e-01 5.231667e-01 6.131309e-01 7.556735e-01 1.035970e+00 1.062535e+00 1.017135e+00 9.373513e-01 1.056824e+00 1.008203e+00 1.162453e-06
<GCONST> 5.966591e+01
<MIXTURE> 117 6.506003e-03
<MEAN> 25
 -4.608715e+00 1.130694e+00 1.018393e+00 9.720268e+00 6.257063e+00 6.224874e+00 6.447991e+00 5.025739e+00 6.387485e+00 4.923734e+00 6.345594e+00 2.686317e+00 -7.670074e-02 -2.334822e-01 -3.546633e-01 -4.219247e-01 -3.705072e-01 -3.014248e-01 -2.908225e-01 -3.292189e-01 -3.871624e-01 -3.681712e-01 -2.649143e-01 -1.165426e-01 -6.313821e-06
<VARIANCE> 25
 7.338421e+00 8.729697e+00 9.963509e+00 1.445964e+01 1.552726e+01 1.544173e+01 1.769030e+01 1.791506e+01 1.635588e+01 1.631456e+01 1.679166e+01 1.484492e+01 2.165237e-01 3.072385e-01 4.262898e-01 6.151677e-01 8.544853e-01 1.052411e+00 1.174492e+00 1.227060e+00 1.221774e+00 1.189347e+00 1.161351e+00 1.109008e+00 1.012681e-06
<GCONST> 6.045502e+01
<MIXTURE> 118 6.506003e-03
<MEAN> 25
 -4.608715e+00 1.130694e+00 1.018393e+00 9.720268e+00 6.257063e+00 6.224874e+00 6.447991e+00 5.025739e+00 6.387485e+00 4.923734e+00 6.345594e+00 2.686317e+00 -7.670074e-02 -2.334822e-01 -3.546633e-01 -4.219247e-01 -3.705072e-01 -3.014248e-01 -2.908225e-01 -3.292189e-01 -3.871624e-01 -3.681712e-01 -2.649143e-01 -1.165426e-01 -6.313821e-06
<VARIANCE> 25
 7.338421e+00 8.729697e+00 9.963509e+00 1.445964e+01 1.552726e+01 1.544173e+01 1.769030e+01 1.791506e+01 1.635588e+01 1.631456e+01 1.679166e+01 1.484492e+01 2.165237e-01 3.072385e-01 4.262898e-01 6.151677e-01 8.544853e-01 1.052411e+00 1.174492e+00 1.227060e+00 1.221774e+00 1.189347e+00 1.161351e+00 1.109008e+00 1.012681e-06
<GCONST> 6.045502e+01
<MIXTURE> 119 4.297961e-03
<MEAN> 25
 -5.037220e+00 -7.445200e+00 2.172922e+00 2.024780e+00 2.464704e+00 5.239978e-02 5.224914e+00 5.821212e+00 1.342046e+00 1.652973e+00 6.093476e+00 1.518294e+00 -3.894789e-02 -8.667901e-02 1.823341e-02 -5.256139e-02 -1.307102e-01 -1.625543e-01 -1.419778e-01 -3.397081e-02 -6.006102e-02 -1.284388e-01 1.317696e-02 -7.787793e-02 5.228838e-04
<VARIANCE> 25
 8.722713e+00 1.006491e+01 1.593282e+01 1.937175e+01 2.250810e+01 2.335663e+01 2.419511e+01 2.650404e+01 2.498996e+01 3.536585e+01 2.382318e+01 1.952311e+01 1.573211e-01 2.845102e-01 4.556219e-01 6.088272e-01 7.798839e-01 9.817244e-01 1.192273e+00 1.321919e+00 1.265466e+00 1.226657e+00 1.252844e+00 1.094854e+00 2.340483e-04
<GCONST> 7.000370e+01
<MIXTURE> 120 4.297961e-03
<MEAN> 25
 -5.037220e+00 -7.445200e+00 2.172922e+00 2.024780e+00 2.464704e+00 5.239978e-02 5.224914e+00 5.821212e+00 1.342046e+00 1.652973e+00 6.093476e+00 1.518294e+00 -3.894789e-02 -8.667901e-02 1.823341e-02 -5.256139e-02 -1.307102e-01 -1.625543e-01 -1.419778e-01 -3.397081e-02 -6.006102e-02 -1.284388e-01 1.317696e-02 -7.787793e-02 5.228838e-04
<VARIANCE> 25
 8.722713e+00 1.006491e+01 1.593282e+01 1.937175e+01 2.250810e+01 2.335663e+01 2.419511e+01 2.650404e+01 2.498996e+01 3.536585e+01 2.382318e+01 1.952311e+01 1.573211e-01 2.845102e-01 4.556219e-01 6.088272e-01 7.798839e-01 9.817244e-01 1.192273e+00 1.321919e+00 1.265466e+00 1.226657e+00 1.252844e+00 1.094854e+00 2.340483e-04
<GCONST> 7.000370e+01
<MIXTURE> 121 4.567511e-03
<MEAN> 25
 2.141640e-01 -2.675310e+00 5.619296e+00 -1.292210e+01 -1.264463e+01 -1.808934e+00 8.745587e-01 -5.091024e+00 -4.510932e+00 -3.672212e-01 -5.349099e+00 -4.257168e+00 4.832618e-02 9.270205e-02 -2.280924e-02 6.336433e-02 1.588345e-01 5.318421e-02 -7.733471e-02 -1.693943e-01 -2.715579e-01 -2.354815e-01 -1.160350e-01 4.874455e-02 -7.357250e-03
<VARIANCE> 25
 7.584778e+00 1.573411e+01 2.270356e+01 1.995798e+01 2.395728e+01 2.913054e+01 2.911487e+01 2.386886e+01 3.671233e+01 2.806440e+01 1.994025e+01 2.071605e+01 1.670010e-01 6.703088e-01 6.235056e-01 6.959640e-01 7.518623e-01 1.128158e+00 1.085121e+00 1.093402e+00 1.192841e+00 1.195939e+00 9.239540e-01 9.129975e-01 2.087843e-04
<GCONST> 7.159088e+01
<MIXTURE> 122 4.567511e-03
<MEAN> 25
 2.141640e-01 -2.675310e+00 5.619296e+00 -1.292210e+01 -1.264463e+01 -1.808934e+00 8.745587e-01 -5.091024e+00 -4.510932e+00 -3.672212e-01 -5.349099e+00 -4.257168e+00 4.832618e-02 9.270205e-02 -2.280924e-02 6.336433e-02 1.588345e-01 5.318421e-02 -7.733471e-02 -1.693943e-01 -2.715579e-01 -2.354815e-01 -1.160350e-01 4.874455e-02 -7.357250e-03
<VARIANCE> 25
 7.584778e+00 1.573411e+01 2.270356e+01 1.995798e+01 2.395728e+01 2.913054e+01 2.911487e+01 2.386886e+01 3.671233e+01 2.806440e+01 1.994025e+01 2.071605e+01 1.670010e-01 6.703088e-01 6.235056e-01 6.959640e-01 7.518623e-01 1.128158e+00 1.085121e+00 1.093402e+00 1.192841e+00 1.195939e+00 9.239540e-01 9.129975e-01 2.087843e-04
<GCONST> 7.159088e+01
<MIXTURE> 123 4.393044e-03
<MEAN> 25
 -1.946162e+00 2.449533e+00 -1.425501e+00 5.602108e+00 5.438279e+00 3.396173e+00 3.240738e+00 9.759355e-01 1.108094e+00 -5.567850e-01 -1.497676e+00 4.273844e-02 -3.883564e-01 -4.994563e-01 -6.751160e-01 -5.922418e-01 -3.205180e-01 5.634594e-02 3.464120e-01 5.641534e-01 8.693053e-01 8.037674e-01 7.875963e-01 3.795145e-01 -1.893236e-03
<VARIANCE> 25
 1.250833e+01 9.517836e+00 1.228693e+01 1.101579e+01 1.392554e+01 3.335818e+01 2.048251e+01 1.306432e+01 1.609998e+01 1.564984e+01 1.680943e+01 1.659087e+01 2.702013e-01 2.965368e-01 4.765432e-01 5.851228e-01 1.155253e+00 1.362064e+00 1.211620e+00 1.153334e+00 1.059312e+00 1.781019e+00 1.421805e+00 1.306706e+00 1.029039e-04
<GCONST> 6.758405e+01
<MIXTURE> 124 4.069876e-03
<MEAN> 25
 -5.137695e+00 -4.919626e-01 -3.115928e+00 5.085997e+00 4.916024e+00 3.089383e+00 5.050147e+00 2.736557e+00 3.210076e+00 1.092223e+00 6.480880e-01 2.444239e+00 -2.253551e-01 -3.102012e-01 -3.444277e-01 -2.037916e-01 1.710027e-01 5.584884e-01 8.844925e-01 8.381882e-01 5.956632e-01 2.759603e-01 9.551186e-02 1.763018e-02 4.312152e-04
<VARIANCE> 25
 1.448518e+01 8.921599e+00 9.245518e+00 1.085451e+01 1.056845e+01 1.807291e+01 1.543208e+01 1.616512e+01 1.449532e+01 1.615155e+01 1.886009e+01 1.494211e+01 1.045549e-01 1.725571e-01 2.730229e-01 4.037240e-01 5.779238e-01 7.778406e-01 8.558236e-01 7.449030e-01 8.754300e-01 9.662804e-01 9.911333e-01 1.114124e+00 2.192120e-05
<GCONST> 5.901964e+01
<MIXTURE> 125 4.069876e-03
<MEAN> 25
 -5.137695e+00 -4.919626e-01 -3.115928e+00 5.085997e+00 4.916024e+00 3.089383e+00 5.050147e+00 2.736557e+00 3.210076e+00 1.092223e+00 6.480880e-01 2.444239e+00 -2.253551e-01 -3.102012e-01 -3.444277e-01 -2.037916e-01 1.710027e-01 5.584884e-01 8.844925e-01 8.381882e-01 5.956632e-01 2.759603e-01 9.551186e-02 1.763018e-02 4.312152e-04
<VARIANCE> 25
 1.448518e+01 8.921599e+00 9.245518e+00 1.085451e+01 1.056845e+01 1.807291e+01 1.543208e+01 1.616512e+01 1.449532e+01 1.615155e+01 1.886009e+01 1.494211e+01 1.045549e-01 1.725571e-01 2.730229e-01 4.037240e-01 5.779238e-01 7.778406e-01 8.558236e-01 7.449030e-01 8.754300e-01 9.662804e-01 9.911333e-01 1.114124e+00 2.192120e-05
<GCONST> 5.901964e+01
<MIXTURE> 126 2.402244e-03
<MEAN> 25
 -3.271491e+00 -6.213789e+00 -5.092382e+00 2.531797e+00 4.266647e+00 -2.943095e+00 -1.291846e-01 3.422858e+00 3.717815e+00 -2.120217e+00 -1.282543e+00 2.662175e+00 -4.306473e-04 -1.212092e-02 -6.993879e-02 -1.553701e-01 -3.207788e-01 -4.243853e-01 -2.333054e-01 -1.624915e-01 -1.326913e-01 -1.780978e-01 -5.820894e-02 -7.216028e-02 -2.700390e-03
<VARIANCE> 25
 8.510884e+00 1.508427e+01 1.295925e+01 1.396333e+01 2.238227e+01 2.257619e+01 2.277890e+01 2.696036e+01 3.090738e+01 2.655856e+01 2.071179e+01 1.888429e+01 1.592684e-01 3.463462e-01 4.915808e-01 5.423102e-01 7.133951e-01 9.581611e-01 1.097418e+00 1.214950e+00 1.261735e+00 1.463290e+00 1.211783e+00 1.100078e+00 2.134684e-04
<GCONST> 6.946120e+01
<MIXTURE> 127 2.402244e-03
<MEAN> 25
 -3.271491e+00 -6.213789e+00 -5.092382e+00 2.531797e+00 4.266647e+00 -2.943095e+00 -1.291846e-01 3.422858e+00 3.717815e+00 -2.120217e+00 -1.282543e+00 2.662175e+00 -4.306473e-04 -1.212092e-02 -6.993879e-02 -1.553701e-01 -3.207788e-01 -4.243853e-01 -2.333054e-01 -1.624915e-01 -1.326913e-01 -1.780978e-01 -5.820894e-02 -7.216028e-02 -2.700390e-03
<VARIANCE> 25
 8.510884e+00 1.508427e+01 1.295925e+01 1.396333e+01 2.238227e+01 2.257619e+01 2.277890e+01 2.696036e+01 3.090738e+01 2.655856e+01 2.071179e+01 1.888429e+01 1.592684e-01 3.463462e-01 4.915808e-01 5.423102e-01 7.133951e-01 9.581611e-01 1.097418e+00 1.214950e+00 1.261735e+00 1.463290e+00 1.211783e+00 1.100078e+00 2.134684e-04
<GCONST> 6.946120e+01
<MIXTURE> 128 3.790457e-03
<MEAN> 25
 -3.963026e+00 1.593644e+00 -3.441355e-01 6.484172e+00 3.566721e+00 1.776592e+00 3.557709e+00 2.289213e+00 3.913387e+00 3.636255e+00 3.863275e+00 3.453752e+00 -4.006720e-01 -2.050267e-01 5.733139e-02 7.361042e-01 1.207760e+00 1.156359e+00 6.946652e-01 1.353300e-01 -4.353679e-01 -7.668220e-01 -6.914302e-01 -3.817960e-01 -6.577111e-05
<VARIANCE> 25
 1.040908e+01 1.171487e+01 1.482409e+01 1.952743e+01 2.003893e+01 2.145182e+01 2.403610e+01 2.493201e+01 2.612322e+01 2.373543e+01 2.792894e+01 1.824784e+01 8.852408e-01 1.134718e+00 1.479423e+00 1.502020e+00 1.630078e+00 1.896676e+00 2.256716e+00 2.290571e+00 2.116060e+00 1.862768e+00 1.738567e+00 1.752928e+00 1.093909e-06
<GCONST> 7.387585e+01
<TRANSP> 3
 0.000000e+00 1.000000e+00 0.000000e+00
 0.000000e+00 9.999990e-01 9.999998e-07
 0.000000e+00 0.000000e+00 0.000000e+00
<ENDHMM>
