~o
<STREAMINFO> 1 25
<VECSIZE> 25<NULLD><MFCC_E_D_N><DIAGC>
~h "jmodel"
<BEGINHMM>
<NUMSTATES> 3
<STATE> 2
<NUMMIXES> 128
<MIXTURE> 1 5.748963e-03
<MEAN> 25
 -2.538587e+00 3.209350e+00 2.189890e+00 8.663446e+00 4.348946e+00 3.445031e+00 4.087045e+00 3.986312e+00 5.817963e+00 5.248424e+00 5.796074e+00 3.000161e+00 -1.985496e+00 -1.637548e+00 -8.457162e-01 1.074884e+00 1.506928e+00 2.209798e+00 2.102007e+00 2.063154e+00 1.693878e+00 1.272424e+00 1.586591e+00 6.114014e-01 -4.510580e-02
<VARIANCE> 25
 9.984146e+00 1.158157e+01 1.545956e+01 1.877626e+01 2.286170e+01 2.174908e+01 2.151981e+01 2.170924e+01 2.070097e+01 2.214518e+01 2.112150e+01 1.709676e+01 1.774433e+00 2.125115e+00 2.992224e+00 3.187950e+00 3.844994e+00 3.358931e+00 3.415871e+00 3.360337e+00 3.467044e+00 3.706048e+00 3.491492e+00 2.802639e+00 3.249980e-03
<GCONST> 8.842751e+01
<MIXTURE> 2 4.549242e-03
<MEAN> 25
 -4.872829e+00 1.312439e+00 9.919360e-01 9.897658e+00 6.692530e+00 7.423857e+00 7.846883e+00 6.955770e+00 8.372579e+00 6.373324e+00 7.620111e+00 3.074231e+00 -6.200980e-02 4.187740e-02 1.425006e-01 2.257989e-01 2.655853e-01 2.812034e-01 2.949435e-01 3.194731e-01 3.502021e-01 3.081745e-01 1.965182e-01 8.025230e-02 1.422585e-06
<VARIANCE> 25
 6.965133e+00 8.898535e+00 1.065779e+01 1.591243e+01 1.722740e+01 1.555709e+01 1.689111e+01 1.848749e+01 1.657957e+01 1.737783e+01 1.813851e+01 1.433340e+01 1.251885e-01 2.266507e-01 3.363115e-01 4.669062e-01 6.491325e-01 8.145377e-01 9.298965e-01 1.002733e+00 1.051564e+00 1.078357e+00 1.075999e+00 1.013528e+00 9.997051e-07
<GCONST> 5.804179e+01
<MIXTURE> 3 4.549242e-03
<MEAN> 25
 -4.872829e+00 1.312439e+00 9.919360e-01 9.897658e+00 6.692530e+00 7.423857e+00 7.846883e+00 6.955770e+00 8.372579e+00 6.373324e+00 7.620111e+00 3.074231e+00 -6.200980e-02 4.187740e-02 1.425006e-01 2.257989e-01 2.655853e-01 2.812034e-01 2.949435e-01 3.194731e-01 3.502021e-01 3.081745e-01 1.965182e-01 8.025230e-02 1.422585e-06
<VARIANCE> 25
 6.965133e+00 8.898535e+00 1.065779e+01 1.591243e+01 1.722740e+01 1.555709e+01 1.689111e+01 1.848749e+01 1.657957e+01 1.737783e+01 1.813851e+01 1.433340e+01 1.251885e-01 2.266507e-01 3.363115e-01 4.669062e-01 6.491325e-01 8.145377e-01 9.298965e-01 1.002733e+00 1.051564e+00 1.078357e+00 1.075999e+00 1.013528e+00 9.997051e-07
<GCONST> 5.804179e+01
<MIXTURE> 4 1.671429e-02
<MEAN> 25
 3.384598e+00 2.241512e+00 -3.945935e+00 6.657544e-01 4.034661e+00 -7.552387e-01 1.059158e-01 -7.646268e-02 1.474948e+00 6.660483e-01 -2.449386e+00 4.380823e-02 -2.809310e+00 1.197557e+00 1.768308e+00 2.996570e+00 8.808830e-01 4.861835e-01 1.421690e+00 1.073163e+00 8.277031e-01 2.508356e-01 1.282267e+00 8.167246e-01 -1.026674e-01
<VARIANCE> 25
 1.998670e+01 2.878019e+01 2.711706e+01 3.783046e+01 4.335226e+01 6.741027e+01 6.021275e+01 5.067939e+01 5.121791e+01 6.254856e+01 5.009585e+01 3.319559e+01 2.370464e+00 4.667646e+00 3.454438e+00 4.672878e+00 4.668265e+00 5.694568e+00 5.713216e+00 5.137649e+00 5.725670e+00 6.307468e+00 5.690977e+00 4.182858e+00 5.646362e-03
<GCONST> 1.041516e+02
<MIXTURE> 5 3.206198e-03
<MEAN> 25
 -3.416551e+00 2.181448e+00 6.100562e-01 9.427745e+00 6.696607e+00 6.315605e+00 7.112283e+00 4.722911e+00 5.495093e+00 3.847600e+00 4.657654e+00 2.606279e+00 -3.246061e-01 7.527461e-01 1.224572e+00 1.032428e+00 3.075295e-01 -1.000941e-01 -8.368678e-02 3.355898e-02 4.582064e-01 6.839949e-01 4.040574e-01 8.807704e-02 -2.757632e-05
<VARIANCE> 25
 1.025444e+01 1.394121e+01 2.348438e+01 2.562236e+01 2.022066e+01 1.942438e+01 2.011151e+01 2.035871e+01 2.142327e+01 2.128462e+01 2.410279e+01 1.635947e+01 1.209978e+00 1.244364e+00 1.357468e+00 1.673642e+00 2.284817e+00 2.376166e+00 2.301308e+00 2.275174e+00 2.315813e+00 2.238844e+00 2.085706e+00 1.873710e+00 1.000139e-06
<GCONST> 7.516747e+01
<MIXTURE> 6 5.475854e-03
<MEAN> 25
 9.705915e+00 -4.231434e-01 -6.685812e+00 -1.103285e+01 -2.123923e+00 6.713343e+00 -5.902368e+00 -5.301980e+00 -3.663208e+00 1.829084e+00 4.639585e+00 -1.249428e+00 4.849596e-01 8.959733e-01 -3.519144e-01 -1.464782e+00 -6.383348e-01 1.313503e+00 1.535271e+00 2.444020e-01 -1.214248e+00 -1.215201e+00 3.207910e-01 1.227351e+00 -8.183042e-03
<VARIANCE> 25
 8.961455e+00 1.706905e+01 2.393723e+01 3.915027e+01 3.675039e+01 3.087152e+01 4.401336e+01 3.803353e+01 4.071365e+01 3.940897e+01 4.204757e+01 2.837972e+01 3.111809e-01 8.559477e-01 9.444220e-01 1.984527e+00 1.603342e+00 2.014115e+00 1.917442e+00 2.054795e+00 2.407458e+00 1.966237e+00 2.245601e+00 1.437372e+00 5.852100e-04
<GCONST> 8.387360e+01
<MIXTURE> 7 5.475854e-03
<MEAN> 25
 9.705915e+00 -4.231434e-01 -6.685812e+00 -1.103285e+01 -2.123923e+00 6.713343e+00 -5.902368e+00 -5.301980e+00 -3.663208e+00 1.829084e+00 4.639585e+00 -1.249428e+00 4.849596e-01 8.959733e-01 -3.519144e-01 -1.464782e+00 -6.383348e-01 1.313503e+00 1.535271e+00 2.444020e-01 -1.214248e+00 -1.215201e+00 3.207910e-01 1.227351e+00 -8.183042e-03
<VARIANCE> 25
 8.961455e+00 1.706905e+01 2.393723e+01 3.915027e+01 3.675039e+01 3.087152e+01 4.401336e+01 3.803353e+01 4.071365e+01 3.940897e+01 4.204757e+01 2.837972e+01 3.111809e-01 8.559477e-01 9.444220e-01 1.984527e+00 1.603342e+00 2.014115e+00 1.917442e+00 2.054795e+00 2.407458e+00 1.966237e+00 2.245601e+00 1.437372e+00 5.852100e-04
<GCONST> 8.387360e+01
<MIXTURE> 8 1.165917e-02
<MEAN> 25
 -4.069146e+00 1.766178e+00 5.941585e-01 8.746330e+00 6.361737e+00 6.081146e+00 6.246199e+00 5.713038e+00 6.348338e+00 5.430196e+00 6.174061e+00 2.772553e+00 -5.082068e-01 -1.576682e+00 -9.896332e-01 -1.294755e+00 -3.768416e-01 -1.141114e+00 -9.876572e-02 -3.727583e-01 -3.547435e-01 -2.181426e-01 -7.112945e-02 1.272347e-01 8.900716e-02
<VARIANCE> 25
 1.097890e+01 9.461342e+00 1.313630e+01 1.829722e+01 1.679284e+01 1.417455e+01 1.620920e+01 1.551293e+01 1.727143e+01 1.546066e+01 1.723890e+01 1.316768e+01 2.597795e+00 3.094237e+00 3.568575e+00 4.980590e+00 3.124616e+00 4.648397e+00 2.898432e+00 2.766040e+00 2.709517e+00 2.758744e+00 2.354454e+00 1.672742e+00 6.989281e-03
<GCONST> 8.622247e+01
<MIXTURE> 9 1.199672e-02
<MEAN> 25
 9.255220e+00 3.391059e+00 -6.141544e+00 -1.056521e+01 -2.257152e+00 4.802363e+00 -2.244596e+00 -2.258331e+00 -5.450594e+00 -1.300633e+00 5.877570e-01 -4.834667e-02 1.434127e+00 -1.431616e-01 -4.433090e-01 -2.696358e+00 -1.661688e+00 8.318979e-01 -9.594336e-01 -2.263900e-01 -1.831248e-01 -5.632650e-01 6.450370e-01 -1.695719e-01 7.358990e-02
<VARIANCE> 25
 1.230081e+01 2.108197e+01 3.341116e+01 5.356538e+01 4.976008e+01 3.375699e+01 4.267496e+01 5.163599e+01 4.171195e+01 4.110185e+01 3.580971e+01 2.664564e+01 2.069305e+00 2.431625e+00 4.678772e+00 4.807730e+00 4.952200e+00 4.110209e+00 4.228652e+00 5.961362e+00 5.017790e+00 4.054451e+00 4.020949e+00 2.784651e+00 2.184868e-03
<GCONST> 9.869851e+01
<MIXTURE> 10 6.596976e-03
<MEAN> 25
 8.222144e-01 7.634231e+00 5.367980e+00 7.146055e+00 1.580392e+00 -2.110090e+00 -5.202650e-01 -1.676407e+00 8.767008e-01 8.623665e-01 8.391656e-01 6.588765e-01 -1.922535e+00 -6.713547e-01 -4.570560e-01 3.028442e+00 2.463005e+00 2.709289e+00 2.372879e+00 2.276608e+00 1.859050e+00 1.543430e+00 2.333568e+00 5.244703e-01 -1.381308e-01
<VARIANCE> 25
 1.953018e+01 2.067214e+01 2.236949e+01 2.904957e+01 3.834300e+01 3.494890e+01 3.512379e+01 3.391768e+01 2.759914e+01 2.903740e+01 2.693820e+01 2.499749e+01 2.241178e+00 3.428214e+00 5.534064e+00 5.165693e+00 5.548095e+00 4.467578e+00 4.697282e+00 4.841644e+00 4.393507e+00 5.020416e+00 4.445249e+00 3.188753e+00 2.695459e-03
<GCONST> 9.746179e+01
<MIXTURE> 11 1.633820e-02
<MEAN> 25
 7.823220e+00 4.044954e+00 3.191694e+00 5.003325e+00 -3.235052e+00 -2.309392e+00 -2.548318e+00 -6.521940e+00 -3.486692e+00 4.193105e-01 -2.439403e+00 -2.151296e+00 -2.538244e-01 5.150529e-01 1.345189e-01 2.538758e-01 4.614237e-01 -9.412995e-02 2.630418e-01 -2.042179e-01 -1.080758e-01 -3.896571e-03 -1.662374e-01 1.611823e-01 -1.692322e-02
<VARIANCE> 25
 1.160949e+01 2.463529e+01 2.097144e+01 3.177237e+01 3.814272e+01 3.814278e+01 4.747542e+01 4.311073e+01 4.276219e+01 3.440329e+01 3.343177e+01 2.802319e+01 8.966169e-01 1.200414e+00 1.645697e+00 2.155985e+00 2.049379e+00 2.101940e+00 2.051293e+00 2.704636e+00 2.216207e+00 1.906120e+00 1.978866e+00 1.606070e+00 9.222782e-04
<GCONST> 8.727000e+01
<MIXTURE> 12 5.904134e-03
<MEAN> 25
 1.076545e+01 3.737629e+00 -4.501799e+00 -1.598032e+01 -8.693381e+00 8.628798e+00 -9.019375e-01 -1.928982e+00 -1.726827e+00 -4.879322e+00 1.772434e+00 7.159567e-01 6.779342e-02 2.942170e-01 7.878951e-02 -3.671761e-01 -3.103686e-01 2.995327e-02 3.058114e-01 4.462613e-01 1.427562e-01 -3.837307e-01 -3.864454e-01 5.418864e-02 -6.313466e-03
<VARIANCE> 25
 8.888563e+00 2.102370e+01 2.333326e+01 3.516471e+01 4.202936e+01 3.111606e+01 4.178993e+01 4.898925e+01 4.404790e+01 3.739968e+01 3.797639e+01 2.889976e+01 2.467131e-01 6.878297e-01 6.859686e-01 1.170251e+00 1.185525e+00 1.053226e+00 1.170059e+00 1.388186e+00 1.242816e+00 1.222144e+00 1.221283e+00 9.558750e-01 5.781573e-04
<GCONST> 7.892609e+01
<MIXTURE> 13 5.904134e-03
<MEAN> 25
 1.076545e+01 3.737629e+00 -4.501799e+00 -1.598032e+01 -8.693381e+00 8.628798e+00 -9.019375e-01 -1.928982e+00 -1.726827e+00 -4.879322e+00 1.772434e+00 7.159567e-01 6.779342e-02 2.942170e-01 7.878951e-02 -3.671761e-01 -3.103686e-01 2.995327e-02 3.058114e-01 4.462613e-01 1.427562e-01 -3.837307e-01 -3.864454e-01 5.418864e-02 -6.313466e-03
<VARIANCE> 25
 8.888563e+00 2.102370e+01 2.333326e+01 3.516471e+01 4.202936e+01 3.111606e+01 4.178993e+01 4.898925e+01 4.404790e+01 3.739968e+01 3.797639e+01 2.889976e+01 2.467131e-01 6.878297e-01 6.859686e-01 1.170251e+00 1.185525e+00 1.053226e+00 1.170059e+00 1.388186e+00 1.242816e+00 1.222144e+00 1.221283e+00 9.558750e-01 5.781573e-04
<GCONST> 7.892609e+01
<MIXTURE> 14 6.488954e-03
<MEAN> 25
 -4.233982e+00 -3.247571e-01 -3.434354e-01 8.844292e+00 7.491607e+00 7.342361e+00 7.742256e+00 7.276801e+00 7.217700e+00 5.161053e+00 6.751562e+00 4.043200e+00 -2.711681e-01 1.815446e-01 3.507924e-01 3.007225e-01 -2.123978e-03 4.243881e-02 9.130798e-02 1.823628e-01 3.019965e-01 5.573285e-01 5.301350e-01 7.502065e-02 -9.153984e-03
<VARIANCE> 25
 9.550828e+00 1.392806e+01 1.843298e+01 1.784646e+01 2.081719e+01 1.960735e+01 2.178796e+01 2.051170e+01 1.993713e+01 2.399035e+01 2.190921e+01 1.602257e+01 9.560479e-01 1.639053e+00 1.769465e+00 1.927667e+00 2.246320e+00 2.320159e+00 2.263796e+00 2.238674e+00 2.286898e+00 2.527107e+00 2.238301e+00 1.808527e+00 1.036407e-03
<GCONST> 8.200911e+01
<MIXTURE> 15 2.475190e-03
<MEAN> 25
 -5.107491e+00 -5.791655e-01 -3.863331e-01 7.109942e+00 5.517112e+00 5.511244e+00 6.083397e+00 5.121966e+00 5.337448e+00 4.391901e+00 5.465024e+00 2.477635e+00 -1.207476e-01 -2.618238e-02 5.580768e-02 2.375515e-01 4.879046e-01 7.861543e-01 1.045572e+00 1.169905e+00 1.109940e+00 7.694572e-01 3.990683e-01 1.344524e-01 3.112929e-04
<VARIANCE> 25
 8.634592e+00 5.516185e+00 9.306810e+00 1.352838e+01 1.426712e+01 1.465933e+01 1.432929e+01 1.463396e+01 1.425534e+01 1.495172e+01 1.455731e+01 1.267385e+01 1.190897e-01 1.976785e-01 3.154981e-01 4.845286e-01 6.694446e-01 7.639675e-01 7.483339e-01 7.723190e-01 1.010920e+00 9.912119e-01 1.048501e+00 1.012147e+00 2.979703e-05
<GCONST> 5.870861e+01
<MIXTURE> 16 2.475190e-03
<MEAN> 25
 -5.107491e+00 -5.791655e-01 -3.863331e-01 7.109942e+00 5.517112e+00 5.511244e+00 6.083397e+00 5.121966e+00 5.337448e+00 4.391901e+00 5.465024e+00 2.477635e+00 -1.207476e-01 -2.618238e-02 5.580768e-02 2.375515e-01 4.879046e-01 7.861543e-01 1.045572e+00 1.169905e+00 1.109940e+00 7.694572e-01 3.990683e-01 1.344524e-01 3.112929e-04
<VARIANCE> 25
 8.634592e+00 5.516185e+00 9.306810e+00 1.352838e+01 1.426712e+01 1.465933e+01 1.432929e+01 1.463396e+01 1.425534e+01 1.495172e+01 1.455731e+01 1.267385e+01 1.190897e-01 1.976785e-01 3.154981e-01 4.845286e-01 6.694446e-01 7.639675e-01 7.483339e-01 7.723190e-01 1.010920e+00 9.912119e-01 1.048501e+00 1.012147e+00 2.979703e-05
<GCONST> 5.870861e+01
<MIXTURE> 17 9.518312e-03
<MEAN> 25
 4.301589e+00 -1.241967e-01 5.389291e+00 1.028808e+00 -6.152962e+00 -6.038234e+00 -3.499347e+00 5.847357e-05 -3.467845e+00 -3.302388e+00 7.455741e-01 -7.272143e-01 -5.771630e-01 -1.248369e+00 1.767391e+00 -2.157767e+00 -2.405973e+00 -6.720643e-02 2.427283e-01 5.647241e-01 -1.433644e-01 6.179126e-02 1.352143e+00 1.015876e-01 8.476873e-02
<VARIANCE> 25
 1.598924e+01 2.798320e+01 3.101028e+01 3.970045e+01 3.731788e+01 4.294960e+01 3.514161e+01 2.899373e+01 3.461480e+01 2.234294e+01 2.691047e+01 2.523799e+01 1.853728e+00 2.296470e+00 4.635652e+00 2.522252e+00 3.383787e+00 4.747636e+00 4.286274e+00 4.182995e+00 3.513198e+00 3.655382e+00 2.893413e+00 2.625827e+00 1.781993e-03
<GCONST> 9.446487e+01
<MIXTURE> 18 1.221018e-02
<MEAN> 25
 3.920951e+00 4.688350e+00 6.506855e+00 4.712358e+00 -4.671315e+00 -8.077745e+00 -1.776790e+00 -9.441781e-01 -3.215729e+00 -2.311682e+00 -8.356404e-01 6.217055e-01 -7.215821e-01 2.153331e+00 -1.653105e-01 2.063550e+00 3.096725e+00 1.479943e+00 8.122277e-01 -1.902336e-01 5.772601e-01 4.963745e-01 -2.954912e-01 -5.728966e-02 -1.239369e-01
<VARIANCE> 25
 1.582593e+01 2.502933e+01 3.491999e+01 2.575921e+01 3.935878e+01 3.637778e+01 3.788232e+01 3.684856e+01 3.949581e+01 3.473223e+01 3.193919e+01 3.038288e+01 2.603283e+00 2.969910e+00 4.694040e+00 4.003358e+00 4.021944e+00 4.569858e+00 4.557499e+00 4.378581e+00 4.481424e+00 4.241314e+00 4.473544e+00 3.554082e+00 4.029455e-03
<GCONST> 9.842047e+01
<MIXTURE> 19 9.912824e-03
<MEAN> 25
 -9.613295e+00 1.551319e+00 1.320988e-01 1.448975e+00 3.891803e+00 1.886191e+00 3.532888e+00 1.042490e+00 1.853888e+00 8.687801e-01 1.095448e+00 1.884756e+00 1.986379e+00 1.534385e+00 2.120905e+00 6.603846e-01 -1.104274e+00 -1.070169e+00 -1.108369e+00 -1.446189e+00 -1.539207e+00 -1.162025e+00 -8.009819e-01 -7.738766e-01 3.658894e-03
<VARIANCE> 25
 5.621382e+01 3.144490e+01 4.482996e+01 5.807555e+01 3.165311e+01 3.141679e+01 3.012161e+01 2.754528e+01 2.820295e+01 2.615196e+01 3.182627e+01 1.907547e+01 2.381330e+00 2.621360e+00 2.064767e+00 2.348054e+00 2.547565e+00 2.217068e+00 2.496131e+00 2.339659e+00 2.107053e+00 2.071835e+00 2.218701e+00 1.697331e+00 2.347393e-03
<GCONST> 9.157552e+01
<MIXTURE> 20 6.308331e-03
<MEAN> 25
 -1.416515e+01 7.403521e+00 8.908691e-01 6.127360e+00 4.789249e+00 1.642455e+00 5.200725e+00 8.269578e-01 9.111030e-01 7.861475e-01 2.570691e+00 -2.917551e-01 -3.283535e+00 -8.631177e-01 -1.561658e+00 3.360458e-01 1.540400e+00 2.058648e+00 1.973551e+00 2.045917e+00 2.141868e+00 2.031663e+00 1.684761e+00 9.409891e-01 4.724458e-02
<VARIANCE> 25
 1.968613e+01 2.340532e+01 3.143868e+01 3.720231e+01 3.159120e+01 2.779052e+01 2.983615e+01 3.157362e+01 2.789860e+01 2.816944e+01 2.507063e+01 2.090380e+01 2.090054e+00 2.178830e+00 1.905769e+00 2.539334e+00 2.697904e+00 2.309348e+00 2.309232e+00 2.339102e+00 2.230941e+00 2.663188e+00 2.234354e+00 1.867562e+00 1.880683e-03
<GCONST> 8.924157e+01
<MIXTURE> 21 7.928653e-03
<MEAN> 25
 4.005287e+00 -4.530479e+00 5.774206e+00 -1.545345e+00 -1.058185e+01 -8.727636e+00 -2.616385e+00 4.174507e+00 -2.071111e+00 -3.409038e+00 2.438010e-01 3.400529e-01 -7.193462e-01 1.341454e+00 2.589188e+00 -4.499992e-02 -1.551982e+00 3.355787e-01 5.886744e-01 -1.498127e+00 -1.957968e+00 3.135933e-01 1.326524e+00 2.467472e-01 -1.278416e-02
<VARIANCE> 25
 8.901946e+00 1.873128e+01 2.966145e+01 2.841849e+01 2.857140e+01 3.319558e+01 4.294821e+01 3.937261e+01 4.292817e+01 3.160815e+01 3.382512e+01 2.323687e+01 3.763261e-01 9.499620e-01 1.855402e+00 1.291033e+00 2.211936e+00 2.187928e+00 3.641622e+00 2.500823e+00 2.161893e+00 2.595136e+00 2.018334e+00 2.285027e+00 4.286192e-04
<GCONST> 8.509715e+01
<MIXTURE> 22 8.827789e-03
<MEAN> 25
 -1.790853e+01 7.124907e+00 -4.077858e+00 7.292355e+00 4.600443e+00 2.781760e+00 8.377352e+00 1.711780e+00 5.341508e+00 3.262926e+00 5.720427e+00 1.165825e+00 -3.079393e-01 -2.033063e-01 -1.291311e-01 -1.507446e-01 2.848306e-03 1.420324e-01 1.824966e-01 1.787431e-01 2.483885e-01 1.998009e-01 1.703984e-01 1.898460e-01 8.764330e-03
<VARIANCE> 25
 8.079239e+00 1.684532e+01 1.764896e+01 2.629823e+01 2.283382e+01 2.076111e+01 1.939444e+01 1.883195e+01 1.824085e+01 2.096908e+01 1.917669e+01 1.378183e+01 1.084694e+00 1.352784e+00 1.362147e+00 1.562884e+00 1.428152e+00 1.526275e+00 1.502257e+00 1.531093e+00 1.607781e+00 1.545721e+00 1.359298e+00 1.166504e+00 1.734057e-03
<GCONST> 7.835135e+01
<MIXTURE> 23 6.455497e-03
<MEAN> 25
 7.635151e+00 2.035531e+00 1.984411e+00 2.005049e+00 -4.020919e+00 -3.085004e+00 -4.121351e+00 -5.997694e+00 -3.540619e+00 -4.937424e-01 -3.472572e+00 -1.954962e+00 4.932320e-02 2.165607e-01 -1.068488e-01 4.263685e-02 -2.264098e-02 2.663606e-02 5.972245e-02 -1.399631e-01 1.267920e-01 1.005158e-02 -6.426173e-02 5.453688e-02 -5.931562e-03
<VARIANCE> 25
 1.317553e+01 2.220680e+01 2.289943e+01 4.004046e+01 3.607989e+01 4.586544e+01 5.062583e+01 4.638857e+01 4.292264e+01 3.881364e+01 4.081006e+01 3.276539e+01 1.275434e-01 2.598422e-01 3.601949e-01 4.861178e-01 5.469837e-01 6.786432e-01 7.045566e-01 8.408318e-01 8.679742e-01 8.088381e-01 8.537897e-01 7.695225e-01 8.186384e-05
<GCONST> 7.138792e+01
<MIXTURE> 24 6.455497e-03
<MEAN> 25
 7.635151e+00 2.035531e+00 1.984411e+00 2.005049e+00 -4.020919e+00 -3.085004e+00 -4.121351e+00 -5.997694e+00 -3.540619e+00 -4.937424e-01 -3.472572e+00 -1.954962e+00 4.932320e-02 2.165607e-01 -1.068488e-01 4.263685e-02 -2.264098e-02 2.663606e-02 5.972245e-02 -1.399631e-01 1.267920e-01 1.005158e-02 -6.426173e-02 5.453688e-02 -5.931562e-03
<VARIANCE> 25
 1.317553e+01 2.220680e+01 2.289943e+01 4.004046e+01 3.607989e+01 4.586544e+01 5.062583e+01 4.638857e+01 4.292264e+01 3.881364e+01 4.081006e+01 3.276539e+01 1.275434e-01 2.598422e-01 3.601949e-01 4.861178e-01 5.469837e-01 6.786432e-01 7.045566e-01 8.408318e-01 8.679742e-01 8.088381e-01 8.537897e-01 7.695225e-01 8.186384e-05
<GCONST> 7.138792e+01
<MIXTURE> 25 1.118642e-02
<MEAN> 25
 4.003375e-01 1.821537e+00 1.761241e+01 -3.387435e+00 -1.204105e+01 -1.682693e+00 -5.072832e+00 -3.107815e+00 -7.790500e+00 -4.947314e+00 5.158860e+00 -2.756079e+00 -1.934921e-01 5.103130e-01 1.005443e-01 1.785229e-01 1.274015e-01 2.858793e-01 4.595871e-02 -1.319666e-01 -3.039708e-01 -6.783939e-03 -2.730598e-01 -3.318294e-02 -9.964446e-03
<VARIANCE> 25
 7.513423e+00 2.973562e+01 2.095075e+01 4.618772e+01 2.832805e+01 3.478251e+01 2.297950e+01 2.517510e+01 2.676710e+01 3.138183e+01 2.214936e+01 2.880359e+01 5.262081e-01 1.310747e+00 1.382347e+00 1.236273e+00 2.003062e+00 1.820579e+00 1.559080e+00 1.403250e+00 1.310707e+00 1.404080e+00 1.454013e+00 1.226065e+00 1.291472e-03
<GCONST> 8.145325e+01
<MIXTURE> 26 7.727677e-03
<MEAN> 25
 2.002103e+00 -6.109237e+00 -1.011824e+01 -8.932635e-01 7.354039e+00 4.894420e+00 3.584942e+00 -1.095009e-01 2.534688e+00 -9.145249e-01 -2.897521e+00 -9.046419e-01 -6.358427e-01 6.394547e-01 3.289752e-01 7.026200e-01 1.498261e-01 3.165650e-01 2.570951e-01 4.090796e-01 1.998894e-01 6.693342e-02 4.491570e-01 4.649631e-01 -5.428215e-02
<VARIANCE> 25
 2.448761e+01 3.389570e+01 2.576318e+01 5.939119e+01 4.207714e+01 4.559564e+01 4.661292e+01 4.182888e+01 4.006953e+01 5.399286e+01 3.833494e+01 4.511684e+01 1.935787e+00 1.892839e+00 1.888378e+00 1.939004e+00 2.269240e+00 2.405454e+00 2.396505e+00 2.647579e+00 2.350114e+00 2.273414e+00 2.114250e+00 1.981459e+00 3.206736e-03
<GCONST> 9.377845e+01
<MIXTURE> 27 7.727677e-03
<MEAN> 25
 2.002103e+00 -6.109237e+00 -1.011824e+01 -8.932635e-01 7.354039e+00 4.894420e+00 3.584942e+00 -1.095009e-01 2.534688e+00 -9.145249e-01 -2.897521e+00 -9.046419e-01 -6.358427e-01 6.394547e-01 3.289752e-01 7.026200e-01 1.498261e-01 3.165650e-01 2.570951e-01 4.090796e-01 1.998894e-01 6.693342e-02 4.491570e-01 4.649631e-01 -5.428215e-02
<VARIANCE> 25
 2.448761e+01 3.389570e+01 2.576318e+01 5.939119e+01 4.207714e+01 4.559564e+01 4.661292e+01 4.182888e+01 4.006953e+01 5.399286e+01 3.833494e+01 4.511684e+01 1.935787e+00 1.892839e+00 1.888378e+00 1.939004e+00 2.269240e+00 2.405454e+00 2.396505e+00 2.647579e+00 2.350114e+00 2.273414e+00 2.114250e+00 1.981459e+00 3.206736e-03
<GCONST> 9.377845e+01
<MIXTURE> 28 5.036674e-03
<MEAN> 25
 -5.433143e+00 1.836840e-02 -1.572971e+00 6.609174e+00 5.234640e+00 3.516235e+00 5.410101e+00 3.128326e+00 3.921950e+00 2.390599e+00 2.622892e+00 3.212652e+00 -1.150994e-01 2.236289e-01 5.274477e-01 7.820907e-01 8.208289e-01 7.025385e-01 5.214296e-01 3.922361e-01 4.449711e-01 4.802347e-01 3.688033e-01 1.894555e-01 -1.258420e-05
<VARIANCE> 25
 1.052359e+01 8.363566e+00 1.213609e+01 1.482582e+01 1.468332e+01 1.771005e+01 1.804364e+01 1.898728e+01 1.716043e+01 1.677001e+01 2.067050e+01 1.501878e+01 2.561859e-01 3.358812e-01 4.065227e-01 4.660440e-01 6.213434e-01 8.463353e-01 1.055381e+00 1.143800e+00 1.103518e+00 1.032930e+00 1.037943e+00 1.065249e+00 1.001854e-06
<GCONST> 6.026141e+01
<MIXTURE> 29 5.036674e-03
<MEAN> 25
 -5.433143e+00 1.836840e-02 -1.572971e+00 6.609174e+00 5.234640e+00 3.516235e+00 5.410101e+00 3.128326e+00 3.921950e+00 2.390599e+00 2.622892e+00 3.212652e+00 -1.150994e-01 2.236289e-01 5.274477e-01 7.820907e-01 8.208289e-01 7.025385e-01 5.214296e-01 3.922361e-01 4.449711e-01 4.802347e-01 3.688033e-01 1.894555e-01 -1.258420e-05
<VARIANCE> 25
 1.052359e+01 8.363566e+00 1.213609e+01 1.482582e+01 1.468332e+01 1.771005e+01 1.804364e+01 1.898728e+01 1.716043e+01 1.677001e+01 2.067050e+01 1.501878e+01 2.561859e-01 3.358812e-01 4.065227e-01 4.660440e-01 6.213434e-01 8.463353e-01 1.055381e+00 1.143800e+00 1.103518e+00 1.032930e+00 1.037943e+00 1.065249e+00 1.001854e-06
<GCONST> 6.026141e+01
<MIXTURE> 30 8.917812e-03
<MEAN> 25
 -4.380335e+00 -1.593773e-01 6.137348e-01 8.967887e+00 7.724792e+00 7.433494e+00 7.518345e+00 6.850636e+00 6.489232e+00 4.866739e+00 6.870598e+00 3.445182e+00 -2.457138e-02 2.669786e-02 5.493185e-02 8.957607e-02 8.507925e-02 4.809077e-02 9.092849e-03 -4.240339e-03 2.506336e-02 5.120939e-02 5.691170e-02 3.373759e-02 -5.308628e-04
<VARIANCE> 25
 7.409375e+00 9.900649e+00 1.036027e+01 1.422174e+01 1.568035e+01 1.664561e+01 1.919330e+01 1.795514e+01 1.622610e+01 1.830245e+01 2.189402e+01 1.435762e+01 9.696804e-02 2.033001e-01 3.227944e-01 4.760480e-01 6.109012e-01 7.186134e-01 7.668899e-01 8.299649e-01 8.895609e-01 9.340978e-01 9.149519e-01 8.541391e-01 5.184575e-05
<GCONST> 6.071273e+01
<MIXTURE> 31 4.136493e-03
<MEAN> 25
 -3.033481e+00 -5.493280e+00 5.637284e-02 4.625865e+00 3.476496e+00 1.724829e+00 4.732159e+00 6.301129e+00 3.023798e+00 1.327659e+00 6.029858e+00 3.386021e+00 2.831396e-01 5.266480e-01 -2.747114e-01 2.669109e-01 1.523225e-01 3.626792e-01 1.969353e-01 4.906834e-02 3.596542e-01 3.354803e-01 1.058881e-01 1.225861e-01 -1.852191e-02
<VARIANCE> 25
 7.625409e+00 1.575071e+01 1.655144e+01 1.828414e+01 2.454672e+01 2.279733e+01 2.609513e+01 2.534458e+01 2.759302e+01 2.630993e+01 2.219516e+01 1.969185e+01 1.982377e-01 5.191546e-01 6.536586e-01 7.859919e-01 9.499729e-01 1.134435e+00 1.153741e+00 1.543911e+00 1.318321e+00 1.279352e+00 1.189879e+00 1.325044e+00 2.506746e-04
<GCONST> 7.233591e+01
<MIXTURE> 32 4.136493e-03
<MEAN> 25
 -3.033481e+00 -5.493280e+00 5.637284e-02 4.625865e+00 3.476496e+00 1.724829e+00 4.732159e+00 6.301129e+00 3.023798e+00 1.327659e+00 6.029858e+00 3.386021e+00 2.831396e-01 5.266480e-01 -2.747114e-01 2.669109e-01 1.523225e-01 3.626792e-01 1.969353e-01 4.906834e-02 3.596542e-01 3.354803e-01 1.058881e-01 1.225861e-01 -1.852191e-02
<VARIANCE> 25
 7.625409e+00 1.575071e+01 1.655144e+01 1.828414e+01 2.454672e+01 2.279733e+01 2.609513e+01 2.534458e+01 2.759302e+01 2.630993e+01 2.219516e+01 1.969185e+01 1.982377e-01 5.191546e-01 6.536586e-01 7.859919e-01 9.499729e-01 1.134435e+00 1.153741e+00 1.543911e+00 1.318321e+00 1.279352e+00 1.189879e+00 1.325044e+00 2.506746e-04
<GCONST> 7.233591e+01
<MIXTURE> 33 1.508826e-02
<MEAN> 25
 6.873247e+00 -4.164944e+00 -2.716491e+00 -2.514408e+00 -2.358420e+00 -5.756691e+00 -7.546792e+00 7.222883e-01 2.380075e+00 -1.377285e-02 -5.182157e+00 -2.511984e+00 4.731297e-01 -1.247840e+00 -2.360483e+00 -1.827111e+00 1.407034e+00 1.249046e+00 -7.099669e-01 6.946270e-01 1.061936e+00 3.506955e-01 -4.187052e-01 -1.254523e+00 4.117354e-02
<VARIANCE> 25
 9.589940e+00 1.974522e+01 2.806229e+01 3.275695e+01 3.771761e+01 3.960709e+01 3.931351e+01 4.967236e+01 3.739091e+01 4.092434e+01 3.308101e+01 2.766426e+01 1.290859e+00 1.806057e+00 2.025704e+00 2.042071e+00 3.806642e+00 3.314854e+00 3.961394e+00 5.061321e+00 3.402411e+00 4.301663e+00 3.180663e+00 2.394243e+00 1.435056e-03
<GCONST> 9.301932e+01
<MIXTURE> 34 1.588179e-02
<MEAN> 25
 8.917902e+00 -1.370869e-02 8.491141e-02 1.123688e+00 -3.019027e+00 -1.591857e+00 -6.192915e+00 -4.643123e+00 -1.877674e+00 1.471428e-01 -2.580141e+00 -3.619437e+00 4.349232e-04 1.348457e+00 1.423585e+00 2.384564e+00 -2.826592e-02 -1.410767e-01 7.973007e-01 -1.648707e+00 -8.744776e-01 2.736861e-01 -5.501949e-01 2.297639e-01 -6.236278e-02
<VARIANCE> 25
 7.720292e+00 3.117030e+01 2.927117e+01 4.968285e+01 4.194161e+01 4.917386e+01 5.430440e+01 5.649322e+01 5.276151e+01 4.267169e+01 4.816270e+01 3.130779e+01 1.280995e+00 1.949318e+00 4.393476e+00 3.999014e+00 5.550218e+00 5.744164e+00 5.416413e+00 6.146709e+00 5.181430e+00 4.928367e+00 4.939066e+00 3.834606e+00 1.157758e-03
<GCONST> 9.957935e+01
<MIXTURE> 35 1.467755e-02
<MEAN> 25
 -2.220327e+00 -5.706543e+00 -9.427312e+00 1.268913e+00 8.922941e+00 1.166335e+00 1.658631e+00 2.563565e+00 1.456156e+00 4.177902e+00 3.461312e-01 1.655288e+00 4.966217e-01 -1.300031e+00 -1.219293e+00 -1.101841e+00 2.845765e-01 -7.971800e-01 -6.884547e-01 -2.705624e-01 -2.578741e-01 -1.042431e-01 -6.746578e-01 -4.550538e-01 1.034677e-01
<VARIANCE> 25
 1.825014e+01 3.170302e+01 4.375526e+01 7.351376e+01 4.621068e+01 5.537888e+01 4.728128e+01 4.046873e+01 4.785176e+01 3.773081e+01 3.526916e+01 2.934908e+01 3.263061e+00 3.860809e+00 6.848868e+00 6.208484e+00 5.004118e+00 5.257604e+00 4.593802e+00 4.740258e+00 4.827751e+00 5.236577e+00 3.834278e+00 3.597194e+00 5.192082e-03
<GCONST> 1.034564e+02
<MIXTURE> 36 1.093293e-02
<MEAN> 25
 4.919037e+00 -4.010897e+00 7.152629e+00 1.699648e+00 -1.038481e+01 -8.730784e+00 -6.581607e+00 2.813134e+00 -2.806367e+00 -4.422423e+00 2.954780e+00 -7.899603e-02 4.307421e-01 1.863515e-01 -9.797377e-01 4.479568e-02 9.544681e-01 6.309005e-02 -4.537438e-01 3.919305e-02 3.653035e-01 5.618429e-01 -4.639383e-01 -2.686828e-01 -1.694115e-02
<VARIANCE> 25
 1.044313e+01 1.811456e+01 2.284599e+01 3.679539e+01 3.158426e+01 3.019002e+01 4.348426e+01 3.449550e+01 4.689135e+01 3.108270e+01 2.585554e+01 2.519952e+01 4.896250e-01 7.240336e-01 1.465589e+00 1.185320e+00 1.655952e+00 1.527629e+00 2.055385e+00 1.901080e+00 1.966694e+00 1.604174e+00 1.339959e+00 1.419707e+00 7.060445e-04
<GCONST> 8.220341e+01
<MIXTURE> 37 1.246826e-02
<MEAN> 25
 6.566374e-02 6.612356e+00 1.262070e+01 -6.135997e+00 -9.174343e+00 -6.913422e-01 -4.667285e+00 -7.830050e+00 -4.722710e+00 -9.079986e-01 -2.427804e+00 -1.303525e+00 -3.258805e-01 9.956340e-01 -1.528832e+00 3.512876e+00 1.824795e+00 -1.075599e-01 1.193189e+00 2.261529e-01 9.215382e-01 -2.609838e-01 1.186518e-01 4.951943e-01 -8.428165e-02
<VARIANCE> 25
 1.414770e+01 2.620521e+01 2.768378e+01 4.363728e+01 3.173670e+01 2.600331e+01 3.579055e+01 2.885633e+01 3.629336e+01 2.876098e+01 3.580525e+01 2.807943e+01 3.291526e+00 3.183693e+00 2.589633e+00 3.384275e+00 3.778258e+00 3.111011e+00 3.457641e+00 3.197277e+00 3.321293e+00 2.913074e+00 3.905560e+00 3.505100e+00 3.624815e-03
<GCONST> 9.513206e+01
<MIXTURE> 38 1.154525e-02
<MEAN> 25
 -5.009978e+00 8.478217e+00 5.585183e+00 2.789969e+00 -4.898487e-01 -4.353915e+00 -2.575034e-01 -3.193446e+00 -2.797842e+00 -2.986106e+00 -1.008930e+00 -1.558136e-01 -4.355261e+00 1.155681e+00 -3.569054e-01 1.467914e+00 2.475173e+00 1.349245e+00 1.901365e+00 7.629480e-01 8.787237e-01 5.192531e-01 1.042756e+00 2.516751e-01 4.601743e-02
<VARIANCE> 25
 3.048848e+01 2.808006e+01 4.195754e+01 3.115893e+01 5.618014e+01 3.705711e+01 3.360829e+01 3.914740e+01 3.107135e+01 2.911925e+01 2.339309e+01 2.718013e+01 2.296491e+00 3.595149e+00 3.496966e+00 4.685245e+00 3.851823e+00 4.477457e+00 4.438643e+00 4.387125e+00 4.063189e+00 4.493058e+00 3.955877e+00 3.097768e+00 1.893430e-03
<GCONST> 9.782577e+01
<MIXTURE> 39 9.501865e-03
<MEAN> 25
 1.057933e+00 1.765286e+00 9.782733e+00 -7.978321e+00 -1.049815e+01 -1.790875e-01 -2.654203e+00 -6.606852e+00 -4.217031e+00 6.567601e-01 -3.622079e+00 -2.286097e+00 -7.009371e-01 1.460409e+00 1.598760e+00 -1.582816e+00 4.471618e-02 1.225955e+00 -1.284849e+00 -1.176354e+00 6.504453e-01 5.848197e-01 -6.374921e-01 2.496403e-01 -1.666152e-04
<VARIANCE> 25
 8.905757e+00 3.407175e+01 3.185048e+01 5.103574e+01 4.059610e+01 4.570989e+01 4.157096e+01 3.061923e+01 3.734836e+01 3.084002e+01 3.391100e+01 2.705166e+01 6.390961e-01 1.450255e+00 1.401310e+00 3.079901e+00 2.217942e+00 2.574083e+00 2.860686e+00 2.569821e+00 2.737269e+00 2.601516e+00 2.116685e+00 2.058839e+00 1.112506e-03
<GCONST> 8.935853e+01
<MIXTURE> 40 1.030800e-02
<MEAN> 25
 -7.900534e+00 2.571654e+00 -1.110050e+00 7.486352e+00 3.761424e+00 5.086860e+00 5.327089e+00 4.189579e+00 4.376642e+00 3.795846e+00 4.710671e+00 1.801986e+00 -1.066625e-01 -2.384969e-01 2.047570e-02 -1.445839e-01 -2.184238e-02 -5.221919e-02 8.736058e-02 7.688487e-02 2.617286e-02 -2.516333e-02 1.956008e-02 4.163375e-02 4.273157e-03
<VARIANCE> 25
 4.931737e+01 1.980693e+01 2.606239e+01 2.714124e+01 2.313899e+01 1.888364e+01 1.857092e+01 1.694205e+01 1.708176e+01 1.762796e+01 2.287436e+01 1.385977e+01 6.690782e-01 7.445045e-01 8.449210e-01 1.053171e+00 1.119295e+00 1.234185e+00 1.200180e+00 1.269103e+00 1.182511e+00 1.119691e+00 1.060861e+00 1.050011e+00 7.875889e-04
<GCONST> 7.586283e+01
<MIXTURE> 41 6.713375e-03
<MEAN> 25
 1.400692e+00 8.565685e-01 1.162525e+01 -7.858577e+00 -1.091000e+01 -3.868342e+00 -2.275020e+00 -5.067338e+00 -5.530712e+00 2.348079e+00 -1.142883e-01 -1.694914e+00 -2.255310e-01 -1.006011e+00 2.320506e+00 -3.378235e+00 -2.411148e+00 7.841459e-03 -4.165227e-01 -5.373894e-01 -9.319941e-01 9.426382e-01 -6.221535e-01 -1.033729e-01 9.136924e-02
<VARIANCE> 25
 9.995859e+00 2.856543e+01 3.464080e+01 3.700495e+01 3.394614e+01 3.372102e+01 3.121681e+01 2.506458e+01 3.079167e+01 2.468960e+01 3.797505e+01 2.495783e+01 3.127553e+00 3.028151e+00 5.105843e+00 3.290772e+00 4.088834e+00 4.973936e+00 3.990082e+00 4.037416e+00 3.447833e+00 3.643324e+00 3.960391e+00 2.834139e+00 2.581731e-03
<GCONST> 9.580148e+01
<MIXTURE> 42 1.106211e-02
<MEAN> 25
 -1.672606e+00 4.470849e+00 4.314467e+00 2.654729e+00 2.619241e-01 -5.956415e+00 -1.277203e+00 -1.983160e+00 -1.947557e+00 -1.365870e+00 -2.336547e+00 1.158593e+00 4.033760e+00 -3.559962e-01 1.484064e+00 2.704578e-02 -2.942328e+00 -1.316204e+00 -2.307187e+00 -8.182918e-01 -9.944076e-01 -8.047495e-01 6.263413e-01 -1.006677e+00 1.351379e-02
<VARIANCE> 25
 3.476705e+01 1.985779e+01 4.536939e+01 2.580952e+01 3.716330e+01 3.851786e+01 3.661248e+01 2.579837e+01 2.967196e+01 2.605742e+01 1.931890e+01 1.701255e+01 3.651053e+00 4.564868e+00 5.791981e+00 4.853749e+00 4.392160e+00 5.998719e+00 4.791358e+00 4.967574e+00 5.234463e+00 4.606159e+00 4.163779e+00 3.228354e+00 4.373345e-03
<GCONST> 9.905203e+01
<MIXTURE> 43 7.108249e-03
<MEAN> 25
 2.682146e+00 -6.563655e+00 -1.903050e+00 -3.936644e+00 -7.191980e+00 -3.190035e+00 3.983594e+00 1.080811e+00 -4.473487e+00 -7.311484e+00 -4.162881e+00 -1.361647e+00 1.796452e-01 2.083305e+00 1.943758e+00 -4.420416e-01 -1.369143e+00 -6.736701e-01 -1.011127e+00 -9.093176e-01 8.672487e-01 1.389106e+00 2.628439e-02 4.273830e-02 -4.436322e-02
<VARIANCE> 25
 1.096272e+01 1.860029e+01 2.611741e+01 4.692544e+01 3.547760e+01 3.423055e+01 3.059977e+01 3.693102e+01 3.945331e+01 3.597234e+01 2.444617e+01 2.706924e+01 6.616804e-01 1.203102e+00 1.446434e+00 3.167365e+00 2.201842e+00 2.312617e+00 2.438154e+00 2.934010e+00 2.409724e+00 2.420076e+00 3.075876e+00 1.763142e+00 8.667056e-04
<GCONST> 8.755297e+01
<MIXTURE> 44 7.328289e-03
<MEAN> 25
 -1.496334e+01 2.147346e+00 4.330618e+00 -3.858393e+00 2.332479e+00 3.393595e+00 1.328550e+00 -1.557778e+00 -2.312552e-01 -2.192000e+00 4.010788e+00 3.812284e-01 -2.670783e-01 -1.239542e-01 -3.146136e-01 -1.062675e-01 3.823474e-01 1.857563e-01 3.856514e-01 3.045054e-01 2.670286e-01 -1.706255e-02 1.726187e-01 4.611477e-04 2.867158e-03
<VARIANCE> 25
 2.320813e+01 1.589701e+01 2.454146e+01 1.799057e+01 2.721800e+01 2.116903e+01 1.853472e+01 2.834674e+01 2.101152e+01 1.847077e+01 2.008779e+01 1.661729e+01 9.169565e-01 1.168833e+00 1.275976e+00 9.958267e-01 3.060034e+00 1.239242e+00 9.027801e-01 1.508591e+00 1.268712e+00 1.440004e+00 1.899278e+00 1.531607e+00 7.010524e-04
<GCONST> 7.869835e+01
<MIXTURE> 45 1.364932e-02
<MEAN> 25
 -1.233820e+01 3.427648e+00 -1.241328e+00 2.813308e+00 5.649762e+00 1.550026e-01 4.762049e+00 2.853926e+00 3.299492e+00 2.191510e+00 2.385759e+00 2.554830e+00 -2.914247e+00 5.529462e-01 -4.795641e-01 -5.041543e-01 1.840917e-01 -4.033929e-03 4.460975e-01 6.116083e-02 -5.979598e-02 -7.157865e-02 2.703432e-01 9.536164e-02 1.181529e-01
<VARIANCE> 25
 3.442834e+01 2.994336e+01 3.111123e+01 3.477809e+01 3.184109e+01 2.896468e+01 2.931985e+01 2.684834e+01 2.473933e+01 2.324714e+01 2.783835e+01 1.554523e+01 2.453445e+00 3.187333e+00 2.823683e+00 2.748981e+00 2.522886e+00 2.624285e+00 2.305348e+00 2.252290e+00 2.137824e+00 2.115781e+00 1.990207e+00 1.639897e+00 4.110174e-03
<GCONST> 9.063285e+01
<MIXTURE> 46 9.336259e-03
<MEAN> 25
 -8.845141e+00 2.278569e+00 6.152054e-01 6.640014e+00 4.979017e+00 2.974970e+00 6.610462e+00 4.474593e+00 6.095504e+00 4.724754e+00 4.749039e+00 2.734895e+00 1.100731e+00 -1.656932e-01 -1.426249e-02 1.000975e+00 5.312890e-01 9.789868e-01 2.566200e-01 7.421286e-01 3.365820e-01 4.877425e-01 6.478386e-01 6.145160e-01 -1.019628e-01
<VARIANCE> 25
 3.663768e+01 4.189384e+01 3.939600e+01 5.791148e+01 5.688540e+01 4.133916e+01 3.750340e+01 3.375401e+01 3.421335e+01 2.879642e+01 2.707578e+01 1.966364e+01 3.674704e+00 4.086273e+00 3.793062e+00 4.099916e+00 4.139414e+00 3.527271e+00 3.533479e+00 3.032668e+00 2.981495e+00 2.736380e+00 2.192340e+00 1.855011e+00 7.744159e-03
<GCONST> 9.823953e+01
<MIXTURE> 47 7.116147e-03
<MEAN> 25
 7.439140e+00 -7.297119e+00 -7.932203e+00 -6.210577e+00 8.310248e-01 -6.134288e-02 -3.132854e+00 1.768041e-01 3.335522e+00 3.255346e-01 -4.831599e+00 -5.898485e+00 -2.577524e-01 -1.239525e+00 -8.193831e-01 -5.824466e-01 6.989625e-01 7.020124e-01 8.495804e-01 3.582909e-01 2.270481e-01 -9.534155e-01 -4.537389e-01 -5.361286e-01 3.323139e-02
<VARIANCE> 25
 9.767118e+00 1.956853e+01 1.879022e+01 3.077340e+01 3.554140e+01 5.179063e+01 4.392125e+01 4.312652e+01 3.979210e+01 4.200121e+01 4.529172e+01 3.428414e+01 4.979107e-01 7.713910e-01 1.101283e+00 1.730195e+00 1.811712e+00 2.045610e+00 2.213278e+00 2.231043e+00 2.023182e+00 1.941950e+00 2.006407e+00 1.834005e+00 5.811089e-04
<GCONST> 8.520884e+01
<MIXTURE> 48 7.116147e-03
<MEAN> 25
 7.439140e+00 -7.297119e+00 -7.932203e+00 -6.210577e+00 8.310248e-01 -6.134288e-02 -3.132854e+00 1.768041e-01 3.335522e+00 3.255346e-01 -4.831599e+00 -5.898485e+00 -2.577524e-01 -1.239525e+00 -8.193831e-01 -5.824466e-01 6.989625e-01 7.020124e-01 8.495804e-01 3.582909e-01 2.270481e-01 -9.534155e-01 -4.537389e-01 -5.361286e-01 3.323139e-02
<VARIANCE> 25
 9.767118e+00 1.956853e+01 1.879022e+01 3.077340e+01 3.554140e+01 5.179063e+01 4.392125e+01 4.312652e+01 3.979210e+01 4.200121e+01 4.529172e+01 3.428414e+01 4.979107e-01 7.713910e-01 1.101283e+00 1.730195e+00 1.811712e+00 2.045610e+00 2.213278e+00 2.231043e+00 2.023182e+00 1.941950e+00 2.006407e+00 1.834005e+00 5.811089e-04
<GCONST> 8.520884e+01
<MIXTURE> 49 5.548473e-03
<MEAN> 25
 -4.947974e+00 3.551880e-01 1.013349e-01 8.396892e+00 6.184289e+00 5.549230e+00 5.982916e+00 4.506964e+00 5.001614e+00 3.651791e+00 4.689401e+00 2.709155e+00 3.599651e-01 6.445336e-01 7.099516e-01 3.621213e-01 -2.150868e-01 -6.722402e-01 -9.991102e-01 -1.128892e+00 -9.550807e-01 -6.690280e-01 -4.973125e-01 -2.854174e-01 -7.850458e-05
<VARIANCE> 25
 1.020857e+01 9.889004e+00 1.413721e+01 1.573640e+01 1.565982e+01 1.699088e+01 1.934413e+01 1.902933e+01 1.789505e+01 1.786611e+01 2.285809e+01 1.507734e+01 2.758343e-01 2.635586e-01 3.586028e-01 6.103362e-01 8.777788e-01 9.624627e-01 9.852283e-01 1.059501e+00 1.116879e+00 1.212970e+00 1.253514e+00 1.201209e+00 1.462989e-05
<GCONST> 6.438245e+01
<MIXTURE> 50 6.234641e-03
<MEAN> 25
 -4.280882e+00 2.900296e-01 -1.429729e+00 6.111653e+00 4.288773e+00 2.183657e+00 3.634204e+00 1.999346e+00 2.631365e+00 1.166336e+00 1.699552e+00 2.674949e+00 4.506961e-02 1.654318e-01 7.632121e-02 -2.063205e-01 -5.563627e-01 -5.871527e-01 -3.557106e-01 -2.015686e-02 4.509170e-01 8.063201e-01 7.485401e-01 4.386037e-01 -2.061146e-05
<VARIANCE> 25
 1.207939e+01 1.137832e+01 1.365247e+01 1.466433e+01 1.464892e+01 1.785023e+01 1.788048e+01 1.923244e+01 1.843601e+01 1.849177e+01 2.411214e+01 1.516612e+01 1.430032e-01 2.290937e-01 3.716542e-01 5.097991e-01 6.253547e-01 7.687563e-01 9.758967e-01 1.142266e+00 1.109267e+00 1.002479e+00 9.653837e-01 9.507409e-01 1.086652e-06
<GCONST> 5.989176e+01
<MIXTURE> 51 6.234641e-03
<MEAN> 25
 -4.280882e+00 2.900296e-01 -1.429729e+00 6.111653e+00 4.288773e+00 2.183657e+00 3.634204e+00 1.999346e+00 2.631365e+00 1.166336e+00 1.699552e+00 2.674949e+00 4.506961e-02 1.654318e-01 7.632121e-02 -2.063205e-01 -5.563627e-01 -5.871527e-01 -3.557106e-01 -2.015686e-02 4.509170e-01 8.063201e-01 7.485401e-01 4.386037e-01 -2.061146e-05
<VARIANCE> 25
 1.207939e+01 1.137832e+01 1.365247e+01 1.466433e+01 1.464892e+01 1.785023e+01 1.788048e+01 1.923244e+01 1.843601e+01 1.849177e+01 2.411214e+01 1.516612e+01 1.430032e-01 2.290937e-01 3.716542e-01 5.097991e-01 6.253547e-01 7.687563e-01 9.758967e-01 1.142266e+00 1.109267e+00 1.002479e+00 9.653837e-01 9.507409e-01 1.086652e-06
<GCONST> 5.989176e+01
<MIXTURE> 52 6.367945e-03
<MEAN> 25
 1.012594e+01 2.046127e+00 -6.196835e+00 -1.427755e+01 -4.225074e+00 8.527654e+00 -2.755096e+00 -3.068279e+00 -4.408292e+00 -2.128255e+00 3.350402e+00 7.470939e-01 -3.856361e-01 -4.795903e-01 -7.008519e-02 1.140289e+00 1.338818e+00 -4.732510e-01 -6.026121e-01 -6.588613e-01 4.510355e-02 1.246190e+00 3.855291e-01 -5.451527e-01 -1.381579e-02
<VARIANCE> 25
 9.284847e+00 2.048791e+01 2.531915e+01 3.866214e+01 4.570689e+01 3.082487e+01 4.652105e+01 4.897703e+01 4.303661e+01 4.603684e+01 3.995212e+01 2.998683e+01 4.494296e-01 1.480466e+00 1.309866e+00 2.756075e+00 2.328370e+00 2.198332e+00 2.984333e+00 2.798457e+00 3.010592e+00 2.665118e+00 2.523814e+00 2.276475e+00 1.545070e-03
<GCONST> 8.973306e+01
<MIXTURE> 53 6.367945e-03
<MEAN> 25
 1.012594e+01 2.046127e+00 -6.196835e+00 -1.427755e+01 -4.225074e+00 8.527654e+00 -2.755096e+00 -3.068279e+00 -4.408292e+00 -2.128255e+00 3.350402e+00 7.470939e-01 -3.856361e-01 -4.795903e-01 -7.008519e-02 1.140289e+00 1.338818e+00 -4.732510e-01 -6.026121e-01 -6.588613e-01 4.510355e-02 1.246190e+00 3.855291e-01 -5.451527e-01 -1.381579e-02
<VARIANCE> 25
 9.284847e+00 2.048791e+01 2.531915e+01 3.866214e+01 4.570689e+01 3.082487e+01 4.652105e+01 4.897703e+01 4.303661e+01 4.603684e+01 3.995212e+01 2.998683e+01 4.494296e-01 1.480466e+00 1.309866e+00 2.756075e+00 2.328370e+00 2.198332e+00 2.984333e+00 2.798457e+00 3.010592e+00 2.665118e+00 2.523814e+00 2.276475e+00 1.545070e-03
<GCONST> 8.973306e+01
<MIXTURE> 54 7.368620e-03
<MEAN> 25
 -3.400686e+00 1.686224e-01 -8.213094e-01 7.903533e+00 6.493869e+00 4.640914e+00 4.766669e+00 4.529667e+00 4.146545e+00 3.692553e+00 4.168643e+00 2.321873e+00 -3.648948e-03 4.959901e-02 3.864362e-02 4.937748e-02 8.129039e-02 4.773367e-02 9.996328e-03 3.413293e-02 7.020802e-02 -3.299601e-02 -4.139907e-02 1.880565e-02 -1.855965e-07
<VARIANCE> 25
 9.653372e+00 1.023398e+01 9.231989e+00 1.760201e+01 1.274457e+01 1.306067e+01 1.174745e+01 1.101766e+01 1.120194e+01 1.367065e+01 1.862419e+01 1.207228e+01 3.940930e-02 9.397454e-02 1.481379e-01 2.170713e-01 3.246495e-01 3.826671e-01 4.616327e-01 5.101934e-01 5.843157e-01 5.609698e-01 5.505891e-01 5.121767e-01 1.016632e-06
<GCONST> 4.730774e+01
<MIXTURE> 55 7.368620e-03
<MEAN> 25
 -3.400686e+00 1.686224e-01 -8.213094e-01 7.903533e+00 6.493869e+00 4.640914e+00 4.766669e+00 4.529667e+00 4.146545e+00 3.692553e+00 4.168643e+00 2.321873e+00 -3.648948e-03 4.959901e-02 3.864362e-02 4.937748e-02 8.129039e-02 4.773367e-02 9.996328e-03 3.413293e-02 7.020802e-02 -3.299601e-02 -4.139907e-02 1.880565e-02 -1.855965e-07
<VARIANCE> 25
 9.653372e+00 1.023398e+01 9.231989e+00 1.760201e+01 1.274457e+01 1.306067e+01 1.174745e+01 1.101766e+01 1.120194e+01 1.367065e+01 1.862419e+01 1.207228e+01 3.940930e-02 9.397454e-02 1.481379e-01 2.170713e-01 3.246495e-01 3.826671e-01 4.616327e-01 5.101934e-01 5.843157e-01 5.609698e-01 5.505891e-01 5.121767e-01 1.016632e-06
<GCONST> 4.730774e+01
<MIXTURE> 56 6.132464e-03
<MEAN> 25
 7.451272e+00 -6.683634e+00 -9.252495e+00 -8.606116e+00 3.686811e+00 3.365604e+00 -2.243583e+00 -1.724511e+00 2.123123e+00 4.684390e-01 -2.698353e+00 -6.938419e+00 -1.013689e-02 5.804778e-02 -1.149592e-01 -1.673504e-02 2.683175e-01 5.412675e-02 1.569911e-01 -7.896086e-02 -9.243310e-02 -6.159717e-02 -1.497780e-01 -3.426094e-03 -7.768786e-03
<VARIANCE> 25
 9.254955e+00 2.357422e+01 1.992582e+01 3.986026e+01 3.249981e+01 5.314790e+01 5.868489e+01 3.594205e+01 3.788465e+01 3.623111e+01 3.884098e+01 2.999084e+01 1.951544e-01 4.228339e-01 4.399678e-01 7.546242e-01 7.647457e-01 1.074216e+00 8.827593e-01 9.211638e-01 9.271183e-01 8.836219e-01 1.045978e+00 7.500390e-01 2.336736e-04
<GCONST> 7.459844e+01
<MIXTURE> 57 6.132464e-03
<MEAN> 25
 7.451272e+00 -6.683634e+00 -9.252495e+00 -8.606116e+00 3.686811e+00 3.365604e+00 -2.243583e+00 -1.724511e+00 2.123123e+00 4.684390e-01 -2.698353e+00 -6.938419e+00 -1.013689e-02 5.804778e-02 -1.149592e-01 -1.673504e-02 2.683175e-01 5.412675e-02 1.569911e-01 -7.896086e-02 -9.243310e-02 -6.159717e-02 -1.497780e-01 -3.426094e-03 -7.768786e-03
<VARIANCE> 25
 9.254955e+00 2.357422e+01 1.992582e+01 3.986026e+01 3.249981e+01 5.314790e+01 5.868489e+01 3.594205e+01 3.788465e+01 3.623111e+01 3.884098e+01 2.999084e+01 1.951544e-01 4.228339e-01 4.399678e-01 7.546242e-01 7.647457e-01 1.074216e+00 8.827593e-01 9.211638e-01 9.271183e-01 8.836219e-01 1.045978e+00 7.500390e-01 2.336736e-04
<GCONST> 7.459844e+01
<MIXTURE> 58 6.172147e-03
<MEAN> 25
 2.505071e+00 -3.389374e+00 7.606854e+00 -5.542482e+00 -1.368669e+01 -5.668830e+00 1.190519e+00 7.990645e-01 -2.872255e+00 1.579910e+00 7.981381e-01 -7.802414e-01 -1.058718e-02 -1.616230e-01 -9.665871e-02 -1.859954e-01 -1.040437e-02 2.658259e-01 3.124433e-01 3.024033e-01 -5.528812e-02 2.998650e-02 -1.163908e-01 -8.742988e-02 -1.903580e-03
<VARIANCE> 25
 7.223837e+00 1.629718e+01 2.094536e+01 2.743868e+01 2.345255e+01 4.458627e+01 3.624446e+01 3.331908e+01 3.565996e+01 3.152266e+01 2.333918e+01 1.957424e+01 3.046217e-01 7.885247e-01 7.376240e-01 9.877257e-01 8.643575e-01 1.183917e+00 1.195751e+00 1.387924e+00 1.146511e+00 1.023178e+00 9.111186e-01 9.066848e-01 7.202217e-04
<GCONST> 7.578642e+01
<MIXTURE> 59 6.172147e-03
<MEAN> 25
 2.505071e+00 -3.389374e+00 7.606854e+00 -5.542482e+00 -1.368669e+01 -5.668830e+00 1.190519e+00 7.990645e-01 -2.872255e+00 1.579910e+00 7.981381e-01 -7.802414e-01 -1.058718e-02 -1.616230e-01 -9.665871e-02 -1.859954e-01 -1.040437e-02 2.658259e-01 3.124433e-01 3.024033e-01 -5.528812e-02 2.998650e-02 -1.163908e-01 -8.742988e-02 -1.903580e-03
<VARIANCE> 25
 7.223837e+00 1.629718e+01 2.094536e+01 2.743868e+01 2.345255e+01 4.458627e+01 3.624446e+01 3.331908e+01 3.565996e+01 3.152266e+01 2.333918e+01 1.957424e+01 3.046217e-01 7.885247e-01 7.376240e-01 9.877257e-01 8.643575e-01 1.183917e+00 1.195751e+00 1.387924e+00 1.146511e+00 1.023178e+00 9.111186e-01 9.066848e-01 7.202217e-04
<GCONST> 7.578642e+01
<MIXTURE> 60 4.479129e-03
<MEAN> 25
 -3.003220e+00 -6.289444e-01 -1.408505e+00 3.492620e+00 2.116253e+00 1.185531e+00 1.092925e+00 2.026970e+00 2.605046e+00 1.632359e+00 1.987287e+00 1.830508e+00 -3.346568e-02 4.205158e-02 7.687597e-02 1.083570e-01 1.549722e-01 1.053522e-01 2.399004e-01 4.239368e-01 4.148801e-01 5.463684e-01 4.853316e-01 3.516759e-01 -6.526029e-05
<VARIANCE> 25
 9.022033e+00 4.845563e+00 8.677000e+00 9.331243e+00 1.216154e+01 1.831313e+01 1.499135e+01 1.229813e+01 1.401844e+01 1.203393e+01 1.447386e+01 1.129867e+01 7.351573e-02 1.657168e-01 2.651649e-01 3.827611e-01 5.989850e-01 9.467053e-01 7.797124e-01 8.933479e-01 9.134060e-01 8.052706e-01 8.712237e-01 9.164031e-01 3.188407e-05
<GCONST> 5.645658e+01
<MIXTURE> 61 4.479129e-03
<MEAN> 25
 -3.003220e+00 -6.289444e-01 -1.408505e+00 3.492620e+00 2.116253e+00 1.185531e+00 1.092925e+00 2.026970e+00 2.605046e+00 1.632359e+00 1.987287e+00 1.830508e+00 -3.346568e-02 4.205158e-02 7.687597e-02 1.083570e-01 1.549722e-01 1.053522e-01 2.399004e-01 4.239368e-01 4.148801e-01 5.463684e-01 4.853316e-01 3.516759e-01 -6.526029e-05
<VARIANCE> 25
 9.022033e+00 4.845563e+00 8.677000e+00 9.331243e+00 1.216154e+01 1.831313e+01 1.499135e+01 1.229813e+01 1.401844e+01 1.203393e+01 1.447386e+01 1.129867e+01 7.351573e-02 1.657168e-01 2.651649e-01 3.827611e-01 5.989850e-01 9.467053e-01 7.797124e-01 8.933479e-01 9.134060e-01 8.052706e-01 8.712237e-01 9.164031e-01 3.188407e-05
<GCONST> 5.645658e+01
<MIXTURE> 62 3.278034e-03
<MEAN> 25
 -5.012774e+00 1.266990e+00 9.847846e-01 8.748674e+00 6.087595e+00 5.017536e+00 5.505079e+00 3.997675e+00 4.904418e+00 3.891788e+00 4.888623e+00 2.918792e+00 -9.956981e-01 -1.159927e+00 -9.551294e-01 -2.792104e-01 4.204367e-01 1.004371e+00 1.379061e+00 1.535784e+00 1.494086e+00 1.271387e+00 1.080094e+00 7.172977e-01 -1.233963e-03
<VARIANCE> 25
 1.028515e+01 9.905094e+00 1.312211e+01 1.696500e+01 1.742257e+01 1.742236e+01 1.949248e+01 1.902168e+01 1.924760e+01 1.867192e+01 2.186281e+01 1.473828e+01 4.022230e-01 4.310778e-01 5.483453e-01 7.714560e-01 1.029249e+00 1.179312e+00 1.241056e+00 1.304874e+00 1.335741e+00 1.416213e+00 1.398974e+00 1.362806e+00 1.622514e-05
<GCONST> 6.758400e+01
<MIXTURE> 63 4.351215e-03
<MEAN> 25
 -2.003745e+00 -4.480484e-01 -3.985531e+00 3.161720e+00 3.696366e+00 3.063526e-01 3.015845e+00 1.688191e+00 1.534833e+00 -2.031637e-01 -1.471631e+00 1.676679e+00 -5.291959e-02 3.494714e-01 3.692300e-01 5.028288e-01 3.558161e-01 4.668692e-01 4.556518e-01 2.427464e-01 8.035833e-02 1.376371e-01 -4.252360e-04 1.290465e-01 -1.392748e-03
<VARIANCE> 25
 1.102319e+01 1.666321e+01 1.210932e+01 1.313913e+01 1.398002e+01 2.016887e+01 1.814570e+01 1.774520e+01 2.120060e+01 1.604345e+01 1.556706e+01 1.393790e+01 2.185674e-01 3.618315e-01 6.124855e-01 7.172310e-01 8.142391e-01 1.005104e+00 1.017735e+00 1.183156e+00 1.267380e+00 1.038731e+00 1.010975e+00 1.329213e+00 1.995291e-04
<GCONST> 6.753156e+01
<MIXTURE> 64 4.351215e-03
<MEAN> 25
 -2.003745e+00 -4.480484e-01 -3.985531e+00 3.161720e+00 3.696366e+00 3.063526e-01 3.015845e+00 1.688191e+00 1.534833e+00 -2.031637e-01 -1.471631e+00 1.676679e+00 -5.291959e-02 3.494714e-01 3.692300e-01 5.028288e-01 3.558161e-01 4.668692e-01 4.556518e-01 2.427464e-01 8.035833e-02 1.376371e-01 -4.252360e-04 1.290465e-01 -1.392748e-03
<VARIANCE> 25
 1.102319e+01 1.666321e+01 1.210932e+01 1.313913e+01 1.398002e+01 2.016887e+01 1.814570e+01 1.774520e+01 2.120060e+01 1.604345e+01 1.556706e+01 1.393790e+01 2.185674e-01 3.618315e-01 6.124855e-01 7.172310e-01 8.142391e-01 1.005104e+00 1.017735e+00 1.183156e+00 1.267380e+00 1.038731e+00 1.010975e+00 1.329213e+00 1.995291e-04
<GCONST> 6.753156e+01
<MIXTURE> 65 1.721197e-02
<MEAN> 25
 8.634841e+00 1.216430e+00 9.944015e-01 1.441529e-01 -5.615758e+00 -4.584198e+00 -5.928385e+00 -7.507931e+00 -4.073060e+00 -1.162154e+00 -4.510059e+00 -1.487400e+00 1.295416e-01 1.976333e-01 -1.321052e-01 2.277451e-01 -1.647517e-01 2.051459e-01 -4.424814e-02 -3.212070e-01 5.406217e-01 1.926668e-01 -2.928304e-01 -7.399821e-02 -6.265976e-03
<VARIANCE> 25
 1.118735e+01 1.857785e+01 2.444965e+01 3.174917e+01 3.217800e+01 4.799801e+01 4.795100e+01 5.126594e+01 4.744582e+01 5.209958e+01 5.069704e+01 4.272771e+01 5.306222e-01 8.478606e-01 1.407469e+00 1.573513e+00 1.695874e+00 1.870289e+00 2.047839e+00 2.750837e+00 2.681817e+00 2.169631e+00 2.498163e+00 1.858554e+00 3.826842e-04
<GCONST> 8.688871e+01
<MIXTURE> 66 1.191532e-02
<MEAN> 25
 6.760670e+00 -4.257932e+00 -6.161824e+00 -5.104757e+00 7.911972e-01 -5.292250e+00 -6.718297e+00 7.482803e-01 7.732801e-01 -1.939510e+00 -6.811737e+00 -3.213060e+00 -2.580642e-01 1.650813e+00 2.223956e+00 2.312804e+00 -1.060734e+00 -1.139237e+00 1.730387e-01 -2.743593e-01 -3.186317e-01 -3.295274e-01 -1.492057e-01 9.952349e-01 -6.680611e-02
<VARIANCE> 25
 8.566111e+00 2.095881e+01 2.653282e+01 3.016510e+01 3.630706e+01 4.829637e+01 5.062756e+01 4.264099e+01 4.971223e+01 6.078625e+01 3.829634e+01 3.301274e+01 1.725828e+00 2.181702e+00 2.202700e+00 2.223092e+00 3.996284e+00 4.038609e+00 4.034317e+00 4.852562e+00 4.007956e+00 4.600086e+00 3.527601e+00 2.960894e+00 1.381258e-03
<GCONST> 9.547062e+01
<MIXTURE> 67 1.559142e-02
<MEAN> 25
 8.815149e+00 2.079017e+00 -6.004022e+00 -8.016035e+00 6.986547e-01 2.994798e+00 -3.329970e+00 -1.983721e+00 -3.505996e+00 8.444827e-01 -1.476527e-01 -1.631783e+00 -1.027863e+00 1.826648e+00 1.074292e+00 3.065850e+00 1.395405e+00 -4.577865e-01 1.288497e+00 1.583233e-01 9.940059e-02 2.170839e-01 -2.690990e-01 6.195212e-01 -1.295760e-01
<VARIANCE> 25
 1.207971e+01 3.880424e+01 3.001010e+01 5.684968e+01 4.891063e+01 5.343983e+01 6.014351e+01 5.405428e+01 6.512138e+01 5.590930e+01 5.552933e+01 4.618279e+01 2.294734e+00 3.353236e+00 3.215973e+00 4.390944e+00 4.402502e+00 4.514633e+00 4.571402e+00 4.954889e+00 5.392176e+00 4.666063e+00 4.984799e+00 3.644186e+00 2.958358e-03
<GCONST> 1.026433e+02
<MIXTURE> 68 1.485092e-02
<MEAN> 25
 -1.938200e+00 -2.256358e+00 -4.051907e+00 1.482012e+00 5.149371e+00 -4.999845e-01 2.092726e+00 1.768891e+00 1.836334e+00 1.595549e+00 3.636148e-01 1.720714e+00 2.681351e+00 4.741328e-01 5.848806e-02 -2.493186e+00 -2.370758e+00 -1.606369e+00 -2.358685e+00 -1.782623e+00 -1.696075e+00 -1.506359e+00 -1.909241e+00 -1.027137e+00 1.008784e-01
<VARIANCE> 25
 2.536131e+01 3.300401e+01 5.649963e+01 5.375310e+01 4.577180e+01 5.404797e+01 4.375333e+01 4.079386e+01 4.088710e+01 4.217452e+01 3.734430e+01 2.532924e+01 1.982782e+00 3.830299e+00 5.804326e+00 5.964139e+00 4.564409e+00 5.513514e+00 5.640921e+00 4.849298e+00 4.872707e+00 5.161862e+00 5.012743e+00 3.343441e+00 6.084913e-03
<GCONST> 1.033490e+02
<MIXTURE> 69 1.204884e-02
<MEAN> 25
 4.695836e+00 -4.227521e+00 -3.580787e+00 -3.612605e+00 -3.515305e+00 -7.866085e+00 -1.167356e+00 2.146838e+00 -3.517976e-01 -4.685604e+00 -5.704787e+00 9.633936e-01 1.662523e+00 -2.231210e+00 -1.336642e+00 -2.241393e+00 -5.252353e-01 -3.521242e-01 -4.760033e-01 6.161981e-01 -6.343483e-01 -1.461007e+00 -2.193910e+00 -1.747006e-01 6.264105e-02
<VARIANCE> 25
 8.946260e+00 2.176072e+01 2.663039e+01 2.581671e+01 4.247878e+01 3.544866e+01 4.909414e+01 3.199439e+01 3.968224e+01 3.811165e+01 3.096192e+01 2.447043e+01 3.567772e+00 2.907750e+00 3.322443e+00 3.677002e+00 5.748789e+00 4.989933e+00 7.076363e+00 6.039843e+00 5.910028e+00 5.826478e+00 4.359517e+00 3.679529e+00 2.431971e-03
<GCONST> 9.862820e+01
<MIXTURE> 70 1.329190e-02
<MEAN> 25
 7.513568e+00 -2.000633e+00 -3.874260e+00 -3.599302e+00 -4.528375e-01 -7.139685e-01 -7.672101e+00 -4.004462e+00 5.092740e-01 2.843610e+00 -1.394552e-01 -4.877666e+00 1.921244e+00 -1.139145e+00 -7.952799e-01 -2.203339e+00 -1.522215e+00 1.158085e+00 -1.329027e+00 -8.629549e-02 3.313744e-01 -2.873107e-02 6.971306e-01 -1.449706e+00 5.890519e-02
<VARIANCE> 25
 9.936852e+00 2.258676e+01 2.817478e+01 4.659782e+01 3.547099e+01 4.439948e+01 4.950029e+01 4.389810e+01 4.734233e+01 3.281824e+01 4.487064e+01 2.718515e+01 3.501635e+00 3.184941e+00 4.809072e+00 4.914443e+00 5.188296e+00 6.450881e+00 6.762236e+00 7.489866e+00 6.160503e+00 5.354771e+00 5.850357e+00 4.269500e+00 2.522326e-03
<GCONST> 1.017826e+02
<MIXTURE> 71 1.406903e-02
<MEAN> 25
 6.363481e+00 5.146550e+00 4.245421e+00 3.109686e+00 -3.455719e+00 -3.389657e+00 -3.421082e+00 -6.622311e+00 -4.637959e+00 -2.494800e+00 -5.232147e+00 -3.226821e+00 -1.566276e+00 -6.975163e-01 -2.434352e-01 -1.779896e+00 1.119821e+00 -1.399866e-01 3.806484e-02 1.528516e+00 3.161718e-01 -1.727626e-01 6.868356e-01 1.866264e-01 4.095407e-02
<VARIANCE> 25
 1.913116e+01 2.603573e+01 2.413671e+01 4.482462e+01 4.064360e+01 4.084053e+01 4.248167e+01 4.155988e+01 3.919611e+01 4.394086e+01 3.644740e+01 3.439108e+01 1.762136e+00 3.030237e+00 5.302930e+00 4.866768e+00 4.705820e+00 4.748879e+00 4.879467e+00 5.376503e+00 4.315285e+00 4.101113e+00 3.628085e+00 3.318375e+00 1.422875e-03
<GCONST> 9.872618e+01
<MIXTURE> 72 8.134747e-03
<MEAN> 25
 3.608943e+00 -4.563004e+00 6.150246e+00 -3.637690e+00 -1.087073e+01 -9.152571e+00 -3.454871e+00 2.040615e+00 -6.329603e+00 -2.465483e+00 -1.143094e+00 7.342292e-01 1.020963e+00 -6.326257e-01 -2.469805e+00 4.637528e-01 2.251610e+00 -5.771734e-01 -1.247613e+00 1.444108e+00 1.561823e+00 -4.862601e-01 -1.276372e+00 4.494704e-01 -1.072432e-02
<VARIANCE> 25
 9.733555e+00 2.121510e+01 3.129828e+01 4.100325e+01 3.035806e+01 3.028952e+01 4.125230e+01 3.166838e+01 4.908829e+01 3.627011e+01 3.701356e+01 2.497523e+01 4.499998e-01 1.034144e+00 1.843911e+00 1.305846e+00 2.029401e+00 2.102252e+00 2.681449e+00 2.475578e+00 2.690430e+00 2.634961e+00 1.765341e+00 1.862542e+00 6.273863e-04
<GCONST> 8.597942e+01
<MIXTURE> 73 1.213625e-02
<MEAN> 25
 -5.474195e+00 -7.308769e-01 -1.422933e+00 4.931033e+00 4.141500e+00 2.429260e+00 5.473966e+00 3.540056e+00 4.415994e+00 3.413123e+00 4.239343e+00 2.911267e+00 7.639778e-01 -1.144478e+00 -8.869096e-01 -2.422467e+00 -1.254411e+00 -1.701463e+00 -8.731664e-01 -5.516125e-01 -9.380685e-01 -7.657894e-01 -1.034565e+00 -2.494178e-01 1.508861e-01
<VARIANCE> 25
 1.300686e+01 1.529220e+01 1.496597e+01 2.341414e+01 2.286922e+01 2.409045e+01 1.963070e+01 1.952948e+01 1.782385e+01 1.855126e+01 2.201756e+01 1.542604e+01 3.922420e+00 3.329374e+00 5.840900e+00 5.719596e+00 5.891195e+00 4.607326e+00 4.167992e+00 4.144077e+00 3.769287e+00 4.280171e+00 3.550268e+00 2.598026e+00 4.546383e-03
<GCONST> 9.282619e+01
<MIXTURE> 74 1.756491e-02
<MEAN> 25
 4.980261e+00 -2.740635e+00 5.109703e+00 -2.665059e+00 -8.439243e+00 -7.858562e+00 -4.514042e+00 9.217363e-01 -5.542131e+00 -2.704406e+00 -7.565248e-01 6.328160e-01 6.123936e-01 1.903630e+00 -5.658809e-01 1.750747e+00 1.278207e+00 2.912122e-01 1.076350e-01 -1.531383e+00 4.144277e-01 3.943530e-01 -2.385423e-01 -1.398432e-01 -7.540368e-02
<VARIANCE> 25
 1.181756e+01 2.492146e+01 3.787196e+01 3.912050e+01 3.045340e+01 3.438053e+01 5.120834e+01 4.014316e+01 5.242575e+01 3.627298e+01 3.468204e+01 2.876921e+01 2.059150e+00 1.663513e+00 4.297497e+00 2.084060e+00 3.192548e+00 3.151181e+00 4.056623e+00 4.089357e+00 3.605104e+00 3.414376e+00 2.955599e+00 2.806697e+00 1.482191e-03
<GCONST> 9.462386e+01
<MIXTURE> 75 9.711651e-03
<MEAN> 25
 2.396599e+00 -2.159098e+00 1.098769e+01 -2.698170e-01 -1.208450e+01 -7.940304e+00 -4.812174e+00 -1.065737e+00 -5.679054e+00 -4.704707e+00 3.609846e+00 -2.657376e-01 1.913671e+00 -1.904792e+00 4.507104e-01 -5.013296e-01 -2.540626e+00 -7.130998e-01 -1.624786e+00 1.116074e+00 -5.139011e-01 -3.028334e-01 8.460470e-01 -4.773230e-01 4.325248e-02
<VARIANCE> 25
 9.506596e+00 2.208309e+01 3.017409e+01 3.648989e+01 2.541933e+01 2.671451e+01 2.553443e+01 2.743146e+01 3.194704e+01 2.563373e+01 1.971923e+01 1.845735e+01 2.352890e+00 1.880293e+00 3.820799e+00 2.278270e+00 3.274189e+00 3.931039e+00 3.576839e+00 2.963905e+00 4.026556e+00 2.751746e+00 3.358974e+00 2.177029e+00 1.374660e-03
<GCONST> 9.034737e+01
<MIXTURE> 76 1.052359e-02
<MEAN> 25
 -5.084460e+00 -1.040491e+00 -2.435203e+00 4.051449e+00 3.994868e+00 1.985201e+00 3.876209e+00 1.830005e+00 2.306046e+00 2.735931e-01 1.315736e+00 1.799044e+00 3.419350e-03 -5.253522e-01 -2.638111e-01 -8.014457e-01 -6.450566e-01 -8.743391e-01 -4.874864e-01 -4.980191e-01 -5.105605e-01 -3.582900e-01 -3.224323e-01 -1.998510e-01 1.268314e-02
<VARIANCE> 25
 3.783300e+01 2.659150e+01 2.303233e+01 3.225080e+01 2.603063e+01 2.850274e+01 2.453746e+01 2.230021e+01 2.275964e+01 2.046926e+01 2.504128e+01 1.992861e+01 9.202211e-01 1.136885e+00 1.663518e+00 1.174493e+00 1.468636e+00 1.926348e+00 1.637040e+00 1.922559e+00 1.509464e+00 1.667312e+00 1.669837e+00 1.339888e+00 1.180897e-03
<GCONST> 8.263005e+01
<MIXTURE> 77 1.244626e-02
<MEAN> 25
 -4.666199e-01 8.570278e+00 1.246902e+01 -1.161861e+01 -7.010195e+00 9.653825e-01 -9.274978e+00 -7.231376e+00 -3.382619e+00 -2.003010e-01 -4.639150e+00 -1.496055e+00 6.752798e-02 1.383885e-01 7.259899e-02 2.510592e-01 -2.171774e-02 7.941066e-02 -6.536482e-02 -6.208767e-02 8.206240e-02 -4.500853e-02 2.479197e-02 1.187697e-01 -9.905969e-03
<VARIANCE> 25
 1.043952e+01 2.026430e+01 2.764996e+01 4.162262e+01 3.329608e+01 3.396698e+01 3.668327e+01 3.177126e+01 3.531623e+01 3.318038e+01 3.776209e+01 3.495409e+01 2.987839e-01 7.785080e-01 6.460781e-01 1.085166e+00 1.237485e+00 9.854922e-01 1.222091e+00 1.072624e+00 1.042514e+00 1.064556e+00 9.759616e-01 9.218905e-01 5.404296e-04
<GCONST> 7.782403e+01
<MIXTURE> 78 9.702551e-03
<MEAN> 25
 -1.081776e+01 1.088260e+00 -1.943273e+00 1.663971e+00 3.646420e+00 -2.265372e+00 3.721818e+00 2.636259e+00 3.410504e+00 1.061961e+00 -3.733022e-01 2.732339e+00 2.304784e+00 -1.887037e-01 6.259398e-02 5.181139e-01 -7.210355e-02 1.110347e-01 -4.096492e-01 5.944141e-02 1.095286e-01 1.741231e-01 -2.685808e-01 -2.822068e-01 -6.113392e-02
<VARIANCE> 25
 4.435610e+01 3.097768e+01 3.172561e+01 3.625457e+01 4.355377e+01 3.651435e+01 3.398959e+01 3.057069e+01 3.361893e+01 2.737787e+01 2.555220e+01 2.059176e+01 4.691536e+00 2.501446e+00 2.912960e+00 3.049450e+00 2.892941e+00 3.598076e+00 3.335223e+00 2.922981e+00 2.308498e+00 2.264298e+00 2.222645e+00 2.498557e+00 4.408384e-03
<GCONST> 9.483896e+01
<MIXTURE> 79 1.156824e-02
<MEAN> 25
 2.405178e+00 1.448084e+00 9.302925e+00 -6.707850e+00 -1.209422e+01 -1.827507e+00 -2.006256e+00 -6.386753e+00 -6.682949e+00 2.865741e-01 -3.363850e+00 -3.280775e+00 1.202095e+00 -4.749267e-01 -1.457632e+00 2.346274e+00 4.008939e-01 -1.440521e+00 5.287848e-01 8.621492e-01 -4.063334e-01 -5.261387e-01 3.156997e-01 3.121481e-01 -3.681867e-02
<VARIANCE> 25
 1.412137e+01 2.482825e+01 3.841460e+01 4.937349e+01 3.313363e+01 4.301900e+01 4.264580e+01 3.686713e+01 3.937804e+01 3.920847e+01 4.437357e+01 3.075133e+01 9.920259e-01 2.368529e+00 1.893043e+00 2.062563e+00 2.465044e+00 2.827486e+00 3.148310e+00 3.516845e+00 2.525110e+00 2.701453e+00 2.393700e+00 2.085218e+00 1.224519e-03
<GCONST> 9.192256e+01
<MIXTURE> 80 7.550998e-03
<MEAN> 25
 -1.482882e+01 3.416182e+00 9.508905e-01 1.493933e+00 1.832489e+00 1.796602e+00 6.189156e+00 1.799808e+00 2.671037e+00 1.890875e+00 5.554225e+00 1.058444e+00 4.250937e+00 -6.759845e-02 1.757708e+00 -9.860139e-01 -3.071855e+00 -2.960099e+00 -2.353727e+00 -1.865519e+00 -1.997046e+00 -1.578558e+00 -1.500405e+00 -6.674951e-01 -3.961291e-02
<VARIANCE> 25
 1.926627e+01 2.043369e+01 3.163755e+01 4.640048e+01 3.039655e+01 2.763766e+01 2.631131e+01 2.980220e+01 2.415200e+01 2.779457e+01 2.817393e+01 1.659964e+01 2.175580e+00 2.422083e+00 2.559940e+00 3.893260e+00 3.328542e+00 2.763130e+00 2.789701e+00 3.080445e+00 2.532999e+00 2.564698e+00 2.715731e+00 2.030578e+00 1.531207e-03
<GCONST> 9.069720e+01
<MIXTURE> 81 8.025434e-03
<MEAN> 25
 -1.118303e+00 4.058732e+00 1.018323e+01 -1.480122e+01 -9.086025e+00 -1.424573e+00 -6.767507e+00 -8.421878e+00 -4.156614e+00 -4.183932e-01 -7.565112e+00 -2.246356e+00 1.338331e-01 -5.870149e-01 -3.152864e-03 -5.564318e-01 -4.636282e-01 3.355908e-01 3.189066e-01 1.378042e-01 -1.408123e-01 1.067829e-01 -4.697666e-01 -1.244208e-01 1.151488e-02
<VARIANCE> 25
 1.015440e+01 3.289642e+01 2.645975e+01 2.927693e+01 3.373008e+01 3.052376e+01 4.542656e+01 2.826965e+01 3.802200e+01 3.187413e+01 2.542645e+01 3.104016e+01 7.724884e-01 2.277131e+00 1.545737e+00 2.871893e+00 2.662703e+00 2.124997e+00 3.280232e+00 2.288304e+00 2.355904e+00 2.537859e+00 2.298079e+00 2.079520e+00 1.183345e-03
<GCONST> 8.869355e+01
<MIXTURE> 82 8.213053e-03
<MEAN> 25
 -1.000208e+01 -3.883834e+00 1.634092e+00 -3.001105e+00 3.126319e+00 7.262566e-01 2.003833e+00 8.859322e-01 2.943173e+00 1.700141e+00 1.794018e+00 3.075601e+00 -1.302326e+00 -1.371849e-01 2.813232e-01 -2.598975e+00 -1.122399e+00 -1.257571e+00 -1.008977e+00 -8.730029e-01 -3.099130e-01 -4.661306e-01 -2.944162e-01 -7.990583e-02 1.773182e-01
<VARIANCE> 25
 1.811686e+01 2.484176e+01 3.216043e+01 3.088280e+01 3.285464e+01 3.250151e+01 3.160554e+01 3.317196e+01 3.084535e+01 2.507236e+01 3.099545e+01 1.740258e+01 3.750793e+00 3.052489e+00 3.307059e+00 3.254680e+00 3.582360e+00 3.275427e+00 2.926838e+00 2.998289e+00 2.784203e+00 2.498519e+00 2.506203e+00 1.888254e+00 3.585290e-03
<GCONST> 9.313853e+01
<MIXTURE> 83 1.167529e-02
<MEAN> 25
 -1.955488e+01 5.468992e+00 -7.905437e-01 -9.307042e-01 7.863997e+00 -2.151200e-01 5.620838e+00 2.734085e+00 1.286849e+00 1.159483e+00 9.322592e-01 1.850063e+00 -2.813066e-02 -4.507846e-01 -9.997841e-04 -2.942818e-01 -3.586127e-01 -4.926271e-02 -1.400266e-01 -2.204740e-01 -1.183946e-01 -7.909574e-02 4.270863e-02 -3.248119e-02 4.725666e-03
<VARIANCE> 25
 8.893575e+00 1.461403e+01 3.009105e+01 2.094894e+01 1.995550e+01 2.629969e+01 2.085513e+01 2.353585e+01 1.906223e+01 2.492228e+01 2.181727e+01 1.900627e+01 9.266083e-01 8.761246e-01 1.129200e+00 9.893505e-01 1.389112e+00 1.205438e+00 1.120907e+00 1.591462e+00 1.358669e+00 1.255360e+00 1.382534e+00 1.077496e+00 7.810956e-04
<GCONST> 7.668498e+01
<MIXTURE> 84 1.066614e-02
<MEAN> 25
 1.154671e+00 9.008939e+00 7.251725e+00 7.962929e+00 2.803925e+00 -9.017358e-01 -1.515212e+00 -4.475384e+00 -4.111999e+00 -2.908751e+00 -2.403332e+00 -1.585302e+00 -1.790147e+00 -1.180989e+00 -1.203318e+00 1.289587e+00 2.252443e+00 1.505120e+00 1.448038e+00 1.283565e+00 1.169741e+00 3.994238e-01 4.188977e-01 4.227644e-01 -7.140379e-02
<VARIANCE> 25
 2.366198e+01 1.825175e+01 2.168325e+01 2.428671e+01 2.958798e+01 2.832986e+01 2.791506e+01 2.659644e+01 2.523769e+01 2.518003e+01 2.358819e+01 2.459274e+01 2.100273e+00 2.541973e+00 3.841814e+00 3.294765e+00 3.266435e+00 3.373411e+00 3.299493e+00 3.409410e+00 3.475427e+00 3.243668e+00 3.579601e+00 2.804678e+00 3.545755e-03
<GCONST> 9.256052e+01
<MIXTURE> 85 7.591393e-03
<MEAN> 25
 -3.168054e+00 7.347339e+00 5.801371e+00 7.343493e-01 -3.646686e+00 -5.134133e+00 -2.967452e+00 -6.147623e+00 -4.054512e+00 -3.303749e+00 2.248005e-01 -1.742300e+00 3.973514e+00 8.271275e-02 1.889464e+00 -1.947638e+00 -3.465022e+00 -2.825348e+00 -3.002974e+00 -2.125669e+00 -2.468020e+00 -1.219452e+00 -2.060335e+00 -6.490552e-01 1.232397e-02
<VARIANCE> 25
 3.917385e+01 2.284178e+01 3.459101e+01 3.654734e+01 3.710982e+01 3.713682e+01 2.926342e+01 2.507561e+01 2.549823e+01 2.331170e+01 3.016092e+01 1.847387e+01 2.620932e+00 4.331037e+00 3.934410e+00 4.863986e+00 3.991755e+00 3.899794e+00 3.557947e+00 3.871369e+00 3.747754e+00 3.639513e+00 4.186590e+00 3.119606e+00 4.944526e-03
<GCONST> 9.704494e+01
<MIXTURE> 86 1.273941e-02
<MEAN> 25
 -3.124300e+00 -9.013099e-01 -8.861982e-01 5.473825e+00 5.214074e+00 3.833719e+00 4.341548e+00 4.990182e+00 4.347204e+00 3.730540e+00 3.886717e+00 2.099766e+00 1.574401e-02 -1.588446e-02 -2.304097e-02 -6.566675e-02 -7.898767e-02 -1.361351e-01 -2.985332e-01 -4.319032e-01 -3.157240e-01 -2.337653e-01 -2.467603e-01 -1.746650e-01 -1.983393e-03
<VARIANCE> 25
 1.096200e+01 5.015713e+00 7.805684e+00 1.160745e+01 1.234664e+01 1.399670e+01 1.547111e+01 1.146547e+01 1.095894e+01 1.172397e+01 1.643950e+01 1.108559e+01 1.128084e-01 2.737466e-01 3.009537e-01 3.813854e-01 5.023429e-01 6.167895e-01 6.346395e-01 8.658025e-01 6.972581e-01 7.978359e-01 7.644593e-01 8.471402e-01 5.635891e-05
<GCONST> 5.663453e+01
<MIXTURE> 87 1.100681e-02
<MEAN> 25
 -3.491820e+00 4.020040e+00 3.489826e+00 6.699360e+00 5.183979e+00 1.098650e+00 1.603653e+00 -1.118851e+00 -1.625719e-01 -8.808953e-01 -9.799418e-01 -4.873564e-02 -1.978111e+00 -2.627977e+00 -2.024321e+00 -2.247432e+00 -6.410048e-02 -1.299596e-01 4.580931e-01 1.265093e+00 1.442576e+00 1.111561e+00 9.768530e-01 1.138624e+00 9.855181e-02
<VARIANCE> 25
 3.740685e+01 3.301916e+01 2.679692e+01 3.387560e+01 2.960445e+01 3.192442e+01 2.724094e+01 2.667027e+01 2.819255e+01 2.367473e+01 2.560704e+01 2.282989e+01 4.038603e+00 2.942521e+00 3.828065e+00 3.496906e+00 4.622666e+00 4.104452e+00 4.273534e+00 3.717607e+00 3.466362e+00 3.316486e+00 3.218696e+00 2.903297e+00 5.157028e-03
<GCONST> 9.637821e+01
<MIXTURE> 88 1.256585e-02
<MEAN> 25
 -1.813263e+00 4.482884e-01 -1.476974e+00 4.924428e+00 4.071591e+00 3.360126e+00 3.870261e+00 3.257291e+00 3.793257e+00 1.238580e+00 8.432971e-01 2.477427e+00 6.251872e-02 1.665383e-01 8.188561e-02 3.954146e-01 6.224148e-01 1.946703e-01 -9.012723e-02 -1.743155e-01 -3.058362e-01 -3.059214e-01 -4.032435e-02 -5.321279e-01 -1.050441e-02
<VARIANCE> 25
 9.379856e+00 1.168665e+01 9.770250e+00 1.114797e+01 1.669447e+01 1.817690e+01 1.712330e+01 1.241399e+01 1.717717e+01 1.715274e+01 1.801004e+01 1.444800e+01 9.489935e-01 1.609726e+00 1.899745e+00 2.016484e+00 2.340846e+00 4.387568e+00 2.745189e+00 2.074560e+00 1.807074e+00 2.006025e+00 1.845922e+00 2.053833e+00 1.487655e-03
<GCONST> 7.960191e+01
<MIXTURE> 89 9.333527e-03
<MEAN> 25
 6.077189e+00 -6.828000e+00 -3.561650e+00 -3.164553e+00 -1.609387e+00 -5.591993e+00 -6.118681e+00 4.094437e+00 3.472323e+00 -2.800019e+00 -6.029465e+00 -3.288614e+00 -5.709562e-01 1.567155e-01 1.988959e+00 9.003235e-01 -1.868465e+00 -1.648853e+00 8.832451e-01 1.263384e+00 -7.896743e-01 -1.315898e+00 4.042715e-01 1.535707e+00 -4.916180e-03
<VARIANCE> 25
 8.993044e+00 2.672793e+01 3.109442e+01 3.023760e+01 3.607415e+01 4.163205e+01 5.962557e+01 4.214329e+01 3.906516e+01 4.242316e+01 3.580796e+01 3.237416e+01 3.534898e-01 8.412549e-01 1.474813e+00 1.318851e+00 1.917572e+00 2.125017e+00 2.576267e+00 2.042343e+00 2.247321e+00 2.126744e+00 2.331957e+00 1.471181e+00 3.678607e-04
<GCONST> 8.529437e+01
<MIXTURE> 90 7.114505e-03
<MEAN> 25
 2.362129e+00 -9.671412e+00 -4.739558e+00 -3.926326e+00 -3.410375e+00 -1.825221e+00 3.324711e+00 1.170427e+00 -7.409463e+00 -1.013516e+01 -3.426029e+00 -7.465144e-01 -1.659440e-01 8.974777e-01 1.160314e+00 -8.722597e-01 -1.611630e+00 -1.951595e-01 6.357252e-01 -2.182874e-01 -1.556657e-01 7.431473e-01 1.681605e-01 -5.338514e-01 -1.139161e-02
<VARIANCE> 25
 8.931921e+00 1.783301e+01 1.975350e+01 2.843519e+01 3.642408e+01 3.176878e+01 3.814174e+01 3.592608e+01 3.578283e+01 2.799048e+01 2.663498e+01 2.581076e+01 2.217535e-01 6.237045e-01 8.012050e-01 1.066410e+00 1.454367e+00 1.597291e+00 1.775584e+00 1.653228e+00 1.801348e+00 1.663229e+00 1.532612e+00 1.312820e+00 2.166762e-04
<GCONST> 7.821088e+01
<MIXTURE> 91 7.852945e-03
<MEAN> 25
 6.401838e+00 -7.558031e+00 -8.740286e+00 -5.245016e+00 3.729920e+00 -3.907204e-01 -2.367729e+00 4.830324e-01 9.354067e-01 -2.727836e+00 -5.040190e+00 -5.022235e+00 2.403440e-01 1.009149e+00 2.228827e-01 4.714129e-01 -5.374210e-02 -5.624207e-01 -3.029261e-01 -4.079695e-02 -2.017930e-01 3.684711e-01 -1.480259e-01 1.952628e-01 -3.645904e-02
<VARIANCE> 25
 1.012832e+01 2.201463e+01 2.095597e+01 3.883185e+01 3.425027e+01 5.418983e+01 5.213976e+01 3.879948e+01 5.002887e+01 6.150721e+01 3.729906e+01 4.105509e+01 4.387323e-01 8.483697e-01 1.148350e+00 1.349033e+00 2.094955e+00 2.272369e+00 2.363110e+00 2.332601e+00 2.302032e+00 2.227748e+00 1.936230e+00 1.736900e+00 6.023158e-04
<GCONST> 8.670942e+01
<MIXTURE> 92 7.852945e-03
<MEAN> 25
 6.401838e+00 -7.558031e+00 -8.740286e+00 -5.245016e+00 3.729920e+00 -3.907204e-01 -2.367729e+00 4.830324e-01 9.354067e-01 -2.727836e+00 -5.040190e+00 -5.022235e+00 2.403440e-01 1.009149e+00 2.228827e-01 4.714129e-01 -5.374210e-02 -5.624207e-01 -3.029261e-01 -4.079695e-02 -2.017930e-01 3.684711e-01 -1.480259e-01 1.952628e-01 -3.645904e-02
<VARIANCE> 25
 1.012832e+01 2.201463e+01 2.095597e+01 3.883185e+01 3.425027e+01 5.418983e+01 5.213976e+01 3.879948e+01 5.002887e+01 6.150721e+01 3.729906e+01 4.105509e+01 4.387323e-01 8.483697e-01 1.148350e+00 1.349033e+00 2.094955e+00 2.272369e+00 2.363110e+00 2.332601e+00 2.302032e+00 2.227748e+00 1.936230e+00 1.736900e+00 6.023158e-04
<GCONST> 8.670942e+01
<MIXTURE> 93 6.122769e-03
<MEAN> 25
 -6.797312e+00 -9.509213e-01 -2.400877e+00 5.795293e+00 5.907598e+00 3.918072e+00 6.116520e+00 3.613184e+00 4.116577e+00 2.505275e+00 1.802851e+00 3.699005e+00 -6.125560e-02 -1.528229e-01 -2.562438e-01 -3.306691e-01 -3.330313e-01 -2.832645e-01 -2.168959e-01 -1.742402e-01 -1.664155e-01 -1.524492e-01 -1.067888e-01 -3.369335e-02 -5.240462e-06
<VARIANCE> 25
 9.291845e+00 6.062764e+00 8.169069e+00 1.133506e+01 1.146400e+01 1.596371e+01 1.527173e+01 1.642074e+01 1.474843e+01 1.460545e+01 1.685636e+01 1.343906e+01 8.257214e-02 1.537543e-01 2.635127e-01 3.800600e-01 5.000199e-01 6.428596e-01 7.785710e-01 8.864171e-01 9.182588e-01 8.753239e-01 8.923190e-01 9.176760e-01 1.004907e-06
<GCONST> 5.363374e+01
<MIXTURE> 94 6.122769e-03
<MEAN> 25
 -6.797312e+00 -9.509213e-01 -2.400877e+00 5.795293e+00 5.907598e+00 3.918072e+00 6.116520e+00 3.613184e+00 4.116577e+00 2.505275e+00 1.802851e+00 3.699005e+00 -6.125560e-02 -1.528229e-01 -2.562438e-01 -3.306691e-01 -3.330313e-01 -2.832645e-01 -2.168959e-01 -1.742402e-01 -1.664155e-01 -1.524492e-01 -1.067888e-01 -3.369335e-02 -5.240462e-06
<VARIANCE> 25
 9.291845e+00 6.062764e+00 8.169069e+00 1.133506e+01 1.146400e+01 1.596371e+01 1.527173e+01 1.642074e+01 1.474843e+01 1.460545e+01 1.685636e+01 1.343906e+01 8.257214e-02 1.537543e-01 2.635127e-01 3.800600e-01 5.000199e-01 6.428596e-01 7.785710e-01 8.864171e-01 9.182588e-01 8.753239e-01 8.923190e-01 9.176760e-01 1.004907e-06
<GCONST> 5.363374e+01
<MIXTURE> 95 5.258835e-03
<MEAN> 25
 -3.225726e+00 3.755002e-01 -2.124878e+00 4.651761e+00 4.090290e+00 2.251286e+00 3.784625e+00 2.129677e+00 2.942395e+00 1.138641e+00 -6.670973e-01 1.355996e+00 1.193493e-01 6.138215e-02 1.836417e-01 -2.722393e-02 -3.618111e-01 -7.559670e-01 -1.163544e+00 -1.376219e+00 -1.352255e+00 -1.040226e+00 -6.392882e-01 -2.804518e-01 -3.430439e-03
<VARIANCE> 25
 1.367324e+01 7.639520e+00 8.720743e+00 8.830300e+00 1.165998e+01 1.488052e+01 1.404746e+01 1.408902e+01 1.351683e+01 1.085252e+01 1.790124e+01 1.273377e+01 1.398370e-01 2.289617e-01 5.023818e-01 5.685666e-01 7.330194e-01 7.628810e-01 9.270742e-01 6.756546e-01 8.067225e-01 1.140327e+00 8.653607e-01 9.183027e-01 6.638055e-05
<GCONST> 6.012417e+01
<MIXTURE> 96 7.034694e-03
<MEAN> 25
 -3.949512e+00 -2.362822e-01 -2.370218e+00 4.570517e+00 3.536664e+00 1.523983e+00 3.274051e+00 2.294369e+00 2.152899e+00 9.205914e-01 7.584259e-01 2.952730e+00 2.933241e-03 1.411389e-01 2.127656e-01 3.610995e-01 5.045411e-01 5.281454e-01 1.674520e-01 -1.523266e-01 -5.791454e-01 -6.605066e-01 -6.527770e-01 -3.529231e-01 -9.478547e-05
<VARIANCE> 25
 1.373825e+01 9.623520e+00 1.114153e+01 1.419077e+01 1.474245e+01 1.718065e+01 1.690432e+01 1.818327e+01 1.617353e+01 1.491544e+01 1.746794e+01 1.527600e+01 1.190209e-01 1.959418e-01 2.791009e-01 4.080434e-01 4.323840e-01 6.169652e-01 7.660294e-01 9.721286e-01 1.000690e+00 7.533230e-01 8.362749e-01 8.863570e-01 1.372011e-06
<GCONST> 5.660122e+01
<MIXTURE> 97 7.034694e-03
<MEAN> 25
 -3.949512e+00 -2.362822e-01 -2.370218e+00 4.570517e+00 3.536664e+00 1.523983e+00 3.274051e+00 2.294369e+00 2.152899e+00 9.205914e-01 7.584259e-01 2.952730e+00 2.933241e-03 1.411389e-01 2.127656e-01 3.610995e-01 5.045411e-01 5.281454e-01 1.674520e-01 -1.523266e-01 -5.791454e-01 -6.605066e-01 -6.527770e-01 -3.529231e-01 -9.478547e-05
<VARIANCE> 25
 1.373825e+01 9.623520e+00 1.114153e+01 1.419077e+01 1.474245e+01 1.718065e+01 1.690432e+01 1.818327e+01 1.617353e+01 1.491544e+01 1.746794e+01 1.527600e+01 1.190209e-01 1.959418e-01 2.791009e-01 4.080434e-01 4.323840e-01 6.169652e-01 7.660294e-01 9.721286e-01 1.000690e+00 7.533230e-01 8.362749e-01 8.863570e-01 1.372011e-06
<GCONST> 5.660122e+01
<MIXTURE> 98 9.917808e-03
<MEAN> 25
 -1.712826e+00 6.337147e-01 -7.393290e-01 4.081724e+00 3.201898e+00 2.088531e+00 2.599629e+00 1.835155e+00 2.027013e+00 4.551853e-01 -2.173547e-01 3.937722e-01 -1.669103e+00 -1.248963e+00 -8.012449e-01 9.539053e-03 2.780462e-01 8.480207e-01 8.173314e-01 1.380314e+00 1.647033e+00 1.265226e+00 1.545019e+00 9.921851e-01 -2.655605e-02
<VARIANCE> 25
 1.217366e+01 2.136279e+01 2.950361e+01 2.685910e+01 3.573166e+01 3.875305e+01 3.044003e+01 2.636797e+01 2.544931e+01 3.043579e+01 2.526206e+01 2.056031e+01 1.533150e+00 1.608101e+00 2.028259e+00 2.523845e+00 2.852604e+00 2.440903e+00 2.988950e+00 2.294347e+00 2.349238e+00 2.866899e+00 2.469276e+00 2.245886e+00 2.418813e-03
<GCONST> 8.900626e+01
<MIXTURE> 99 6.696178e-03
<MEAN> 25
 -6.850419e+00 9.549712e+00 6.806484e+00 3.096030e+00 7.676494e-01 -4.775851e+00 -1.526877e+00 -4.365433e+00 -3.463042e+00 -3.845057e+00 -1.312887e+00 1.226187e-01 4.591445e-01 -7.420488e-01 2.293865e-01 -4.039886e-01 -1.055983e+00 -4.294609e-01 -2.719253e-01 -2.654136e-01 -1.011239e-01 -3.539217e-02 3.307252e-01 1.738062e-01 1.080067e-02
<VARIANCE> 25
 3.720717e+01 2.689486e+01 4.673792e+01 3.205314e+01 3.860812e+01 3.774157e+01 2.726019e+01 2.890417e+01 2.551034e+01 2.771084e+01 2.123316e+01 2.878451e+01 2.319279e+00 1.814005e+00 1.457099e+00 1.685505e+00 2.907781e+00 2.100408e+00 1.566158e+00 1.585789e+00 1.497450e+00 1.550133e+00 1.396748e+00 1.441244e+00 1.506283e-03
<GCONST> 8.719544e+01
<MIXTURE> 100 4.498084e-03
<MEAN> 25
 -1.611966e+00 6.248547e+00 1.027260e+01 -7.442659e+00 -1.077717e+01 -5.094985e+00 -4.925195e+00 -9.927320e+00 -4.765985e+00 -9.132946e-01 -2.592829e+00 -2.700768e+00 2.939031e+00 -1.277593e+00 1.322455e+00 -2.164480e+00 -3.427336e+00 -8.258293e-01 -1.250330e+00 -8.013400e-01 -1.504917e+00 3.361420e-01 -1.647959e+00 -2.884541e-01 2.462947e-03
<VARIANCE> 25
 1.360148e+01 2.174411e+01 2.224276e+01 2.614440e+01 2.293539e+01 2.351288e+01 2.881084e+01 2.156355e+01 2.730299e+01 2.262142e+01 2.367220e+01 2.109916e+01 1.815304e+00 3.929250e+00 2.929579e+00 4.268594e+00 4.135762e+00 4.625750e+00 4.044742e+00 4.321192e+00 4.186659e+00 3.854379e+00 3.874669e+00 3.190594e+00 1.671051e-03
<GCONST> 9.256809e+01
<MIXTURE> 101 6.007792e-03
<MEAN> 25
 8.135257e+00 -3.508554e+00 -6.208822e+00 -6.802138e+00 7.189878e-01 -1.371905e+00 -1.051080e+01 -2.191473e+00 1.421448e+00 2.729992e+00 -2.288363e+00 -5.065179e+00 6.784602e-01 6.577708e-01 -1.458213e+00 -1.571356e+00 1.020085e+00 2.283943e+00 2.233406e-01 -1.472016e+00 -1.034641e+00 1.048927e+00 1.340943e+00 -4.287278e-01 -5.190986e-03
<VARIANCE> 25
 9.188489e+00 1.641803e+01 2.980259e+01 4.218176e+01 3.634257e+01 3.576419e+01 3.665426e+01 3.644106e+01 3.916544e+01 4.316924e+01 5.126928e+01 2.406201e+01 2.896591e-01 6.587659e-01 1.150686e+00 1.600029e+00 1.663192e+00 2.115192e+00 2.081070e+00 1.962532e+00 2.348537e+00 2.182496e+00 1.803309e+00 1.907029e+00 3.458580e-04
<GCONST> 8.353654e+01
<MIXTURE> 102 6.007792e-03
<MEAN> 25
 8.135257e+00 -3.508554e+00 -6.208822e+00 -6.802138e+00 7.189878e-01 -1.371905e+00 -1.051080e+01 -2.191473e+00 1.421448e+00 2.729992e+00 -2.288363e+00 -5.065179e+00 6.784602e-01 6.577708e-01 -1.458213e+00 -1.571356e+00 1.020085e+00 2.283943e+00 2.233406e-01 -1.472016e+00 -1.034641e+00 1.048927e+00 1.340943e+00 -4.287278e-01 -5.190986e-03
<VARIANCE> 25
 9.188489e+00 1.641803e+01 2.980259e+01 4.218176e+01 3.634257e+01 3.576419e+01 3.665426e+01 3.644106e+01 3.916544e+01 4.316924e+01 5.126928e+01 2.406201e+01 2.896591e-01 6.587659e-01 1.150686e+00 1.600029e+00 1.663192e+00 2.115192e+00 2.081070e+00 1.962532e+00 2.348537e+00 2.182496e+00 1.803309e+00 1.907029e+00 3.458580e-04
<GCONST> 8.353654e+01
<MIXTURE> 103 5.694618e-03
<MEAN> 25
 3.359851e+00 -9.469693e+00 -6.129453e+00 -3.078086e+00 -1.326262e+00 -1.964676e+00 2.430014e+00 2.514561e+00 -4.602623e+00 -9.248466e+00 -5.059294e+00 3.579498e-01 -1.592547e-01 -1.488849e+00 -9.786840e-01 3.749779e-01 1.211512e+00 1.020985e+00 1.566678e-01 -2.675593e-01 -7.796242e-01 -9.461774e-01 -3.402263e-02 1.192475e-01 2.692749e-02
<VARIANCE> 25
 1.038574e+01 2.041601e+01 2.290545e+01 3.181321e+01 4.804018e+01 3.506750e+01 4.641123e+01 3.666670e+01 4.211268e+01 2.934056e+01 3.005098e+01 2.637713e+01 6.445811e-01 1.252500e+00 1.540098e+00 1.941541e+00 2.931559e+00 2.410895e+00 2.892262e+00 2.575464e+00 2.561401e+00 2.526711e+00 2.096857e+00 2.014576e+00 8.090527e-04
<GCONST> 8.759196e+01
<MIXTURE> 104 5.694618e-03
<MEAN> 25
 3.359851e+00 -9.469693e+00 -6.129453e+00 -3.078086e+00 -1.326262e+00 -1.964676e+00 2.430014e+00 2.514561e+00 -4.602623e+00 -9.248466e+00 -5.059294e+00 3.579498e-01 -1.592547e-01 -1.488849e+00 -9.786840e-01 3.749779e-01 1.211512e+00 1.020985e+00 1.566678e-01 -2.675593e-01 -7.796242e-01 -9.461774e-01 -3.402263e-02 1.192475e-01 2.692749e-02
<VARIANCE> 25
 1.038574e+01 2.041601e+01 2.290545e+01 3.181321e+01 4.804018e+01 3.506750e+01 4.641123e+01 3.666670e+01 4.211268e+01 2.934056e+01 3.005098e+01 2.637713e+01 6.445811e-01 1.252500e+00 1.540098e+00 1.941541e+00 2.931559e+00 2.410895e+00 2.892262e+00 2.575464e+00 2.561401e+00 2.526711e+00 2.096857e+00 2.014576e+00 8.090527e-04
<GCONST> 8.759196e+01
<MIXTURE> 105 4.710235e-03
<MEAN> 25
 2.291688e+00 -1.481632e+00 9.077553e+00 -2.687165e+00 -1.144607e+01 -4.990758e+00 -4.169779e+00 -8.011507e-01 -3.818573e+00 -3.117887e+00 1.502273e+00 -1.156769e+00 1.186502e-02 3.326757e-02 4.286304e-02 -4.410117e-02 2.252983e-03 4.630766e-02 -8.309300e-03 4.497935e-02 -3.479052e-02 2.352870e-02 2.353759e-02 -2.711242e-02 -2.323381e-03
<VARIANCE> 25
 1.370749e+01 2.847311e+01 4.220227e+01 4.454917e+01 3.912532e+01 5.314423e+01 4.079591e+01 4.305080e+01 3.977969e+01 4.183035e+01 4.149904e+01 3.037335e+01 8.561807e-02 1.865253e-01 3.441423e-01 2.888151e-01 3.715051e-01 4.284133e-01 4.663005e-01 4.894347e-01 4.927906e-01 4.393802e-01 4.179033e-01 3.969398e-01 8.995296e-05
<GCONST> 6.671609e+01
<MIXTURE> 106 4.710235e-03
<MEAN> 25
 2.291688e+00 -1.481632e+00 9.077553e+00 -2.687165e+00 -1.144607e+01 -4.990758e+00 -4.169779e+00 -8.011507e-01 -3.818573e+00 -3.117887e+00 1.502273e+00 -1.156769e+00 1.186502e-02 3.326757e-02 4.286304e-02 -4.410117e-02 2.252983e-03 4.630766e-02 -8.309300e-03 4.497935e-02 -3.479052e-02 2.352870e-02 2.353759e-02 -2.711242e-02 -2.323381e-03
<VARIANCE> 25
 1.370749e+01 2.847311e+01 4.220227e+01 4.454917e+01 3.912532e+01 5.314423e+01 4.079591e+01 4.305080e+01 3.977969e+01 4.183035e+01 4.149904e+01 3.037335e+01 8.561807e-02 1.865253e-01 3.441423e-01 2.888151e-01 3.715051e-01 4.284133e-01 4.663005e-01 4.894347e-01 4.927906e-01 4.393802e-01 4.179033e-01 3.969398e-01 8.995296e-05
<GCONST> 6.671609e+01
<MIXTURE> 107 5.452374e-03
<MEAN> 25
 8.791903e+00 -2.260571e+00 -7.883379e+00 -9.224068e+00 1.572731e+00 2.589938e+00 -8.498951e+00 -4.861651e+00 -8.987340e-01 3.511631e+00 7.453018e-01 -4.787798e+00 -6.208549e-01 -7.565139e-01 7.692643e-01 1.723142e+00 2.380914e-01 -1.950743e+00 -9.330462e-01 8.528897e-01 1.812612e+00 6.806037e-02 -1.699135e+00 -7.702249e-01 -1.164694e-03
<VARIANCE> 25
 9.381920e+00 1.969139e+01 2.772983e+01 4.357812e+01 3.772008e+01 3.998339e+01 4.955632e+01 3.692253e+01 4.404095e+01 4.041821e+01 4.972250e+01 3.093782e+01 3.444570e-01 9.461012e-01 1.500528e+00 2.371469e+00 2.196246e+00 2.793638e+00 2.520407e+00 2.447248e+00 2.254622e+00 2.919726e+00 1.904929e+00 2.174296e+00 6.916114e-04
<GCONST> 8.772711e+01
<MIXTURE> 108 5.452374e-03
<MEAN> 25
 8.791903e+00 -2.260571e+00 -7.883379e+00 -9.224068e+00 1.572731e+00 2.589938e+00 -8.498951e+00 -4.861651e+00 -8.987340e-01 3.511631e+00 7.453018e-01 -4.787798e+00 -6.208549e-01 -7.565139e-01 7.692643e-01 1.723142e+00 2.380914e-01 -1.950743e+00 -9.330462e-01 8.528897e-01 1.812612e+00 6.806037e-02 -1.699135e+00 -7.702249e-01 -1.164694e-03
<VARIANCE> 25
 9.381920e+00 1.969139e+01 2.772983e+01 4.357812e+01 3.772008e+01 3.998339e+01 4.955632e+01 3.692253e+01 4.404095e+01 4.041821e+01 4.972250e+01 3.093782e+01 3.444570e-01 9.461012e-01 1.500528e+00 2.371469e+00 2.196246e+00 2.793638e+00 2.520407e+00 2.447248e+00 2.254622e+00 2.919726e+00 1.904929e+00 2.174296e+00 6.916114e-04
<GCONST> 8.772711e+01
<MIXTURE> 109 6.661064e-03
<MEAN> 25
 4.069386e+00 -1.047854e+01 -8.291202e+00 -1.347778e+00 2.759140e+00 -5.660876e-02 -6.609476e-02 1.446605e+00 -2.541953e+00 -8.324085e+00 -5.379706e+00 5.471710e-02 -3.422856e-02 -1.297252e-01 -3.581652e-02 2.451166e-01 1.964366e-01 1.168735e-01 -1.220155e-01 -1.050442e-01 -4.215247e-02 -1.324022e-01 2.146297e-01 1.038564e-02 -3.586505e-03
<VARIANCE> 25
 9.110599e+00 1.897616e+01 1.998348e+01 3.148034e+01 4.071507e+01 3.661990e+01 4.644326e+01 3.426096e+01 4.594715e+01 3.540701e+01 2.943899e+01 2.802229e+01 1.921261e-01 4.219661e-01 5.376219e-01 6.367279e-01 1.227352e+00 9.914130e-01 1.252855e+00 1.091208e+00 1.114269e+00 9.520568e-01 8.788978e-01 8.831662e-01 1.819466e-04
<GCONST> 7.445140e+01
<MIXTURE> 110 6.661064e-03
<MEAN> 25
 4.069386e+00 -1.047854e+01 -8.291202e+00 -1.347778e+00 2.759140e+00 -5.660876e-02 -6.609476e-02 1.446605e+00 -2.541953e+00 -8.324085e+00 -5.379706e+00 5.471710e-02 -3.422856e-02 -1.297252e-01 -3.581652e-02 2.451166e-01 1.964366e-01 1.168735e-01 -1.220155e-01 -1.050442e-01 -4.215247e-02 -1.324022e-01 2.146297e-01 1.038564e-02 -3.586505e-03
<VARIANCE> 25
 9.110599e+00 1.897616e+01 1.998348e+01 3.148034e+01 4.071507e+01 3.661990e+01 4.644326e+01 3.426096e+01 4.594715e+01 3.540701e+01 2.943899e+01 2.802229e+01 1.921261e-01 4.219661e-01 5.376219e-01 6.367279e-01 1.227352e+00 9.914130e-01 1.252855e+00 1.091208e+00 1.114269e+00 9.520568e-01 8.788978e-01 8.831662e-01 1.819466e-04
<GCONST> 7.445140e+01
<MIXTURE> 111 4.337247e-03
<MEAN> 25
 -2.705966e+00 -5.872697e-01 -1.857843e+00 2.081570e+00 1.713624e+00 4.227880e-01 -9.441043e-02 6.229851e-01 4.202536e-01 -1.092496e-01 -6.901438e-01 1.448637e+00 -3.558198e-02 4.213000e-03 -4.278643e-02 -1.969470e-02 -2.488839e-03 5.931112e-02 1.151677e-01 -3.206529e-02 -2.806890e-01 -2.280273e-01 -2.174626e-01 -6.999605e-02 -7.718035e-04
<VARIANCE> 25
 9.882480e+00 5.903484e+00 8.306582e+00 8.826593e+00 1.284827e+01 2.061035e+01 1.335124e+01 1.282206e+01 1.133940e+01 1.068675e+01 1.213741e+01 1.190598e+01 7.261188e-02 1.527286e-01 3.089128e-01 3.857404e-01 5.490429e-01 7.476472e-01 7.092701e-01 8.721353e-01 9.430273e-01 7.753879e-01 9.444756e-01 9.963800e-01 3.254145e-05
<GCONST> 5.609391e+01
<MIXTURE> 112 4.337247e-03
<MEAN> 25
 -2.705966e+00 -5.872697e-01 -1.857843e+00 2.081570e+00 1.713624e+00 4.227880e-01 -9.441043e-02 6.229851e-01 4.202536e-01 -1.092496e-01 -6.901438e-01 1.448637e+00 -3.558198e-02 4.213000e-03 -4.278643e-02 -1.969470e-02 -2.488839e-03 5.931112e-02 1.151677e-01 -3.206529e-02 -2.806890e-01 -2.280273e-01 -2.174626e-01 -6.999605e-02 -7.718035e-04
<VARIANCE> 25
 9.882480e+00 5.903484e+00 8.306582e+00 8.826593e+00 1.284827e+01 2.061035e+01 1.335124e+01 1.282206e+01 1.133940e+01 1.068675e+01 1.213741e+01 1.190598e+01 7.261188e-02 1.527286e-01 3.089128e-01 3.857404e-01 5.490429e-01 7.476472e-01 7.092701e-01 8.721353e-01 9.430273e-01 7.753879e-01 9.444756e-01 9.963800e-01 3.254145e-05
<GCONST> 5.609391e+01
<MIXTURE> 113 5.938666e-03
<MEAN> 25
 9.984524e+00 1.713465e+00 -8.730598e+00 -1.695735e+01 -1.064705e+00 5.572832e+00 -5.292854e+00 -1.500150e+00 -5.717959e+00 -4.729705e-01 3.038617e-01 -2.045771e-01 8.709369e-03 1.785032e-02 -6.513035e-02 -1.097583e-01 1.022031e-01 1.526837e-01 6.201934e-02 3.257158e-02 -5.111340e-02 -5.106639e-02 1.757496e-01 3.661582e-02 -1.496106e-03
<VARIANCE> 25
 8.871165e+00 1.654142e+01 2.978865e+01 3.498254e+01 5.246300e+01 3.459217e+01 3.947749e+01 3.903061e+01 3.727210e+01 4.610081e+01 3.607278e+01 2.823355e+01 1.233393e-01 3.202522e-01 3.177674e-01 6.295112e-01 6.105760e-01 6.496301e-01 7.717888e-01 8.429075e-01 9.578641e-01 9.002994e-01 7.219784e-01 7.094106e-01 1.247883e-04
<GCONST> 7.110210e+01
<MIXTURE> 114 5.938666e-03
<MEAN> 25
 9.984524e+00 1.713465e+00 -8.730598e+00 -1.695735e+01 -1.064705e+00 5.572832e+00 -5.292854e+00 -1.500150e+00 -5.717959e+00 -4.729705e-01 3.038617e-01 -2.045771e-01 8.709369e-03 1.785032e-02 -6.513035e-02 -1.097583e-01 1.022031e-01 1.526837e-01 6.201934e-02 3.257158e-02 -5.111340e-02 -5.106639e-02 1.757496e-01 3.661582e-02 -1.496106e-03
<VARIANCE> 25
 8.871165e+00 1.654142e+01 2.978865e+01 3.498254e+01 5.246300e+01 3.459217e+01 3.947749e+01 3.903061e+01 3.727210e+01 4.610081e+01 3.607278e+01 2.823355e+01 1.233393e-01 3.202522e-01 3.177674e-01 6.295112e-01 6.105760e-01 6.496301e-01 7.717888e-01 8.429075e-01 9.578641e-01 9.002994e-01 7.219784e-01 7.094106e-01 1.247883e-04
<GCONST> 7.110210e+01
<MIXTURE> 115 2.935202e-03
<MEAN> 25
 -3.785784e+00 -6.302676e-01 -3.008539e+00 3.664442e+00 2.491965e+00 -4.074705e-01 2.229706e+00 6.396380e-01 1.376637e+00 -1.076545e-01 -1.684029e-01 2.627485e+00 3.730125e-02 -5.832127e-02 -2.209308e-01 -4.304625e-01 -6.482157e-01 -6.523517e-01 -5.431185e-01 -5.074061e-01 -5.017995e-01 -4.428533e-01 -3.436153e-01 -1.404026e-01 -3.125282e-05
<VARIANCE> 25
 1.012376e+01 1.015859e+01 1.331542e+01 1.240084e+01 1.344711e+01 1.704465e+01 1.671977e+01 2.143260e+01 1.750824e+01 1.758781e+01 1.981868e+01 1.454147e+01 1.970092e-01 3.358812e-01 4.764423e-01 5.530387e-01 6.578152e-01 8.244667e-01 1.023566e+00 1.119831e+00 1.074437e+00 9.609565e-01 9.993198e-01 1.046305e+00 1.070749e-06
<GCONST> 6.020121e+01
<MIXTURE> 116 2.935202e-03
<MEAN> 25
 -3.785784e+00 -6.302676e-01 -3.008539e+00 3.664442e+00 2.491965e+00 -4.074705e-01 2.229706e+00 6.396380e-01 1.376637e+00 -1.076545e-01 -1.684029e-01 2.627485e+00 3.730125e-02 -5.832127e-02 -2.209308e-01 -4.304625e-01 -6.482157e-01 -6.523517e-01 -5.431185e-01 -5.074061e-01 -5.017995e-01 -4.428533e-01 -3.436153e-01 -1.404026e-01 -3.125282e-05
<VARIANCE> 25
 1.012376e+01 1.015859e+01 1.331542e+01 1.240084e+01 1.344711e+01 1.704465e+01 1.671977e+01 2.143260e+01 1.750824e+01 1.758781e+01 1.981868e+01 1.454147e+01 1.970092e-01 3.358812e-01 4.764423e-01 5.530387e-01 6.578152e-01 8.244667e-01 1.023566e+00 1.119831e+00 1.074437e+00 9.609565e-01 9.993198e-01 1.046305e+00 1.070749e-06
<GCONST> 6.020121e+01
<MIXTURE> 117 6.506003e-03
<MEAN> 25
 -4.642147e+00 1.118317e+00 1.052941e+00 9.756311e+00 6.260187e+00 6.255268e+00 6.462410e+00 5.043590e+00 6.385416e+00 4.929326e+00 6.363832e+00 2.709169e+00 -7.500648e-02 -2.338219e-01 -3.581851e-01 -4.198550e-01 -3.672809e-01 -3.026677e-01 -2.873587e-01 -3.311759e-01 -3.913381e-01 -3.692415e-01 -2.633460e-01 -1.157663e-01 -9.133948e-06
<VARIANCE> 25
 7.197667e+00 8.750896e+00 9.812263e+00 1.431287e+01 1.561167e+01 1.535185e+01 1.772467e+01 1.795651e+01 1.639736e+01 1.636961e+01 1.676054e+01 1.475093e+01 2.165177e-01 3.076002e-01 4.260901e-01 6.169600e-01 8.540550e-01 1.055298e+00 1.177155e+00 1.232786e+00 1.224324e+00 1.194649e+00 1.166965e+00 1.113448e+00 1.001012e-06
<GCONST> 6.043063e+01
<MIXTURE> 118 6.506003e-03
<MEAN> 25
 -4.642147e+00 1.118317e+00 1.052941e+00 9.756311e+00 6.260187e+00 6.255268e+00 6.462410e+00 5.043590e+00 6.385416e+00 4.929326e+00 6.363832e+00 2.709169e+00 -7.500648e-02 -2.338219e-01 -3.581851e-01 -4.198550e-01 -3.672809e-01 -3.026677e-01 -2.873587e-01 -3.311759e-01 -3.913381e-01 -3.692415e-01 -2.633460e-01 -1.157663e-01 -9.133948e-06
<VARIANCE> 25
 7.197667e+00 8.750896e+00 9.812263e+00 1.431287e+01 1.561167e+01 1.535185e+01 1.772467e+01 1.795651e+01 1.639736e+01 1.636961e+01 1.676054e+01 1.475093e+01 2.165177e-01 3.076002e-01 4.260901e-01 6.169600e-01 8.540550e-01 1.055298e+00 1.177155e+00 1.232786e+00 1.224324e+00 1.194649e+00 1.166965e+00 1.113448e+00 1.001012e-06
<GCONST> 6.043063e+01
<MIXTURE> 119 4.297961e-03
<MEAN> 25
 -4.919856e+00 -7.574425e+00 2.183405e+00 2.010635e+00 2.242195e+00 1.923739e-01 5.189849e+00 5.934083e+00 1.212658e+00 9.945731e-01 6.595040e+00 1.567332e+00 -5.131207e-02 -8.384159e-02 4.109738e-02 -5.788640e-02 -1.243158e-01 -1.745349e-01 -6.567732e-02 -1.590205e-02 -9.571132e-02 -1.098391e-01 -5.524825e-02 -6.138351e-02 1.115572e-03
<VARIANCE> 25
 8.730560e+00 1.006603e+01 1.663901e+01 2.005675e+01 2.269797e+01 2.303470e+01 2.558506e+01 2.631326e+01 2.506178e+01 2.790317e+01 2.044104e+01 2.027737e+01 1.595778e-01 2.843135e-01 4.606694e-01 6.293178e-01 8.009321e-01 1.001625e+00 1.094992e+00 1.273904e+00 1.277397e+00 1.235688e+00 1.184042e+00 1.105270e+00 2.302225e-04
<GCONST> 6.971213e+01
<MIXTURE> 120 4.297961e-03
<MEAN> 25
 -4.919856e+00 -7.574425e+00 2.183405e+00 2.010635e+00 2.242195e+00 1.923739e-01 5.189849e+00 5.934083e+00 1.212658e+00 9.945731e-01 6.595040e+00 1.567332e+00 -5.131207e-02 -8.384159e-02 4.109738e-02 -5.788640e-02 -1.243158e-01 -1.745349e-01 -6.567732e-02 -1.590205e-02 -9.571132e-02 -1.098391e-01 -5.524825e-02 -6.138351e-02 1.115572e-03
<VARIANCE> 25
 8.730560e+00 1.006603e+01 1.663901e+01 2.005675e+01 2.269797e+01 2.303470e+01 2.558506e+01 2.631326e+01 2.506178e+01 2.790317e+01 2.044104e+01 2.027737e+01 1.595778e-01 2.843135e-01 4.606694e-01 6.293178e-01 8.009321e-01 1.001625e+00 1.094992e+00 1.273904e+00 1.277397e+00 1.235688e+00 1.184042e+00 1.105270e+00 2.302225e-04
<GCONST> 6.971213e+01
<MIXTURE> 121 4.567511e-03
<MEAN> 25
 2.078001e-01 -2.525702e+00 5.152307e+00 -1.289849e+01 -1.264501e+01 -1.666841e+00 9.937525e-01 -5.103584e+00 -4.201231e+00 -4.913769e-01 -5.502226e+00 -4.310110e+00 2.421486e-02 1.322015e-01 -4.214613e-02 7.892253e-02 1.585107e-01 7.922339e-02 -7.942090e-02 -1.819307e-01 -2.686538e-01 -2.570793e-01 -1.151436e-01 1.294051e-03 -7.430112e-03
<VARIANCE> 25
 7.731383e+00 1.563397e+01 1.734873e+01 2.037919e+01 2.445016e+01 2.923995e+01 2.956622e+01 2.457615e+01 3.531890e+01 2.832133e+01 1.980052e+01 2.117629e+01 1.550498e-01 6.430621e-01 6.230277e-01 7.049564e-01 7.711436e-01 1.149940e+00 1.117990e+00 1.122303e+00 1.217758e+00 1.192204e+00 9.415572e-01 8.720463e-01 2.110175e-04
<GCONST> 7.140746e+01
<MIXTURE> 122 4.567511e-03
<MEAN> 25
 2.078001e-01 -2.525702e+00 5.152307e+00 -1.289849e+01 -1.264501e+01 -1.666841e+00 9.937525e-01 -5.103584e+00 -4.201231e+00 -4.913769e-01 -5.502226e+00 -4.310110e+00 2.421486e-02 1.322015e-01 -4.214613e-02 7.892253e-02 1.585107e-01 7.922339e-02 -7.942090e-02 -1.819307e-01 -2.686538e-01 -2.570793e-01 -1.151436e-01 1.294051e-03 -7.430112e-03
<VARIANCE> 25
 7.731383e+00 1.563397e+01 1.734873e+01 2.037919e+01 2.445016e+01 2.923995e+01 2.956622e+01 2.457615e+01 3.531890e+01 2.832133e+01 1.980052e+01 2.117629e+01 1.550498e-01 6.430621e-01 6.230277e-01 7.049564e-01 7.711436e-01 1.149940e+00 1.117990e+00 1.122303e+00 1.217758e+00 1.192204e+00 9.415572e-01 8.720463e-01 2.110175e-04
<GCONST> 7.140746e+01
<MIXTURE> 123 4.393044e-03
<MEAN> 25
 -2.416558e+00 1.677784e+00 -5.017984e-01 5.081859e+00 5.013175e+00 3.583013e+00 2.979071e+00 5.391015e-01 4.253281e-01 -6.398953e-01 -1.031070e+00 6.062214e-01 -3.694898e-01 -5.692675e-01 -8.255402e-01 -6.262046e-01 -3.512965e-01 -1.155673e-02 3.491861e-01 6.990301e-01 9.302868e-01 1.139668e+00 1.061253e+00 4.646093e-01 -9.586592e-04
<VARIANCE> 25
 1.418653e+01 9.064110e+00 1.336102e+01 1.322553e+01 1.620616e+01 3.966627e+01 2.204465e+01 1.477402e+01 1.978304e+01 1.466268e+01 1.808829e+01 1.913558e+01 2.941199e-01 3.015478e-01 4.451077e-01 6.005337e-01 1.210833e+00 1.239391e+00 1.199896e+00 1.312036e+00 1.222480e+00 1.826536e+00 1.435749e+00 1.183356e+00 8.853882e-05
<GCONST> 6.886586e+01
<MIXTURE> 124 4.069876e-03
<MEAN> 25
 -6.051739e+00 -1.108117e+00 -2.935054e+00 4.931379e+00 4.811167e+00 3.064399e+00 5.235533e+00 2.742569e+00 3.239244e+00 1.425203e+00 1.158657e+00 3.051255e+00 -2.005882e-01 -3.106730e-01 -3.508253e-01 -1.955738e-01 1.436974e-01 5.493791e-01 8.102571e-01 8.851508e-01 6.228328e-01 3.257255e-01 9.993962e-02 1.056337e-02 3.156725e-04
<VARIANCE> 25
 1.344536e+01 7.156993e+00 1.046521e+01 1.211712e+01 1.203024e+01 2.039894e+01 1.557287e+01 1.716243e+01 1.526274e+01 1.661540e+01 1.923165e+01 1.496324e+01 1.000957e-01 1.628000e-01 2.637703e-01 4.130516e-01 5.787821e-01 7.153708e-01 7.143492e-01 8.114166e-01 9.539620e-01 9.872029e-01 9.968423e-01 1.004191e+00 2.025890e-05
<GCONST> 5.901861e+01
<MIXTURE> 125 4.069876e-03
<MEAN> 25
 -6.051739e+00 -1.108117e+00 -2.935054e+00 4.931379e+00 4.811167e+00 3.064399e+00 5.235533e+00 2.742569e+00 3.239244e+00 1.425203e+00 1.158657e+00 3.051255e+00 -2.005882e-01 -3.106730e-01 -3.508253e-01 -1.955738e-01 1.436974e-01 5.493791e-01 8.102571e-01 8.851508e-01 6.228328e-01 3.257255e-01 9.993962e-02 1.056337e-02 3.156725e-04
<VARIANCE> 25
 1.344536e+01 7.156993e+00 1.046521e+01 1.211712e+01 1.203024e+01 2.039894e+01 1.557287e+01 1.716243e+01 1.526274e+01 1.661540e+01 1.923165e+01 1.496324e+01 1.000957e-01 1.628000e-01 2.637703e-01 4.130516e-01 5.787821e-01 7.153708e-01 7.143492e-01 8.114166e-01 9.539620e-01 9.872029e-01 9.968423e-01 1.004191e+00 2.025890e-05
<GCONST> 5.901861e+01
<MIXTURE> 126 2.402244e-03
<MEAN> 25
 -3.498206e+00 -6.513865e+00 -5.199329e+00 2.125463e+00 3.899289e+00 -3.258888e+00 -1.825443e-01 3.508249e+00 3.351626e+00 -2.363793e+00 -1.377532e+00 2.889448e+00 -1.480855e-02 -3.189157e-02 -5.461811e-02 -2.115857e-01 -3.623331e-01 -3.308241e-01 -2.270791e-01 -1.523647e-01 -1.129455e-01 -2.685636e-02 -4.465940e-02 -4.918853e-02 -2.370953e-03
<VARIANCE> 25
 8.466789e+00 1.363808e+01 1.312301e+01 1.563814e+01 2.580512e+01 2.190743e+01 2.244737e+01 2.649628e+01 2.916442e+01 2.548019e+01 2.071002e+01 1.820258e+01 1.601844e-01 3.514895e-01 4.608887e-01 5.875452e-01 7.811124e-01 1.034357e+00 1.074689e+00 1.234783e+00 1.252410e+00 1.340673e+00 1.194086e+00 1.152965e+00 2.118691e-04
<GCONST> 6.955331e+01
<MIXTURE> 127 2.402244e-03
<MEAN> 25
 -3.498206e+00 -6.513865e+00 -5.199329e+00 2.125463e+00 3.899289e+00 -3.258888e+00 -1.825443e-01 3.508249e+00 3.351626e+00 -2.363793e+00 -1.377532e+00 2.889448e+00 -1.480855e-02 -3.189157e-02 -5.461811e-02 -2.115857e-01 -3.623331e-01 -3.308241e-01 -2.270791e-01 -1.523647e-01 -1.129455e-01 -2.685636e-02 -4.465940e-02 -4.918853e-02 -2.370953e-03
<VARIANCE> 25
 8.466789e+00 1.363808e+01 1.312301e+01 1.563814e+01 2.580512e+01 2.190743e+01 2.244737e+01 2.649628e+01 2.916442e+01 2.548019e+01 2.071002e+01 1.820258e+01 1.601844e-01 3.514895e-01 4.608887e-01 5.875452e-01 7.811124e-01 1.034357e+00 1.074689e+00 1.234783e+00 1.252410e+00 1.340673e+00 1.194086e+00 1.152965e+00 2.118691e-04
<GCONST> 6.955331e+01
<MIXTURE> 128 3.790457e-03
<MEAN> 25
 -3.928231e+00 1.542419e+00 -3.408994e-01 6.571587e+00 3.621138e+00 1.857845e+00 3.576543e+00 2.372853e+00 3.961102e+00 3.697406e+00 3.766857e+00 3.523200e+00 -3.955942e-01 -1.967226e-01 9.852543e-02 7.259532e-01 1.184013e+00 1.135477e+00 7.173989e-01 1.309467e-01 -4.395256e-01 -7.879317e-01 -7.021553e-01 -3.933565e-01 -3.643920e-05
<VARIANCE> 25
 1.022461e+01 1.169499e+01 1.498158e+01 1.931670e+01 2.003546e+01 2.116917e+01 2.429801e+01 2.466222e+01 2.640245e+01 2.387571e+01 2.680681e+01 1.821085e+01 8.921257e-01 1.145940e+00 1.365001e+00 1.502550e+00 1.580107e+00 1.861787e+00 2.247795e+00 2.324520e+00 2.147404e+00 1.856959e+00 1.743507e+00 1.747927e+00 1.001998e-06
<GCONST> 7.363829e+01
<TRANSP> 3
 0.000000e+00 1.000000e+00 0.000000e+00
 0.000000e+00 9.999990e-01 9.999998e-07
 0.000000e+00 0.000000e+00 0.000000e+00
<ENDHMM>
