~o
<STREAMINFO> 1 25
<VECSIZE> 25<NULLD><MFCC_E_D_N><DIAGC>
~h "jmodel"
<BEGINHMM>
<NUMSTATES> 3
<STATE> 2
<NUMMIXES> 128
<MIXTURE> 1 5.748963e-03
<MEAN> 25
 -2.625875e+00 3.217587e+00 2.253940e+00 8.705158e+00 4.313828e+00 3.399811e+00 4.044811e+00 3.853167e+00 5.833216e+00 5.209184e+00 5.879366e+00 3.052186e+00 -2.008815e+00 -1.612221e+00 -8.710985e-01 1.079069e+00 1.549462e+00 2.229157e+00 2.147277e+00 2.067429e+00 1.687409e+00 1.264163e+00 1.557034e+00 6.079572e-01 -4.646688e-02
<VARIANCE> 25
 1.017922e+01 1.205880e+01 1.515267e+01 1.878733e+01 2.332810e+01 2.216101e+01 2.204672e+01 2.241545e+01 2.077373e+01 2.248689e+01 2.085132e+01 1.700229e+01 1.774492e+00 2.151430e+00 3.005540e+00 3.179574e+00 3.766800e+00 3.349110e+00 3.285013e+00 3.404656e+00 3.493324e+00 3.703489e+00 3.491752e+00 2.814556e+00 3.108315e-03
<GCONST> 8.849467e+01
<MIXTURE> 2 4.549242e-03
<MEAN> 25
 -4.874275e+00 1.312778e+00 9.938952e-01 9.898789e+00 6.692204e+00 7.423252e+00 7.847174e+00 6.957273e+00 8.372353e+00 6.372715e+00 7.622836e+00 3.072707e+00 -6.198666e-02 4.170519e-02 1.425528e-01 2.259905e-01 2.657090e-01 2.814698e-01 2.954195e-01 3.194470e-01 3.496989e-01 3.085895e-01 1.971111e-01 7.988822e-02 1.123388e-06
<VARIANCE> 25
 6.960668e+00 8.905511e+00 1.065038e+01 1.591249e+01 1.723236e+01 1.556952e+01 1.689555e+01 1.848485e+01 1.658736e+01 1.738476e+01 1.811950e+01 1.435605e+01 1.252377e-01 2.266225e-01 3.364025e-01 4.671449e-01 6.501589e-01 8.148563e-01 9.298150e-01 1.003046e+00 1.051460e+00 1.078067e+00 1.075464e+00 1.013934e+00 9.999337e-07
<GCONST> 5.804686e+01
<MIXTURE> 3 4.549242e-03
<MEAN> 25
 -4.874275e+00 1.312778e+00 9.938952e-01 9.898789e+00 6.692204e+00 7.423252e+00 7.847174e+00 6.957273e+00 8.372353e+00 6.372715e+00 7.622836e+00 3.072707e+00 -6.198666e-02 4.170519e-02 1.425528e-01 2.259905e-01 2.657090e-01 2.814698e-01 2.954195e-01 3.194470e-01 3.496989e-01 3.085895e-01 1.971111e-01 7.988822e-02 1.123388e-06
<VARIANCE> 25
 6.960668e+00 8.905511e+00 1.065038e+01 1.591249e+01 1.723236e+01 1.556952e+01 1.689555e+01 1.848485e+01 1.658736e+01 1.738476e+01 1.811950e+01 1.435605e+01 1.252377e-01 2.266225e-01 3.364025e-01 4.671449e-01 6.501589e-01 8.148563e-01 9.298150e-01 1.003046e+00 1.051460e+00 1.078067e+00 1.075464e+00 1.013934e+00 9.999337e-07
<GCONST> 5.804686e+01
<MIXTURE> 4 1.671429e-02
<MEAN> 25
 3.628626e+00 2.445873e+00 -4.556080e+00 6.252685e-01 4.878523e+00 4.101416e-01 -8.389632e-01 -5.213622e-01 2.299814e+00 4.402644e-01 -2.723244e+00 1.370868e-01 -2.776455e+00 1.246456e+00 1.692110e+00 2.800217e+00 7.503346e-01 7.321674e-02 1.817767e+00 1.023882e+00 1.075569e+00 3.307967e-01 1.343469e+00 6.965128e-01 -9.786523e-02
<VARIANCE> 25
 1.790329e+01 2.542417e+01 2.619397e+01 3.282190e+01 3.982250e+01 5.771973e+01 6.145744e+01 4.952688e+01 4.871926e+01 5.297192e+01 5.105224e+01 2.962383e+01 1.966324e+00 4.968403e+00 3.375031e+00 4.272446e+00 4.411349e+00 5.647560e+00 5.293826e+00 4.566360e+00 5.240170e+00 5.218343e+00 5.372362e+00 3.800541e+00 5.206724e-03
<GCONST> 1.021781e+02
<MIXTURE> 5 3.206198e-03
<MEAN> 25
 -3.412168e+00 2.193636e+00 5.895568e-01 9.414179e+00 6.690873e+00 6.301357e+00 7.101652e+00 4.717349e+00 5.503604e+00 3.836523e+00 4.639666e+00 2.582910e+00 -3.246690e-01 7.517488e-01 1.220547e+00 1.033570e+00 3.102114e-01 -9.629713e-02 -7.958443e-02 3.706461e-02 4.584025e-01 6.770900e-01 3.997172e-01 8.574635e-02 -2.675424e-05
<VARIANCE> 25
 1.032487e+01 1.395168e+01 2.354135e+01 2.557279e+01 2.016227e+01 1.941389e+01 2.016137e+01 2.028616e+01 2.140964e+01 2.128754e+01 2.413688e+01 1.646506e+01 1.207225e+00 1.239811e+00 1.356132e+00 1.667554e+00 2.284767e+00 2.374183e+00 2.305685e+00 2.278528e+00 2.307126e+00 2.240267e+00 2.082600e+00 1.869157e+00 1.000043e-06
<GCONST> 7.516317e+01
<MIXTURE> 6 5.475854e-03
<MEAN> 25
 9.658919e+00 -6.061293e-01 -6.517630e+00 -1.114847e+01 -1.458610e+00 7.166255e+00 -6.250780e+00 -5.864924e+00 -3.836953e+00 1.839117e+00 5.086155e+00 -1.205877e+00 4.155776e-01 9.748709e-01 -4.602769e-01 -1.484078e+00 -5.311177e-01 1.291250e+00 1.532356e+00 1.142552e-01 -1.224852e+00 -1.204853e+00 4.173038e-01 1.235670e+00 -5.960885e-03
<VARIANCE> 25
 8.080057e+00 1.570837e+01 2.208957e+01 3.524443e+01 3.637365e+01 2.910331e+01 4.108286e+01 3.685751e+01 3.698515e+01 3.542521e+01 3.933893e+01 2.566532e+01 3.290870e-01 8.290631e-01 9.424028e-01 1.873814e+00 1.548121e+00 1.923174e+00 1.781369e+00 2.113872e+00 2.276155e+00 1.776657e+00 2.171108e+00 1.311642e+00 5.680951e-04
<GCONST> 8.248776e+01
<MIXTURE> 7 5.475854e-03
<MEAN> 25
 9.658919e+00 -6.061293e-01 -6.517630e+00 -1.114847e+01 -1.458610e+00 7.166255e+00 -6.250780e+00 -5.864924e+00 -3.836953e+00 1.839117e+00 5.086155e+00 -1.205877e+00 4.155776e-01 9.748709e-01 -4.602769e-01 -1.484078e+00 -5.311177e-01 1.291250e+00 1.532356e+00 1.142552e-01 -1.224852e+00 -1.204853e+00 4.173038e-01 1.235670e+00 -5.960885e-03
<VARIANCE> 25
 8.080057e+00 1.570837e+01 2.208957e+01 3.524443e+01 3.637365e+01 2.910331e+01 4.108286e+01 3.685751e+01 3.698515e+01 3.542521e+01 3.933893e+01 2.566532e+01 3.290870e-01 8.290631e-01 9.424028e-01 1.873814e+00 1.548121e+00 1.923174e+00 1.781369e+00 2.113872e+00 2.276155e+00 1.776657e+00 2.171108e+00 1.311642e+00 5.680951e-04
<GCONST> 8.248776e+01
<MIXTURE> 8 1.165917e-02
<MEAN> 25
 -4.588157e+00 1.502493e+00 1.098648e+00 9.307569e+00 6.505247e+00 6.116904e+00 6.577036e+00 5.756936e+00 6.630972e+00 5.569283e+00 6.458581e+00 3.108949e+00 -6.582176e-01 -1.427678e+00 -1.015428e+00 -1.639481e+00 -2.536152e-01 -9.177519e-01 -1.766207e-01 -3.439769e-01 -3.192159e-01 -2.837608e-01 -1.999616e-01 1.180526e-01 9.837184e-02
<VARIANCE> 25
 9.705434e+00 1.012437e+01 1.231658e+01 1.740377e+01 1.630417e+01 1.576657e+01 1.788746e+01 1.722160e+01 1.654093e+01 1.701247e+01 1.868794e+01 1.364173e+01 2.699240e+00 2.741297e+00 3.871139e+00 3.885783e+00 3.364866e+00 3.236100e+00 3.029013e+00 3.078754e+00 2.911056e+00 2.945878e+00 2.373664e+00 1.888416e+00 6.495960e-03
<GCONST> 8.630788e+01
<MIXTURE> 9 1.199672e-02
<MEAN> 25
 9.301135e+00 3.393992e+00 -6.208940e+00 -1.067574e+01 -2.213067e+00 4.968926e+00 -2.209302e+00 -2.304554e+00 -5.394664e+00 -1.255709e+00 5.692585e-01 -1.114912e-02 1.440835e+00 -1.288193e-01 -4.914909e-01 -2.704213e+00 -1.646360e+00 8.551440e-01 -9.721850e-01 -2.309178e-01 -1.802906e-01 -5.771345e-01 6.148448e-01 -1.524280e-01 7.334431e-02
<VARIANCE> 25
 1.222314e+01 2.140640e+01 3.356111e+01 5.349736e+01 5.017156e+01 3.229139e+01 4.320913e+01 5.216510e+01 4.207661e+01 4.159835e+01 3.611883e+01 2.692518e+01 2.088829e+00 2.451174e+00 4.572879e+00 4.878074e+00 5.010562e+00 4.095742e+00 4.237965e+00 6.042068e+00 5.038972e+00 4.079325e+00 4.015689e+00 2.804673e+00 2.213052e-03
<GCONST> 9.879872e+01
<MIXTURE> 10 6.596976e-03
<MEAN> 25
 7.916489e-01 7.642680e+00 5.352510e+00 7.137649e+00 1.540580e+00 -2.129479e+00 -4.819796e-01 -1.686114e+00 8.873280e-01 8.436828e-01 8.507535e-01 6.545658e-01 -1.927340e+00 -6.558231e-01 -4.701907e-01 3.013174e+00 2.458676e+00 2.706049e+00 2.367205e+00 2.259652e+00 1.857603e+00 1.545228e+00 2.320785e+00 5.212198e-01 -1.375295e-01
<VARIANCE> 25
 1.967036e+01 2.060475e+01 2.229404e+01 2.899417e+01 3.842974e+01 3.478031e+01 3.515042e+01 3.364124e+01 2.752960e+01 2.902881e+01 2.686519e+01 2.490496e+01 2.221846e+00 3.459348e+00 5.526119e+00 5.166457e+00 5.523576e+00 4.453575e+00 4.674059e+00 4.868099e+00 4.361455e+00 4.988952e+00 4.443775e+00 3.175246e+00 2.733528e-03
<GCONST> 9.742902e+01
<MIXTURE> 11 1.633820e-02
<MEAN> 25
 7.585214e+00 4.469141e+00 3.518440e+00 2.534175e+00 -2.928817e+00 -1.632629e+00 -1.976824e+00 -5.894945e+00 -3.115850e+00 1.663905e+00 -2.517796e+00 -3.204930e+00 -3.888458e-01 7.305369e-01 9.406193e-02 3.419297e-01 3.733056e-01 -3.629091e-02 4.258361e-01 2.255269e-02 2.074095e-01 -2.188399e-01 -1.080316e-01 2.884929e-01 -2.996449e-02
<VARIANCE> 25
 8.482261e+00 1.864478e+01 1.532463e+01 3.453068e+01 2.951291e+01 2.845085e+01 3.879078e+01 4.327961e+01 3.761264e+01 2.970342e+01 2.490860e+01 2.868305e+01 9.309723e-01 1.109570e+00 1.582747e+00 1.609691e+00 1.609144e+00 1.577804e+00 1.915703e+00 2.614246e+00 1.829587e+00 1.498302e+00 1.345147e+00 1.409975e+00 9.831267e-04
<GCONST> 8.326495e+01
<MIXTURE> 12 5.904134e-03
<MEAN> 25
 1.073516e+01 3.693853e+00 -4.535954e+00 -1.596693e+01 -8.581321e+00 8.663926e+00 -9.950620e-01 -2.006646e+00 -1.784733e+00 -4.819369e+00 1.840509e+00 7.088963e-01 6.105524e-02 3.013561e-01 6.693165e-02 -3.643961e-01 -3.081644e-01 2.576538e-02 3.063355e-01 4.499570e-01 1.447710e-01 -3.883829e-01 -3.818153e-01 6.146196e-02 -6.137453e-03
<VARIANCE> 25
 8.874438e+00 2.102775e+01 2.329967e+01 3.475858e+01 4.285822e+01 3.079749e+01 4.243847e+01 4.914558e+01 4.399514e+01 3.746791e+01 3.807035e+01 2.869491e+01 2.485561e-01 6.869372e-01 6.959252e-01 1.165006e+00 1.174945e+00 1.046175e+00 1.164980e+00 1.376975e+00 1.233834e+00 1.219935e+00 1.212554e+00 9.558302e-01 5.770627e-04
<GCONST> 7.890518e+01
<MIXTURE> 13 5.904134e-03
<MEAN> 25
 1.073516e+01 3.693853e+00 -4.535954e+00 -1.596693e+01 -8.581321e+00 8.663926e+00 -9.950620e-01 -2.006646e+00 -1.784733e+00 -4.819369e+00 1.840509e+00 7.088963e-01 6.105524e-02 3.013561e-01 6.693165e-02 -3.643961e-01 -3.081644e-01 2.576538e-02 3.063355e-01 4.499570e-01 1.447710e-01 -3.883829e-01 -3.818153e-01 6.146196e-02 -6.137453e-03
<VARIANCE> 25
 8.874438e+00 2.102775e+01 2.329967e+01 3.475858e+01 4.285822e+01 3.079749e+01 4.243847e+01 4.914558e+01 4.399514e+01 3.746791e+01 3.807035e+01 2.869491e+01 2.485561e-01 6.869372e-01 6.959252e-01 1.165006e+00 1.174945e+00 1.046175e+00 1.164980e+00 1.376975e+00 1.233834e+00 1.219935e+00 1.212554e+00 9.558302e-01 5.770627e-04
<GCONST> 7.890518e+01
<MIXTURE> 14 6.488954e-03
<MEAN> 25
 -4.259368e+00 -3.062594e-01 -3.596194e-01 8.851518e+00 7.493867e+00 7.258980e+00 7.804430e+00 7.271598e+00 7.219429e+00 5.130126e+00 6.761409e+00 4.068277e+00 -2.817647e-01 2.082497e-01 3.601605e-01 3.015221e-01 6.613158e-03 6.611523e-02 1.040860e-01 1.675946e-01 2.873731e-01 5.330202e-01 5.058287e-01 6.560123e-02 -9.497531e-03
<VARIANCE> 25
 9.640651e+00 1.404803e+01 1.862674e+01 1.783432e+01 2.083167e+01 2.012121e+01 2.130022e+01 2.086381e+01 1.994674e+01 2.414448e+01 2.178093e+01 1.599398e+01 9.969378e-01 1.648247e+00 1.761907e+00 1.925290e+00 2.229753e+00 2.238077e+00 2.232536e+00 2.232400e+00 2.280018e+00 2.526130e+00 2.200127e+00 1.814829e+00 1.034564e-03
<GCONST> 8.201991e+01
<MIXTURE> 15 2.475190e-03
<MEAN> 25
 -5.441712e+00 -6.208095e-01 -2.271891e-01 7.355706e+00 5.731293e+00 5.679286e+00 6.052006e+00 4.927622e+00 5.156448e+00 4.141857e+00 5.503436e+00 2.567091e+00 -1.207388e-01 -2.749913e-02 8.169619e-02 2.387559e-01 4.856506e-01 7.869495e-01 1.077144e+00 1.181561e+00 1.050671e+00 7.538436e-01 4.171703e-01 1.581801e-01 -8.367495e-05
<VARIANCE> 25
 7.150072e+00 5.674564e+00 9.100724e+00 1.276151e+01 1.411835e+01 1.434603e+01 1.485031e+01 1.532768e+01 1.414542e+01 1.417222e+01 1.504537e+01 1.271366e+01 1.257630e-01 2.064082e-01 3.294019e-01 5.062909e-01 7.039353e-01 7.895240e-01 7.635137e-01 7.875308e-01 9.161465e-01 1.020477e+00 1.072427e+00 1.043330e+00 2.815053e-05
<GCONST> 5.872654e+01
<MIXTURE> 16 2.475190e-03
<MEAN> 25
 -5.441712e+00 -6.208095e-01 -2.271891e-01 7.355706e+00 5.731293e+00 5.679286e+00 6.052006e+00 4.927622e+00 5.156448e+00 4.141857e+00 5.503436e+00 2.567091e+00 -1.207388e-01 -2.749913e-02 8.169619e-02 2.387559e-01 4.856506e-01 7.869495e-01 1.077144e+00 1.181561e+00 1.050671e+00 7.538436e-01 4.171703e-01 1.581801e-01 -8.367495e-05
<VARIANCE> 25
 7.150072e+00 5.674564e+00 9.100724e+00 1.276151e+01 1.411835e+01 1.434603e+01 1.485031e+01 1.532768e+01 1.414542e+01 1.417222e+01 1.504537e+01 1.271366e+01 1.257630e-01 2.064082e-01 3.294019e-01 5.062909e-01 7.039353e-01 7.895240e-01 7.635137e-01 7.875308e-01 9.161465e-01 1.020477e+00 1.072427e+00 1.043330e+00 2.815053e-05
<GCONST> 5.872654e+01
<MIXTURE> 17 9.518312e-03
<MEAN> 25
 3.674827e+00 -9.793853e-01 6.466314e+00 2.327861e+00 -6.239064e+00 -6.368382e+00 -3.243424e+00 -6.872568e-02 -2.731731e+00 -3.302855e+00 1.664005e-01 5.263236e-02 -6.748843e-01 -1.279070e+00 1.344856e+00 -2.143053e+00 -2.451260e+00 -1.754291e-01 7.892355e-02 8.121946e-01 -3.077760e-01 -9.364757e-02 1.024485e+00 3.467710e-01 8.341169e-02
<VARIANCE> 25
 1.623599e+01 3.216990e+01 2.930858e+01 3.907880e+01 4.549023e+01 4.738105e+01 4.143624e+01 3.322506e+01 3.445527e+01 2.663195e+01 2.750058e+01 2.726681e+01 1.989390e+00 2.691858e+00 3.948650e+00 3.012184e+00 4.309906e+00 5.380450e+00 5.157629e+00 4.655380e+00 3.955689e+00 4.178387e+00 2.986159e+00 2.723775e+00 2.095232e-03
<GCONST> 9.680278e+01
<MIXTURE> 18 1.221018e-02
<MEAN> 25
 3.065784e+00 4.639004e+00 6.235910e+00 4.878985e+00 -5.184126e+00 -8.152320e+00 -1.142177e+00 -8.130132e-01 -2.756958e+00 -2.838802e+00 -5.724487e-01 6.931372e-01 -8.964729e-01 2.265165e+00 -5.339568e-01 1.940138e+00 2.867039e+00 1.441265e+00 8.639814e-01 -2.747279e-01 7.117654e-01 6.832812e-01 -2.226780e-01 -1.154896e-02 -1.151799e-01
<VARIANCE> 25
 1.873693e+01 2.365040e+01 3.030556e+01 2.362554e+01 3.653802e+01 2.961007e+01 3.556356e+01 3.163592e+01 3.740892e+01 3.197048e+01 3.018306e+01 2.699100e+01 2.428464e+00 2.782016e+00 4.777537e+00 3.563384e+00 3.899377e+00 4.103014e+00 4.072772e+00 3.884226e+00 3.929648e+00 3.935005e+00 3.986687e+00 3.157499e+00 3.943835e-03
<GCONST> 9.643052e+01
<MIXTURE> 19 9.912824e-03
<MEAN> 25
 -1.043400e+01 2.174224e+00 4.796759e-02 9.213136e-01 4.314543e+00 2.437778e+00 4.370975e+00 7.767094e-01 2.704846e+00 5.478239e-01 1.026205e+00 2.429587e+00 2.076109e+00 1.449988e+00 2.170359e+00 6.239130e-01 -1.308863e+00 -1.024349e+00 -7.447395e-01 -1.283250e+00 -1.567201e+00 -1.101431e+00 -9.939405e-01 -7.510680e-01 2.207142e-04
<VARIANCE> 25
 4.373162e+01 2.623135e+01 3.991974e+01 4.465239e+01 2.843570e+01 2.927820e+01 2.859953e+01 2.853797e+01 3.904715e+01 2.467776e+01 2.509394e+01 2.115352e+01 2.126433e+00 2.257380e+00 1.971915e+00 2.009094e+00 2.549280e+00 1.914967e+00 2.454990e+00 2.439088e+00 1.810343e+00 1.699968e+00 2.040868e+00 1.574805e+00 2.062108e-03
<GCONST> 8.948017e+01
<MIXTURE> 20 6.308331e-03
<MEAN> 25
 -1.372925e+01 7.654859e+00 6.972088e-01 6.216228e+00 4.336234e+00 1.396227e+00 5.290497e+00 5.325082e-01 1.151341e+00 7.406974e-01 2.596914e+00 -1.834160e-01 -3.198313e+00 -7.464453e-01 -1.597462e+00 3.673066e-01 1.625149e+00 2.162261e+00 1.927789e+00 1.855368e+00 2.023438e+00 2.009092e+00 1.545843e+00 8.490156e-01 4.270631e-02
<VARIANCE> 25
 2.074615e+01 2.290179e+01 2.915138e+01 3.468217e+01 3.174899e+01 2.684496e+01 2.852515e+01 3.043267e+01 2.681439e+01 2.636619e+01 2.381899e+01 1.983995e+01 2.038113e+00 2.297627e+00 1.810927e+00 2.387164e+00 2.681584e+00 2.309049e+00 2.202820e+00 2.680772e+00 2.338618e+00 2.488541e+00 2.372736e+00 1.865853e+00 2.015606e-03
<GCONST> 8.891181e+01
<MIXTURE> 21 7.928653e-03
<MEAN> 25
 3.992922e+00 -4.512209e+00 5.749106e+00 -1.532782e+00 -1.057278e+01 -8.721216e+00 -2.617025e+00 4.214566e+00 -2.094987e+00 -3.378126e+00 2.469391e-01 3.472147e-01 -7.171367e-01 1.336339e+00 2.585147e+00 -4.891709e-02 -1.534331e+00 3.342300e-01 5.929300e-01 -1.479638e+00 -1.939585e+00 3.186869e-01 1.315909e+00 2.481708e-01 -1.296368e-02
<VARIANCE> 25
 8.873309e+00 1.869367e+01 2.962915e+01 2.826975e+01 2.839992e+01 3.300266e+01 4.268731e+01 3.937662e+01 4.275065e+01 3.157179e+01 3.362744e+01 2.309832e+01 3.750359e-01 9.495395e-01 1.848501e+00 1.286033e+00 2.251817e+00 2.179531e+00 3.624445e+00 2.545182e+00 2.209544e+00 2.583858e+00 2.024459e+00 2.272937e+00 4.319347e-04
<GCONST> 8.508889e+01
<MIXTURE> 22 8.827789e-03
<MEAN> 25
 -1.743774e+01 7.199946e+00 -4.208496e+00 7.446193e+00 4.441318e+00 2.948906e+00 8.356840e+00 1.532316e+00 5.286345e+00 3.105705e+00 5.465888e+00 1.109690e+00 -3.447427e-01 -3.473234e-01 -1.710268e-01 -1.564329e-01 5.915660e-02 2.053866e-01 1.249143e-01 1.704120e-01 1.185309e-01 1.492916e-01 7.138716e-02 2.326512e-01 8.815479e-03
<VARIANCE> 25
 1.077365e+01 1.618115e+01 1.639032e+01 2.394247e+01 2.215204e+01 2.022545e+01 1.844476e+01 1.850490e+01 1.741963e+01 2.035891e+01 1.920165e+01 1.361320e+01 1.065033e+00 1.651234e+00 1.366237e+00 1.486714e+00 1.421220e+00 1.560658e+00 1.516390e+00 1.447305e+00 1.788854e+00 1.513911e+00 1.451290e+00 1.126708e+00 1.640026e-03
<GCONST> 7.838586e+01
<MIXTURE> 23 6.455497e-03
<MEAN> 25
 7.760013e+00 2.625657e+00 2.848862e+00 2.595875e+00 -4.458666e+00 -2.975067e+00 -3.955977e+00 -6.386037e+00 -3.288110e+00 -9.901188e-01 -4.142732e+00 -2.248124e+00 3.466142e-02 1.798926e-01 2.961590e-03 4.768541e-02 -1.233167e-02 3.456763e-02 1.379056e-02 -2.241625e-02 1.278947e-02 4.630851e-02 1.560581e-02 6.134061e-02 -4.131002e-03
<VARIANCE> 25
 1.121479e+01 2.264580e+01 2.509833e+01 4.056268e+01 4.192428e+01 5.309615e+01 6.045986e+01 5.359711e+01 4.735626e+01 4.567211e+01 4.687974e+01 3.942661e+01 1.141626e-01 2.872901e-01 3.686454e-01 4.789360e-01 5.851449e-01 6.944696e-01 7.527896e-01 8.795244e-01 8.553780e-01 8.512264e-01 8.025128e-01 7.538962e-01 8.940369e-05
<GCONST> 7.279595e+01
<MIXTURE> 24 6.455497e-03
<MEAN> 25
 7.760013e+00 2.625657e+00 2.848862e+00 2.595875e+00 -4.458666e+00 -2.975067e+00 -3.955977e+00 -6.386037e+00 -3.288110e+00 -9.901188e-01 -4.142732e+00 -2.248124e+00 3.466142e-02 1.798926e-01 2.961590e-03 4.768541e-02 -1.233167e-02 3.456763e-02 1.379056e-02 -2.241625e-02 1.278947e-02 4.630851e-02 1.560581e-02 6.134061e-02 -4.131002e-03
<VARIANCE> 25
 1.121479e+01 2.264580e+01 2.509833e+01 4.056268e+01 4.192428e+01 5.309615e+01 6.045986e+01 5.359711e+01 4.735626e+01 4.567211e+01 4.687974e+01 3.942661e+01 1.141626e-01 2.872901e-01 3.686454e-01 4.789360e-01 5.851449e-01 6.944696e-01 7.527896e-01 8.795244e-01 8.553780e-01 8.512264e-01 8.025128e-01 7.538962e-01 8.940369e-05
<GCONST> 7.279595e+01
<MIXTURE> 25 1.118642e-02
<MEAN> 25
 2.860125e-01 3.401367e+00 1.670516e+01 -1.016730e+00 -1.127273e+01 -1.800020e+00 -4.893966e+00 -2.919655e+00 -6.882629e+00 -5.456519e+00 4.085528e+00 -1.626704e+00 -1.336580e-01 4.419955e-01 1.574918e-01 1.635590e-01 2.045758e-01 1.161102e-01 1.914451e-01 -1.598978e-01 -2.518695e-01 8.283126e-02 -5.427999e-02 -1.066665e-01 -1.271815e-02
<VARIANCE> 25
 8.757917e+00 2.248751e+01 2.106943e+01 2.868476e+01 3.149505e+01 4.063836e+01 2.773940e+01 2.971666e+01 2.845153e+01 3.648586e+01 2.072437e+01 2.725198e+01 5.893672e-01 1.428454e+00 1.399551e+00 1.380226e+00 2.261882e+00 2.015798e+00 1.726669e+00 1.622928e+00 1.520519e+00 1.633522e+00 1.370018e+00 1.280272e+00 1.272060e-03
<GCONST> 8.262318e+01
<MIXTURE> 26 7.727677e-03
<MEAN> 25
 2.301043e+00 -6.114949e+00 -1.010609e+01 -4.917428e-01 7.702813e+00 5.332834e+00 3.744988e+00 -9.765659e-02 2.442902e+00 -1.114063e+00 -3.264053e+00 -9.664331e-01 -6.833815e-01 7.834527e-01 3.248538e-01 6.948779e-01 2.069349e-01 1.667791e-01 3.924530e-01 3.226627e-01 3.155337e-01 7.012104e-02 3.763041e-01 3.959727e-01 -5.375006e-02
<VARIANCE> 25
 2.428703e+01 3.607441e+01 2.495971e+01 5.866095e+01 3.772582e+01 3.994466e+01 4.648629e+01 4.187590e+01 3.753061e+01 5.123804e+01 4.034813e+01 4.362571e+01 1.692070e+00 2.299913e+00 1.869640e+00 1.952345e+00 2.216618e+00 2.343674e+00 2.606959e+00 2.615654e+00 2.275025e+00 2.221157e+00 2.267404e+00 1.939484e+00 3.246112e-03
<GCONST> 9.352982e+01
<MIXTURE> 27 7.727677e-03
<MEAN> 25
 2.301043e+00 -6.114949e+00 -1.010609e+01 -4.917428e-01 7.702813e+00 5.332834e+00 3.744988e+00 -9.765659e-02 2.442902e+00 -1.114063e+00 -3.264053e+00 -9.664331e-01 -6.833815e-01 7.834527e-01 3.248538e-01 6.948779e-01 2.069349e-01 1.667791e-01 3.924530e-01 3.226627e-01 3.155337e-01 7.012104e-02 3.763041e-01 3.959727e-01 -5.375006e-02
<VARIANCE> 25
 2.428703e+01 3.607441e+01 2.495971e+01 5.866095e+01 3.772582e+01 3.994466e+01 4.648629e+01 4.187590e+01 3.753061e+01 5.123804e+01 4.034813e+01 4.362571e+01 1.692070e+00 2.299913e+00 1.869640e+00 1.952345e+00 2.216618e+00 2.343674e+00 2.606959e+00 2.615654e+00 2.275025e+00 2.221157e+00 2.267404e+00 1.939484e+00 3.246112e-03
<GCONST> 9.352982e+01
<MIXTURE> 28 5.036674e-03
<MEAN> 25
 -5.488430e+00 3.834980e-01 -1.692732e+00 6.350493e+00 5.177555e+00 3.397234e+00 5.518215e+00 3.027192e+00 3.942825e+00 2.127412e+00 2.280004e+00 2.830615e+00 -1.376779e-01 2.219003e-01 5.379570e-01 7.841150e-01 8.772470e-01 6.507062e-01 5.693215e-01 4.532556e-01 5.044103e-01 4.249396e-01 3.466370e-01 2.160628e-01 3.591405e-05
<VARIANCE> 25
 1.204962e+01 9.900743e+00 1.186415e+01 1.547569e+01 1.402857e+01 1.695453e+01 1.751335e+01 1.812747e+01 1.655736e+01 1.805972e+01 2.177029e+01 1.650483e+01 2.636659e-01 3.194807e-01 3.942439e-01 4.476835e-01 6.718006e-01 8.871503e-01 1.095323e+00 1.222420e+00 1.143423e+00 1.031470e+00 9.924272e-01 1.082858e+00 1.028298e-06
<GCONST> 6.077327e+01
<MIXTURE> 29 5.036674e-03
<MEAN> 25
 -5.488430e+00 3.834980e-01 -1.692732e+00 6.350493e+00 5.177555e+00 3.397234e+00 5.518215e+00 3.027192e+00 3.942825e+00 2.127412e+00 2.280004e+00 2.830615e+00 -1.376779e-01 2.219003e-01 5.379570e-01 7.841150e-01 8.772470e-01 6.507062e-01 5.693215e-01 4.532556e-01 5.044103e-01 4.249396e-01 3.466370e-01 2.160628e-01 3.591405e-05
<VARIANCE> 25
 1.204962e+01 9.900743e+00 1.186415e+01 1.547569e+01 1.402857e+01 1.695453e+01 1.751335e+01 1.812747e+01 1.655736e+01 1.805972e+01 2.177029e+01 1.650483e+01 2.636659e-01 3.194807e-01 3.942439e-01 4.476835e-01 6.718006e-01 8.871503e-01 1.095323e+00 1.222420e+00 1.143423e+00 1.031470e+00 9.924272e-01 1.082858e+00 1.028298e-06
<GCONST> 6.077327e+01
<MIXTURE> 30 8.917812e-03
<MEAN> 25
 -4.400317e+00 2.034734e-02 5.947818e-01 8.990170e+00 7.846775e+00 7.362321e+00 7.518253e+00 6.660883e+00 6.396143e+00 4.771052e+00 6.780494e+00 3.384736e+00 -2.423395e-02 3.311259e-02 4.852583e-02 7.696988e-02 6.804400e-02 5.539236e-02 9.313994e-03 -4.048320e-03 9.271090e-03 5.932821e-02 6.439835e-02 2.392701e-02 -7.092042e-04
<VARIANCE> 25
 7.304195e+00 1.119912e+01 1.057708e+01 1.368980e+01 1.567319e+01 1.668925e+01 1.905215e+01 1.933887e+01 1.675072e+01 1.847414e+01 2.247019e+01 1.460197e+01 9.501386e-02 1.996339e-01 3.199832e-01 4.798454e-01 6.137100e-01 7.122189e-01 7.777798e-01 7.976523e-01 8.570660e-01 9.180568e-01 8.990510e-01 8.577904e-01 5.065011e-05
<GCONST> 6.079684e+01
<MIXTURE> 31 4.136493e-03
<MEAN> 25
 -3.152467e+00 -5.351318e+00 -1.722365e-01 5.000541e+00 3.797759e+00 1.523326e+00 5.476049e+00 6.878691e+00 2.739260e+00 1.047620e+00 6.351204e+00 3.367642e+00 2.819738e-01 5.163189e-01 -2.255909e-01 3.349249e-01 1.450793e-01 4.610991e-01 2.477773e-01 -4.914347e-02 3.279133e-01 3.346413e-01 7.173061e-02 1.099560e-01 -1.829910e-02
<VARIANCE> 25
 7.216210e+00 1.663909e+01 1.754262e+01 1.740367e+01 2.437874e+01 2.317917e+01 2.338029e+01 2.555537e+01 2.462456e+01 2.726027e+01 2.000455e+01 1.887604e+01 1.978068e-01 5.022333e-01 5.776648e-01 7.454439e-01 9.319490e-01 1.061684e+00 1.224424e+00 1.405707e+00 1.331665e+00 1.295712e+00 1.209482e+00 1.103035e+00 2.462387e-04
<GCONST> 7.153429e+01
<MIXTURE> 32 4.136493e-03
<MEAN> 25
 -3.152467e+00 -5.351318e+00 -1.722365e-01 5.000541e+00 3.797759e+00 1.523326e+00 5.476049e+00 6.878691e+00 2.739260e+00 1.047620e+00 6.351204e+00 3.367642e+00 2.819738e-01 5.163189e-01 -2.255909e-01 3.349249e-01 1.450793e-01 4.610991e-01 2.477773e-01 -4.914347e-02 3.279133e-01 3.346413e-01 7.173061e-02 1.099560e-01 -1.829910e-02
<VARIANCE> 25
 7.216210e+00 1.663909e+01 1.754262e+01 1.740367e+01 2.437874e+01 2.317917e+01 2.338029e+01 2.555537e+01 2.462456e+01 2.726027e+01 2.000455e+01 1.887604e+01 1.978068e-01 5.022333e-01 5.776648e-01 7.454439e-01 9.319490e-01 1.061684e+00 1.224424e+00 1.405707e+00 1.331665e+00 1.295712e+00 1.209482e+00 1.103035e+00 2.462387e-04
<GCONST> 7.153429e+01
<MIXTURE> 33 1.508826e-02
<MEAN> 25
 5.893245e+00 -4.846324e+00 -2.364196e+00 -2.247901e+00 -2.335907e+00 -6.120622e+00 -7.495363e+00 1.825188e+00 2.117758e+00 4.406107e-01 -4.619328e+00 -3.206272e+00 7.005963e-01 -1.178766e+00 -2.506726e+00 -1.871546e+00 1.464077e+00 1.912404e+00 -9.450406e-01 4.574876e-01 1.346514e+00 7.908379e-01 -2.802652e-01 -1.205660e+00 3.410941e-02
<VARIANCE> 25
 1.022227e+01 1.996808e+01 2.567379e+01 3.079202e+01 3.424628e+01 3.907154e+01 3.566057e+01 3.852935e+01 3.421298e+01 3.949878e+01 2.890390e+01 2.338869e+01 9.789731e-01 1.888974e+00 1.960129e+00 1.884127e+00 3.573882e+00 3.832839e+00 3.823318e+00 5.055156e+00 3.588800e+00 3.862406e+00 2.808260e+00 2.376689e+00 1.516317e-03
<GCONST> 9.162385e+01
<MIXTURE> 34 1.588179e-02
<MEAN> 25
 8.872994e+00 -5.575914e-02 1.520325e-01 9.223474e-01 -2.725992e+00 -1.357798e+00 -6.302057e+00 -4.613633e+00 -1.890460e+00 3.558421e-01 -2.800040e+00 -3.709322e+00 1.229493e-02 1.357155e+00 1.441790e+00 2.301075e+00 -3.721822e-02 -1.606632e-01 7.768705e-01 -1.584252e+00 -8.696268e-01 2.149851e-01 -4.964859e-01 1.931262e-01 -6.258930e-02
<VARIANCE> 25
 7.431847e+00 3.085016e+01 2.898148e+01 4.942854e+01 4.202960e+01 4.800638e+01 5.408636e+01 5.506152e+01 5.094617e+01 4.231240e+01 4.741814e+01 3.076890e+01 1.291835e+00 1.915409e+00 4.180151e+00 4.086749e+00 5.429671e+00 5.586076e+00 5.335356e+00 6.017715e+00 5.109406e+00 4.791568e+00 4.906153e+00 3.816237e+00 1.107797e-03
<GCONST> 9.916676e+01
<MIXTURE> 35 1.467755e-02
<MEAN> 25
 -2.291474e+00 -5.162206e+00 -9.165439e+00 3.208748e-01 9.247634e+00 1.334663e+00 2.222144e+00 1.642476e+00 1.499659e+00 4.560520e+00 -4.300122e-01 1.698003e+00 4.602679e-01 -1.113707e+00 -1.257896e+00 -1.061397e+00 3.575097e-01 -9.694861e-01 -6.059278e-01 -3.202834e-01 -2.882745e-01 2.112066e-02 -6.810175e-01 -3.039826e-01 1.086345e-01
<VARIANCE> 25
 1.835516e+01 2.793973e+01 4.733074e+01 5.833071e+01 4.161723e+01 5.645695e+01 5.134504e+01 5.102913e+01 4.688956e+01 3.909118e+01 3.740163e+01 2.992840e+01 3.285795e+00 3.320628e+00 6.593441e+00 6.269913e+00 5.126079e+00 5.610852e+00 4.755134e+00 4.810174e+00 4.851421e+00 4.427474e+00 3.813405e+00 3.899055e+00 4.917999e-03
<GCONST> 1.033295e+02
<MIXTURE> 36 1.093293e-02
<MEAN> 25
 4.410191e+00 -4.699339e+00 6.316157e+00 1.319842e+00 -1.052861e+01 -7.458363e+00 -5.646117e+00 4.267156e+00 -2.721866e+00 -2.629174e+00 2.658779e+00 2.730485e-02 2.988285e-01 4.030105e-01 -1.074133e+00 1.079395e-01 1.093353e+00 -6.434742e-02 -1.787996e-01 1.833186e-01 5.505380e-01 5.364029e-01 -6.738859e-01 -2.741201e-01 -2.304253e-02
<VARIANCE> 25
 6.793393e+00 1.940586e+01 2.251262e+01 2.297878e+01 2.886606e+01 2.405755e+01 3.371511e+01 2.517617e+01 2.664418e+01 2.437110e+01 1.929498e+01 1.711749e+01 3.731176e-01 8.615521e-01 2.066263e+00 9.429554e-01 1.509612e+00 1.622084e+00 2.239456e+00 1.654597e+00 1.699844e+00 1.188251e+00 1.132471e+00 9.748818e-01 6.709602e-04
<GCONST> 7.787264e+01
<MIXTURE> 37 1.246826e-02
<MEAN> 25
 8.067417e-01 6.775095e+00 1.196966e+01 -6.352561e+00 -7.740332e+00 -4.557396e-01 -4.624389e+00 -9.033758e+00 -4.682613e+00 6.452132e-01 -3.924302e+00 -1.418886e+00 5.003669e-01 7.153931e-01 -1.475155e+00 3.413610e+00 1.945496e+00 -3.246460e-01 7.494616e-01 4.197885e-01 7.166687e-01 -3.515834e-01 5.309596e-01 -4.397006e-01 -9.574148e-02
<VARIANCE> 25
 1.544209e+01 2.955146e+01 2.782253e+01 5.020726e+01 3.061522e+01 3.092060e+01 4.072149e+01 3.591961e+01 4.199402e+01 4.832397e+01 3.475082e+01 2.791457e+01 3.349151e+00 3.056666e+00 2.819380e+00 3.815300e+00 4.080134e+00 3.370064e+00 4.500480e+00 3.592131e+00 3.267707e+00 3.242865e+00 3.405979e+00 3.310706e+00 3.497168e-03
<GCONST> 9.717892e+01
<MIXTURE> 38 1.154525e-02
<MEAN> 25
 -4.563864e+00 8.989547e+00 4.377401e+00 3.305572e+00 6.733010e-01 -5.070124e+00 -3.451716e-01 -2.710183e+00 -2.598106e+00 -2.982781e+00 -1.356479e+00 -5.460508e-01 -4.407593e+00 1.227761e+00 -3.818086e-01 1.427032e+00 2.553788e+00 1.449777e+00 2.014092e+00 8.538749e-01 7.631912e-01 6.692824e-01 9.376391e-01 3.073702e-01 4.630835e-02
<VARIANCE> 25
 3.059264e+01 2.863063e+01 3.867556e+01 3.289308e+01 4.762567e+01 3.486882e+01 3.642341e+01 4.011732e+01 3.492107e+01 3.240680e+01 2.397591e+01 2.809387e+01 2.505497e+00 3.917739e+00 3.872644e+00 4.984809e+00 4.104160e+00 4.943027e+00 4.617517e+00 4.673417e+00 4.314473e+00 4.770511e+00 4.321102e+00 3.160194e+00 2.178697e-03
<GCONST> 9.895229e+01
<MIXTURE> 39 9.501865e-03
<MEAN> 25
 8.800613e-01 1.621289e+00 1.059262e+01 -9.775050e+00 -1.111624e+01 -8.616410e-01 -2.327299e+00 -6.432576e+00 -5.894066e+00 1.696000e+00 -3.587880e+00 -1.769932e+00 -5.466266e-01 1.551623e+00 1.433257e+00 -1.238192e+00 1.867063e-01 1.353015e+00 -1.099131e+00 -1.512578e+00 3.439148e-01 6.186911e-01 -5.979494e-01 3.732435e-02 -1.973751e-03
<VARIANCE> 25
 9.391932e+00 3.345572e+01 2.903918e+01 3.603185e+01 3.317662e+01 3.812744e+01 4.219352e+01 3.007334e+01 4.793334e+01 3.419167e+01 3.226796e+01 2.803603e+01 8.888685e-01 1.430419e+00 1.605361e+00 2.754181e+00 2.223882e+00 2.627481e+00 2.824667e+00 2.975026e+00 2.336280e+00 2.532367e+00 1.939152e+00 1.900617e+00 1.200415e-03
<GCONST> 8.912572e+01
<MIXTURE> 40 1.030800e-02
<MEAN> 25
 -7.849786e+00 3.152761e+00 -2.279461e+00 7.573760e+00 3.862044e+00 4.728134e+00 5.192751e+00 3.297137e+00 4.879316e+00 2.589588e+00 4.518111e+00 1.275848e+00 -3.302543e-02 -9.243347e-02 8.278308e-03 -1.273382e-01 -7.407814e-02 -1.434428e-01 1.461000e-01 1.417673e-01 -1.187946e-01 -1.737970e-02 3.814532e-03 2.152632e-01 -1.974995e-03
<VARIANCE> 25
 4.185196e+01 1.726414e+01 2.252092e+01 2.126305e+01 2.284958e+01 1.745459e+01 1.417726e+01 1.677268e+01 1.558855e+01 1.831762e+01 1.884867e+01 1.646073e+01 7.469782e-01 7.412589e-01 8.397354e-01 1.069380e+00 1.108374e+00 1.207456e+00 1.195251e+00 1.134828e+00 1.231198e+00 1.397287e+00 1.081788e+00 1.023082e+00 7.593016e-04
<GCONST> 7.491122e+01
<MIXTURE> 41 6.713375e-03
<MEAN> 25
 9.843980e-01 5.815451e-01 1.079021e+01 -7.781256e+00 -1.073667e+01 -4.134698e+00 -1.960638e+00 -4.504225e+00 -5.597490e+00 2.765812e+00 -1.354168e+00 -4.921432e-01 1.573702e-01 -1.259981e+00 1.664329e+00 -3.424816e+00 -2.477092e+00 -1.553667e-01 -5.536081e-01 -5.647737e-03 -1.259356e+00 1.350270e+00 -9.487554e-01 8.524771e-02 9.129231e-02
<VARIANCE> 25
 1.032168e+01 3.115034e+01 2.765352e+01 3.752153e+01 3.258320e+01 3.364280e+01 3.211182e+01 2.641154e+01 3.138996e+01 2.497395e+01 2.716164e+01 2.356301e+01 3.020684e+00 3.846871e+00 3.207867e+00 3.291335e+00 4.792284e+00 5.260906e+00 4.027336e+00 4.330873e+00 4.229175e+00 3.786147e+00 3.313187e+00 2.685453e+00 2.560974e-03
<GCONST> 9.542066e+01
<MIXTURE> 42 1.106211e-02
<MEAN> 25
 -2.212029e+00 4.091005e+00 4.581344e+00 3.451442e+00 -6.161604e-01 -6.997131e+00 -1.577210e-01 -2.141809e+00 -1.392427e+00 -1.899038e+00 -2.903641e+00 1.960422e+00 3.872369e+00 -8.130032e-01 1.775231e+00 2.641756e-02 -3.192160e+00 -1.815656e+00 -2.679587e+00 -2.563847e-01 -9.681558e-01 -7.554237e-01 5.865729e-01 -1.066117e+00 3.010580e-02
<VARIANCE> 25
 2.779461e+01 1.839281e+01 3.683384e+01 2.113146e+01 3.236938e+01 3.833751e+01 3.007651e+01 2.175171e+01 2.423961e+01 2.553872e+01 1.860256e+01 1.511114e+01 3.278635e+00 4.263000e+00 5.636811e+00 3.825415e+00 3.870365e+00 6.070086e+00 4.583786e+00 5.891121e+00 3.930559e+00 3.709564e+00 3.249223e+00 2.638425e+00 4.627766e-03
<GCONST> 9.612859e+01
<MIXTURE> 43 7.108249e-03
<MEAN> 25
 3.165633e+00 -6.277482e+00 -2.237827e+00 -5.157811e+00 -7.389838e+00 -3.414154e+00 4.114721e+00 1.341776e+00 -5.054498e+00 -7.050490e+00 -4.307220e+00 -1.236384e+00 2.363575e-01 2.160839e+00 1.907867e+00 -1.363700e-01 -1.416010e+00 -7.924299e-01 -9.628937e-01 -7.722086e-01 8.204525e-01 1.463237e+00 3.401434e-01 1.958772e-02 -4.514626e-02
<VARIANCE> 25
 9.567466e+00 1.984004e+01 2.727944e+01 3.525592e+01 3.837166e+01 3.654846e+01 3.339937e+01 3.986786e+01 3.955341e+01 3.885360e+01 2.650804e+01 2.944845e+01 6.895779e-01 1.249346e+00 1.579544e+00 2.480367e+00 2.406424e+00 2.375931e+00 2.654213e+00 3.036594e+00 2.601761e+00 2.574307e+00 2.321978e+00 1.913174e+00 9.398340e-04
<GCONST> 8.796943e+01
<MIXTURE> 44 7.328289e-03
<MEAN> 25
 -1.449938e+01 2.025699e+00 2.416236e+00 -3.029370e+00 3.413077e+00 1.984715e+00 3.556467e-01 1.855024e+00 1.766140e+00 -1.103042e+00 1.408208e+00 1.482459e+00 -2.853214e-01 -3.063749e-02 1.685095e-01 1.888386e-01 1.792092e-02 2.101913e-01 5.688602e-01 7.974726e-02 3.699556e-01 9.729271e-02 1.506834e-02 1.290172e-01 5.856100e-03
<VARIANCE> 25
 4.243344e+01 2.639920e+01 3.979775e+01 2.815240e+01 2.743818e+01 2.655198e+01 2.348160e+01 3.122831e+01 2.553942e+01 2.715267e+01 2.692448e+01 2.044873e+01 1.284761e+00 1.476241e+00 1.368624e+00 1.461421e+00 2.173997e+00 1.573057e+00 1.463625e+00 1.598912e+00 1.603959e+00 1.374377e+00 1.247994e+00 1.161899e+00 1.201094e-03
<GCONST> 8.388152e+01
<MIXTURE> 45 1.364932e-02
<MEAN> 25
 -1.106438e+01 3.228696e+00 -1.480137e+00 2.306010e+00 5.414193e+00 1.440634e-01 3.808055e+00 2.323338e+00 3.724121e+00 1.499754e+00 2.458498e+00 2.344418e+00 -2.984343e+00 3.855109e-01 -1.834022e-01 -6.655076e-01 1.563227e-01 1.775721e-01 3.987560e-01 -3.038101e-01 -1.376595e-01 -2.043858e-01 3.897536e-01 2.625308e-02 1.042505e-01
<VARIANCE> 25
 3.701484e+01 2.564326e+01 2.758269e+01 3.135677e+01 2.700002e+01 2.251729e+01 2.749404e+01 2.732845e+01 2.102808e+01 2.153463e+01 2.607886e+01 1.605516e+01 2.117000e+00 3.021991e+00 2.681436e+00 2.474988e+00 2.109108e+00 2.255454e+00 1.880641e+00 2.251580e+00 2.535153e+00 1.928756e+00 2.022548e+00 1.789917e+00 4.357429e-03
<GCONST> 8.893900e+01
<MIXTURE> 46 9.336259e-03
<MEAN> 25
 -9.249575e+00 2.446667e+00 1.071441e+00 7.496859e+00 5.810487e+00 3.220954e+00 7.011445e+00 4.408875e+00 5.666385e+00 4.555060e+00 4.910010e+00 2.834776e+00 1.040828e+00 -2.016508e-01 2.417429e-02 9.668304e-01 6.376846e-01 9.424891e-01 3.974829e-01 6.485659e-01 4.766763e-01 5.292942e-01 6.139278e-01 5.023854e-01 -1.036944e-01
<VARIANCE> 25
 3.509931e+01 4.346581e+01 3.808744e+01 4.864487e+01 5.027826e+01 4.003363e+01 3.625705e+01 3.518846e+01 3.223505e+01 3.068886e+01 2.837451e+01 2.036921e+01 3.954115e+00 4.107686e+00 3.825840e+00 4.071190e+00 4.115520e+00 3.663077e+00 3.299807e+00 3.065827e+00 2.923309e+00 2.852975e+00 2.282893e+00 1.776495e+00 7.862226e-03
<GCONST> 9.805267e+01
<MIXTURE> 47 7.116147e-03
<MEAN> 25
 7.299024e+00 -7.590641e+00 -6.935564e+00 -6.292555e+00 1.724815e+00 8.938633e-01 -3.417517e+00 5.716649e-01 3.118288e+00 1.451782e-01 -4.387362e+00 -5.776502e+00 -1.868596e-01 -1.397649e+00 -7.571961e-01 -2.585529e-01 5.247102e-01 9.018398e-01 8.743911e-01 4.597704e-01 2.384058e-01 -9.122573e-01 -5.413627e-01 -2.200591e-01 3.334735e-02
<VARIANCE> 25
 9.509771e+00 2.161973e+01 2.089178e+01 2.847277e+01 3.151529e+01 4.708122e+01 4.297112e+01 3.859929e+01 3.837325e+01 3.979670e+01 4.198888e+01 3.373059e+01 4.700353e-01 8.621169e-01 9.748451e-01 1.620562e+00 1.840447e+00 2.116934e+00 1.979634e+00 2.412990e+00 2.164291e+00 1.815471e+00 1.952073e+00 2.097877e+00 5.790927e-04
<GCONST> 8.476618e+01
<MIXTURE> 48 7.116147e-03
<MEAN> 25
 7.299024e+00 -7.590641e+00 -6.935564e+00 -6.292555e+00 1.724815e+00 8.938633e-01 -3.417517e+00 5.716649e-01 3.118288e+00 1.451782e-01 -4.387362e+00 -5.776502e+00 -1.868596e-01 -1.397649e+00 -7.571961e-01 -2.585529e-01 5.247102e-01 9.018398e-01 8.743911e-01 4.597704e-01 2.384058e-01 -9.122573e-01 -5.413627e-01 -2.200591e-01 3.334735e-02
<VARIANCE> 25
 9.509771e+00 2.161973e+01 2.089178e+01 2.847277e+01 3.151529e+01 4.708122e+01 4.297112e+01 3.859929e+01 3.837325e+01 3.979670e+01 4.198888e+01 3.373059e+01 4.700353e-01 8.621169e-01 9.748451e-01 1.620562e+00 1.840447e+00 2.116934e+00 1.979634e+00 2.412990e+00 2.164291e+00 1.815471e+00 1.952073e+00 2.097877e+00 5.790927e-04
<GCONST> 8.476618e+01
<MIXTURE> 49 5.548473e-03
<MEAN> 25
 -5.138778e+00 4.154184e-01 9.779700e-02 8.427114e+00 6.076350e+00 5.634745e+00 6.063437e+00 4.501809e+00 5.076226e+00 3.667368e+00 4.910698e+00 2.767982e+00 3.563829e-01 6.562451e-01 6.972440e-01 3.587997e-01 -1.987184e-01 -6.676000e-01 -9.885251e-01 -1.105894e+00 -9.590402e-01 -6.787766e-01 -4.845837e-01 -2.571343e-01 -9.779912e-05
<VARIANCE> 25
 9.989592e+00 1.020377e+01 1.449374e+01 1.570958e+01 1.633429e+01 1.697960e+01 1.920176e+01 1.934444e+01 1.831780e+01 1.793503e+01 2.053328e+01 1.479374e+01 2.841095e-01 2.610130e-01 3.575126e-01 6.085921e-01 8.628215e-01 9.644139e-01 1.014667e+00 1.057736e+00 1.129978e+00 1.205621e+00 1.271784e+00 1.213895e+00 1.465018e-05
<GCONST> 6.442532e+01
<MIXTURE> 50 6.234641e-03
<MEAN> 25
 -4.633403e+00 1.214888e-01 -1.459111e+00 6.201038e+00 4.235964e+00 2.268231e+00 3.723393e+00 1.988055e+00 2.776716e+00 1.391811e+00 2.123116e+00 2.813646e+00 5.654110e-02 1.749451e-01 9.544759e-02 -1.717615e-01 -5.037817e-01 -6.122394e-01 -4.283016e-01 -5.269809e-02 4.404821e-01 7.664306e-01 7.349876e-01 4.451694e-01 -1.171853e-05
<VARIANCE> 25
 1.071391e+01 1.129731e+01 1.428821e+01 1.536475e+01 1.531614e+01 1.855759e+01 1.858708e+01 1.939727e+01 1.858547e+01 1.747101e+01 2.176579e+01 1.535142e+01 1.446603e-01 2.387008e-01 3.767089e-01 5.233592e-01 6.081030e-01 7.336629e-01 9.540010e-01 1.114872e+00 1.055118e+00 9.171767e-01 9.170808e-01 9.852477e-01 9.978794e-07
<GCONST> 5.957940e+01
<MIXTURE> 51 6.234641e-03
<MEAN> 25
 -4.633403e+00 1.214888e-01 -1.459111e+00 6.201038e+00 4.235964e+00 2.268231e+00 3.723393e+00 1.988055e+00 2.776716e+00 1.391811e+00 2.123116e+00 2.813646e+00 5.654110e-02 1.749451e-01 9.544759e-02 -1.717615e-01 -5.037817e-01 -6.122394e-01 -4.283016e-01 -5.269809e-02 4.404821e-01 7.664306e-01 7.349876e-01 4.451694e-01 -1.171853e-05
<VARIANCE> 25
 1.071391e+01 1.129731e+01 1.428821e+01 1.536475e+01 1.531614e+01 1.855759e+01 1.858708e+01 1.939727e+01 1.858547e+01 1.747101e+01 2.176579e+01 1.535142e+01 1.446603e-01 2.387008e-01 3.767089e-01 5.233592e-01 6.081030e-01 7.336629e-01 9.540010e-01 1.114872e+00 1.055118e+00 9.171767e-01 9.170808e-01 9.852477e-01 9.978794e-07
<GCONST> 5.957940e+01
<MIXTURE> 52 6.367945e-03
<MEAN> 25
 9.980845e+00 1.970895e+00 -6.546047e+00 -1.414441e+01 -4.089524e+00 8.699603e+00 -3.386251e+00 -3.320658e+00 -4.510868e+00 -2.104760e+00 3.489033e+00 6.349872e-01 -3.927002e-01 -3.892541e-01 -1.003794e-01 1.189104e+00 1.341890e+00 -5.113089e-01 -5.655259e-01 -6.222417e-01 1.212178e-01 1.157200e+00 3.365844e-01 -5.180874e-01 -1.419072e-02
<VARIANCE> 25
 9.387936e+00 1.985155e+01 2.728027e+01 3.757312e+01 4.429828e+01 3.036597e+01 5.379614e+01 4.848280e+01 4.163639e+01 4.446094e+01 3.880127e+01 2.908046e+01 4.326909e-01 1.612111e+00 1.304725e+00 2.724222e+00 2.265428e+00 2.144909e+00 2.927113e+00 2.717527e+00 3.026883e+00 2.751818e+00 2.478523e+00 2.203254e+00 1.495324e-03
<GCONST> 8.960445e+01
<MIXTURE> 53 6.367945e-03
<MEAN> 25
 9.980845e+00 1.970895e+00 -6.546047e+00 -1.414441e+01 -4.089524e+00 8.699603e+00 -3.386251e+00 -3.320658e+00 -4.510868e+00 -2.104760e+00 3.489033e+00 6.349872e-01 -3.927002e-01 -3.892541e-01 -1.003794e-01 1.189104e+00 1.341890e+00 -5.113089e-01 -5.655259e-01 -6.222417e-01 1.212178e-01 1.157200e+00 3.365844e-01 -5.180874e-01 -1.419072e-02
<VARIANCE> 25
 9.387936e+00 1.985155e+01 2.728027e+01 3.757312e+01 4.429828e+01 3.036597e+01 5.379614e+01 4.848280e+01 4.163639e+01 4.446094e+01 3.880127e+01 2.908046e+01 4.326909e-01 1.612111e+00 1.304725e+00 2.724222e+00 2.265428e+00 2.144909e+00 2.927113e+00 2.717527e+00 3.026883e+00 2.751818e+00 2.478523e+00 2.203254e+00 1.495324e-03
<GCONST> 8.960445e+01
<MIXTURE> 54 7.368620e-03
<MEAN> 25
 -3.479131e+00 1.998613e-01 -7.236910e-01 7.938603e+00 6.478183e+00 4.577876e+00 4.818244e+00 4.537749e+00 4.077890e+00 3.508976e+00 4.242088e+00 2.118916e+00 -6.195849e-03 2.591350e-02 3.706473e-02 5.757710e-02 7.709365e-02 4.161495e-02 3.712764e-03 4.537463e-03 3.624585e-02 -1.048295e-02 2.004399e-02 9.008057e-03 1.303461e-05
<VARIANCE> 25
 9.754628e+00 1.093134e+01 9.114375e+00 1.807585e+01 1.297635e+01 1.329893e+01 1.244265e+01 1.113606e+01 1.115066e+01 1.347401e+01 1.900133e+01 1.377094e+01 4.159430e-02 8.527216e-02 1.503529e-01 2.291940e-01 3.236161e-01 3.880723e-01 4.947900e-01 5.309547e-01 5.289285e-01 5.555152e-01 5.029777e-01 5.052286e-01 1.003159e-06
<GCONST> 4.755400e+01
<MIXTURE> 55 7.368620e-03
<MEAN> 25
 -3.479131e+00 1.998613e-01 -7.236910e-01 7.938603e+00 6.478183e+00 4.577876e+00 4.818244e+00 4.537749e+00 4.077890e+00 3.508976e+00 4.242088e+00 2.118916e+00 -6.195849e-03 2.591350e-02 3.706473e-02 5.757710e-02 7.709365e-02 4.161495e-02 3.712764e-03 4.537463e-03 3.624585e-02 -1.048295e-02 2.004399e-02 9.008057e-03 1.303461e-05
<VARIANCE> 25
 9.754628e+00 1.093134e+01 9.114375e+00 1.807585e+01 1.297635e+01 1.329893e+01 1.244265e+01 1.113606e+01 1.115066e+01 1.347401e+01 1.900133e+01 1.377094e+01 4.159430e-02 8.527216e-02 1.503529e-01 2.291940e-01 3.236161e-01 3.880723e-01 4.947900e-01 5.309547e-01 5.289285e-01 5.555152e-01 5.029777e-01 5.052286e-01 1.003159e-06
<GCONST> 4.755400e+01
<MIXTURE> 56 6.132464e-03
<MEAN> 25
 7.582167e+00 -6.710459e+00 -8.979938e+00 -8.651296e+00 3.864859e+00 3.930537e+00 -2.436376e+00 -1.526910e+00 1.815373e+00 7.094244e-01 -2.460335e+00 -7.109636e+00 -1.003048e-02 4.810417e-02 -9.057659e-02 2.572067e-02 2.461531e-01 4.557242e-02 1.284765e-01 -1.675791e-01 -9.627328e-03 -5.858832e-02 -5.230371e-02 2.070709e-03 -7.464504e-03
<VARIANCE> 25
 9.173278e+00 2.301831e+01 2.116125e+01 4.051879e+01 3.278775e+01 5.033720e+01 6.344834e+01 3.624156e+01 3.907921e+01 3.695861e+01 3.986105e+01 3.059573e+01 2.030851e-01 4.437144e-01 4.522025e-01 7.604482e-01 7.918029e-01 1.117721e+00 9.079779e-01 9.409004e-01 9.455506e-01 9.307588e-01 1.070793e+00 7.875419e-01 2.446559e-04
<GCONST> 7.521671e+01
<MIXTURE> 57 6.132464e-03
<MEAN> 25
 7.582167e+00 -6.710459e+00 -8.979938e+00 -8.651296e+00 3.864859e+00 3.930537e+00 -2.436376e+00 -1.526910e+00 1.815373e+00 7.094244e-01 -2.460335e+00 -7.109636e+00 -1.003048e-02 4.810417e-02 -9.057659e-02 2.572067e-02 2.461531e-01 4.557242e-02 1.284765e-01 -1.675791e-01 -9.627328e-03 -5.858832e-02 -5.230371e-02 2.070709e-03 -7.464504e-03
<VARIANCE> 25
 9.173278e+00 2.301831e+01 2.116125e+01 4.051879e+01 3.278775e+01 5.033720e+01 6.344834e+01 3.624156e+01 3.907921e+01 3.695861e+01 3.986105e+01 3.059573e+01 2.030851e-01 4.437144e-01 4.522025e-01 7.604482e-01 7.918029e-01 1.117721e+00 9.079779e-01 9.409004e-01 9.455506e-01 9.307588e-01 1.070793e+00 7.875419e-01 2.446559e-04
<GCONST> 7.521671e+01
<MIXTURE> 58 6.172147e-03
<MEAN> 25
 2.444678e+00 -3.684365e+00 7.574482e+00 -4.910314e+00 -1.301550e+01 -5.418063e+00 7.410748e-01 1.716677e+00 -3.147777e+00 1.810766e+00 8.327451e-01 -4.576253e-01 -1.844006e-02 -1.251877e-01 -1.037729e-02 -1.734447e-01 9.766639e-03 3.564106e-01 4.331643e-01 2.177390e-01 4.725860e-02 1.661876e-01 -9.639137e-02 -1.114032e-01 -4.113731e-03
<VARIANCE> 25
 7.098049e+00 1.726040e+01 2.000767e+01 2.764301e+01 2.162550e+01 3.882490e+01 3.275610e+01 3.594773e+01 3.075607e+01 2.762893e+01 2.034016e+01 1.737800e+01 2.972338e-01 7.274334e-01 9.814990e-01 9.436095e-01 9.298252e-01 1.192793e+00 1.183154e+00 1.246917e+00 1.174628e+00 1.073317e+00 9.941160e-01 8.016300e-01 8.009486e-04
<GCONST> 7.524667e+01
<MIXTURE> 59 6.172147e-03
<MEAN> 25
 2.444678e+00 -3.684365e+00 7.574482e+00 -4.910314e+00 -1.301550e+01 -5.418063e+00 7.410748e-01 1.716677e+00 -3.147777e+00 1.810766e+00 8.327451e-01 -4.576253e-01 -1.844006e-02 -1.251877e-01 -1.037729e-02 -1.734447e-01 9.766639e-03 3.564106e-01 4.331643e-01 2.177390e-01 4.725860e-02 1.661876e-01 -9.639137e-02 -1.114032e-01 -4.113731e-03
<VARIANCE> 25
 7.098049e+00 1.726040e+01 2.000767e+01 2.764301e+01 2.162550e+01 3.882490e+01 3.275610e+01 3.594773e+01 3.075607e+01 2.762893e+01 2.034016e+01 1.737800e+01 2.972338e-01 7.274334e-01 9.814990e-01 9.436095e-01 9.298252e-01 1.192793e+00 1.183154e+00 1.246917e+00 1.174628e+00 1.073317e+00 9.941160e-01 8.016300e-01 8.009486e-04
<GCONST> 7.524667e+01
<MIXTURE> 60 4.479129e-03
<MEAN> 25
 -4.182625e+00 -6.574813e-01 -1.181230e+00 3.822864e+00 1.889629e+00 1.814358e+00 1.743457e+00 1.577203e+00 1.991359e+00 1.178178e+00 2.331459e+00 1.949542e+00 -2.109590e-02 6.974246e-02 5.736727e-02 1.145773e-01 1.226177e-01 1.455747e-01 2.059042e-01 2.950761e-01 5.564392e-01 6.689281e-01 5.718150e-01 3.576799e-01 -6.611480e-04
<VARIANCE> 25
 6.956705e+00 4.615790e+00 1.030968e+01 1.110500e+01 1.365078e+01 1.846064e+01 1.379706e+01 1.163961e+01 1.283849e+01 1.293460e+01 1.533949e+01 1.204937e+01 8.421563e-02 1.688788e-01 3.166044e-01 4.249100e-01 5.668091e-01 6.996549e-01 8.047259e-01 8.764457e-01 8.798035e-01 7.978208e-01 8.122323e-01 9.190368e-01 2.462741e-05
<GCONST> 5.630576e+01
<MIXTURE> 61 4.479129e-03
<MEAN> 25
 -4.182625e+00 -6.574813e-01 -1.181230e+00 3.822864e+00 1.889629e+00 1.814358e+00 1.743457e+00 1.577203e+00 1.991359e+00 1.178178e+00 2.331459e+00 1.949542e+00 -2.109590e-02 6.974246e-02 5.736727e-02 1.145773e-01 1.226177e-01 1.455747e-01 2.059042e-01 2.950761e-01 5.564392e-01 6.689281e-01 5.718150e-01 3.576799e-01 -6.611480e-04
<VARIANCE> 25
 6.956705e+00 4.615790e+00 1.030968e+01 1.110500e+01 1.365078e+01 1.846064e+01 1.379706e+01 1.163961e+01 1.283849e+01 1.293460e+01 1.533949e+01 1.204937e+01 8.421563e-02 1.688788e-01 3.166044e-01 4.249100e-01 5.668091e-01 6.996549e-01 8.047259e-01 8.764457e-01 8.798035e-01 7.978208e-01 8.122323e-01 9.190368e-01 2.462741e-05
<GCONST> 5.630576e+01
<MIXTURE> 62 3.278034e-03
<MEAN> 25
 -4.865892e+00 1.175771e+00 7.718982e-01 8.714436e+00 6.277290e+00 4.328853e+00 5.550726e+00 4.499922e+00 5.167839e+00 3.447939e+00 4.814710e+00 3.102537e+00 -9.872435e-01 -1.124370e+00 -9.345678e-01 -3.125794e-01 3.074365e-01 9.699154e-01 1.372691e+00 1.597696e+00 1.508150e+00 1.207723e+00 1.156055e+00 8.248219e-01 -1.571672e-03
<VARIANCE> 25
 9.957350e+00 9.315731e+00 1.305999e+01 1.570621e+01 1.647758e+01 2.252893e+01 1.858323e+01 2.090318e+01 1.791396e+01 1.988822e+01 2.051332e+01 1.400339e+01 3.816380e-01 4.272842e-01 5.172613e-01 7.738466e-01 1.128786e+00 1.120668e+00 1.164950e+00 1.211510e+00 1.247047e+00 1.287377e+00 1.417700e+00 1.380995e+00 1.693638e-05
<GCONST> 6.722521e+01
<MIXTURE> 63 4.351215e-03
<MEAN> 25
 -3.847131e+00 -1.050346e+00 -4.717936e+00 2.844572e+00 3.649027e+00 -6.612726e-02 3.748774e+00 1.718056e+00 2.724949e+00 -1.308655e+00 -1.313183e+00 2.176027e+00 -1.512182e-01 2.970318e-01 3.914564e-01 4.778741e-01 4.951033e-01 4.354491e-01 5.367200e-01 1.919292e-01 1.341445e-01 2.774096e-01 1.899436e-01 4.297654e-02 -5.290670e-03
<VARIANCE> 25
 1.423071e+01 1.824292e+01 1.392516e+01 1.588016e+01 1.876835e+01 2.254321e+01 2.199790e+01 2.252298e+01 2.263890e+01 2.180067e+01 1.846344e+01 1.649680e+01 2.650961e-01 4.120871e-01 6.584197e-01 7.545327e-01 9.516703e-01 1.058634e+00 1.349926e+00 1.253747e+00 1.300205e+00 1.364476e+00 1.182134e+00 1.540479e+00 1.901249e-04
<GCONST> 7.130327e+01
<MIXTURE> 64 4.351215e-03
<MEAN> 25
 -3.847131e+00 -1.050346e+00 -4.717936e+00 2.844572e+00 3.649027e+00 -6.612726e-02 3.748774e+00 1.718056e+00 2.724949e+00 -1.308655e+00 -1.313183e+00 2.176027e+00 -1.512182e-01 2.970318e-01 3.914564e-01 4.778741e-01 4.951033e-01 4.354491e-01 5.367200e-01 1.919292e-01 1.341445e-01 2.774096e-01 1.899436e-01 4.297654e-02 -5.290670e-03
<VARIANCE> 25
 1.423071e+01 1.824292e+01 1.392516e+01 1.588016e+01 1.876835e+01 2.254321e+01 2.199790e+01 2.252298e+01 2.263890e+01 2.180067e+01 1.846344e+01 1.649680e+01 2.650961e-01 4.120871e-01 6.584197e-01 7.545327e-01 9.516703e-01 1.058634e+00 1.349926e+00 1.253747e+00 1.300205e+00 1.364476e+00 1.182134e+00 1.540479e+00 1.901249e-04
<GCONST> 7.130327e+01
<MIXTURE> 65 1.721197e-02
<MEAN> 25
 8.035732e+00 2.060703e+00 2.002873e+00 2.885113e-01 -5.072989e+00 -4.065455e+00 -5.877563e+00 -6.710724e+00 -3.832233e+00 -1.840368e+00 -5.423385e+00 -2.255346e+00 1.646149e-01 1.977168e-01 -2.124503e-02 1.525916e-01 -1.555849e-01 2.376922e-01 -8.030534e-02 -2.162673e-01 2.670671e-01 -2.701485e-02 -3.534938e-02 -1.522791e-01 -6.755538e-03
<VARIANCE> 25
 9.554238e+00 1.892664e+01 2.446744e+01 3.647652e+01 3.778831e+01 5.619170e+01 5.713653e+01 5.739556e+01 5.379025e+01 5.861747e+01 5.335665e+01 5.092613e+01 5.347091e-01 1.010576e+00 1.576780e+00 1.723176e+00 1.921281e+00 2.112635e+00 2.212275e+00 2.880805e+00 2.417052e+00 2.379355e+00 2.329650e+00 2.052994e+00 4.727451e-04
<GCONST> 8.895265e+01
<MIXTURE> 66 1.191532e-02
<MEAN> 25
 6.686423e+00 -4.242418e+00 -5.504156e+00 -4.689366e+00 1.424411e+00 -4.561623e+00 -7.060179e+00 1.160943e+00 7.331706e-01 -1.865456e+00 -6.380416e+00 -3.261195e+00 -2.722167e-02 1.731089e+00 2.128659e+00 2.184916e+00 -1.145805e+00 -1.205987e+00 1.214414e-01 -5.364354e-01 -1.541053e-01 -2.073478e-01 -1.618709e-01 9.451801e-01 -6.491775e-02
<VARIANCE> 25
 8.432143e+00 2.193439e+01 2.669768e+01 3.185810e+01 3.651784e+01 5.398985e+01 5.384523e+01 4.278870e+01 5.145914e+01 6.366875e+01 3.601617e+01 3.485243e+01 1.333860e+00 2.446347e+00 2.465258e+00 2.607003e+00 4.119576e+00 4.109644e+00 4.311768e+00 4.597342e+00 4.175519e+00 4.667303e+00 3.802727e+00 3.239359e+00 1.406486e-03
<GCONST> 9.624479e+01
<MIXTURE> 67 1.559142e-02
<MEAN> 25
 8.465654e+00 2.230798e+00 -6.968980e+00 -7.428504e+00 1.714023e+00 3.962545e+00 -4.838851e+00 -2.970589e+00 -3.331369e+00 7.636880e-01 1.755893e-01 -1.549944e+00 -1.127095e+00 1.769171e+00 1.208797e+00 2.947477e+00 1.572024e+00 -7.506037e-01 1.609969e+00 2.074185e-01 5.379840e-01 1.791201e-01 -3.687014e-01 5.224510e-01 -1.210819e-01
<VARIANCE> 25
 1.073746e+01 3.446537e+01 3.123152e+01 5.077670e+01 4.443261e+01 5.071404e+01 6.643387e+01 4.854293e+01 5.711620e+01 4.837255e+01 5.637241e+01 4.020481e+01 1.902310e+00 3.155917e+00 3.092257e+00 3.878161e+00 4.034370e+00 4.072500e+00 4.419045e+00 4.298363e+00 5.229144e+00 4.012391e+00 4.641280e+00 3.234039e+00 2.911496e-03
<GCONST> 1.006114e+02
<MIXTURE> 68 1.485092e-02
<MEAN> 25
 -2.272570e+00 -2.347919e+00 -3.941102e+00 1.856554e+00 5.455609e+00 -1.504088e-01 2.540084e+00 1.415298e+00 1.533101e+00 5.337322e-01 6.667631e-01 2.326502e+00 2.519873e+00 2.704425e-01 2.680371e-01 -2.217263e+00 -2.677118e+00 -1.728468e+00 -2.444762e+00 -1.751048e+00 -1.694508e+00 -1.582384e+00 -1.755775e+00 -8.788424e-01 1.082558e-01
<VARIANCE> 25
 2.413664e+01 3.095880e+01 5.332928e+01 5.056693e+01 4.349098e+01 5.332673e+01 4.330462e+01 4.097429e+01 3.901732e+01 5.473120e+01 3.451366e+01 2.497952e+01 2.290284e+00 3.992989e+00 5.913800e+00 6.459673e+00 4.954297e+00 5.298172e+00 5.382677e+00 4.696730e+00 4.499019e+00 4.906816e+00 5.003169e+00 3.444528e+00 5.824168e-03
<GCONST> 1.032685e+02
<MIXTURE> 69 1.204884e-02
<MEAN> 25
 4.649127e+00 -4.246171e+00 -3.517840e+00 -3.571635e+00 -3.527853e+00 -7.945045e+00 -1.150418e+00 2.224962e+00 -3.974754e-01 -4.715421e+00 -5.655076e+00 9.328278e-01 1.678331e+00 -2.233921e+00 -1.345400e+00 -2.230402e+00 -5.334332e-01 -3.494540e-01 -5.017438e-01 6.366492e-01 -6.305946e-01 -1.445469e+00 -2.190215e+00 -1.895053e-01 6.272295e-02
<VARIANCE> 25
 8.863666e+00 2.168278e+01 2.682995e+01 2.623435e+01 4.254523e+01 3.612427e+01 4.871993e+01 3.143929e+01 3.993655e+01 3.771375e+01 3.093931e+01 2.448249e+01 3.527038e+00 2.897007e+00 3.314341e+00 3.694067e+00 5.725496e+00 4.980180e+00 7.183833e+00 6.088896e+00 5.876368e+00 5.839766e+00 4.335046e+00 3.730268e+00 2.428880e-03
<GCONST> 9.863733e+01
<MIXTURE> 70 1.329190e-02
<MEAN> 25
 7.518942e+00 -2.041276e+00 -3.880832e+00 -3.612378e+00 -4.078714e-01 -6.703656e-01 -7.691663e+00 -4.022363e+00 5.708192e-01 2.895905e+00 -1.420313e-01 -4.910326e+00 1.931506e+00 -1.138263e+00 -8.206193e-01 -2.201111e+00 -1.513619e+00 1.177646e+00 -1.333827e+00 -8.946662e-02 3.392604e-01 -2.842539e-02 6.858889e-01 -1.450147e+00 5.860562e-02
<VARIANCE> 25
 9.936091e+00 2.257425e+01 2.832904e+01 4.689026e+01 3.545566e+01 4.445594e+01 4.982274e+01 4.405044e+01 4.702431e+01 3.274025e+01 4.495061e+01 2.724381e+01 3.504772e+00 3.211406e+00 4.736820e+00 4.962041e+00 5.220338e+00 6.439950e+00 6.790769e+00 7.544872e+00 6.168785e+00 5.378126e+00 5.858060e+00 4.311544e+00 2.544491e-03
<GCONST> 1.018445e+02
<MIXTURE> 71 1.406903e-02
<MEAN> 25
 6.252119e+00 5.157460e+00 4.257462e+00 2.891691e+00 -3.422528e+00 -3.323011e+00 -3.291722e+00 -6.437523e+00 -4.550347e+00 -2.252489e+00 -5.188071e+00 -3.359769e+00 -1.575697e+00 -7.311737e-01 -2.678734e-01 -1.692444e+00 1.138491e+00 -1.300654e-01 9.730301e-02 1.438330e+00 3.079803e-01 -1.793073e-01 6.489778e-01 2.199478e-01 4.241621e-02
<VARIANCE> 25
 1.941100e+01 2.521640e+01 2.359796e+01 4.609483e+01 3.994432e+01 4.014220e+01 4.254734e+01 4.258345e+01 3.880150e+01 4.597346e+01 3.580783e+01 3.429417e+01 1.713635e+00 3.022890e+00 5.193366e+00 5.093647e+00 4.605660e+00 4.646147e+00 4.850719e+00 5.696807e+00 4.213418e+00 4.006416e+00 3.610124e+00 3.277672e+00 1.502338e-03
<GCONST> 9.871265e+01
<MIXTURE> 72 8.134747e-03
<MEAN> 25
 3.822230e+00 -3.951479e+00 5.603585e+00 -2.530071e+00 -1.031191e+01 -9.501365e+00 -2.650852e+00 2.031719e+00 -4.866677e+00 -2.145321e+00 -1.637959e+00 5.466138e-01 9.198779e-01 -7.538410e-01 -2.568708e+00 4.589133e-01 2.113395e+00 -6.211875e-01 -1.316939e+00 1.457592e+00 1.811378e+00 -5.575535e-01 -1.306533e+00 3.654978e-01 -6.520297e-03
<VARIANCE> 25
 1.041003e+01 2.056251e+01 3.235643e+01 3.715696e+01 3.148838e+01 3.251294e+01 4.056883e+01 3.514264e+01 4.229914e+01 3.990158e+01 3.892062e+01 2.759021e+01 4.210744e-01 1.023646e+00 1.966314e+00 1.416964e+00 2.125452e+00 2.330913e+00 2.973598e+00 2.772928e+00 2.513847e+00 2.890793e+00 1.960503e+00 2.087849e+00 5.284072e-04
<GCONST> 8.674904e+01
<MIXTURE> 73 1.213625e-02
<MEAN> 25
 -5.653488e+00 -8.214326e-01 -1.181304e+00 4.638994e+00 4.218048e+00 2.419554e+00 6.148431e+00 2.378220e+00 3.833177e+00 3.339253e+00 3.542452e+00 3.410481e+00 8.194089e-01 -1.124590e+00 -5.629883e-01 -2.006579e+00 -1.487941e+00 -2.102753e+00 -1.086322e+00 -3.772345e-01 -1.095938e+00 -9.995513e-01 -9.763902e-01 -1.181176e-01 1.479109e-01
<VARIANCE> 25
 1.230625e+01 1.369228e+01 1.368912e+01 2.016265e+01 2.036175e+01 2.190617e+01 2.011803e+01 3.211475e+01 1.794742e+01 2.285579e+01 2.285328e+01 1.473687e+01 3.931062e+00 2.692559e+00 5.984923e+00 6.109723e+00 5.874394e+00 5.243931e+00 4.018921e+00 4.167760e+00 3.473960e+00 4.164947e+00 3.242574e+00 2.703588e+00 4.097406e-03
<GCONST> 9.265190e+01
<MIXTURE> 74 1.756491e-02
<MEAN> 25
 3.999328e+00 -1.534129e+00 5.103731e+00 -5.549448e-01 -8.699797e+00 -7.233623e+00 -1.576394e+00 1.617161e+00 -3.636478e+00 -1.868878e+00 -1.662983e+00 7.290598e-01 2.785108e-01 1.899785e+00 -2.458560e-01 1.477327e+00 1.356635e+00 3.900914e-01 3.026886e-01 -1.145892e+00 4.557580e-01 1.682611e-01 -2.181856e-01 -5.209314e-02 -7.696418e-02
<VARIANCE> 25
 1.105612e+01 1.919939e+01 3.161445e+01 3.420105e+01 3.440001e+01 3.601620e+01 4.701803e+01 4.281015e+01 4.198370e+01 4.018563e+01 3.237391e+01 2.889534e+01 1.823808e+00 1.897990e+00 3.618301e+00 2.302343e+00 3.220170e+00 3.574492e+00 4.621045e+00 3.709416e+00 3.678646e+00 3.328636e+00 2.907737e+00 2.644272e+00 1.422703e-03
<GCONST> 9.392791e+01
<MIXTURE> 75 9.711651e-03
<MEAN> 25
 2.339552e+00 -3.041696e+00 9.955895e+00 1.356646e+00 -1.122371e+01 -7.875059e+00 -4.501143e+00 4.749344e-01 -4.430472e+00 -4.373151e+00 2.590236e+00 7.023803e-01 1.905366e+00 -2.012516e+00 6.602227e-01 -8.234916e-01 -2.819181e+00 -6.689538e-01 -2.057958e+00 1.247753e+00 -4.708366e-01 6.218585e-02 1.039081e+00 -8.417978e-01 5.495675e-02
<VARIANCE> 25
 8.775917e+00 2.042987e+01 2.413585e+01 2.212708e+01 2.168182e+01 2.803839e+01 2.450075e+01 2.274579e+01 2.592837e+01 2.411501e+01 1.569595e+01 1.627804e+01 1.740059e+00 1.471718e+00 4.211784e+00 2.405193e+00 3.801853e+00 3.408207e+00 3.665863e+00 2.837049e+00 3.041575e+00 3.301605e+00 2.464876e+00 1.949292e+00 1.612266e-03
<GCONST> 8.773662e+01
<MIXTURE> 76 1.052359e-02
<MEAN> 25
 -5.704513e+00 7.620656e-01 -3.149374e+00 4.358437e+00 4.370364e+00 1.622358e+00 4.682373e+00 1.788632e+00 2.372068e+00 -5.452331e-01 6.723748e-01 1.688857e+00 -1.854591e-01 -6.219789e-01 -1.729499e-01 -5.224898e-01 -2.753539e-01 -7.523034e-01 -4.911541e-01 -2.936112e-01 -5.287279e-01 -3.936815e-01 -2.466965e-01 8.429502e-02 1.645342e-02
<VARIANCE> 25
 3.712476e+01 2.650743e+01 2.196763e+01 2.334622e+01 2.442317e+01 2.626748e+01 2.026393e+01 2.388590e+01 2.064014e+01 2.304988e+01 2.154522e+01 1.731062e+01 1.072569e+00 1.425386e+00 1.293765e+00 1.359843e+00 1.344368e+00 1.678954e+00 1.239816e+00 1.681886e+00 1.491751e+00 1.771760e+00 1.404425e+00 1.578986e+00 1.089707e-03
<GCONST> 8.129588e+01
<MIXTURE> 77 1.244626e-02
<MEAN> 25
 -4.368013e-01 8.567222e+00 1.243511e+01 -1.159937e+01 -6.981471e+00 9.551699e-01 -9.267617e+00 -7.241323e+00 -3.384617e+00 -1.734996e-01 -4.655550e+00 -1.512537e+00 6.761267e-02 1.429654e-01 7.119912e-02 2.517362e-01 -2.160819e-02 7.846919e-02 -6.363640e-02 -6.386130e-02 8.763360e-02 -4.616076e-02 2.397209e-02 1.185951e-01 -1.001534e-02
<VARIANCE> 25
 1.067109e+01 2.012188e+01 2.766417e+01 4.158586e+01 3.327526e+01 3.369183e+01 3.668198e+01 3.169526e+01 3.516780e+01 3.331698e+01 3.745782e+01 3.504653e+01 2.980240e-01 7.842706e-01 6.462088e-01 1.082807e+00 1.234510e+00 9.822391e-01 1.220232e+00 1.072659e+00 1.048496e+00 1.063078e+00 9.704904e-01 9.201187e-01 5.414411e-04
<GCONST> 7.781609e+01
<MIXTURE> 78 9.702551e-03
<MEAN> 25
 -9.942604e+00 2.004493e+00 -2.686075e+00 3.184951e+00 3.815648e+00 -1.613248e+00 3.802591e+00 2.652456e+00 2.974343e+00 -1.544773e-01 -7.229187e-02 2.179794e+00 2.408220e+00 2.510903e-02 2.738824e-01 2.315487e-01 2.857914e-01 -1.126820e-01 -1.239516e-01 -1.429112e-02 1.622223e-01 4.796531e-01 -5.258972e-01 -6.035330e-01 -6.521732e-02
<VARIANCE> 25
 4.257901e+01 2.855622e+01 3.009264e+01 2.770262e+01 3.358152e+01 2.990784e+01 2.833714e+01 2.793905e+01 2.235395e+01 2.564141e+01 2.532148e+01 2.018300e+01 4.100115e+00 2.272403e+00 2.337244e+00 2.805561e+00 2.620797e+00 2.863273e+00 2.628564e+00 2.296189e+00 1.965499e+00 2.350039e+00 1.964843e+00 2.019063e+00 3.861785e-03
<GCONST> 9.122713e+01
<MIXTURE> 79 1.156824e-02
<MEAN> 25
 2.917960e+00 1.032300e+00 9.085073e+00 -7.085745e+00 -1.084731e+01 -1.109694e+00 -1.809820e+00 -7.061940e+00 -7.704925e+00 1.932588e+00 -3.286187e+00 -3.670335e+00 1.405305e+00 -1.982690e-01 -1.555399e+00 2.263679e+00 6.202484e-01 -1.307276e+00 1.860766e-01 8.078135e-01 -3.656354e-03 -5.914254e-01 3.828468e-01 -2.204764e-01 -4.562016e-02
<VARIANCE> 25
 1.592478e+01 2.097886e+01 3.468378e+01 4.461203e+01 3.385033e+01 3.851538e+01 3.648468e+01 3.439035e+01 3.938989e+01 4.322449e+01 3.698296e+01 2.988869e+01 9.981163e-01 2.246276e+00 1.687083e+00 1.777024e+00 2.232048e+00 2.541384e+00 3.169054e+00 3.435244e+00 2.763358e+00 2.368194e+00 1.908300e+00 2.617275e+00 1.365772e-03
<GCONST> 9.077749e+01
<MIXTURE> 80 7.550998e-03
<MEAN> 25
 -1.416931e+01 4.337024e+00 1.099295e+00 2.441086e+00 3.225247e+00 2.003102e+00 6.907569e+00 1.940200e+00 3.033754e+00 1.606347e+00 3.795039e+00 1.230803e+00 4.203767e+00 -1.574888e-01 1.880253e+00 -1.044203e+00 -3.166483e+00 -2.672501e+00 -2.012929e+00 -1.795636e+00 -2.185370e+00 -1.509102e+00 -1.619599e+00 -6.162385e-01 -3.357520e-02
<VARIANCE> 25
 1.865251e+01 1.877415e+01 3.219863e+01 3.133475e+01 2.841644e+01 2.612036e+01 2.592184e+01 2.678609e+01 2.590484e+01 2.757740e+01 2.778809e+01 1.705924e+01 2.109526e+00 2.442762e+00 2.570714e+00 3.701454e+00 3.280948e+00 2.373131e+00 3.279963e+00 3.267060e+00 3.129775e+00 2.421693e+00 2.498165e+00 1.883509e+00 1.809139e-03
<GCONST> 9.018320e+01
<MIXTURE> 81 8.025434e-03
<MEAN> 25
 -1.154169e+00 3.810171e+00 1.024733e+01 -1.477817e+01 -9.090220e+00 -1.432932e+00 -6.562147e+00 -8.302408e+00 -4.389808e+00 -2.461619e-01 -7.449461e+00 -2.160872e+00 1.280140e-01 -5.626913e-01 1.133741e-03 -5.511979e-01 -4.338859e-01 3.746800e-01 3.202915e-01 8.405601e-02 -1.686788e-01 1.424156e-01 -4.848981e-01 -1.237663e-01 1.159838e-02
<VARIANCE> 25
 9.975166e+00 3.486138e+01 2.608755e+01 2.864910e+01 3.297452e+01 2.991185e+01 4.611581e+01 2.833388e+01 3.967941e+01 3.235737e+01 2.541334e+01 3.071710e+01 7.731552e-01 2.285411e+00 1.513650e+00 2.815931e+00 2.640290e+00 2.147400e+00 3.214117e+00 2.392507e+00 2.357806e+00 2.536592e+00 2.255407e+00 2.037742e+00 1.193095e-03
<GCONST> 8.867862e+01
<MIXTURE> 82 8.213053e-03
<MEAN> 25
 -9.981747e+00 -3.702438e+00 1.646057e+00 -2.864871e+00 3.307602e+00 7.399731e-01 2.002975e+00 5.562814e-01 3.102481e+00 1.710850e+00 1.845894e+00 3.163564e+00 -1.428337e+00 -1.973691e-01 3.738073e-01 -2.487500e+00 -1.029005e+00 -1.220227e+00 -9.760621e-01 -8.977311e-01 -2.445152e-01 -4.706599e-01 -2.332579e-01 -1.863432e-02 1.756702e-01
<VARIANCE> 25
 1.786151e+01 2.435313e+01 3.046124e+01 2.950214e+01 3.160830e+01 3.117228e+01 3.144847e+01 3.372639e+01 2.949434e+01 2.473198e+01 3.118825e+01 1.702016e+01 3.907008e+00 2.959872e+00 3.219266e+00 3.567560e+00 3.513045e+00 3.404632e+00 2.846718e+00 2.885725e+00 2.916281e+00 2.421262e+00 2.536019e+00 1.913170e+00 3.388455e-03
<GCONST> 9.287256e+01
<MIXTURE> 83 1.167529e-02
<MEAN> 25
 -1.975451e+01 5.556422e+00 -1.877354e+00 -3.746068e-01 7.782565e+00 -1.231481e+00 5.541668e+00 3.038707e+00 1.341004e+00 1.851596e+00 5.880334e-01 2.806977e+00 1.407650e-02 -4.307152e-01 7.331457e-02 -3.125462e-01 -5.336355e-01 -1.797495e-01 -1.397830e-01 -1.257404e-01 -3.690729e-02 -4.621793e-02 -2.904133e-02 1.216883e-03 3.834018e-03
<VARIANCE> 25
 1.064038e+01 1.599792e+01 2.770364e+01 2.177766e+01 2.060790e+01 2.327176e+01 2.146519e+01 2.269275e+01 2.037894e+01 2.460097e+01 2.296127e+01 1.424775e+01 1.072669e+00 9.201409e-01 1.325374e+00 1.112785e+00 1.365666e+00 1.332407e+00 1.247939e+00 1.362043e+00 1.304724e+00 1.267815e+00 1.179229e+00 1.069927e+00 8.703231e-04
<GCONST> 7.704927e+01
<MIXTURE> 84 1.066614e-02
<MEAN> 25
 9.917676e-01 8.905346e+00 6.988118e+00 7.309834e+00 2.412310e+00 -8.292509e-01 -1.050812e+00 -4.370624e+00 -3.903885e+00 -2.424214e+00 -2.433038e+00 -1.792596e+00 -1.840527e+00 -1.123093e+00 -1.158759e+00 1.162555e+00 2.146407e+00 1.481914e+00 1.426119e+00 1.287120e+00 1.162483e+00 4.416103e-01 3.871395e-01 4.834944e-01 -6.996184e-02
<VARIANCE> 25
 2.543464e+01 1.694691e+01 2.221525e+01 2.729345e+01 2.802419e+01 2.576439e+01 2.731096e+01 2.406475e+01 2.418192e+01 2.560539e+01 2.220262e+01 2.305776e+01 1.938331e+00 2.422210e+00 3.555443e+00 3.114975e+00 3.212504e+00 3.311367e+00 2.993844e+00 3.288364e+00 3.372087e+00 2.971299e+00 3.362735e+00 2.602374e+00 3.338349e-03
<GCONST> 9.153128e+01
<MIXTURE> 85 7.591393e-03
<MEAN> 25
 -2.978326e+00 7.675524e+00 5.676232e+00 1.170007e+00 -3.508883e+00 -5.323299e+00 -2.586693e+00 -6.504122e+00 -3.509176e+00 -3.371722e+00 -3.136185e-01 -1.492326e+00 3.861584e+00 4.438202e-02 1.846951e+00 -2.096303e+00 -3.630922e+00 -2.640679e+00 -2.855004e+00 -2.234132e+00 -2.478833e+00 -1.113410e+00 -2.128937e+00 -5.629199e-01 1.851742e-02
<VARIANCE> 25
 3.976588e+01 2.213490e+01 3.496832e+01 3.745623e+01 3.784573e+01 3.838535e+01 3.146101e+01 2.847089e+01 2.549793e+01 2.481268e+01 2.468573e+01 2.078703e+01 2.678816e+00 4.853140e+00 3.838717e+00 4.860857e+00 4.581577e+00 3.631845e+00 3.755513e+00 3.805761e+00 4.471894e+00 4.043784e+00 3.967739e+00 3.257240e+00 6.042639e-03
<GCONST> 9.798207e+01
<MIXTURE> 86 1.273941e-02
<MEAN> 25
 -5.034776e+00 -1.029630e+00 -8.541033e-01 6.317954e+00 5.027310e+00 4.620078e+00 5.352499e+00 4.445279e+00 4.628071e+00 3.812314e+00 5.178617e+00 2.574933e+00 -1.053317e-02 5.641523e-05 -3.242010e-02 -7.296335e-02 -1.246976e-01 -1.760715e-01 -2.375407e-01 -3.246640e-01 -3.678197e-01 -3.058060e-01 -2.105746e-01 -8.568989e-02 -5.781986e-04
<VARIANCE> 25
 8.443636e+00 6.510008e+00 1.035810e+01 1.193511e+01 1.631266e+01 1.428565e+01 1.337698e+01 1.368168e+01 1.362815e+01 1.436733e+01 1.479350e+01 1.339900e+01 9.894138e-02 2.037137e-01 3.147867e-01 4.954031e-01 6.313215e-01 7.311058e-01 7.567782e-01 7.491352e-01 8.246759e-01 8.760770e-01 9.191228e-01 9.367468e-01 5.445693e-05
<GCONST> 5.860217e+01
<MIXTURE> 87 1.100681e-02
<MEAN> 25
 -2.591690e+00 5.194598e+00 2.358997e+00 6.514519e+00 5.678504e+00 1.059038e+00 2.243031e+00 -5.927874e-02 1.949796e-01 -6.473786e-01 -1.062614e+00 -8.972376e-02 -2.363124e+00 -2.677031e+00 -1.530174e+00 -2.205791e+00 -6.992801e-02 -2.982536e-01 3.050986e-01 1.002207e+00 1.337641e+00 9.065421e-01 1.183636e+00 1.265337e+00 1.114437e-01
<VARIANCE> 25
 3.497839e+01 2.695787e+01 2.950521e+01 3.095191e+01 2.515709e+01 2.741664e+01 2.526504e+01 2.709983e+01 2.460986e+01 2.185599e+01 2.112962e+01 2.285561e+01 3.686300e+00 2.370866e+00 4.704031e+00 3.360115e+00 4.107291e+00 3.760271e+00 4.189387e+00 3.761094e+00 3.024286e+00 2.924816e+00 3.401387e+00 2.686285e+00 4.833450e-03
<GCONST> 9.462852e+01
<MIXTURE> 88 1.256585e-02
<MEAN> 25
 -2.750367e+00 1.012223e+00 -2.260348e+00 5.694450e+00 5.141314e+00 1.866099e+00 5.449397e+00 3.749026e+00 3.844154e+00 1.047929e+00 1.916958e+00 2.367814e+00 -1.048653e-01 3.154675e-01 9.414140e-02 2.841314e-01 3.557475e-01 2.156256e-01 6.141297e-02 -3.796484e-01 -3.454403e-01 -3.224138e-01 -1.524587e-01 -2.460171e-01 -9.192508e-03
<VARIANCE> 25
 1.316579e+01 1.154539e+01 1.341864e+01 1.401499e+01 1.843615e+01 1.879407e+01 1.634874e+01 1.765993e+01 1.348632e+01 1.679938e+01 1.883303e+01 1.453065e+01 1.628265e+00 1.770724e+00 1.667843e+00 1.800382e+00 2.040020e+00 2.196344e+00 1.935853e+00 2.379541e+00 2.239050e+00 2.518470e+00 2.167840e+00 2.172246e+00 1.595729e-03
<GCONST> 8.078023e+01
<MIXTURE> 89 9.333527e-03
<MEAN> 25
 6.077336e+00 -6.827095e+00 -3.558965e+00 -3.164445e+00 -1.607344e+00 -5.587148e+00 -6.113452e+00 4.101992e+00 3.475211e+00 -2.807070e+00 -6.030027e+00 -3.285720e+00 -5.711981e-01 1.563251e-01 1.989718e+00 9.017968e-01 -1.868452e+00 -1.649428e+00 8.831974e-01 1.264529e+00 -7.886224e-01 -1.316323e+00 4.046588e-01 1.536265e+00 -4.877839e-03
<VARIANCE> 25
 8.996077e+00 2.677761e+01 3.105918e+01 3.022701e+01 3.612714e+01 4.167903e+01 5.972572e+01 4.210474e+01 3.908377e+01 4.240348e+01 3.580788e+01 3.238613e+01 3.535275e-01 8.419028e-01 1.473427e+00 1.316602e+00 1.918737e+00 2.126406e+00 2.576569e+00 2.040875e+00 2.248420e+00 2.128107e+00 2.330467e+00 1.470395e+00 3.669719e-04
<GCONST> 8.529524e+01
<MIXTURE> 90 7.114505e-03
<MEAN> 25
 2.404320e+00 -9.404798e+00 -4.816400e+00 -3.720524e+00 -3.125908e+00 -1.725743e+00 3.504283e+00 1.135589e+00 -7.451901e+00 -1.019162e+01 -3.436865e+00 -8.302578e-01 -1.659244e-01 9.128570e-01 1.163693e+00 -8.703801e-01 -1.580830e+00 -1.783064e-01 6.086344e-01 -2.348726e-01 -1.685022e-01 7.382634e-01 1.674046e-01 -5.878428e-01 -1.125087e-02
<VARIANCE> 25
 8.386653e+00 2.172844e+01 1.954269e+01 3.023180e+01 3.890574e+01 3.180621e+01 3.851442e+01 3.570477e+01 3.470353e+01 2.712647e+01 2.640413e+01 2.591089e+01 2.189618e-01 5.996221e-01 7.703651e-01 1.031087e+00 1.482241e+00 1.604981e+00 1.797120e+00 1.646674e+00 1.770110e+00 1.640870e+00 1.472235e+00 1.341203e+00 2.107832e-04
<GCONST> 7.822929e+01
<MIXTURE> 91 7.852945e-03
<MEAN> 25
 6.367176e+00 -7.937064e+00 -7.773560e+00 -5.051523e+00 3.676605e+00 2.364226e-01 -3.406735e+00 6.132782e-01 9.548683e-01 -2.296215e+00 -5.366172e+00 -4.592041e+00 3.476809e-01 1.082420e+00 2.686896e-01 3.714253e-01 6.519752e-02 -4.007418e-01 -3.458620e-01 -1.756518e-01 -2.271218e-01 2.764572e-01 -2.244580e-01 1.534253e-01 -3.760372e-02
<VARIANCE> 25
 9.115778e+00 2.176697e+01 2.064976e+01 3.484396e+01 3.102523e+01 4.820601e+01 5.403758e+01 3.378343e+01 4.540005e+01 5.808200e+01 3.407393e+01 3.728238e+01 5.032701e-01 8.961149e-01 1.322274e+00 1.481729e+00 2.110200e+00 2.293088e+00 2.273012e+00 2.109789e+00 2.316543e+00 2.020897e+00 2.026647e+00 1.689329e+00 5.638200e-04
<GCONST> 8.597445e+01
<MIXTURE> 92 7.852945e-03
<MEAN> 25
 6.367176e+00 -7.937064e+00 -7.773560e+00 -5.051523e+00 3.676605e+00 2.364226e-01 -3.406735e+00 6.132782e-01 9.548683e-01 -2.296215e+00 -5.366172e+00 -4.592041e+00 3.476809e-01 1.082420e+00 2.686896e-01 3.714253e-01 6.519752e-02 -4.007418e-01 -3.458620e-01 -1.756518e-01 -2.271218e-01 2.764572e-01 -2.244580e-01 1.534253e-01 -3.760372e-02
<VARIANCE> 25
 9.115778e+00 2.176697e+01 2.064976e+01 3.484396e+01 3.102523e+01 4.820601e+01 5.403758e+01 3.378343e+01 4.540005e+01 5.808200e+01 3.407393e+01 3.728238e+01 5.032701e-01 8.961149e-01 1.322274e+00 1.481729e+00 2.110200e+00 2.293088e+00 2.273012e+00 2.109789e+00 2.316543e+00 2.020897e+00 2.026647e+00 1.689329e+00 5.638200e-04
<GCONST> 8.597445e+01
<MIXTURE> 93 6.122769e-03
<MEAN> 25
 -6.819437e+00 -9.569096e-01 -2.402073e+00 5.797349e+00 5.908660e+00 3.921495e+00 6.125880e+00 3.607806e+00 4.119447e+00 2.507423e+00 1.814406e+00 3.699587e+00 -6.174858e-02 -1.543163e-01 -2.571195e-01 -3.312756e-01 -3.328008e-01 -2.843198e-01 -2.184976e-01 -1.747139e-01 -1.664503e-01 -1.514619e-01 -1.041522e-01 -3.526231e-02 -3.096894e-06
<VARIANCE> 25
 9.144969e+00 6.050894e+00 8.179431e+00 1.136400e+01 1.148512e+01 1.597839e+01 1.527880e+01 1.643469e+01 1.475716e+01 1.453928e+01 1.679794e+01 1.349743e+01 8.268574e-02 1.532795e-01 2.636345e-01 3.805749e-01 4.987057e-01 6.419601e-01 7.796550e-01 8.871204e-01 9.160786e-01 8.765392e-01 8.918186e-01 9.174114e-01 1.000110e-06
<GCONST> 5.361227e+01
<MIXTURE> 94 6.122769e-03
<MEAN> 25
 -6.819437e+00 -9.569096e-01 -2.402073e+00 5.797349e+00 5.908660e+00 3.921495e+00 6.125880e+00 3.607806e+00 4.119447e+00 2.507423e+00 1.814406e+00 3.699587e+00 -6.174858e-02 -1.543163e-01 -2.571195e-01 -3.312756e-01 -3.328008e-01 -2.843198e-01 -2.184976e-01 -1.747139e-01 -1.664503e-01 -1.514619e-01 -1.041522e-01 -3.526231e-02 -3.096894e-06
<VARIANCE> 25
 9.144969e+00 6.050894e+00 8.179431e+00 1.136400e+01 1.148512e+01 1.597839e+01 1.527880e+01 1.643469e+01 1.475716e+01 1.453928e+01 1.679794e+01 1.349743e+01 8.268574e-02 1.532795e-01 2.636345e-01 3.805749e-01 4.987057e-01 6.419601e-01 7.796550e-01 8.871204e-01 9.160786e-01 8.765392e-01 8.918186e-01 9.174114e-01 1.000110e-06
<GCONST> 5.361227e+01
<MIXTURE> 95 5.258835e-03
<MEAN> 25
 -5.920794e+00 -3.273219e-01 -2.339529e+00 5.246751e+00 3.993448e+00 2.479703e+00 4.211740e+00 2.127874e+00 2.712215e+00 1.158515e-01 9.833255e-01 2.419295e+00 1.542073e-01 1.223064e-01 1.330679e-02 -3.140017e-02 -2.441766e-01 -7.280477e-01 -1.013326e+00 -1.222282e+00 -1.329769e+00 -9.896042e-01 -7.108098e-01 -2.239008e-01 -5.344661e-04
<VARIANCE> 25
 1.257898e+01 7.367481e+00 1.320666e+01 1.255023e+01 1.712593e+01 1.838663e+01 1.714132e+01 1.726804e+01 1.675086e+01 1.794580e+01 2.021075e+01 1.336150e+01 1.914802e-01 2.833362e-01 4.565082e-01 5.819364e-01 8.588856e-01 9.374324e-01 8.297535e-01 8.541501e-01 9.198103e-01 9.694281e-01 1.097337e+00 1.047830e+00 5.457424e-05
<GCONST> 6.374184e+01
<MIXTURE> 96 7.034694e-03
<MEAN> 25
 -4.350561e+00 1.215462e-01 -2.261158e+00 5.314007e+00 4.226103e+00 1.564913e+00 3.868539e+00 1.824897e+00 2.307290e+00 8.261632e-01 6.676823e-01 2.125398e+00 -2.457262e-02 8.148021e-02 2.016120e-01 4.354143e-01 6.271946e-01 4.808418e-01 1.780481e-01 -1.307015e-01 -3.911195e-01 -6.686674e-01 -5.451050e-01 -3.023313e-01 1.879041e-06
<VARIANCE> 25
 1.407846e+01 1.194589e+01 1.166146e+01 1.347781e+01 1.451970e+01 1.909792e+01 1.806877e+01 1.749940e+01 1.910264e+01 1.698272e+01 2.014993e+01 1.741345e+01 1.163664e-01 2.082198e-01 2.861978e-01 4.072110e-01 5.535555e-01 6.296905e-01 8.643240e-01 9.263748e-01 8.978215e-01 7.987760e-01 8.288293e-01 9.377039e-01 9.464829e-07
<GCONST> 5.755231e+01
<MIXTURE> 97 7.034694e-03
<MEAN> 25
 -4.350561e+00 1.215462e-01 -2.261158e+00 5.314007e+00 4.226103e+00 1.564913e+00 3.868539e+00 1.824897e+00 2.307290e+00 8.261632e-01 6.676823e-01 2.125398e+00 -2.457262e-02 8.148021e-02 2.016120e-01 4.354143e-01 6.271946e-01 4.808418e-01 1.780481e-01 -1.307015e-01 -3.911195e-01 -6.686674e-01 -5.451050e-01 -3.023313e-01 1.879041e-06
<VARIANCE> 25
 1.407846e+01 1.194589e+01 1.166146e+01 1.347781e+01 1.451970e+01 1.909792e+01 1.806877e+01 1.749940e+01 1.910264e+01 1.698272e+01 2.014993e+01 1.741345e+01 1.163664e-01 2.082198e-01 2.861978e-01 4.072110e-01 5.535555e-01 6.296905e-01 8.643240e-01 9.263748e-01 8.978215e-01 7.987760e-01 8.288293e-01 9.377039e-01 9.464829e-07
<GCONST> 5.755231e+01
<MIXTURE> 98 9.917808e-03
<MEAN> 25
 -1.610766e+00 1.771363e+00 -1.999906e-01 2.599325e+00 2.838672e+00 2.321208e+00 2.294112e+00 3.556524e-01 2.293906e+00 1.747443e+00 1.285120e+00 -3.061909e-01 -1.988774e+00 -1.403678e+00 -8.879483e-01 3.314523e-01 2.563542e-01 6.148731e-01 1.337253e+00 1.399270e+00 1.658700e+00 8.383598e-01 1.102487e+00 8.685355e-01 -2.610248e-02
<VARIANCE> 25
 1.370162e+01 1.570468e+01 2.946992e+01 3.118892e+01 3.584068e+01 2.556211e+01 2.629191e+01 2.681317e+01 2.339138e+01 2.630968e+01 2.545944e+01 2.076579e+01 1.270400e+00 1.171381e+00 1.842744e+00 2.162498e+00 2.657680e+00 2.421787e+00 2.043172e+00 2.696927e+00 2.077630e+00 2.391342e+00 2.404319e+00 1.577590e+00 2.456361e-03
<GCONST> 8.648866e+01
<MIXTURE> 99 6.696178e-03
<MEAN> 25
 -6.552448e+00 9.825078e+00 6.055719e+00 3.306361e+00 9.404985e-01 -4.930414e+00 -1.460478e+00 -4.080941e+00 -3.349492e+00 -3.930863e+00 -1.714509e+00 1.681094e-01 4.547763e-01 -6.561059e-01 3.192870e-01 -4.431476e-01 -1.080689e+00 -4.818813e-01 -3.050779e-01 -3.426077e-01 -1.390343e-01 -5.369296e-02 1.745798e-01 1.324431e-01 1.079664e-02
<VARIANCE> 25
 3.489895e+01 2.472971e+01 5.480635e+01 3.149702e+01 3.549495e+01 3.608288e+01 2.761724e+01 2.844517e+01 2.627721e+01 2.754907e+01 1.976122e+01 2.882733e+01 2.404500e+00 1.966818e+00 1.402698e+00 1.771544e+00 2.662417e+00 2.069190e+00 1.552275e+00 1.816043e+00 1.562440e+00 1.543038e+00 1.365727e+00 1.314417e+00 1.514534e-03
<GCONST> 8.709163e+01
<MIXTURE> 100 4.498084e-03
<MEAN> 25
 -1.546227e+00 6.290956e+00 1.018996e+01 -7.328899e+00 -1.062532e+01 -5.116673e+00 -4.687197e+00 -1.008372e+01 -4.741528e+00 -9.686109e-01 -2.587246e+00 -2.520622e+00 2.939879e+00 -1.338133e+00 1.346155e+00 -2.207942e+00 -3.513426e+00 -8.788604e-01 -1.233377e+00 -8.249785e-01 -1.645026e+00 3.793510e-01 -1.607854e+00 -2.642064e-01 5.815350e-03
<VARIANCE> 25
 1.324539e+01 2.045514e+01 2.192226e+01 2.605289e+01 2.293260e+01 2.297116e+01 2.992489e+01 2.140356e+01 2.658899e+01 2.226059e+01 2.225084e+01 2.159975e+01 1.752988e+00 3.988790e+00 2.881874e+00 4.156980e+00 4.290809e+00 4.634704e+00 3.886143e+00 4.196968e+00 4.828438e+00 3.795338e+00 3.842076e+00 3.129810e+00 2.019548e-03
<GCONST> 9.258414e+01
<MIXTURE> 101 6.007792e-03
<MEAN> 25
 7.813179e+00 -4.191614e+00 -5.644083e+00 -6.566401e+00 6.353968e-01 -1.009776e+00 -1.084298e+01 -2.014018e+00 1.715150e+00 2.941738e+00 -2.000697e+00 -4.899977e+00 7.225341e-01 7.710713e-01 -1.546503e+00 -1.617815e+00 1.262434e+00 2.553117e+00 1.462779e-01 -1.668770e+00 -9.524703e-01 9.482679e-01 1.314874e+00 -2.715792e-01 -7.982766e-03
<VARIANCE> 25
 8.914577e+00 1.701248e+01 2.915578e+01 3.692675e+01 3.196848e+01 3.363795e+01 3.232918e+01 3.218797e+01 3.276503e+01 3.796323e+01 4.652724e+01 2.100149e+01 2.675638e-01 8.309536e-01 1.287573e+00 1.372455e+00 1.715280e+00 2.188448e+00 1.981635e+00 2.111015e+00 2.376169e+00 2.026507e+00 1.927646e+00 1.819817e+00 3.501334e-04
<GCONST> 8.257802e+01
<MIXTURE> 102 6.007792e-03
<MEAN> 25
 7.813179e+00 -4.191614e+00 -5.644083e+00 -6.566401e+00 6.353968e-01 -1.009776e+00 -1.084298e+01 -2.014018e+00 1.715150e+00 2.941738e+00 -2.000697e+00 -4.899977e+00 7.225341e-01 7.710713e-01 -1.546503e+00 -1.617815e+00 1.262434e+00 2.553117e+00 1.462779e-01 -1.668770e+00 -9.524703e-01 9.482679e-01 1.314874e+00 -2.715792e-01 -7.982766e-03
<VARIANCE> 25
 8.914577e+00 1.701248e+01 2.915578e+01 3.692675e+01 3.196848e+01 3.363795e+01 3.232918e+01 3.218797e+01 3.276503e+01 3.796323e+01 4.652724e+01 2.100149e+01 2.675638e-01 8.309536e-01 1.287573e+00 1.372455e+00 1.715280e+00 2.188448e+00 1.981635e+00 2.111015e+00 2.376169e+00 2.026507e+00 1.927646e+00 1.819817e+00 3.501334e-04
<GCONST> 8.257802e+01
<MIXTURE> 103 5.694618e-03
<MEAN> 25
 3.391808e+00 -9.495796e+00 -6.111122e+00 -3.108851e+00 -1.289123e+00 -1.937171e+00 2.355150e+00 2.497652e+00 -4.542456e+00 -9.183188e+00 -5.074928e+00 3.746137e-01 -1.564194e-01 -1.496244e+00 -9.804721e-01 3.784953e-01 1.201857e+00 1.028980e+00 1.615604e-01 -2.493694e-01 -7.743369e-01 -9.480357e-01 -4.723639e-02 1.243617e-01 2.715672e-02
<VARIANCE> 25
 1.035576e+01 2.039403e+01 2.277856e+01 3.163601e+01 4.790491e+01 3.495610e+01 4.702684e+01 3.651660e+01 4.236599e+01 2.977038e+01 2.983858e+01 2.624432e+01 6.395333e-01 1.257606e+00 1.525769e+00 1.928411e+00 2.924871e+00 2.402355e+00 2.869022e+00 2.599388e+00 2.554782e+00 2.503581e+00 2.098519e+00 2.005934e+00 8.111385e-04
<GCONST> 8.755104e+01
<MIXTURE> 104 5.694618e-03
<MEAN> 25
 3.391808e+00 -9.495796e+00 -6.111122e+00 -3.108851e+00 -1.289123e+00 -1.937171e+00 2.355150e+00 2.497652e+00 -4.542456e+00 -9.183188e+00 -5.074928e+00 3.746137e-01 -1.564194e-01 -1.496244e+00 -9.804721e-01 3.784953e-01 1.201857e+00 1.028980e+00 1.615604e-01 -2.493694e-01 -7.743369e-01 -9.480357e-01 -4.723639e-02 1.243617e-01 2.715672e-02
<VARIANCE> 25
 1.035576e+01 2.039403e+01 2.277856e+01 3.163601e+01 4.790491e+01 3.495610e+01 4.702684e+01 3.651660e+01 4.236599e+01 2.977038e+01 2.983858e+01 2.624432e+01 6.395333e-01 1.257606e+00 1.525769e+00 1.928411e+00 2.924871e+00 2.402355e+00 2.869022e+00 2.599388e+00 2.554782e+00 2.503581e+00 2.098519e+00 2.005934e+00 8.111385e-04
<GCONST> 8.755104e+01
<MIXTURE> 105 4.710235e-03
<MEAN> 25
 2.474506e+00 -3.557861e+00 1.010560e+01 -3.403971e+00 -1.113515e+01 -4.914964e+00 -4.712528e+00 1.467914e-01 -4.377219e+00 -2.811569e+00 2.979227e+00 -8.079247e-01 -2.017087e-02 6.595088e-02 3.725620e-02 -2.871140e-02 5.028274e-02 5.196910e-03 -2.418369e-02 1.119202e-02 2.532566e-02 4.698185e-02 1.358383e-01 -1.506411e-01 -2.642928e-03
<VARIANCE> 25
 1.058179e+01 3.334450e+01 3.272586e+01 3.667662e+01 2.958661e+01 4.049118e+01 3.377470e+01 3.531276e+01 3.143791e+01 3.312886e+01 3.728881e+01 2.373502e+01 9.278862e-02 1.620828e-01 3.218708e-01 3.473703e-01 3.327394e-01 3.505788e-01 3.700989e-01 4.523716e-01 4.251940e-01 3.390120e-01 6.139401e-01 3.452410e-01 7.613450e-05
<GCONST> 6.351452e+01
<MIXTURE> 106 4.710235e-03
<MEAN> 25
 2.474506e+00 -3.557861e+00 1.010560e+01 -3.403971e+00 -1.113515e+01 -4.914964e+00 -4.712528e+00 1.467914e-01 -4.377219e+00 -2.811569e+00 2.979227e+00 -8.079247e-01 -2.017087e-02 6.595088e-02 3.725620e-02 -2.871140e-02 5.028274e-02 5.196910e-03 -2.418369e-02 1.119202e-02 2.532566e-02 4.698185e-02 1.358383e-01 -1.506411e-01 -2.642928e-03
<VARIANCE> 25
 1.058179e+01 3.334450e+01 3.272586e+01 3.667662e+01 2.958661e+01 4.049118e+01 3.377470e+01 3.531276e+01 3.143791e+01 3.312886e+01 3.728881e+01 2.373502e+01 9.278862e-02 1.620828e-01 3.218708e-01 3.473703e-01 3.327394e-01 3.505788e-01 3.700989e-01 4.523716e-01 4.251940e-01 3.390120e-01 6.139401e-01 3.452410e-01 7.613450e-05
<GCONST> 6.351452e+01
<MIXTURE> 107 5.452374e-03
<MEAN> 25
 8.491493e+00 -2.099555e+00 -8.522527e+00 -9.651938e+00 1.792758e+00 3.746433e+00 -9.394127e+00 -4.912853e+00 -1.340132e+00 3.099515e+00 1.295446e+00 -4.826056e+00 -6.076472e-01 -5.810961e-01 7.100663e-01 1.803851e+00 3.121862e-01 -1.969217e+00 -8.258854e-01 7.999950e-01 1.786855e+00 -4.046795e-02 -1.601463e+00 -7.451853e-01 -3.476504e-03
<VARIANCE> 25
 8.805549e+00 1.968357e+01 2.920562e+01 3.996055e+01 3.359745e+01 4.279338e+01 5.343270e+01 3.485528e+01 4.491785e+01 4.001262e+01 4.961594e+01 2.866272e+01 3.288077e-01 1.291154e+00 1.628802e+00 2.282087e+00 2.280741e+00 2.634683e+00 2.610209e+00 2.370035e+00 2.132978e+00 2.909219e+00 1.835994e+00 2.097535e+00 7.145475e-04
<GCONST> 8.772044e+01
<MIXTURE> 108 5.452374e-03
<MEAN> 25
 8.491493e+00 -2.099555e+00 -8.522527e+00 -9.651938e+00 1.792758e+00 3.746433e+00 -9.394127e+00 -4.912853e+00 -1.340132e+00 3.099515e+00 1.295446e+00 -4.826056e+00 -6.076472e-01 -5.810961e-01 7.100663e-01 1.803851e+00 3.121862e-01 -1.969217e+00 -8.258854e-01 7.999950e-01 1.786855e+00 -4.046795e-02 -1.601463e+00 -7.451853e-01 -3.476504e-03
<VARIANCE> 25
 8.805549e+00 1.968357e+01 2.920562e+01 3.996055e+01 3.359745e+01 4.279338e+01 5.343270e+01 3.485528e+01 4.491785e+01 4.001262e+01 4.961594e+01 2.866272e+01 3.288077e-01 1.291154e+00 1.628802e+00 2.282087e+00 2.280741e+00 2.634683e+00 2.610209e+00 2.370035e+00 2.132978e+00 2.909219e+00 1.835994e+00 2.097535e+00 7.145475e-04
<GCONST> 8.772044e+01
<MIXTURE> 109 6.661064e-03
<MEAN> 25
 4.074134e+00 -1.051861e+01 -8.291101e+00 -1.335849e+00 2.768657e+00 -4.752140e-02 -5.414424e-02 1.465755e+00 -2.560806e+00 -8.369328e+00 -5.384420e+00 6.081624e-02 -3.337365e-02 -1.326050e-01 -3.265622e-02 2.505241e-01 1.981695e-01 1.196639e-01 -1.264653e-01 -1.056673e-01 -4.267287e-02 -1.329982e-01 2.161999e-01 1.237155e-02 -3.499480e-03
<VARIANCE> 25
 9.093363e+00 1.860698e+01 2.003616e+01 3.157731e+01 4.080647e+01 3.671684e+01 4.670734e+01 3.434120e+01 4.600608e+01 3.520240e+01 2.949942e+01 2.811182e+01 1.926867e-01 4.230031e-01 5.375358e-01 6.356224e-01 1.230663e+00 9.960651e-01 1.256221e+00 1.092516e+00 1.119587e+00 9.538479e-01 8.807213e-01 8.882376e-01 1.823625e-04
<GCONST> 7.448066e+01
<MIXTURE> 110 6.661064e-03
<MEAN> 25
 4.074134e+00 -1.051861e+01 -8.291101e+00 -1.335849e+00 2.768657e+00 -4.752140e-02 -5.414424e-02 1.465755e+00 -2.560806e+00 -8.369328e+00 -5.384420e+00 6.081624e-02 -3.337365e-02 -1.326050e-01 -3.265622e-02 2.505241e-01 1.981695e-01 1.196639e-01 -1.264653e-01 -1.056673e-01 -4.267287e-02 -1.329982e-01 2.161999e-01 1.237155e-02 -3.499480e-03
<VARIANCE> 25
 9.093363e+00 1.860698e+01 2.003616e+01 3.157731e+01 4.080647e+01 3.671684e+01 4.670734e+01 3.434120e+01 4.600608e+01 3.520240e+01 2.949942e+01 2.811182e+01 1.926867e-01 4.230031e-01 5.375358e-01 6.356224e-01 1.230663e+00 9.960651e-01 1.256221e+00 1.092516e+00 1.119587e+00 9.538479e-01 8.807213e-01 8.882376e-01 1.823625e-04
<GCONST> 7.448066e+01
<MIXTURE> 111 4.337247e-03
<MEAN> 25
 -4.447797e+00 -8.725513e-01 -1.706617e+00 1.736079e+00 1.039927e+00 9.379594e-01 3.772942e-01 2.103187e-01 6.389145e-02 -5.362835e-01 -6.329784e-01 1.938207e+00 -2.021459e-02 -2.816171e-02 -7.699808e-02 -7.600795e-02 -3.969881e-02 1.304070e-02 5.170845e-03 -5.829050e-02 -1.365436e-01 -1.954023e-01 -1.836424e-01 -1.008036e-01 -2.672358e-04
<VARIANCE> 25
 7.033514e+00 5.136925e+00 1.027345e+01 9.542584e+00 1.357079e+01 2.383913e+01 1.498357e+01 1.311435e+01 1.156933e+01 1.189909e+01 1.354126e+01 1.162498e+01 7.848139e-02 1.649278e-01 2.763754e-01 4.184450e-01 5.691024e-01 7.020329e-01 7.977901e-01 8.501317e-01 8.895308e-01 8.534220e-01 8.589588e-01 8.583745e-01 2.245723e-05
<GCONST> 5.606874e+01
<MIXTURE> 112 4.337247e-03
<MEAN> 25
 -4.447797e+00 -8.725513e-01 -1.706617e+00 1.736079e+00 1.039927e+00 9.379594e-01 3.772942e-01 2.103187e-01 6.389145e-02 -5.362835e-01 -6.329784e-01 1.938207e+00 -2.021459e-02 -2.816171e-02 -7.699808e-02 -7.600795e-02 -3.969881e-02 1.304070e-02 5.170845e-03 -5.829050e-02 -1.365436e-01 -1.954023e-01 -1.836424e-01 -1.008036e-01 -2.672358e-04
<VARIANCE> 25
 7.033514e+00 5.136925e+00 1.027345e+01 9.542584e+00 1.357079e+01 2.383913e+01 1.498357e+01 1.311435e+01 1.156933e+01 1.189909e+01 1.354126e+01 1.162498e+01 7.848139e-02 1.649278e-01 2.763754e-01 4.184450e-01 5.691024e-01 7.020329e-01 7.977901e-01 8.501317e-01 8.895308e-01 8.534220e-01 8.589588e-01 8.583745e-01 2.245723e-05
<GCONST> 5.606874e+01
<MIXTURE> 113 5.938666e-03
<MEAN> 25
 9.776710e+00 1.579430e+00 -8.677813e+00 -1.674029e+01 -6.443698e-01 6.107311e+00 -5.525964e+00 -2.080167e+00 -5.743769e+00 -3.246217e-01 1.083090e+00 -3.381247e-02 -3.927143e-02 7.543489e-02 -1.246275e-01 -1.073593e-01 9.198715e-02 1.290631e-01 8.664630e-02 1.368247e-01 -2.595744e-02 -6.752865e-02 1.760799e-01 9.785778e-02 -2.500262e-04
<VARIANCE> 25
 8.471163e+00 1.533912e+01 2.725225e+01 3.208377e+01 4.971196e+01 3.307529e+01 3.777474e+01 3.952533e+01 3.445691e+01 4.280286e+01 3.893826e+01 2.643604e+01 1.307147e-01 3.342011e-01 3.460319e-01 5.970404e-01 5.618007e-01 6.110772e-01 7.410769e-01 8.960804e-01 8.990517e-01 8.880537e-01 6.714077e-01 7.035916e-01 1.295066e-04
<GCONST> 7.042102e+01
<MIXTURE> 114 5.938666e-03
<MEAN> 25
 9.776710e+00 1.579430e+00 -8.677813e+00 -1.674029e+01 -6.443698e-01 6.107311e+00 -5.525964e+00 -2.080167e+00 -5.743769e+00 -3.246217e-01 1.083090e+00 -3.381247e-02 -3.927143e-02 7.543489e-02 -1.246275e-01 -1.073593e-01 9.198715e-02 1.290631e-01 8.664630e-02 1.368247e-01 -2.595744e-02 -6.752865e-02 1.760799e-01 9.785778e-02 -2.500262e-04
<VARIANCE> 25
 8.471163e+00 1.533912e+01 2.725225e+01 3.208377e+01 4.971196e+01 3.307529e+01 3.777474e+01 3.952533e+01 3.445691e+01 4.280286e+01 3.893826e+01 2.643604e+01 1.307147e-01 3.342011e-01 3.460319e-01 5.970404e-01 5.618007e-01 6.110772e-01 7.410769e-01 8.960804e-01 8.990517e-01 8.880537e-01 6.714077e-01 7.035916e-01 1.295066e-04
<GCONST> 7.042102e+01
<MIXTURE> 115 2.935202e-03
<MEAN> 25
 -4.021261e+00 -7.456000e-01 -3.107655e+00 3.663886e+00 2.422748e+00 -4.305359e-01 2.239964e+00 4.135742e-01 1.382498e+00 -2.530461e-02 3.212414e-02 2.678711e+00 3.133041e-02 -7.239918e-02 -2.303746e-01 -4.374981e-01 -6.306179e-01 -6.686604e-01 -5.920657e-01 -5.086415e-01 -4.854874e-01 -4.570763e-01 -3.429137e-01 -1.633175e-01 -2.047535e-06
<VARIANCE> 25
 9.312406e+00 9.901818e+00 1.350930e+01 1.272174e+01 1.351644e+01 1.756010e+01 1.709344e+01 2.077429e+01 1.797001e+01 1.721540e+01 1.920407e+01 1.469640e+01 2.035103e-01 3.451703e-01 4.847878e-01 5.617595e-01 6.377245e-01 7.985834e-01 1.006853e+00 1.130135e+00 1.074165e+00 9.931450e-01 1.024231e+00 1.064815e+00 9.992990e-07
<GCONST> 6.016996e+01
<MIXTURE> 116 2.935202e-03
<MEAN> 25
 -4.021261e+00 -7.456000e-01 -3.107655e+00 3.663886e+00 2.422748e+00 -4.305359e-01 2.239964e+00 4.135742e-01 1.382498e+00 -2.530461e-02 3.212414e-02 2.678711e+00 3.133041e-02 -7.239918e-02 -2.303746e-01 -4.374981e-01 -6.306179e-01 -6.686604e-01 -5.920657e-01 -5.086415e-01 -4.854874e-01 -4.570763e-01 -3.429137e-01 -1.633175e-01 -2.047535e-06
<VARIANCE> 25
 9.312406e+00 9.901818e+00 1.350930e+01 1.272174e+01 1.351644e+01 1.756010e+01 1.709344e+01 2.077429e+01 1.797001e+01 1.721540e+01 1.920407e+01 1.469640e+01 2.035103e-01 3.451703e-01 4.847878e-01 5.617595e-01 6.377245e-01 7.985834e-01 1.006853e+00 1.130135e+00 1.074165e+00 9.931450e-01 1.024231e+00 1.064815e+00 9.992990e-07
<GCONST> 6.016996e+01
<MIXTURE> 117 6.506003e-03
<MEAN> 25
 -4.642929e+00 1.119059e+00 1.053661e+00 9.757094e+00 6.260073e+00 6.255528e+00 6.463887e+00 5.043822e+00 6.385346e+00 4.928275e+00 6.364890e+00 2.707770e+00 -7.503759e-02 -2.340310e-01 -3.582034e-01 -4.196856e-01 -3.670957e-01 -3.026260e-01 -2.874676e-01 -3.315453e-01 -3.916247e-01 -3.692062e-01 -2.630240e-01 -1.159534e-01 -8.951610e-06
<VARIANCE> 25
 7.197474e+00 8.757360e+00 9.809864e+00 1.431163e+01 1.561412e+01 1.534940e+01 1.772469e+01 1.795819e+01 1.639905e+01 1.637191e+01 1.675858e+01 1.476779e+01 2.165747e-01 3.074791e-01 4.261028e-01 6.173099e-01 8.543245e-01 1.055193e+00 1.177539e+00 1.232685e+00 1.223753e+00 1.194778e+00 1.166975e+00 1.113463e+00 1.000099e-06
<GCONST> 6.043206e+01
<MIXTURE> 118 6.506003e-03
<MEAN> 25
 -4.642929e+00 1.119059e+00 1.053661e+00 9.757094e+00 6.260073e+00 6.255528e+00 6.463887e+00 5.043822e+00 6.385346e+00 4.928275e+00 6.364890e+00 2.707770e+00 -7.503759e-02 -2.340310e-01 -3.582034e-01 -4.196856e-01 -3.670957e-01 -3.026260e-01 -2.874676e-01 -3.315453e-01 -3.916247e-01 -3.692062e-01 -2.630240e-01 -1.159534e-01 -8.951610e-06
<VARIANCE> 25
 7.197474e+00 8.757360e+00 9.809864e+00 1.431163e+01 1.561412e+01 1.534940e+01 1.772469e+01 1.795819e+01 1.639905e+01 1.637191e+01 1.675858e+01 1.476779e+01 2.165747e-01 3.074791e-01 4.261028e-01 6.173099e-01 8.543245e-01 1.055193e+00 1.177539e+00 1.232685e+00 1.223753e+00 1.194778e+00 1.166975e+00 1.113463e+00 1.000099e-06
<GCONST> 6.043206e+01
<MIXTURE> 119 4.297961e-03
<MEAN> 25
 -4.972637e+00 -7.626193e+00 2.229950e+00 2.021837e+00 2.241257e+00 2.027532e-01 5.275816e+00 5.938011e+00 1.167081e+00 9.636553e-01 6.606937e+00 1.569250e+00 -4.988284e-02 -7.968489e-02 3.707607e-02 -5.667137e-02 -1.253914e-01 -1.796159e-01 -6.914853e-02 -1.408195e-02 -9.336425e-02 -1.122792e-01 -5.547082e-02 -5.763762e-02 1.124236e-03
<VARIANCE> 25
 8.515866e+00 9.875696e+00 1.657855e+01 2.019686e+01 2.287777e+01 2.321497e+01 2.497778e+01 2.648659e+01 2.501692e+01 2.808821e+01 2.044928e+01 2.039860e+01 1.602818e-01 2.827347e-01 4.596069e-01 6.333748e-01 8.040439e-01 1.003288e+00 1.099346e+00 1.276878e+00 1.287993e+00 1.245242e+00 1.194162e+00 1.112368e+00 2.316309e-04
<GCONST> 6.973262e+01
<MIXTURE> 120 4.297961e-03
<MEAN> 25
 -4.972637e+00 -7.626193e+00 2.229950e+00 2.021837e+00 2.241257e+00 2.027532e-01 5.275816e+00 5.938011e+00 1.167081e+00 9.636553e-01 6.606937e+00 1.569250e+00 -4.988284e-02 -7.968489e-02 3.707607e-02 -5.667137e-02 -1.253914e-01 -1.796159e-01 -6.914853e-02 -1.408195e-02 -9.336425e-02 -1.122792e-01 -5.547082e-02 -5.763762e-02 1.124236e-03
<VARIANCE> 25
 8.515866e+00 9.875696e+00 1.657855e+01 2.019686e+01 2.287777e+01 2.321497e+01 2.497778e+01 2.648659e+01 2.501692e+01 2.808821e+01 2.044928e+01 2.039860e+01 1.602818e-01 2.827347e-01 4.596069e-01 6.333748e-01 8.040439e-01 1.003288e+00 1.099346e+00 1.276878e+00 1.287993e+00 1.245242e+00 1.194162e+00 1.112368e+00 2.316309e-04
<GCONST> 6.973262e+01
<MIXTURE> 121 4.567511e-03
<MEAN> 25
 1.012770e-01 -2.677396e+00 5.402374e+00 -1.291664e+01 -1.255138e+01 -1.652019e+00 1.031213e+00 -5.055641e+00 -4.568949e+00 -2.600887e-01 -5.471057e+00 -4.104744e+00 2.561845e-02 1.623152e-01 -2.848244e-02 7.093700e-02 1.810635e-01 1.619383e-01 -5.581306e-02 -2.651453e-01 -3.198251e-01 -1.974830e-01 -1.489963e-01 -5.026676e-03 -7.065472e-03
<VARIANCE> 25
 7.828740e+00 1.581000e+01 1.855566e+01 1.973421e+01 2.390755e+01 2.833950e+01 2.863732e+01 2.388284e+01 3.821355e+01 2.900466e+01 1.919434e+01 2.179465e+01 1.519665e-01 6.543515e-01 6.083978e-01 6.853775e-01 7.613083e-01 1.322041e+00 1.098950e+00 1.291534e+00 1.257048e+00 1.261497e+00 9.473395e-01 8.457255e-01 2.114458e-04
<GCONST> 7.171333e+01
<MIXTURE> 122 4.567511e-03
<MEAN> 25
 1.012770e-01 -2.677396e+00 5.402374e+00 -1.291664e+01 -1.255138e+01 -1.652019e+00 1.031213e+00 -5.055641e+00 -4.568949e+00 -2.600887e-01 -5.471057e+00 -4.104744e+00 2.561845e-02 1.623152e-01 -2.848244e-02 7.093700e-02 1.810635e-01 1.619383e-01 -5.581306e-02 -2.651453e-01 -3.198251e-01 -1.974830e-01 -1.489963e-01 -5.026676e-03 -7.065472e-03
<VARIANCE> 25
 7.828740e+00 1.581000e+01 1.855566e+01 1.973421e+01 2.390755e+01 2.833950e+01 2.863732e+01 2.388284e+01 3.821355e+01 2.900466e+01 1.919434e+01 2.179465e+01 1.519665e-01 6.543515e-01 6.083978e-01 6.853775e-01 7.613083e-01 1.322041e+00 1.098950e+00 1.291534e+00 1.257048e+00 1.261497e+00 9.473395e-01 8.457255e-01 2.114458e-04
<GCONST> 7.171333e+01
<MIXTURE> 123 4.393044e-03
<MEAN> 25
 -3.735763e+00 1.713506e+00 -5.290658e-01 6.541095e+00 5.909349e+00 2.603018e+00 3.711574e+00 7.775441e-01 3.439907e-01 -7.705685e-01 -4.667261e-01 8.849908e-01 -4.397387e-01 -7.456992e-01 -6.966072e-01 -6.571961e-01 -2.470434e-01 4.064109e-03 2.173267e-01 5.424830e-01 6.506059e-01 7.974641e-01 8.633134e-01 7.161372e-01 -3.200170e-03
<VARIANCE> 25
 1.532376e+01 1.192580e+01 1.430087e+01 1.469278e+01 1.983245e+01 2.506052e+01 1.774028e+01 1.978108e+01 1.929243e+01 1.607780e+01 1.956641e+01 1.708406e+01 3.083665e-01 5.218184e-01 5.032589e-01 6.200759e-01 9.579112e-01 1.029203e+00 1.098475e+00 1.059087e+00 9.804002e-01 1.040107e+00 1.209306e+00 1.255189e+00 9.992580e-05
<GCONST> 6.849243e+01
<MIXTURE> 124 4.069876e-03
<MEAN> 25
 -6.493455e+00 -1.090978e+00 -2.889756e+00 5.126261e+00 5.037161e+00 3.320042e+00 5.409136e+00 2.507001e+00 3.170847e+00 1.274200e+00 1.120812e+00 2.991111e+00 -2.035537e-01 -3.117675e-01 -3.524446e-01 -2.266584e-01 1.138401e-01 5.195959e-01 8.121890e-01 8.520124e-01 6.426170e-01 3.302489e-01 8.623619e-02 -8.852364e-03 -3.778148e-05
<VARIANCE> 25
 1.140446e+01 7.567333e+00 1.125099e+01 1.220862e+01 1.223158e+01 1.985579e+01 1.535556e+01 1.725846e+01 1.562771e+01 1.588818e+01 1.900581e+01 1.465537e+01 1.052948e-01 1.768918e-01 2.767910e-01 4.207204e-01 6.029229e-01 6.921762e-01 7.391648e-01 8.174289e-01 9.077370e-01 9.607661e-01 1.018516e+00 1.020075e+00 1.929290e-05
<GCONST> 5.907829e+01
<MIXTURE> 125 4.069876e-03
<MEAN> 25
 -6.493455e+00 -1.090978e+00 -2.889756e+00 5.126261e+00 5.037161e+00 3.320042e+00 5.409136e+00 2.507001e+00 3.170847e+00 1.274200e+00 1.120812e+00 2.991111e+00 -2.035537e-01 -3.117675e-01 -3.524446e-01 -2.266584e-01 1.138401e-01 5.195959e-01 8.121890e-01 8.520124e-01 6.426170e-01 3.302489e-01 8.623619e-02 -8.852364e-03 -3.778148e-05
<VARIANCE> 25
 1.140446e+01 7.567333e+00 1.125099e+01 1.220862e+01 1.223158e+01 1.985579e+01 1.535556e+01 1.725846e+01 1.562771e+01 1.588818e+01 1.900581e+01 1.465537e+01 1.052948e-01 1.768918e-01 2.767910e-01 4.207204e-01 6.029229e-01 6.921762e-01 7.391648e-01 8.174289e-01 9.077370e-01 9.607661e-01 1.018516e+00 1.020075e+00 1.929290e-05
<GCONST> 5.907829e+01
<MIXTURE> 126 2.402244e-03
<MEAN> 25
 -3.762879e+00 -6.875017e+00 -5.252779e+00 2.372041e+00 4.310526e+00 -3.244029e+00 1.307160e-01 3.583623e+00 3.331382e+00 -2.724711e+00 -1.454557e+00 3.029701e+00 -2.335626e-03 -1.059550e-02 -3.633397e-02 -1.535113e-01 -3.084284e-01 -3.845321e-01 -2.767133e-01 -1.595997e-01 -1.251784e-01 -1.207523e-01 -1.071624e-01 -2.585212e-02 -1.378408e-03
<VARIANCE> 25
 7.506986e+00 1.305082e+01 1.386746e+01 1.538841e+01 2.466340e+01 2.358560e+01 2.305459e+01 2.837257e+01 3.107065e+01 2.619735e+01 2.175314e+01 1.914804e+01 1.694406e-01 3.520806e-01 4.802259e-01 5.674624e-01 7.640604e-01 9.965876e-01 1.116354e+00 1.254649e+00 1.345726e+00 1.308592e+00 1.225084e+00 1.145199e+00 2.107297e-04
<GCONST> 6.986259e+01
<MIXTURE> 127 2.402244e-03
<MEAN> 25
 -3.762879e+00 -6.875017e+00 -5.252779e+00 2.372041e+00 4.310526e+00 -3.244029e+00 1.307160e-01 3.583623e+00 3.331382e+00 -2.724711e+00 -1.454557e+00 3.029701e+00 -2.335626e-03 -1.059550e-02 -3.633397e-02 -1.535113e-01 -3.084284e-01 -3.845321e-01 -2.767133e-01 -1.595997e-01 -1.251784e-01 -1.207523e-01 -1.071624e-01 -2.585212e-02 -1.378408e-03
<VARIANCE> 25
 7.506986e+00 1.305082e+01 1.386746e+01 1.538841e+01 2.466340e+01 2.358560e+01 2.305459e+01 2.837257e+01 3.107065e+01 2.619735e+01 2.175314e+01 1.914804e+01 1.694406e-01 3.520806e-01 4.802259e-01 5.674624e-01 7.640604e-01 9.965876e-01 1.116354e+00 1.254649e+00 1.345726e+00 1.308592e+00 1.225084e+00 1.145199e+00 2.107297e-04
<GCONST> 6.986259e+01
<MIXTURE> 128 3.790457e-03
<MEAN> 25
 -4.163658e+00 1.748652e+00 -9.698545e-01 6.593113e+00 3.596282e+00 2.030018e+00 3.267914e+00 2.418480e+00 4.562108e+00 3.278326e+00 3.650933e+00 2.994744e+00 -4.578714e-01 -1.163620e-01 8.659770e-02 7.717271e-01 1.102768e+00 1.208972e+00 8.603973e-01 3.198597e-01 -3.314790e-01 -8.034974e-01 -7.428071e-01 -4.312022e-01 7.815237e-05
<VARIANCE> 25
 1.155595e+01 1.155454e+01 1.775904e+01 1.738113e+01 1.833502e+01 1.964001e+01 2.451602e+01 2.243675e+01 2.844031e+01 2.416847e+01 2.425209e+01 1.936657e+01 8.555378e-01 1.091306e+00 1.239364e+00 1.372056e+00 1.742583e+00 1.748706e+00 2.270339e+00 2.548126e+00 2.053659e+00 1.714087e+00 1.605156e+00 1.586602e+00 1.095162e-06
<GCONST> 7.325529e+01
<TRANSP> 3
 0.000000e+00 1.000000e+00 0.000000e+00
 0.000000e+00 9.999990e-01 9.999998e-07
 0.000000e+00 0.000000e+00 0.000000e+00
<ENDHMM>
