~o
<STREAMINFO> 1 25
<VECSIZE> 25<NULLD><MFCC_E_D_N><DIAGC>
~h "jmodel"
<BEGINHMM>
<NUMSTATES> 3
<STATE> 2
<NUMMIXES> 128
<MIXTURE> 1 5.748963e-03
<MEAN> 25
 -2.356681e+00 3.368378e+00 2.307044e+00 8.513908e+00 4.274673e+00 3.387389e+00 4.360914e+00 4.465149e+00 5.961400e+00 4.620425e+00 5.408052e+00 2.662142e+00 -1.865102e+00 -1.524072e+00 -7.868068e-01 1.063184e+00 1.599145e+00 2.294413e+00 2.102862e+00 2.139911e+00 1.707916e+00 1.203902e+00 1.360495e+00 5.048709e-01 -4.260569e-02
<VARIANCE> 25
 9.928230e+00 1.144294e+01 1.397785e+01 1.794124e+01 2.165210e+01 2.090446e+01 2.148854e+01 2.464395e+01 2.045724e+01 2.529755e+01 2.188127e+01 1.783126e+01 1.870250e+00 2.109317e+00 2.935495e+00 2.977609e+00 3.539732e+00 3.225083e+00 3.115319e+00 3.220182e+00 3.288479e+00 3.528801e+00 3.772558e+00 2.758474e+00 3.111379e-03
<GCONST> 8.810932e+01
<MIXTURE> 2 4.549242e-03
<MEAN> 25
 -4.852726e+00 1.324820e+00 9.863992e-01 9.874568e+00 6.686631e+00 7.394388e+00 7.828002e+00 6.947388e+00 8.361324e+00 6.355701e+00 7.597381e+00 3.060753e+00 -6.102753e-02 4.345327e-02 1.418267e-01 2.237080e-01 2.639964e-01 2.795168e-01 2.954609e-01 3.200317e-01 3.474779e-01 3.081171e-01 1.975074e-01 7.958522e-02 2.589266e-07
<VARIANCE> 25
 7.027393e+00 8.908992e+00 1.063675e+01 1.601031e+01 1.720743e+01 1.567675e+01 1.692334e+01 1.845558e+01 1.656537e+01 1.738976e+01 1.818037e+01 1.437157e+01 1.251502e-01 2.273196e-01 3.367978e-01 4.699208e-01 6.473688e-01 8.146402e-01 9.308009e-01 1.004785e+00 1.054350e+00 1.081656e+00 1.077171e+00 1.012554e+00 1.007649e-06
<GCONST> 5.809218e+01
<MIXTURE> 3 4.549242e-03
<MEAN> 25
 -4.852726e+00 1.324820e+00 9.863992e-01 9.874568e+00 6.686631e+00 7.394388e+00 7.828002e+00 6.947388e+00 8.361324e+00 6.355701e+00 7.597381e+00 3.060753e+00 -6.102753e-02 4.345327e-02 1.418267e-01 2.237080e-01 2.639964e-01 2.795168e-01 2.954609e-01 3.200317e-01 3.474779e-01 3.081171e-01 1.975074e-01 7.958522e-02 2.589266e-07
<VARIANCE> 25
 7.027393e+00 8.908992e+00 1.063675e+01 1.601031e+01 1.720743e+01 1.567675e+01 1.692334e+01 1.845558e+01 1.656537e+01 1.738976e+01 1.818037e+01 1.437157e+01 1.251502e-01 2.273196e-01 3.367978e-01 4.699208e-01 6.473688e-01 8.146402e-01 9.308009e-01 1.004785e+00 1.054350e+00 1.081656e+00 1.077171e+00 1.012554e+00 1.007649e-06
<GCONST> 5.809218e+01
<MIXTURE> 4 1.671429e-02
<MEAN> 25
 2.428202e+00 6.456690e-01 -4.403276e+00 1.320890e+00 3.109474e+00 -1.261106e+00 -7.830946e-01 -5.227982e-01 2.938723e+00 1.356177e+00 -1.955497e+00 -6.562002e-01 -2.669464e+00 1.139877e+00 1.885138e+00 2.665947e+00 3.806330e-01 4.732888e-01 1.749907e+00 1.335718e+00 1.509279e+00 -3.792259e-01 1.122473e+00 1.756160e-01 -9.044650e-02
<VARIANCE> 25
 2.527647e+01 3.228155e+01 2.547231e+01 3.116865e+01 3.968645e+01 5.743877e+01 5.143692e+01 4.353396e+01 5.022338e+01 5.330375e+01 5.284923e+01 3.541928e+01 2.094121e+00 4.235625e+00 3.483783e+00 3.868300e+00 4.459575e+00 5.646269e+00 5.200920e+00 6.586651e+00 5.036363e+00 5.731686e+00 5.126962e+00 5.158879e+00 5.807282e-03
<GCONST> 1.032339e+02
<MIXTURE> 5 3.206198e-03
<MEAN> 25
 -3.396620e+00 2.230009e+00 5.959913e-01 9.331067e+00 6.664038e+00 6.273616e+00 7.113706e+00 4.722706e+00 5.448162e+00 3.803726e+00 4.555424e+00 2.525358e+00 -3.190533e-01 7.510149e-01 1.217628e+00 1.032683e+00 3.236386e-01 -9.306309e-02 -6.837302e-02 4.876636e-02 4.633574e-01 6.891146e-01 4.106787e-01 1.002804e-01 -2.356687e-05
<VARIANCE> 25
 1.029482e+01 1.390780e+01 2.319167e+01 2.597518e+01 2.013624e+01 1.934739e+01 1.998000e+01 2.015784e+01 2.138867e+01 2.118194e+01 2.465816e+01 1.658042e+01 1.194871e+00 1.228305e+00 1.343114e+00 1.668011e+00 2.292301e+00 2.347996e+00 2.298851e+00 2.278633e+00 2.296560e+00 2.252282e+00 2.083497e+00 1.871517e+00 9.964588e-07
<GCONST> 7.511919e+01
<MIXTURE> 6 5.475854e-03
<MEAN> 25
 8.130756e+00 -2.958130e-01 -6.673835e+00 -1.080945e+01 -2.963259e+00 7.349833e+00 -7.678375e+00 -6.229754e+00 -4.719285e+00 6.130823e-01 6.018366e+00 -7.679616e-01 4.385662e-01 1.009599e+00 -3.955493e-01 -1.548416e+00 -4.113115e-01 1.148703e+00 1.488735e+00 4.289039e-01 -1.175553e+00 -1.186432e+00 1.471133e-01 9.793130e-01 -7.349073e-03
<VARIANCE> 25
 1.230454e+01 1.358466e+01 1.862452e+01 3.273259e+01 3.010606e+01 2.508334e+01 4.343667e+01 3.051963e+01 3.473318e+01 3.466797e+01 4.086266e+01 2.391933e+01 2.917426e-01 7.063687e-01 8.252004e-01 1.859610e+00 1.505058e+00 2.081203e+00 1.498893e+00 1.827934e+00 2.224517e+00 1.639865e+00 1.998332e+00 1.581738e+00 5.693096e-04
<GCONST> 8.124606e+01
<MIXTURE> 7 5.475854e-03
<MEAN> 25
 8.130756e+00 -2.958130e-01 -6.673835e+00 -1.080945e+01 -2.963259e+00 7.349833e+00 -7.678375e+00 -6.229754e+00 -4.719285e+00 6.130823e-01 6.018366e+00 -7.679616e-01 4.385662e-01 1.009599e+00 -3.955493e-01 -1.548416e+00 -4.113115e-01 1.148703e+00 1.488735e+00 4.289039e-01 -1.175553e+00 -1.186432e+00 1.471133e-01 9.793130e-01 -7.349073e-03
<VARIANCE> 25
 1.230454e+01 1.358466e+01 1.862452e+01 3.273259e+01 3.010606e+01 2.508334e+01 4.343667e+01 3.051963e+01 3.473318e+01 3.466797e+01 4.086266e+01 2.391933e+01 2.917426e-01 7.063687e-01 8.252004e-01 1.859610e+00 1.505058e+00 2.081203e+00 1.498893e+00 1.827934e+00 2.224517e+00 1.639865e+00 1.998332e+00 1.581738e+00 5.693096e-04
<GCONST> 8.124606e+01
<MIXTURE> 8 1.165917e-02
<MEAN> 25
 -4.282948e+00 1.289761e+00 1.065677e+00 8.752047e+00 6.282325e+00 6.016134e+00 6.736427e+00 5.856400e+00 6.686618e+00 4.907991e+00 5.759593e+00 2.673995e+00 -7.344592e-01 -1.520738e+00 -4.770858e-01 -1.494028e+00 -4.322900e-01 -6.097116e-01 -2.469335e-01 -3.995174e-01 -7.006310e-02 -1.160094e-01 -7.759424e-02 2.319030e-01 9.338932e-02
<VARIANCE> 25
 8.865254e+00 8.791716e+00 1.159695e+01 1.685189e+01 1.494115e+01 1.401905e+01 1.608105e+01 1.618966e+01 1.531534e+01 1.720230e+01 1.940012e+01 1.343665e+01 2.452497e+00 2.503644e+00 5.269806e+00 3.443743e+00 3.187502e+00 3.412719e+00 2.833104e+00 2.855335e+00 3.221503e+00 2.501133e+00 2.205785e+00 1.748868e+00 5.811916e-03
<GCONST> 8.510130e+01
<MIXTURE> 9 1.199672e-02
<MEAN> 25
 7.510583e+00 1.586240e+00 -7.046529e+00 -9.639088e+00 -3.186816e+00 5.266294e+00 -4.361358e+00 -4.812582e+00 -5.122122e+00 -1.862726e+00 3.119217e+00 1.616105e+00 1.097044e+00 -1.391565e-01 -3.530797e-01 -2.924805e+00 -1.424335e+00 1.380484e+00 -1.637183e+00 -1.564990e-01 -6.930503e-01 -2.698479e-01 1.117925e+00 -6.030069e-01 8.124118e-02
<VARIANCE> 25
 1.182986e+01 2.082449e+01 3.109464e+01 4.439293e+01 4.127999e+01 3.025461e+01 4.534205e+01 4.749347e+01 3.594907e+01 3.246596e+01 3.361831e+01 3.503168e+01 1.724582e+00 1.861189e+00 3.729139e+00 3.339712e+00 4.268179e+00 3.174201e+00 3.546984e+00 4.235297e+00 3.826611e+00 3.885869e+00 3.509265e+00 3.338465e+00 1.863712e-03
<GCONST> 9.550137e+01
<MIXTURE> 10 6.596976e-03
<MEAN> 25
 8.206679e-01 7.614546e+00 5.376596e+00 7.065628e+00 1.544044e+00 -2.139060e+00 -5.449752e-01 -1.695037e+00 8.596682e-01 8.203388e-01 8.529117e-01 6.892338e-01 -1.906095e+00 -6.705037e-01 -4.856364e-01 3.019695e+00 2.450308e+00 2.677826e+00 2.387385e+00 2.278124e+00 1.842326e+00 1.525677e+00 2.318971e+00 5.208271e-01 -1.372699e-01
<VARIANCE> 25
 1.937761e+01 2.055935e+01 2.228137e+01 2.937087e+01 3.806059e+01 3.463091e+01 3.493843e+01 3.357473e+01 2.740085e+01 2.887639e+01 2.674685e+01 2.495268e+01 2.243937e+00 3.393175e+00 5.577024e+00 5.125983e+00 5.508570e+00 4.512568e+00 4.677509e+00 4.796963e+00 4.387733e+00 5.002456e+00 4.429591e+00 3.164649e+00 2.733529e-03
<GCONST> 9.738023e+01
<MIXTURE> 11 1.633820e-02
<MEAN> 25
 7.600525e+00 4.093168e+00 1.250804e+00 2.269015e+00 -3.293012e+00 -2.746074e+00 -1.856601e+00 -6.613975e+00 -3.312757e+00 8.859072e-01 -1.553386e+00 -6.475360e-01 -5.772781e-01 5.760645e-01 2.535639e-01 4.613501e-01 5.035506e-01 -9.251679e-02 1.369412e-01 2.878578e-01 3.558312e-01 -3.551722e-01 -2.924916e-01 -5.227419e-02 -2.388548e-02
<VARIANCE> 25
 9.138868e+00 1.819574e+01 1.942869e+01 2.400383e+01 2.577232e+01 2.406566e+01 3.151201e+01 2.994290e+01 2.669528e+01 2.492612e+01 2.260494e+01 2.361460e+01 9.990413e-01 1.467041e+00 1.233960e+00 1.516315e+00 1.494282e+00 1.868112e+00 1.741323e+00 2.537100e+00 1.920377e+00 1.368137e+00 1.537941e+00 1.319047e+00 9.291823e-04
<GCONST> 8.147897e+01
<MIXTURE> 12 5.904134e-03
<MEAN> 25
 9.987500e+00 3.637502e+00 -4.617915e+00 -1.531433e+01 -8.360726e+00 8.250093e+00 -1.804895e+00 -2.469779e+00 -2.425302e+00 -4.719142e+00 2.428333e+00 1.014472e+00 1.436936e-01 3.972518e-01 -8.994919e-03 -3.072974e-01 -2.119176e-01 -5.994223e-02 4.392583e-01 4.917677e-01 1.475118e-01 -3.623329e-01 -4.638150e-01 8.931748e-02 -8.450832e-03
<VARIANCE> 25
 1.122125e+01 1.858612e+01 2.082508e+01 3.499612e+01 3.834645e+01 2.955674e+01 4.349034e+01 4.521940e+01 4.283701e+01 3.398394e+01 3.700327e+01 2.617362e+01 3.091508e-01 7.071788e-01 7.169745e-01 1.160825e+00 1.128828e+00 1.081706e+00 1.182456e+00 1.284801e+00 1.196702e+00 1.156870e+00 1.253405e+00 9.003833e-01 6.185424e-04
<GCONST> 7.862663e+01
<MIXTURE> 13 5.904134e-03
<MEAN> 25
 9.987500e+00 3.637502e+00 -4.617915e+00 -1.531433e+01 -8.360726e+00 8.250093e+00 -1.804895e+00 -2.469779e+00 -2.425302e+00 -4.719142e+00 2.428333e+00 1.014472e+00 1.436936e-01 3.972518e-01 -8.994919e-03 -3.072974e-01 -2.119176e-01 -5.994223e-02 4.392583e-01 4.917677e-01 1.475118e-01 -3.623329e-01 -4.638150e-01 8.931748e-02 -8.450832e-03
<VARIANCE> 25
 1.122125e+01 1.858612e+01 2.082508e+01 3.499612e+01 3.834645e+01 2.955674e+01 4.349034e+01 4.521940e+01 4.283701e+01 3.398394e+01 3.700327e+01 2.617362e+01 3.091508e-01 7.071788e-01 7.169745e-01 1.160825e+00 1.128828e+00 1.081706e+00 1.182456e+00 1.284801e+00 1.196702e+00 1.156870e+00 1.253405e+00 9.003833e-01 6.185424e-04
<GCONST> 7.862663e+01
<MIXTURE> 14 6.488954e-03
<MEAN> 25
 -4.143415e+00 -1.851242e-01 -3.524101e-01 8.651629e+00 7.352265e+00 7.099497e+00 7.744262e+00 7.217720e+00 7.244673e+00 4.981361e+00 6.491988e+00 3.836529e+00 -2.887044e-01 1.481164e-01 3.850285e-01 2.815802e-01 -1.174437e-02 9.925719e-02 1.188813e-01 1.908707e-01 2.991039e-01 4.904547e-01 4.896153e-01 8.839221e-02 -7.771961e-03
<VARIANCE> 25
 9.294466e+00 1.385126e+01 1.798817e+01 1.795903e+01 2.011479e+01 1.965553e+01 2.047351e+01 2.030703e+01 1.918816e+01 2.401573e+01 2.252003e+01 1.644254e+01 9.529062e-01 1.680438e+00 1.833090e+00 1.884871e+00 2.208831e+00 2.242762e+00 2.222301e+00 2.192232e+00 2.270576e+00 2.460024e+00 2.124226e+00 1.758278e+00 1.066768e-03
<GCONST> 8.172886e+01
<MIXTURE> 15 2.475190e-03
<MEAN> 25
 -5.143160e+00 -5.248061e-01 -1.233403e-01 7.331724e+00 5.725569e+00 5.421826e+00 6.029649e+00 4.871486e+00 5.206670e+00 3.928697e+00 5.171684e+00 2.187241e+00 -1.125597e-01 -1.600604e-02 8.281428e-02 2.244651e-01 4.245749e-01 7.616549e-01 1.054509e+00 1.183109e+00 1.047842e+00 6.655445e-01 4.272806e-01 1.927189e-01 3.100547e-04
<VARIANCE> 25
 7.497253e+00 5.816544e+00 9.071285e+00 1.202604e+01 1.371014e+01 1.395860e+01 1.454142e+01 1.432757e+01 1.321302e+01 1.524633e+01 1.649473e+01 1.423511e+01 1.231562e-01 2.007892e-01 3.070533e-01 5.046040e-01 7.001123e-01 7.834648e-01 7.840924e-01 7.646996e-01 8.823050e-01 1.169967e+00 1.072836e+00 1.064869e+00 3.319361e-05
<GCONST> 5.894728e+01
<MIXTURE> 16 2.475190e-03
<MEAN> 25
 -5.143160e+00 -5.248061e-01 -1.233403e-01 7.331724e+00 5.725569e+00 5.421826e+00 6.029649e+00 4.871486e+00 5.206670e+00 3.928697e+00 5.171684e+00 2.187241e+00 -1.125597e-01 -1.600604e-02 8.281428e-02 2.244651e-01 4.245749e-01 7.616549e-01 1.054509e+00 1.183109e+00 1.047842e+00 6.655445e-01 4.272806e-01 1.927189e-01 3.100547e-04
<VARIANCE> 25
 7.497253e+00 5.816544e+00 9.071285e+00 1.202604e+01 1.371014e+01 1.395860e+01 1.454142e+01 1.432757e+01 1.321302e+01 1.524633e+01 1.649473e+01 1.423511e+01 1.231562e-01 2.007892e-01 3.070533e-01 5.046040e-01 7.001123e-01 7.834648e-01 7.840924e-01 7.646996e-01 8.823050e-01 1.169967e+00 1.072836e+00 1.064869e+00 3.319361e-05
<GCONST> 5.894728e+01
<MIXTURE> 17 9.518312e-03
<MEAN> 25
 2.277233e+00 -1.510917e+00 5.703989e+00 8.869241e-01 -6.560803e+00 -5.157176e+00 -3.792467e+00 -1.124220e+00 -2.598521e+00 -3.648402e+00 9.587746e-01 6.383528e-01 -7.434697e-01 -1.464441e+00 1.800111e+00 -2.046262e+00 -2.403803e+00 -2.955862e-01 -6.298022e-01 1.177373e-01 -1.075176e+00 9.130986e-02 1.274401e+00 5.268778e-01 9.535030e-02
<VARIANCE> 25
 1.810504e+01 2.628657e+01 3.427985e+01 3.134712e+01 4.213516e+01 3.638175e+01 3.593244e+01 3.477534e+01 3.161145e+01 1.948585e+01 2.580644e+01 2.802524e+01 1.385385e+00 2.588161e+00 3.603125e+00 2.536979e+00 4.344089e+00 5.656688e+00 4.013497e+00 4.512068e+00 3.917842e+00 2.913249e+00 2.605232e+00 2.564525e+00 2.840795e-03
<GCONST> 9.462251e+01
<MIXTURE> 18 1.221018e-02
<MEAN> 25
 3.895781e+00 4.411923e+00 6.356655e+00 4.350495e+00 -4.520846e+00 -8.084598e+00 -1.631045e+00 -1.206877e+00 -3.212605e+00 -2.282505e+00 -8.833506e-01 6.122012e-01 -7.667255e-01 2.077746e+00 -2.014200e-01 2.010745e+00 2.985056e+00 1.409739e+00 8.868129e-01 -1.426265e-01 7.033674e-01 4.480172e-01 -2.767147e-01 -7.126985e-02 -1.214430e-01
<VARIANCE> 25
 1.572434e+01 2.715145e+01 3.494537e+01 2.677345e+01 3.856492e+01 3.245688e+01 3.703074e+01 3.358508e+01 3.958160e+01 3.373875e+01 3.076346e+01 2.952945e+01 2.444036e+00 3.066694e+00 4.541172e+00 3.901683e+00 4.070870e+00 4.466123e+00 4.571211e+00 4.271866e+00 4.358747e+00 4.136621e+00 4.365130e+00 3.516930e+00 3.964379e-03
<GCONST> 9.796552e+01
<MIXTURE> 19 9.912824e-03
<MEAN> 25
 -9.954664e+00 1.001444e+00 -2.500591e-01 3.600422e-01 2.834270e+00 1.808781e+00 2.859906e+00 6.804637e-01 1.796042e+00 2.516208e-01 7.686161e-01 2.302182e+00 2.095320e+00 1.518485e+00 1.992884e+00 3.841108e-01 -1.219187e+00 -1.143961e+00 -7.036077e-01 -1.313657e+00 -1.509024e+00 -1.054202e+00 -1.151664e+00 -7.349912e-01 7.448460e-04
<VARIANCE> 25
 5.017267e+01 2.711577e+01 3.890840e+01 4.621561e+01 3.214534e+01 2.682868e+01 2.761184e+01 2.692510e+01 2.570412e+01 2.381315e+01 2.551629e+01 1.891035e+01 2.448118e+00 1.888683e+00 2.013322e+00 2.331340e+00 2.425560e+00 1.990558e+00 2.409932e+00 2.140820e+00 1.979220e+00 1.697435e+00 3.278404e+00 1.648344e+00 2.050481e-03
<GCONST> 8.962596e+01
<MIXTURE> 20 6.308331e-03
<MEAN> 25
 -1.413686e+01 7.359763e+00 8.454755e-01 6.133533e+00 4.796813e+00 1.589233e+00 5.198551e+00 8.392966e-01 9.326101e-01 7.582151e-01 2.561015e+00 -3.059450e-01 -3.269497e+00 -8.681725e-01 -1.547157e+00 3.329654e-01 1.527810e+00 2.053615e+00 1.967026e+00 2.045923e+00 2.134479e+00 2.036017e+00 1.686229e+00 9.425045e-01 4.733159e-02
<VARIANCE> 25
 1.983311e+01 2.370167e+01 3.072709e+01 3.708958e+01 3.089466e+01 2.812303e+01 2.971192e+01 3.127360e+01 2.779721e+01 2.823792e+01 2.497930e+01 2.084525e+01 2.110944e+00 2.166464e+00 1.964535e+00 2.523011e+00 2.704469e+00 2.309307e+00 2.310017e+00 2.316936e+00 2.244153e+00 2.635621e+00 2.229017e+00 1.854072e+00 1.873375e-03
<GCONST> 8.920724e+01
<MIXTURE> 21 7.928653e-03
<MEAN> 25
 3.579226e+00 -6.618963e+00 8.039786e+00 -2.494082e+00 -1.160850e+01 -7.781994e+00 -4.269184e+00 4.810783e+00 -2.678876e+00 -2.584325e+00 8.867639e-01 1.613610e+00 -5.321530e-01 8.584068e-01 2.838916e+00 -4.375906e-01 -1.657273e+00 2.046143e-01 7.927387e-01 -9.648271e-01 -2.026818e+00 2.168790e-01 1.122543e+00 4.350157e-01 -1.117560e-02
<VARIANCE> 25
 6.116528e+00 1.697425e+01 2.960436e+01 2.791981e+01 2.553599e+01 2.210146e+01 3.475591e+01 2.506312e+01 3.836899e+01 2.408791e+01 2.724759e+01 1.812950e+01 3.253790e-01 1.054553e+00 1.495935e+00 1.734393e+00 1.688535e+00 1.600587e+00 2.752475e+00 1.876891e+00 2.180432e+00 2.007853e+00 1.743114e+00 1.996582e+00 3.890185e-04
<GCONST> 8.083573e+01
<MIXTURE> 22 8.827789e-03
<MEAN> 25
 -1.787704e+01 7.064784e+00 -4.110425e+00 7.315728e+00 4.555004e+00 2.770993e+00 8.354669e+00 1.726345e+00 5.375777e+00 3.273749e+00 5.704132e+00 1.221961e+00 -3.079948e-01 -2.069589e-01 -1.312644e-01 -1.496419e-01 -1.422397e-03 1.446081e-01 1.849410e-01 1.784377e-01 2.407111e-01 2.095186e-01 1.822226e-01 1.986420e-01 8.960449e-03
<VARIANCE> 25
 8.268741e+00 1.768813e+01 1.733407e+01 2.570728e+01 2.308826e+01 2.075961e+01 1.948948e+01 1.861354e+01 1.801773e+01 2.079314e+01 1.913894e+01 1.394552e+01 1.084118e+00 1.354145e+00 1.383097e+00 1.563810e+00 1.401045e+00 1.524446e+00 1.499537e+00 1.542008e+00 1.619113e+00 1.542173e+00 1.376108e+00 1.164936e+00 1.734925e-03
<GCONST> 7.839339e+01
<MIXTURE> 23 6.455497e-03
<MEAN> 25
 7.594685e+00 2.149007e+00 2.318697e+00 1.403764e+00 -4.482626e+00 -3.228051e+00 -3.751813e+00 -6.516230e+00 -3.133741e+00 -2.109953e-01 -2.897410e+00 -1.148555e+00 2.955955e-02 3.295949e-01 -9.138905e-03 6.676271e-02 -1.577790e-01 9.687009e-02 1.420625e-01 -1.868348e-02 5.544430e-02 -7.506753e-02 1.893440e-01 5.480090e-02 -5.488124e-03
<VARIANCE> 25
 1.113180e+01 1.801134e+01 2.175179e+01 3.270984e+01 2.998286e+01 4.087010e+01 4.611842e+01 4.372363e+01 3.602197e+01 3.924763e+01 3.934883e+01 3.311154e+01 1.160490e-01 3.421127e-01 4.116243e-01 4.456148e-01 6.082147e-01 6.120636e-01 7.881970e-01 8.839284e-01 7.959756e-01 8.851994e-01 8.141952e-01 6.939702e-01 7.428203e-05
<GCONST> 7.026109e+01
<MIXTURE> 24 6.455497e-03
<MEAN> 25
 7.594685e+00 2.149007e+00 2.318697e+00 1.403764e+00 -4.482626e+00 -3.228051e+00 -3.751813e+00 -6.516230e+00 -3.133741e+00 -2.109953e-01 -2.897410e+00 -1.148555e+00 2.955955e-02 3.295949e-01 -9.138905e-03 6.676271e-02 -1.577790e-01 9.687009e-02 1.420625e-01 -1.868348e-02 5.544430e-02 -7.506753e-02 1.893440e-01 5.480090e-02 -5.488124e-03
<VARIANCE> 25
 1.113180e+01 1.801134e+01 2.175179e+01 3.270984e+01 2.998286e+01 4.087010e+01 4.611842e+01 4.372363e+01 3.602197e+01 3.924763e+01 3.934883e+01 3.311154e+01 1.160490e-01 3.421127e-01 4.116243e-01 4.456148e-01 6.082147e-01 6.120636e-01 7.881970e-01 8.839284e-01 7.959756e-01 8.851994e-01 8.141952e-01 6.939702e-01 7.428203e-05
<GCONST> 7.026109e+01
<MIXTURE> 25 1.118642e-02
<MEAN> 25
 5.351294e-01 1.584709e+00 1.655401e+01 -4.482733e+00 -1.233595e+01 -3.628603e+00 -5.124348e+00 -1.050761e+00 -7.812181e+00 -2.466491e+00 3.418186e+00 -8.544763e-01 -4.918157e-02 6.335928e-01 -8.681566e-02 1.057463e-02 5.293367e-01 2.900643e-01 -1.329460e-01 -3.697333e-01 -4.975513e-02 4.949355e-02 -1.773257e-01 -2.722000e-01 -1.710970e-02
<VARIANCE> 25
 6.184419e+00 3.039881e+01 2.067282e+01 3.151822e+01 2.877293e+01 2.781559e+01 1.986178e+01 2.391053e+01 2.755731e+01 2.871571e+01 1.645642e+01 1.968791e+01 4.075023e-01 1.088600e+00 1.318544e+00 1.293393e+00 1.557562e+00 1.395079e+00 1.278946e+00 2.164438e+00 1.839188e+00 1.409072e+00 1.329274e+00 9.777186e-01 9.033804e-04
<GCONST> 7.868558e+01
<MIXTURE> 26 7.727677e-03
<MEAN> 25
 2.184357e+00 -4.462028e+00 -9.000366e+00 -1.975146e+00 7.073008e+00 5.680127e+00 2.203062e+00 -1.472489e+00 2.286432e+00 3.999143e-01 -3.281147e+00 -1.190300e+00 -6.731737e-01 7.672274e-01 1.988259e-01 1.075114e+00 1.860194e-01 2.122748e-01 4.000386e-01 5.977903e-01 5.653661e-01 -1.615550e-01 2.030249e-01 3.725302e-01 -6.118574e-02
<VARIANCE> 25
 1.656804e+01 2.810475e+01 1.923408e+01 5.065553e+01 2.954564e+01 3.738297e+01 3.533959e+01 3.401193e+01 3.685134e+01 4.075665e+01 2.881433e+01 3.313964e+01 1.332927e+00 1.520831e+00 1.327286e+00 1.876936e+00 2.086818e+00 2.704722e+00 2.481507e+00 2.269276e+00 2.048527e+00 1.797255e+00 1.731038e+00 1.989952e+00 2.505821e-03
<GCONST> 8.887650e+01
<MIXTURE> 27 7.727677e-03
<MEAN> 25
 2.184357e+00 -4.462028e+00 -9.000366e+00 -1.975146e+00 7.073008e+00 5.680127e+00 2.203062e+00 -1.472489e+00 2.286432e+00 3.999143e-01 -3.281147e+00 -1.190300e+00 -6.731737e-01 7.672274e-01 1.988259e-01 1.075114e+00 1.860194e-01 2.122748e-01 4.000386e-01 5.977903e-01 5.653661e-01 -1.615550e-01 2.030249e-01 3.725302e-01 -6.118574e-02
<VARIANCE> 25
 1.656804e+01 2.810475e+01 1.923408e+01 5.065553e+01 2.954564e+01 3.738297e+01 3.533959e+01 3.401193e+01 3.685134e+01 4.075665e+01 2.881433e+01 3.313964e+01 1.332927e+00 1.520831e+00 1.327286e+00 1.876936e+00 2.086818e+00 2.704722e+00 2.481507e+00 2.269276e+00 2.048527e+00 1.797255e+00 1.731038e+00 1.989952e+00 2.505821e-03
<GCONST> 8.887650e+01
<MIXTURE> 28 5.036674e-03
<MEAN> 25
 -4.828538e+00 6.780916e-01 -1.319452e+00 6.121300e+00 4.890854e+00 3.221347e+00 5.756679e+00 3.396341e+00 3.612519e+00 1.920905e+00 1.844509e+00 2.398606e+00 -7.961707e-02 2.205437e-01 5.204766e-01 8.564900e-01 8.626730e-01 6.035510e-01 5.591470e-01 4.666859e-01 4.654163e-01 5.444422e-01 4.700937e-01 1.831084e-01 -2.273754e-05
<VARIANCE> 25
 1.048845e+01 9.082726e+00 1.213907e+01 1.473098e+01 1.348897e+01 1.598148e+01 1.729145e+01 1.749779e+01 1.572950e+01 1.600993e+01 2.130076e+01 1.627848e+01 2.312789e-01 3.374039e-01 3.696114e-01 4.772517e-01 6.869991e-01 7.830919e-01 9.733398e-01 1.054381e+00 1.117288e+00 1.117875e+00 1.027425e+00 1.094283e+00 1.035737e-06
<GCONST> 5.983236e+01
<MIXTURE> 29 5.036674e-03
<MEAN> 25
 -4.828538e+00 6.780916e-01 -1.319452e+00 6.121300e+00 4.890854e+00 3.221347e+00 5.756679e+00 3.396341e+00 3.612519e+00 1.920905e+00 1.844509e+00 2.398606e+00 -7.961707e-02 2.205437e-01 5.204766e-01 8.564900e-01 8.626730e-01 6.035510e-01 5.591470e-01 4.666859e-01 4.654163e-01 5.444422e-01 4.700937e-01 1.831084e-01 -2.273754e-05
<VARIANCE> 25
 1.048845e+01 9.082726e+00 1.213907e+01 1.473098e+01 1.348897e+01 1.598148e+01 1.729145e+01 1.749779e+01 1.572950e+01 1.600993e+01 2.130076e+01 1.627848e+01 2.312789e-01 3.374039e-01 3.696114e-01 4.772517e-01 6.869991e-01 7.830919e-01 9.733398e-01 1.054381e+00 1.117288e+00 1.117875e+00 1.027425e+00 1.094283e+00 1.035737e-06
<GCONST> 5.983236e+01
<MIXTURE> 30 8.917812e-03
<MEAN> 25
 -4.020754e+00 4.162652e-01 7.218035e-01 8.505945e+00 7.187380e+00 6.635634e+00 7.474716e+00 5.956553e+00 5.967285e+00 4.512238e+00 5.639287e+00 2.304356e+00 -2.191730e-02 4.155999e-02 9.244038e-02 9.997593e-02 3.361177e-02 -4.290746e-02 6.326655e-02 4.064995e-02 2.574177e-02 8.972454e-03 1.572156e-01 1.006593e-01 1.074507e-04
<VARIANCE> 25
 6.899240e+00 9.276758e+00 1.020740e+01 1.294769e+01 1.593913e+01 1.612284e+01 1.647242e+01 1.752805e+01 1.461277e+01 1.952071e+01 2.467575e+01 1.713231e+01 8.813138e-02 1.745111e-01 3.146144e-01 4.361885e-01 5.497772e-01 7.096314e-01 7.221067e-01 7.536676e-01 8.172190e-01 9.637011e-01 9.565554e-01 9.442798e-01 6.579061e-05
<GCONST> 6.022449e+01
<MIXTURE> 31 4.136493e-03
<MEAN> 25
 -2.886860e+00 -4.343375e+00 -9.300265e-02 5.015039e+00 3.616086e+00 1.115475e+00 5.222161e+00 6.148919e+00 2.972522e+00 8.263282e-01 5.179935e+00 2.538750e+00 2.031841e-01 4.921694e-01 -2.058551e-01 2.515624e-01 6.076905e-02 4.307013e-01 2.071610e-01 2.035905e-02 3.045324e-01 2.881323e-01 3.016206e-03 6.746931e-03 -1.831966e-02
<VARIANCE> 25
 6.600401e+00 1.871227e+01 1.483464e+01 1.741889e+01 2.110595e+01 2.138194e+01 2.053969e+01 2.355720e+01 2.393870e+01 2.642307e+01 2.228656e+01 1.848150e+01 2.025468e-01 4.656098e-01 5.567556e-01 7.876775e-01 9.821601e-01 1.143556e+00 1.185610e+00 1.450458e+00 1.233259e+00 1.320990e+00 1.252240e+00 1.270133e+00 2.463328e-04
<GCONST> 7.119819e+01
<MIXTURE> 32 4.136493e-03
<MEAN> 25
 -2.886860e+00 -4.343375e+00 -9.300265e-02 5.015039e+00 3.616086e+00 1.115475e+00 5.222161e+00 6.148919e+00 2.972522e+00 8.263282e-01 5.179935e+00 2.538750e+00 2.031841e-01 4.921694e-01 -2.058551e-01 2.515624e-01 6.076905e-02 4.307013e-01 2.071610e-01 2.035905e-02 3.045324e-01 2.881323e-01 3.016206e-03 6.746931e-03 -1.831966e-02
<VARIANCE> 25
 6.600401e+00 1.871227e+01 1.483464e+01 1.741889e+01 2.110595e+01 2.138194e+01 2.053969e+01 2.355720e+01 2.393870e+01 2.642307e+01 2.228656e+01 1.848150e+01 2.025468e-01 4.656098e-01 5.567556e-01 7.876775e-01 9.821601e-01 1.143556e+00 1.185610e+00 1.450458e+00 1.233259e+00 1.320990e+00 1.252240e+00 1.270133e+00 2.463328e-04
<GCONST> 7.119819e+01
<MIXTURE> 33 1.508826e-02
<MEAN> 25
 5.275108e+00 -5.693058e+00 -2.406583e+00 -3.204678e+00 -1.969232e+00 -4.187372e+00 -7.339170e+00 1.875884e-01 7.635018e-01 2.584668e-01 -4.559966e+00 -2.232685e+00 8.488227e-01 -1.135101e+00 -2.335051e+00 -1.750694e+00 1.197638e+00 1.547773e+00 -7.660540e-01 2.202804e-02 6.007124e-01 1.034322e+00 -5.075308e-01 -1.368021e+00 4.806913e-02
<VARIANCE> 25
 9.945318e+00 2.481765e+01 2.401363e+01 2.813433e+01 2.928892e+01 3.276170e+01 3.518307e+01 3.454059e+01 3.677109e+01 3.248309e+01 3.736491e+01 2.433225e+01 1.175418e+00 2.417613e+00 2.111014e+00 1.812810e+00 3.051347e+00 3.014751e+00 3.701789e+00 5.034693e+00 3.447809e+00 3.864422e+00 3.330481e+00 2.085840e+00 1.527010e-03
<GCONST> 9.141245e+01
<MIXTURE> 34 1.588179e-02
<MEAN> 25
 8.382270e+00 -1.068419e+00 -1.177176e+00 1.673190e-01 -2.485303e+00 -1.577212e+00 -5.974203e+00 -6.041816e+00 -2.258617e+00 1.297905e+00 -2.011621e+00 -2.838009e+00 1.533299e-01 1.369438e+00 1.127890e+00 2.230707e+00 -6.039880e-02 -2.541249e-01 7.683038e-01 -1.309038e+00 -3.114291e-01 1.301402e-01 -4.440243e-01 8.138412e-02 -6.441172e-02
<VARIANCE> 25
 7.621498e+00 2.897226e+01 2.559469e+01 4.029235e+01 3.202554e+01 4.176522e+01 4.835247e+01 5.604060e+01 3.962559e+01 3.756973e+01 4.108718e+01 2.848484e+01 1.206958e+00 2.018586e+00 3.524058e+00 3.259420e+00 4.332167e+00 4.640238e+00 4.404661e+00 4.969844e+00 4.734087e+00 3.843629e+00 5.801783e+00 3.377121e+00 9.234166e-04
<GCONST> 9.606424e+01
<MIXTURE> 35 1.467755e-02
<MEAN> 25
 -1.755624e+00 -5.777249e+00 -9.486616e+00 1.503251e-03 7.031293e+00 -6.112463e-02 -7.733871e-01 -4.918538e-01 1.171449e-01 3.217627e+00 6.691355e-01 2.527928e+00 1.221127e-01 -1.524676e+00 -1.145185e+00 -1.373198e+00 1.723819e-01 -7.573140e-01 -8.743873e-01 -3.459562e-01 -2.047467e-01 3.002521e-01 -1.513331e-01 -4.054952e-01 1.133304e-01
<VARIANCE> 25
 1.598933e+01 2.620126e+01 3.722713e+01 4.730792e+01 3.885210e+01 4.912943e+01 5.182763e+01 4.964520e+01 3.969030e+01 3.607772e+01 3.033536e+01 2.919827e+01 4.068943e+00 3.747236e+00 5.277417e+00 5.791900e+00 3.864010e+00 6.014188e+00 5.061244e+00 4.267287e+00 4.602059e+00 3.638715e+00 3.998025e+00 3.654283e+00 4.199589e-03
<GCONST> 1.013084e+02
<MIXTURE> 36 1.093293e-02
<MEAN> 25
 4.137107e+00 -3.671279e+00 7.608788e+00 1.620428e+00 -1.050471e+01 -8.243864e+00 -6.051971e+00 2.771616e+00 -2.899807e+00 -3.445409e+00 2.645106e+00 -1.700140e-01 4.185064e-01 2.094170e-01 -9.402543e-01 2.052939e-01 8.847126e-01 -2.465130e-03 -3.110034e-01 -2.016806e-02 5.268060e-01 4.494688e-01 -4.741853e-01 -4.451054e-01 -2.034333e-02
<VARIANCE> 25
 1.302564e+01 2.372686e+01 2.264170e+01 2.826065e+01 3.506778e+01 2.704083e+01 4.207355e+01 2.944201e+01 4.098831e+01 3.105218e+01 2.347202e+01 2.248182e+01 5.139595e-01 7.300509e-01 1.450766e+00 1.277611e+00 1.390079e+00 1.483972e+00 2.101511e+00 1.681538e+00 1.849286e+00 1.591875e+00 1.295022e+00 1.444831e+00 8.255550e-04
<GCONST> 8.176572e+01
<MIXTURE> 37 1.246826e-02
<MEAN> 25
 7.543940e-01 6.075470e+00 1.208575e+01 -6.382439e+00 -7.715068e+00 -9.844406e-01 -6.256372e+00 -6.542193e+00 -4.008476e+00 2.160331e-01 -1.405777e+00 -2.308518e+00 2.598504e-02 6.234801e-01 -1.682910e+00 3.374139e+00 1.984972e+00 -4.006425e-01 1.413009e+00 5.584928e-01 1.281730e+00 -6.508097e-01 1.672545e-01 4.474199e-01 -8.669908e-02
<VARIANCE> 25
 1.076888e+01 2.573351e+01 2.412296e+01 3.910765e+01 2.351082e+01 2.147932e+01 3.517352e+01 2.837120e+01 3.608968e+01 2.935378e+01 3.318069e+01 3.145834e+01 2.372077e+00 2.328483e+00 2.791160e+00 2.773889e+00 3.006115e+00 2.596389e+00 3.421441e+00 3.351757e+00 3.269127e+00 2.661524e+00 2.751392e+00 2.824594e+00 2.663062e-03
<GCONST> 9.200277e+01
<MIXTURE> 38 1.154525e-02
<MEAN> 25
 -4.486183e+00 8.866287e+00 4.553035e+00 3.237551e+00 8.422319e-01 -5.231005e+00 -6.083781e-01 -2.716968e+00 -2.806848e+00 -3.109951e+00 -1.450951e+00 -5.425633e-01 -4.497244e+00 1.235833e+00 -2.866995e-01 1.443064e+00 2.539772e+00 1.376343e+00 2.034654e+00 9.664789e-01 7.889043e-01 6.271921e-01 1.000220e+00 3.248297e-01 4.848488e-02
<VARIANCE> 25
 3.136814e+01 3.064472e+01 3.897902e+01 3.291271e+01 4.840199e+01 3.538946e+01 3.631916e+01 4.142125e+01 3.486706e+01 3.225682e+01 2.436164e+01 2.852400e+01 2.384648e+00 3.945110e+00 3.968589e+00 5.142694e+00 4.263929e+00 5.018202e+00 4.782403e+00 4.710641e+00 4.414137e+00 4.932797e+00 4.376211e+00 3.243482e+00 2.045282e-03
<GCONST> 9.928005e+01
<MIXTURE> 39 9.501865e-03
<MEAN> 25
 1.222589e+00 9.128469e-01 1.181353e+01 -1.017756e+01 -1.151652e+01 -7.097784e-01 -4.827590e+00 -4.823604e+00 -6.204194e+00 1.548520e+00 -1.448274e+00 -2.128096e+00 -7.793914e-01 1.323969e+00 1.531689e+00 -1.617282e+00 1.084988e-01 1.400807e+00 -1.101949e+00 -1.218400e+00 1.391629e-01 6.537592e-01 -3.583467e-01 -7.977086e-02 5.841990e-03
<VARIANCE> 25
 7.504330e+00 3.905187e+01 3.592896e+01 3.642513e+01 3.581260e+01 4.272979e+01 5.307559e+01 3.784136e+01 4.359134e+01 2.974108e+01 4.568428e+01 2.844356e+01 6.556566e-01 1.452146e+00 1.628655e+00 2.934252e+00 2.121071e+00 2.485030e+00 2.505399e+00 2.301435e+00 2.894593e+00 2.345054e+00 1.931220e+00 1.820352e+00 1.241553e-03
<GCONST> 8.948975e+01
<MIXTURE> 40 1.030800e-02
<MEAN> 25
 -6.635974e+00 2.256096e+00 -1.107642e+00 6.062412e+00 3.581863e+00 4.112150e+00 4.769855e+00 3.190850e+00 4.638230e+00 2.979567e+00 3.804317e+00 1.107856e+00 -1.427776e-01 -1.837423e-01 -1.064629e-03 -1.836756e-01 -4.452203e-02 -3.135416e-02 2.206867e-02 -7.327378e-02 -2.228739e-01 -5.422751e-02 1.396211e-01 1.404323e-01 6.197542e-03
<VARIANCE> 25
 3.732778e+01 1.926139e+01 2.029036e+01 2.080356e+01 1.968492e+01 1.418661e+01 1.402065e+01 1.577784e+01 1.516900e+01 1.469805e+01 1.895839e+01 1.765071e+01 5.659334e-01 6.677544e-01 9.306483e-01 1.010793e+00 9.913352e-01 1.136938e+00 1.301087e+00 1.234799e+00 1.099217e+00 1.139251e+00 1.180805e+00 1.064005e+00 6.857365e-04
<GCONST> 7.354900e+01
<MIXTURE> 41 6.713375e-03
<MEAN> 25
 1.208899e+00 -1.218663e+00 1.103070e+01 -7.405238e+00 -1.028823e+01 -4.808033e+00 -2.838599e+00 -3.902724e+00 -5.750834e+00 2.524531e+00 -5.521480e-01 8.622262e-01 7.313114e-02 -1.060698e+00 2.154612e+00 -3.521881e+00 -2.144479e+00 -2.082529e-01 -5.935932e-01 -2.230551e-01 -1.398574e+00 1.480679e+00 -4.763693e-01 4.541600e-02 8.396750e-02
<VARIANCE> 25
 9.938206e+00 3.813819e+01 3.077888e+01 3.377271e+01 3.149845e+01 3.878215e+01 4.707343e+01 2.765586e+01 2.535201e+01 2.454870e+01 3.241411e+01 3.208968e+01 3.440505e+00 3.030848e+00 3.186765e+00 3.173616e+00 4.380836e+00 7.148439e+00 3.439952e+00 3.476285e+00 3.711407e+00 3.276386e+00 3.197218e+00 2.460581e+00 2.296914e-03
<GCONST> 9.555965e+01
<MIXTURE> 42 1.106211e-02
<MEAN> 25
 -1.591251e+00 4.357818e+00 4.206304e+00 2.808125e+00 -2.605353e-01 -5.770710e+00 -6.608715e-01 -2.201085e+00 -1.619344e+00 -1.609554e+00 -2.451614e+00 1.346940e+00 3.877950e+00 -4.196650e-01 1.367970e+00 -4.872026e-02 -3.040305e+00 -1.438470e+00 -2.052706e+00 -1.146736e+00 -1.163716e+00 -3.732846e-01 4.255313e-01 -9.689280e-01 1.608028e-02
<VARIANCE> 25
 3.389732e+01 1.993004e+01 4.162482e+01 2.384300e+01 3.604516e+01 3.676286e+01 3.386497e+01 2.591315e+01 2.729588e+01 2.894047e+01 1.823820e+01 1.794241e+01 3.907877e+00 4.206677e+00 5.998716e+00 4.518888e+00 4.782526e+00 5.878687e+00 4.724046e+00 5.746618e+00 5.216928e+00 5.274261e+00 4.364671e+00 3.515534e+00 4.174038e-03
<GCONST> 9.909540e+01
<MIXTURE> 43 7.108249e-03
<MEAN> 25
 3.251363e+00 -6.231379e+00 -2.246293e+00 -5.071658e+00 -7.038324e+00 -3.422365e+00 3.859819e+00 1.188493e+00 -5.005120e+00 -6.684806e+00 -4.404086e+00 -1.115078e+00 2.511483e-01 2.146770e+00 1.834067e+00 -1.019904e-01 -1.402121e+00 -8.041735e-01 -8.861312e-01 -8.042431e-01 8.162408e-01 1.408047e+00 3.605128e-01 -1.606727e-02 -4.549254e-02
<VARIANCE> 25
 9.744554e+00 2.023352e+01 2.657769e+01 3.409863e+01 3.969557e+01 3.574489e+01 3.471758e+01 3.888092e+01 3.840205e+01 4.112609e+01 2.615258e+01 2.967261e+01 6.823126e-01 1.231767e+00 1.676436e+00 2.412360e+00 2.331112e+00 2.337522e+00 2.722920e+00 2.970284e+00 2.598198e+00 2.582273e+00 2.402646e+00 1.967942e+00 9.313877e-04
<GCONST> 8.801209e+01
<MIXTURE> 44 7.328289e-03
<MEAN> 25
 -1.273113e+01 1.996187e+00 3.590849e+00 -2.895294e+00 2.974229e+00 2.533137e+00 8.102089e-01 1.801567e+00 2.362492e+00 -2.111614e+00 1.955609e+00 1.627954e+00 -1.804703e-01 -9.803327e-02 1.427598e-02 2.405418e-01 -4.543965e-02 2.683674e-01 3.459552e-01 -2.678445e-02 3.390360e-01 6.795602e-02 5.881688e-02 2.855746e-01 5.719540e-03
<VARIANCE> 25
 3.253572e+01 2.624447e+01 2.699800e+01 1.979636e+01 2.654484e+01 2.041782e+01 1.666918e+01 2.679578e+01 2.038666e+01 2.035256e+01 2.071293e+01 2.002892e+01 1.053943e+00 1.653538e+00 1.771171e+00 1.115400e+00 1.693190e+00 1.347469e+00 1.094351e+00 2.399816e+00 1.797446e+00 1.802081e+00 1.492320e+00 9.075853e-01 1.160416e-03
<GCONST> 8.117744e+01
<MIXTURE> 45 1.364932e-02
<MEAN> 25
 -1.094854e+01 2.724498e+00 -3.882856e-01 1.822343e+00 4.500767e+00 2.872383e-02 4.265073e+00 2.587075e+00 3.377983e+00 1.238831e+00 1.816171e+00 2.057787e+00 -2.789071e+00 3.898794e-01 -9.970803e-02 -7.985406e-01 2.863195e-01 1.739485e-01 7.964590e-02 -4.519564e-02 -1.064694e-01 -7.087001e-02 4.554210e-01 1.294225e-01 1.078381e-01
<VARIANCE> 25
 3.796026e+01 2.537465e+01 3.189850e+01 3.441948e+01 3.095337e+01 2.364229e+01 2.669125e+01 2.554939e+01 2.198360e+01 2.219052e+01 2.449556e+01 1.600565e+01 2.261719e+00 2.610074e+00 3.695717e+00 2.477511e+00 2.108484e+00 2.262426e+00 2.567369e+00 2.060118e+00 1.906080e+00 1.924078e+00 1.796412e+00 1.576961e+00 3.509458e-03
<GCONST> 8.900674e+01
<MIXTURE> 46 9.336259e-03
<MEAN> 25
 -9.233300e+00 2.026045e+00 1.759066e+00 6.712178e+00 5.193478e+00 3.303669e+00 6.553022e+00 3.927251e+00 6.229438e+00 4.374948e+00 4.324352e+00 2.756096e+00 1.177490e+00 -9.306030e-02 -1.100155e-01 1.015373e+00 6.334230e-01 8.212348e-01 4.952081e-01 6.106502e-01 3.279205e-01 5.278434e-01 4.972973e-01 4.705892e-01 -1.029320e-01
<VARIANCE> 25
 3.282579e+01 4.024634e+01 3.826982e+01 4.942892e+01 4.866028e+01 4.114870e+01 3.624289e+01 3.765894e+01 3.454628e+01 2.964403e+01 3.018230e+01 1.914100e+01 3.800964e+00 3.908683e+00 3.807789e+00 3.753467e+00 3.724231e+00 3.476319e+00 3.198175e+00 3.065845e+00 3.002738e+00 2.703093e+00 2.414617e+00 1.615815e+00 7.297738e-03
<GCONST> 9.752691e+01
<MIXTURE> 47 7.116147e-03
<MEAN> 25
 6.542563e+00 -7.937304e+00 -7.528118e+00 -6.312572e+00 1.131930e+00 9.235176e-01 -3.228163e+00 1.762064e-01 1.829105e+00 8.734875e-01 -4.223400e+00 -5.870807e+00 -1.142293e-01 -1.197649e+00 -6.940617e-01 -4.587162e-01 5.401704e-01 8.475912e-01 6.370215e-01 2.471210e-01 3.881776e-02 -5.462958e-01 -3.475231e-01 -4.888017e-01 3.030090e-02
<VARIANCE> 25
 1.163716e+01 2.193393e+01 1.896441e+01 2.704730e+01 2.953242e+01 4.172201e+01 3.978416e+01 3.773182e+01 4.435793e+01 3.894432e+01 4.648388e+01 3.079027e+01 5.421851e-01 7.353790e-01 1.072447e+00 1.539650e+00 1.734472e+00 2.074584e+00 2.232987e+00 2.363788e+00 1.908884e+00 2.299869e+00 2.203530e+00 1.820561e+00 5.224306e-04
<GCONST> 8.471815e+01
<MIXTURE> 48 7.116147e-03
<MEAN> 25
 6.542563e+00 -7.937304e+00 -7.528118e+00 -6.312572e+00 1.131930e+00 9.235176e-01 -3.228163e+00 1.762064e-01 1.829105e+00 8.734875e-01 -4.223400e+00 -5.870807e+00 -1.142293e-01 -1.197649e+00 -6.940617e-01 -4.587162e-01 5.401704e-01 8.475912e-01 6.370215e-01 2.471210e-01 3.881776e-02 -5.462958e-01 -3.475231e-01 -4.888017e-01 3.030090e-02
<VARIANCE> 25
 1.163716e+01 2.193393e+01 1.896441e+01 2.704730e+01 2.953242e+01 4.172201e+01 3.978416e+01 3.773182e+01 4.435793e+01 3.894432e+01 4.648388e+01 3.079027e+01 5.421851e-01 7.353790e-01 1.072447e+00 1.539650e+00 1.734472e+00 2.074584e+00 2.232987e+00 2.363788e+00 1.908884e+00 2.299869e+00 2.203530e+00 1.820561e+00 5.224306e-04
<GCONST> 8.471815e+01
<MIXTURE> 49 5.548473e-03
<MEAN> 25
 -3.791075e+00 1.327094e+00 2.365843e-01 7.907060e+00 5.823919e+00 4.183875e+00 5.520314e+00 4.620732e+00 4.680865e+00 2.784691e+00 3.663114e+00 1.937378e+00 2.976733e-01 6.625544e-01 7.042721e-01 3.793482e-01 -5.784572e-02 -4.107336e-01 -9.748623e-01 -1.098886e+00 -7.584806e-01 -6.984143e-01 -5.669619e-01 -2.138468e-01 3.150507e-04
<VARIANCE> 25
 1.014782e+01 1.036218e+01 1.078521e+01 1.293340e+01 1.542110e+01 1.724417e+01 1.582301e+01 1.822416e+01 1.577085e+01 1.742019e+01 1.893330e+01 1.405025e+01 2.218335e-01 2.460937e-01 3.020228e-01 5.128680e-01 7.695738e-01 1.013830e+00 9.407348e-01 1.225566e+00 1.020749e+00 1.328623e+00 1.328820e+00 1.294046e+00 1.829062e-05
<GCONST> 6.304600e+01
<MIXTURE> 50 6.234641e-03
<MEAN> 25
 -3.134091e+00 1.555618e+00 -8.953159e-01 5.262396e+00 3.773546e+00 1.529672e+00 3.953835e+00 2.162663e+00 2.800157e+00 9.726070e-01 1.627093e+00 1.961985e+00 8.320117e-02 2.077134e-01 5.743702e-02 -1.427532e-01 -3.793891e-01 -5.105162e-01 -3.893182e-01 -1.473712e-01 2.762723e-01 7.058788e-01 7.766232e-01 5.118922e-01 7.163006e-05
<VARIANCE> 25
 9.191435e+00 1.061479e+01 1.238119e+01 1.320250e+01 1.186535e+01 1.457017e+01 1.401760e+01 1.530736e+01 1.639540e+01 1.490939e+01 1.747103e+01 1.380026e+01 1.510042e-01 2.760516e-01 3.448004e-01 5.381652e-01 6.224765e-01 6.287419e-01 8.555937e-01 1.166755e+00 9.968155e-01 9.665132e-01 7.904162e-01 1.025940e+00 1.682605e-06
<GCONST> 5.778568e+01
<MIXTURE> 51 6.234641e-03
<MEAN> 25
 -3.134091e+00 1.555618e+00 -8.953159e-01 5.262396e+00 3.773546e+00 1.529672e+00 3.953835e+00 2.162663e+00 2.800157e+00 9.726070e-01 1.627093e+00 1.961985e+00 8.320117e-02 2.077134e-01 5.743702e-02 -1.427532e-01 -3.793891e-01 -5.105162e-01 -3.893182e-01 -1.473712e-01 2.762723e-01 7.058788e-01 7.766232e-01 5.118922e-01 7.163006e-05
<VARIANCE> 25
 9.191435e+00 1.061479e+01 1.238119e+01 1.320250e+01 1.186535e+01 1.457017e+01 1.401760e+01 1.530736e+01 1.639540e+01 1.490939e+01 1.747103e+01 1.380026e+01 1.510042e-01 2.760516e-01 3.448004e-01 5.381652e-01 6.224765e-01 6.287419e-01 8.555937e-01 1.166755e+00 9.968155e-01 9.665132e-01 7.904162e-01 1.025940e+00 1.682605e-06
<GCONST> 5.778568e+01
<MIXTURE> 52 6.367945e-03
<MEAN> 25
 9.152786e+00 1.848696e+00 -6.455007e+00 -1.369286e+01 -4.112439e+00 8.561447e+00 -3.931210e+00 -4.030557e+00 -5.131790e+00 -2.297078e+00 4.283990e+00 7.718511e-01 -3.573017e-01 -4.211944e-01 1.951861e-02 1.044143e+00 1.253965e+00 -5.261328e-01 -4.987279e-01 -6.066704e-01 1.612204e-01 1.182125e+00 1.220759e-01 -3.962529e-01 -1.606985e-02
<VARIANCE> 25
 1.080840e+01 1.799435e+01 2.117715e+01 3.432587e+01 3.839063e+01 2.676546e+01 4.813836e+01 4.491610e+01 3.780025e+01 4.290485e+01 3.918692e+01 2.613794e+01 4.512898e-01 1.375010e+00 1.156622e+00 2.544747e+00 1.989383e+00 2.140731e+00 2.951614e+00 2.868840e+00 2.720746e+00 2.402433e+00 2.527630e+00 2.324352e+00 1.721490e-03
<GCONST> 8.821409e+01
<MIXTURE> 53 6.367945e-03
<MEAN> 25
 9.152786e+00 1.848696e+00 -6.455007e+00 -1.369286e+01 -4.112439e+00 8.561447e+00 -3.931210e+00 -4.030557e+00 -5.131790e+00 -2.297078e+00 4.283990e+00 7.718511e-01 -3.573017e-01 -4.211944e-01 1.951861e-02 1.044143e+00 1.253965e+00 -5.261328e-01 -4.987279e-01 -6.066704e-01 1.612204e-01 1.182125e+00 1.220759e-01 -3.962529e-01 -1.606985e-02
<VARIANCE> 25
 1.080840e+01 1.799435e+01 2.117715e+01 3.432587e+01 3.839063e+01 2.676546e+01 4.813836e+01 4.491610e+01 3.780025e+01 4.290485e+01 3.918692e+01 2.613794e+01 4.512898e-01 1.375010e+00 1.156622e+00 2.544747e+00 1.989383e+00 2.140731e+00 2.951614e+00 2.868840e+00 2.720746e+00 2.402433e+00 2.527630e+00 2.324352e+00 1.721490e-03
<GCONST> 8.821409e+01
<MIXTURE> 54 7.368620e-03
<MEAN> 25
 -3.182347e+00 4.063880e-01 -6.878835e-01 7.505126e+00 6.116408e+00 4.020096e+00 4.409088e+00 4.650026e+00 4.127781e+00 3.222368e+00 3.968597e+00 1.987818e+00 -8.436977e-03 2.445778e-02 5.264784e-03 4.000615e-02 1.017252e-01 9.299085e-02 2.478618e-02 5.118947e-02 5.257954e-02 -1.892264e-02 -3.315707e-02 -2.711513e-02 1.326127e-05
<VARIANCE> 25
 8.823020e+00 1.072629e+01 8.913250e+00 1.789743e+01 1.315678e+01 1.365214e+01 1.118386e+01 1.030807e+01 1.112383e+01 1.357567e+01 1.725439e+01 1.319734e+01 4.195644e-02 9.406410e-02 1.664144e-01 2.419712e-01 3.219748e-01 4.212688e-01 4.490299e-01 5.921302e-01 6.070660e-01 5.269737e-01 5.391762e-01 5.449295e-01 1.147847e-06
<GCONST> 4.784113e+01
<MIXTURE> 55 7.368620e-03
<MEAN> 25
 -3.182347e+00 4.063880e-01 -6.878835e-01 7.505126e+00 6.116408e+00 4.020096e+00 4.409088e+00 4.650026e+00 4.127781e+00 3.222368e+00 3.968597e+00 1.987818e+00 -8.436977e-03 2.445778e-02 5.264784e-03 4.000615e-02 1.017252e-01 9.299085e-02 2.478618e-02 5.118947e-02 5.257954e-02 -1.892264e-02 -3.315707e-02 -2.711513e-02 1.326127e-05
<VARIANCE> 25
 8.823020e+00 1.072629e+01 8.913250e+00 1.789743e+01 1.315678e+01 1.365214e+01 1.118386e+01 1.030807e+01 1.112383e+01 1.357567e+01 1.725439e+01 1.319734e+01 4.195644e-02 9.406410e-02 1.664144e-01 2.419712e-01 3.219748e-01 4.212688e-01 4.490299e-01 5.921302e-01 6.070660e-01 5.269737e-01 5.391762e-01 5.449295e-01 1.147847e-06
<GCONST> 4.784113e+01
<MIXTURE> 56 6.132464e-03
<MEAN> 25
 7.081717e+00 -6.409310e+00 -8.475988e+00 -7.643391e+00 3.610573e+00 3.496986e+00 -1.959862e+00 -1.576873e+00 2.026294e+00 1.329536e+00 -2.690824e+00 -6.735796e+00 -6.650051e-02 1.362977e-02 -3.300834e-02 -4.276974e-03 2.026024e-01 5.033676e-02 1.137264e-01 -4.777637e-02 -1.152290e-01 -5.480519e-02 -1.624317e-01 3.209002e-02 -8.670327e-03
<VARIANCE> 25
 9.865797e+00 2.509491e+01 1.880097e+01 4.190707e+01 2.931086e+01 4.343783e+01 5.590033e+01 3.535423e+01 4.126503e+01 3.432605e+01 3.740717e+01 2.935331e+01 2.387680e-01 4.033070e-01 4.698455e-01 7.336477e-01 7.576050e-01 1.008579e+00 9.111219e-01 8.733982e-01 8.589404e-01 1.084876e+00 9.895787e-01 9.085452e-01 2.377650e-04
<GCONST> 7.469939e+01
<MIXTURE> 57 6.132464e-03
<MEAN> 25
 7.081717e+00 -6.409310e+00 -8.475988e+00 -7.643391e+00 3.610573e+00 3.496986e+00 -1.959862e+00 -1.576873e+00 2.026294e+00 1.329536e+00 -2.690824e+00 -6.735796e+00 -6.650051e-02 1.362977e-02 -3.300834e-02 -4.276974e-03 2.026024e-01 5.033676e-02 1.137264e-01 -4.777637e-02 -1.152290e-01 -5.480519e-02 -1.624317e-01 3.209002e-02 -8.670327e-03
<VARIANCE> 25
 9.865797e+00 2.509491e+01 1.880097e+01 4.190707e+01 2.931086e+01 4.343783e+01 5.590033e+01 3.535423e+01 4.126503e+01 3.432605e+01 3.740717e+01 2.935331e+01 2.387680e-01 4.033070e-01 4.698455e-01 7.336477e-01 7.576050e-01 1.008579e+00 9.111219e-01 8.733982e-01 8.589404e-01 1.084876e+00 9.895787e-01 9.085452e-01 2.377650e-04
<GCONST> 7.469939e+01
<MIXTURE> 58 6.172147e-03
<MEAN> 25
 1.824819e+00 -2.520687e+00 8.902066e+00 -5.016598e+00 -1.282198e+01 -5.647010e+00 6.122969e-01 1.109744e+00 -2.846513e+00 1.658427e+00 8.571451e-01 -1.715592e-02 -3.760305e-02 1.236301e-01 -9.269847e-02 -1.299323e-01 8.743024e-02 2.344911e-01 2.730375e-01 1.166797e-01 1.980375e-02 4.021539e-02 -1.580721e-01 -2.359811e-01 -9.407211e-03
<VARIANCE> 25
 7.457938e+00 1.958238e+01 2.436539e+01 2.644763e+01 2.582669e+01 3.470720e+01 2.910359e+01 2.912501e+01 3.075318e+01 2.455478e+01 1.983512e+01 1.825286e+01 2.737639e-01 1.032362e+00 7.919109e-01 9.174947e-01 7.368517e-01 9.430125e-01 1.098662e+00 1.406037e+00 1.054234e+00 9.899276e-01 9.001861e-01 8.161017e-01 7.667979e-04
<GCONST> 7.450747e+01
<MIXTURE> 59 6.172147e-03
<MEAN> 25
 1.824819e+00 -2.520687e+00 8.902066e+00 -5.016598e+00 -1.282198e+01 -5.647010e+00 6.122969e-01 1.109744e+00 -2.846513e+00 1.658427e+00 8.571451e-01 -1.715592e-02 -3.760305e-02 1.236301e-01 -9.269847e-02 -1.299323e-01 8.743024e-02 2.344911e-01 2.730375e-01 1.166797e-01 1.980375e-02 4.021539e-02 -1.580721e-01 -2.359811e-01 -9.407211e-03
<VARIANCE> 25
 7.457938e+00 1.958238e+01 2.436539e+01 2.644763e+01 2.582669e+01 3.470720e+01 2.910359e+01 2.912501e+01 3.075318e+01 2.455478e+01 1.983512e+01 1.825286e+01 2.737639e-01 1.032362e+00 7.919109e-01 9.174947e-01 7.368517e-01 9.430125e-01 1.098662e+00 1.406037e+00 1.054234e+00 9.899276e-01 9.001861e-01 8.161017e-01 7.667979e-04
<GCONST> 7.450747e+01
<MIXTURE> 60 4.479129e-03
<MEAN> 25
 -2.619841e+00 1.071314e+00 -9.779280e-01 3.812944e+00 2.481452e+00 6.419318e-01 2.948679e+00 2.004790e+00 2.270734e+00 5.057196e-01 1.022817e+00 5.919390e-01 8.537263e-03 1.052916e-01 1.161686e-01 2.349940e-01 2.059341e-01 6.470527e-02 5.475597e-02 2.702865e-01 5.398284e-01 4.884352e-01 4.980949e-01 3.398417e-01 9.132283e-04
<VARIANCE> 25
 4.630579e+00 6.185747e+00 8.139069e+00 7.628512e+00 1.025182e+01 1.158393e+01 1.179856e+01 1.062614e+01 9.090986e+00 1.055478e+01 1.279129e+01 1.062808e+01 7.984453e-02 1.981618e-01 2.885471e-01 4.824803e-01 7.251869e-01 7.259707e-01 8.382242e-01 8.029537e-01 1.020699e+00 7.932551e-01 7.337208e-01 8.557052e-01 4.335236e-05
<GCONST> 5.463663e+01
<MIXTURE> 61 4.479129e-03
<MEAN> 25
 -2.619841e+00 1.071314e+00 -9.779280e-01 3.812944e+00 2.481452e+00 6.419318e-01 2.948679e+00 2.004790e+00 2.270734e+00 5.057196e-01 1.022817e+00 5.919390e-01 8.537263e-03 1.052916e-01 1.161686e-01 2.349940e-01 2.059341e-01 6.470527e-02 5.475597e-02 2.702865e-01 5.398284e-01 4.884352e-01 4.980949e-01 3.398417e-01 9.132283e-04
<VARIANCE> 25
 4.630579e+00 6.185747e+00 8.139069e+00 7.628512e+00 1.025182e+01 1.158393e+01 1.179856e+01 1.062614e+01 9.090986e+00 1.055478e+01 1.279129e+01 1.062808e+01 7.984453e-02 1.981618e-01 2.885471e-01 4.824803e-01 7.251869e-01 7.259707e-01 8.382242e-01 8.029537e-01 1.020699e+00 7.932551e-01 7.337208e-01 8.557052e-01 4.335236e-05
<GCONST> 5.463663e+01
<MIXTURE> 62 3.278034e-03
<MEAN> 25
 -4.849108e+00 1.429507e+00 1.045589e+00 8.704278e+00 6.126755e+00 4.933660e+00 5.197721e+00 3.759371e+00 5.033309e+00 3.742163e+00 4.750570e+00 2.763673e+00 -9.745790e-01 -1.079070e+00 -9.600703e-01 -2.966861e-01 3.910008e-01 9.912612e-01 1.429667e+00 1.580150e+00 1.466172e+00 1.225460e+00 1.005203e+00 6.752926e-01 -1.463638e-03
<VARIANCE> 25
 1.024217e+01 9.997252e+00 1.249579e+01 1.669686e+01 1.718211e+01 1.707834e+01 2.056141e+01 1.979974e+01 1.823908e+01 1.821111e+01 2.134932e+01 1.459645e+01 3.959204e-01 5.600071e-01 5.309910e-01 7.490044e-01 1.012946e+00 1.140386e+00 1.237456e+00 1.248831e+00 1.284443e+00 1.302785e+00 1.390882e+00 1.347176e+00 1.665795e-05
<GCONST> 6.744581e+01
<MIXTURE> 63 4.351215e-03
<MEAN> 25
 -1.879567e+00 1.070109e+00 -2.584422e+00 3.332810e+00 3.305964e+00 -1.810604e-01 3.471794e+00 1.681175e+00 2.408904e+00 -1.331352e+00 -1.522891e+00 2.611219e-02 -5.827389e-02 3.317741e-01 4.248502e-01 5.059786e-01 4.425888e-01 3.872019e-01 3.093624e-01 1.776265e-01 2.573352e-01 2.044455e-01 1.621969e-01 -1.463712e-01 -1.249218e-03
<VARIANCE> 25
 5.228172e+00 1.112864e+01 9.924311e+00 1.067497e+01 1.191062e+01 1.364696e+01 1.388041e+01 1.655677e+01 1.855889e+01 1.502057e+01 1.214489e+01 1.623296e+01 1.896509e-01 4.748307e-01 5.208745e-01 6.083352e-01 9.433256e-01 9.627422e-01 1.174746e+00 1.370385e+00 1.395164e+00 1.225584e+00 1.155418e+00 1.320798e+00 2.370787e-04
<GCONST> 6.555115e+01
<MIXTURE> 64 4.351215e-03
<MEAN> 25
 -1.879567e+00 1.070109e+00 -2.584422e+00 3.332810e+00 3.305964e+00 -1.810604e-01 3.471794e+00 1.681175e+00 2.408904e+00 -1.331352e+00 -1.522891e+00 2.611219e-02 -5.827389e-02 3.317741e-01 4.248502e-01 5.059786e-01 4.425888e-01 3.872019e-01 3.093624e-01 1.776265e-01 2.573352e-01 2.044455e-01 1.621969e-01 -1.463712e-01 -1.249218e-03
<VARIANCE> 25
 5.228172e+00 1.112864e+01 9.924311e+00 1.067497e+01 1.191062e+01 1.364696e+01 1.388041e+01 1.655677e+01 1.855889e+01 1.502057e+01 1.214489e+01 1.623296e+01 1.896509e-01 4.748307e-01 5.208745e-01 6.083352e-01 9.433256e-01 9.627422e-01 1.174746e+00 1.370385e+00 1.395164e+00 1.225584e+00 1.155418e+00 1.320798e+00 2.370787e-04
<GCONST> 6.555115e+01
<MIXTURE> 65 1.721197e-02
<MEAN> 25
 7.528964e+00 1.350784e+00 1.082091e+00 -5.432518e-03 -4.863125e+00 -4.036627e+00 -4.686019e+00 -6.516319e+00 -3.674079e+00 -2.208969e-01 -4.265329e+00 -1.217846e+00 1.599314e-01 2.691072e-01 -3.572495e-02 2.009189e-01 -4.282967e-01 3.277126e-01 -1.068875e-01 -2.695975e-01 4.699350e-01 -2.347296e-01 2.341890e-01 -2.683737e-01 -4.901463e-03
<VARIANCE> 25
 8.674508e+00 1.604057e+01 2.224359e+01 2.488428e+01 2.777050e+01 4.203311e+01 4.378438e+01 4.282826e+01 4.299913e+01 5.072100e+01 4.087997e+01 3.831691e+01 5.218589e-01 9.625567e-01 1.275885e+00 1.522625e+00 1.817514e+00 1.718424e+00 1.781447e+00 2.339352e+00 2.577867e+00 2.368904e+00 2.133195e+00 2.072892e+00 3.804490e-04
<GCONST> 8.480520e+01
<MIXTURE> 66 1.191532e-02
<MEAN> 25
 6.457007e+00 -5.518739e+00 -5.299592e+00 -4.343221e+00 1.250409e+00 -3.630748e+00 -7.598999e+00 4.409698e-01 -3.640842e-01 1.130300e+00 -6.784069e+00 -1.483034e+00 1.012762e-01 1.795787e+00 1.683939e+00 1.909906e+00 -8.213856e-01 -1.174728e+00 4.861130e-01 -4.727260e-01 4.022822e-01 -3.483962e-01 6.984109e-02 5.632032e-01 -7.434857e-02
<VARIANCE> 25
 6.477558e+00 2.090554e+01 2.114963e+01 2.108770e+01 2.599369e+01 3.691879e+01 3.743041e+01 3.610193e+01 3.995787e+01 4.979065e+01 3.272079e+01 3.157193e+01 1.190035e+00 1.709703e+00 1.925666e+00 1.759203e+00 3.109539e+00 3.022223e+00 3.396033e+00 3.734711e+00 3.349891e+00 3.511723e+00 3.639593e+00 3.349449e+00 1.189467e-03
<GCONST> 9.050957e+01
<MIXTURE> 67 1.559142e-02
<MEAN> 25
 7.862466e+00 2.488192e+00 -6.196047e+00 -8.545472e+00 -1.018802e+00 2.422756e+00 -3.887232e+00 -3.068442e+00 -4.527107e+00 1.291655e-01 4.459434e-01 -6.622374e-01 -8.186622e-01 1.542004e+00 9.152770e-01 2.792684e+00 1.233393e+00 -9.149032e-01 1.745634e+00 5.580517e-01 7.093280e-01 2.702578e-01 -7.037092e-01 5.214478e-01 -1.212624e-01
<VARIANCE> 25
 8.725293e+00 3.126922e+01 1.967664e+01 4.093769e+01 3.674676e+01 3.991977e+01 4.611566e+01 4.288206e+01 4.393407e+01 5.427658e+01 3.992757e+01 3.140406e+01 1.439952e+00 2.410741e+00 2.191345e+00 2.794992e+00 2.735452e+00 3.461054e+00 3.410311e+00 3.302709e+00 3.670860e+00 3.244111e+00 3.968391e+00 2.645366e+00 1.906185e-03
<GCONST> 9.433067e+01
<MIXTURE> 68 1.485092e-02
<MEAN> 25
 -1.722777e+00 -2.354246e+00 -3.872146e+00 1.622790e+00 4.571886e+00 9.342216e-01 2.351161e+00 1.107489e+00 1.599019e+00 -6.229783e-01 5.617135e-02 2.041498e+00 2.529881e+00 -6.215046e-02 -4.557084e-02 -2.565221e+00 -2.243467e+00 -1.322898e+00 -2.319578e+00 -1.996188e+00 -1.783664e+00 -8.151258e-01 -1.600926e+00 -8.530705e-01 1.053669e-01
<VARIANCE> 25
 2.040465e+01 3.422024e+01 4.942684e+01 4.076412e+01 3.960123e+01 4.933343e+01 4.310389e+01 4.526098e+01 3.195646e+01 5.029485e+01 3.370131e+01 2.111556e+01 1.695978e+00 3.662469e+00 4.543353e+00 4.750375e+00 3.989146e+00 5.876953e+00 4.926280e+00 4.785414e+00 4.440660e+00 4.949831e+00 4.607424e+00 3.101111e+00 5.635242e-03
<GCONST> 1.009911e+02
<MIXTURE> 69 1.204884e-02
<MEAN> 25
 3.617885e+00 -4.616815e+00 -3.044376e+00 -3.522615e+00 -2.340939e+00 -6.169560e+00 -2.926362e+00 1.880835e-01 7.079776e-02 -3.306778e+00 -6.377975e+00 1.527191e+00 1.684346e+00 -2.376575e+00 -1.420431e+00 -1.853446e+00 -2.616000e-01 -8.856302e-02 -8.051523e-01 3.523556e-01 -5.694809e-01 -4.234114e-01 -2.412195e+00 -5.752674e-01 7.343637e-02
<VARIANCE> 25
 7.523885e+00 1.868648e+01 2.056734e+01 1.849077e+01 2.634164e+01 2.698533e+01 4.037268e+01 2.360887e+01 2.681096e+01 2.950596e+01 2.644668e+01 1.909342e+01 3.336331e+00 3.051123e+00 2.517110e+00 2.435595e+00 3.673305e+00 3.577862e+00 4.816918e+00 4.202193e+00 4.783762e+00 5.431919e+00 3.746458e+00 3.103017e+00 2.028162e-03
<GCONST> 9.238524e+01
<MIXTURE> 70 1.329190e-02
<MEAN> 25
 6.736446e+00 -3.056150e+00 -4.647973e+00 -3.668200e+00 -1.366732e+00 4.836479e-01 -7.508982e+00 -5.355987e+00 -4.613716e-01 1.874355e+00 6.561297e-01 -3.042933e+00 1.437700e+00 -1.238180e+00 -7.706701e-01 -2.121928e+00 -1.163941e+00 1.221564e+00 -1.402133e+00 -2.838999e-01 -4.800718e-01 4.108228e-01 1.032013e+00 -1.538258e+00 6.924243e-02
<VARIANCE> 25
 8.631021e+00 2.353187e+01 2.266933e+01 3.723161e+01 2.690359e+01 3.896753e+01 4.138302e+01 3.911526e+01 3.503096e+01 3.160341e+01 4.431357e+01 2.934695e+01 2.936158e+00 2.853510e+00 3.199711e+00 3.792273e+00 3.833135e+00 4.993956e+00 4.968888e+00 5.431302e+00 4.612649e+00 4.471532e+00 5.590027e+00 3.702616e+00 2.032148e-03
<GCONST> 9.725002e+01
<MIXTURE> 71 1.406903e-02
<MEAN> 25
 5.970580e+00 4.930496e+00 3.611197e+00 2.153266e+00 -3.738745e+00 -4.066168e+00 -2.806320e+00 -6.140936e+00 -4.241418e+00 -1.503176e+00 -3.528201e+00 -2.786411e+00 -1.521683e+00 -9.973125e-01 -6.268545e-01 -1.601110e+00 1.368216e+00 3.183602e-01 -1.296484e-01 1.442867e+00 4.929984e-01 -5.530692e-01 5.509566e-01 7.216507e-01 3.875137e-02
<VARIANCE> 25
 1.534118e+01 2.069117e+01 2.076311e+01 3.437538e+01 3.244336e+01 3.279860e+01 3.628841e+01 3.319333e+01 3.516691e+01 3.743564e+01 3.330218e+01 3.183261e+01 1.354778e+00 2.805428e+00 5.953201e+00 3.906931e+00 3.955705e+00 4.907988e+00 3.842331e+00 4.234194e+00 3.398587e+00 3.504867e+00 3.224872e+00 4.906822e+00 1.341155e-03
<GCONST> 9.535223e+01
<MIXTURE> 72 8.134747e-03
<MEAN> 25
 3.361076e+00 -3.936429e+00 5.973654e+00 -1.969992e+00 -1.064766e+01 -9.435487e+00 -3.380789e+00 1.781778e+00 -5.819553e+00 -2.397461e+00 -5.130075e-01 5.324349e-01 8.321067e-01 -7.624599e-01 -2.848855e+00 6.644561e-01 2.146194e+00 -4.536786e-01 -1.601435e+00 1.089540e+00 1.835997e+00 -3.836179e-01 -1.149836e+00 7.391462e-02 -4.515546e-04
<VARIANCE> 25
 1.047340e+01 1.777083e+01 3.114412e+01 3.499222e+01 2.960364e+01 2.911526e+01 4.058292e+01 3.113442e+01 4.323003e+01 3.635689e+01 4.271914e+01 2.438536e+01 4.350239e-01 9.565222e-01 2.404569e+00 1.555738e+00 1.894819e+00 2.371971e+00 3.373793e+00 3.483505e+00 2.346215e+00 2.842703e+00 1.838572e+00 2.470184e+00 7.487799e-04
<GCONST> 8.699966e+01
<MIXTURE> 73 1.213625e-02
<MEAN> 25
 -5.089385e+00 -8.683742e-01 -1.597317e+00 3.398809e+00 3.172602e+00 1.902764e+00 4.429651e+00 2.486848e+00 4.124282e+00 1.973669e+00 3.313129e+00 2.782830e+00 7.022410e-01 -1.597010e+00 -7.269315e-01 -2.172139e+00 -8.616038e-01 -1.470549e+00 -1.513373e+00 -7.265929e-01 -1.141648e+00 -6.097279e-01 -9.400214e-01 4.951242e-01 1.422752e-01
<VARIANCE> 25
 1.126369e+01 1.422831e+01 1.165976e+01 1.922418e+01 2.041767e+01 1.855191e+01 2.053216e+01 1.767277e+01 1.334978e+01 1.769065e+01 2.203087e+01 1.657798e+01 3.138596e+00 2.983707e+00 4.459935e+00 3.779374e+00 5.200326e+00 4.222846e+00 4.077951e+00 3.249554e+00 3.881887e+00 3.678836e+00 3.146045e+00 2.920991e+00 3.304435e-03
<GCONST> 8.953159e+01
<MIXTURE> 74 1.756491e-02
<MEAN> 25
 3.671691e+00 -4.224003e+00 6.542724e+00 -2.789731e+00 -8.196819e+00 -6.677233e+00 -3.157696e+00 4.327619e-03 -5.601596e+00 1.371534e+00 -6.556728e-01 1.911769e+00 5.071036e-01 1.949221e+00 -6.995090e-01 1.702828e+00 1.299546e+00 2.648070e-01 5.538149e-01 -7.681852e-01 1.102352e+00 1.330655e-01 -1.681388e-01 -3.077310e-01 -7.958227e-02
<VARIANCE> 25
 1.042591e+01 2.198007e+01 4.009785e+01 3.016383e+01 3.404473e+01 2.575302e+01 3.689238e+01 2.880766e+01 4.352362e+01 3.660183e+01 2.674541e+01 3.359817e+01 1.715187e+00 1.246470e+00 3.117278e+00 2.080880e+00 2.658033e+00 2.409950e+00 3.724112e+00 3.029503e+00 3.083322e+00 2.679553e+00 2.473544e+00 2.878824e+00 1.160711e-03
<GCONST> 9.062440e+01
<MIXTURE> 75 9.711651e-03
<MEAN> 25
 1.592918e+00 -2.387791e+00 1.196786e+01 -5.630615e-01 -1.332256e+01 -7.115530e+00 -4.702592e+00 -8.752944e-01 -6.483831e+00 -3.917643e+00 4.413254e+00 8.873782e-01 1.320827e+00 -1.762869e+00 3.106105e-01 -1.232892e-01 -2.026315e+00 -6.361523e-01 -1.397507e+00 1.008915e+00 -7.531664e-01 -1.492984e-01 8.818553e-01 -5.498269e-01 4.768715e-02
<VARIANCE> 25
 1.119201e+01 2.390384e+01 2.559618e+01 2.889623e+01 2.491988e+01 2.605784e+01 2.590928e+01 2.557524e+01 3.427832e+01 2.347836e+01 1.722423e+01 1.744857e+01 2.019200e+00 1.419206e+00 4.345026e+00 2.547634e+00 3.881360e+00 3.860624e+00 3.480214e+00 3.047995e+00 3.968824e+00 2.646683e+00 2.935495e+00 2.172091e+00 2.029397e-03
<GCONST> 9.004061e+01
<MIXTURE> 76 1.052359e-02
<MEAN> 25
 -5.021214e+00 3.881814e-01 -1.754385e+00 3.186582e+00 3.206056e+00 1.757903e+00 3.026034e+00 8.432730e-01 1.755347e+00 -7.472120e-01 1.039753e+00 1.783674e+00 -2.402704e-01 -5.661495e-01 -1.776698e-01 -6.476499e-01 -5.390699e-01 -5.702304e-01 -4.385589e-01 -4.512736e-01 -4.742397e-01 -5.414672e-01 -1.929989e-01 -1.652807e-02 1.913293e-02
<VARIANCE> 25
 3.048910e+01 1.862528e+01 2.375454e+01 1.657432e+01 2.173285e+01 1.721507e+01 1.642598e+01 2.192090e+01 2.090169e+01 1.774899e+01 2.323730e+01 2.087451e+01 6.843794e-01 1.147274e+00 1.391690e+00 1.142206e+00 1.307265e+00 1.321896e+00 1.430902e+00 1.756543e+00 1.297387e+00 1.275387e+00 1.502578e+00 1.366894e+00 1.125204e-03
<GCONST> 7.829962e+01
<MIXTURE> 77 1.244626e-02
<MEAN> 25
 1.090900e-02 6.500541e+00 1.275083e+01 -1.165497e+01 -7.429184e+00 9.054708e-01 -9.557378e+00 -5.718254e+00 -5.126058e+00 4.159956e-01 -2.545939e+00 -2.365809e+00 1.034936e-01 3.094291e-01 -9.055694e-02 3.855007e-01 9.006213e-02 4.294195e-02 8.128087e-02 -2.157279e-01 1.843987e-01 -6.964298e-02 2.123509e-02 1.970898e-02 -1.398028e-02
<VARIANCE> 25
 8.337777e+00 2.689506e+01 2.759908e+01 4.407070e+01 2.801822e+01 3.190058e+01 3.911485e+01 3.033374e+01 4.559258e+01 2.805395e+01 3.728494e+01 3.339036e+01 2.740902e-01 6.338208e-01 5.813383e-01 9.650971e-01 1.235184e+00 8.167466e-01 1.184288e+00 1.096610e+00 1.045870e+00 9.233008e-01 9.643587e-01 7.925935e-01 5.222752e-04
<GCONST> 7.669914e+01
<MIXTURE> 78 9.702551e-03
<MEAN> 25
 -9.804776e+00 5.013716e-01 -2.810243e-01 2.286782e+00 2.853278e+00 -2.362638e+00 3.497541e+00 2.928334e+00 3.216646e+00 -8.324589e-01 -9.751951e-01 2.875262e+00 2.224651e+00 4.194483e-01 7.262898e-03 4.619457e-01 1.872919e-01 6.510811e-02 5.887035e-01 8.983999e-02 -1.241294e-01 2.639457e-01 -9.064113e-01 -4.393590e-01 -6.833599e-02
<VARIANCE> 25
 3.648260e+01 2.516187e+01 2.708183e+01 2.436179e+01 2.774358e+01 4.136010e+01 2.728048e+01 3.383924e+01 2.885277e+01 2.427054e+01 2.127157e+01 1.538036e+01 4.083285e+00 2.676571e+00 2.621992e+00 2.428060e+00 2.257496e+00 2.958632e+00 3.195796e+00 3.436216e+00 2.473416e+00 2.160945e+00 3.067157e+00 1.595353e+00 3.941447e-03
<GCONST> 9.174145e+01
<MIXTURE> 79 1.156824e-02
<MEAN> 25
 2.417523e+00 -3.866054e-01 1.033189e+01 -8.344922e+00 -1.095850e+01 -1.928573e+00 -4.091084e+00 -5.150244e+00 -8.249329e+00 2.384402e+00 -5.952270e-01 -2.327592e+00 1.145382e+00 8.210368e-02 -1.757197e+00 2.402632e+00 5.383984e-01 -1.283387e+00 6.843095e-01 3.461521e-01 1.299556e-01 -3.505256e-01 3.466938e-01 1.562518e-01 -4.924170e-02
<VARIANCE> 25
 1.222450e+01 2.712859e+01 3.443879e+01 4.612977e+01 2.686657e+01 3.800320e+01 4.548513e+01 2.821673e+01 3.432193e+01 3.441167e+01 4.138562e+01 4.713728e+01 8.819781e-01 1.914270e+00 1.926293e+00 1.789271e+00 1.988390e+00 2.290224e+00 2.468256e+00 2.932020e+00 2.759085e+00 2.139593e+00 1.739291e+00 1.699966e+00 1.206910e-03
<GCONST> 8.925386e+01
<MIXTURE> 80 7.550998e-03
<MEAN> 25
 -1.451769e+01 3.664464e+00 5.469890e-01 2.674327e+00 2.315067e+00 1.530938e+00 6.290001e+00 2.382682e+00 2.740019e+00 2.120801e+00 4.575929e+00 1.362727e+00 4.270254e+00 1.572639e-02 1.625346e+00 -1.138152e+00 -2.827101e+00 -2.759020e+00 -2.183497e+00 -1.963292e+00 -1.968313e+00 -1.622411e+00 -1.740921e+00 -6.145480e-01 -4.230577e-02
<VARIANCE> 25
 2.066469e+01 2.107295e+01 3.340051e+01 3.406714e+01 2.954794e+01 2.820835e+01 2.766903e+01 2.810715e+01 2.581718e+01 2.907096e+01 2.735087e+01 1.800108e+01 2.291888e+00 2.570198e+00 2.638760e+00 3.971865e+00 3.350389e+00 2.600600e+00 3.289424e+00 3.184792e+00 2.703219e+00 2.674268e+00 2.907873e+00 2.113477e+00 1.542926e-03
<GCONST> 9.121879e+01
<MIXTURE> 81 8.025434e-03
<MEAN> 25
 -1.106642e+00 3.722298e+00 1.033146e+01 -1.476099e+01 -9.074927e+00 -1.589606e+00 -6.628586e+00 -8.241547e+00 -4.297503e+00 -2.223916e-01 -7.339315e+00 -2.044964e+00 1.284528e-01 -5.773097e-01 5.405710e-03 -5.543109e-01 -4.327104e-01 3.393430e-01 2.975719e-01 1.334136e-01 -1.543466e-01 1.329010e-01 -4.440691e-01 -1.132015e-01 1.112915e-02
<VARIANCE> 25
 9.897076e+00 3.672124e+01 2.657792e+01 2.882128e+01 3.304247e+01 3.154059e+01 4.632916e+01 2.849828e+01 3.805157e+01 3.246661e+01 2.647533e+01 3.321455e+01 7.725912e-01 2.252628e+00 1.576666e+00 2.867665e+00 2.631711e+00 2.068195e+00 3.220531e+00 2.271727e+00 2.360664e+00 2.511522e+00 2.273291e+00 2.037918e+00 1.223389e-03
<GCONST> 8.887093e+01
<MIXTURE> 82 8.213053e-03
<MEAN> 25
 -9.050845e+00 -4.123161e+00 2.925526e+00 -1.145686e+00 9.478952e-01 8.062366e-01 1.531927e+00 6.312363e-01 3.416307e+00 7.541518e-01 2.352490e+00 3.788040e+00 -1.256937e+00 -6.566918e-01 2.072771e-01 -2.352877e+00 -1.218457e+00 -9.199280e-01 -1.355790e+00 -1.121340e+00 -1.750688e-01 -2.848338e-01 -1.960935e-01 3.569945e-01 1.549292e-01
<VARIANCE> 25
 1.627507e+01 2.318861e+01 3.548869e+01 2.703056e+01 3.097273e+01 2.608186e+01 3.148093e+01 2.818600e+01 3.424591e+01 2.970530e+01 2.341329e+01 1.509101e+01 3.377076e+00 3.006603e+00 3.482600e+00 2.429297e+00 3.224113e+00 2.378502e+00 2.787628e+00 2.588088e+00 2.718948e+00 2.198179e+00 1.851700e+00 1.931664e+00 3.169253e-03
<GCONST> 9.079580e+01
<MIXTURE> 83 1.167529e-02
<MEAN> 25
 -1.991655e+01 5.492470e+00 -1.632706e+00 -4.736491e-01 7.769948e+00 -1.109677e+00 5.388818e+00 3.089763e+00 1.264730e+00 2.063012e+00 7.513505e-01 2.833709e+00 -2.881541e-02 -4.650760e-01 2.442947e-02 -3.639188e-01 -5.093893e-01 -1.360254e-01 -1.388904e-01 -9.651273e-02 -1.457854e-02 -4.441993e-02 -4.325145e-02 -2.232124e-02 4.581467e-03
<VARIANCE> 25
 9.430747e+00 1.659263e+01 2.968429e+01 2.238965e+01 2.119468e+01 2.441988e+01 2.190584e+01 2.333036e+01 2.040608e+01 2.276836e+01 2.288498e+01 1.463199e+01 1.045342e+00 9.468732e-01 1.255769e+00 1.048123e+00 1.351698e+00 1.282908e+00 1.268950e+00 1.391408e+00 1.378403e+00 1.301517e+00 1.241956e+00 1.066562e+00 8.807367e-04
<GCONST> 7.715395e+01
<MIXTURE> 84 1.066614e-02
<MEAN> 25
 1.338428e+00 8.389467e+00 6.473579e+00 7.037041e+00 2.258116e+00 -1.389603e+00 -1.457172e+00 -4.416424e+00 -3.777643e+00 -2.653587e+00 -2.064204e+00 -1.294304e+00 -1.611407e+00 -1.079945e+00 -1.266918e+00 1.231920e+00 2.005689e+00 1.351109e+00 1.538505e+00 1.407751e+00 1.206297e+00 3.479539e-01 2.577461e-01 2.560131e-01 -6.829169e-02
<VARIANCE> 25
 2.127970e+01 1.793863e+01 2.393707e+01 2.547730e+01 2.672626e+01 2.523320e+01 2.543713e+01 2.666562e+01 2.288947e+01 2.239184e+01 2.167404e+01 2.340959e+01 2.078154e+00 2.232629e+00 3.749391e+00 3.092422e+00 3.176657e+00 3.063219e+00 3.217051e+00 3.075518e+00 3.442017e+00 2.893338e+00 3.572752e+00 2.837958e+00 3.217848e-03
<GCONST> 9.123518e+01
<MIXTURE> 85 7.591393e-03
<MEAN> 25
 -2.945498e+00 7.504968e+00 5.500705e+00 1.693071e+00 -3.253695e+00 -4.907970e+00 -2.445528e+00 -5.911986e+00 -3.298521e+00 -3.550805e+00 -6.765113e-01 -1.159815e+00 3.804451e+00 1.352632e-01 1.798876e+00 -2.138331e+00 -3.595215e+00 -2.823785e+00 -2.606535e+00 -2.438105e+00 -2.517696e+00 -8.987346e-01 -2.083338e+00 -5.472811e-01 1.487217e-02
<VARIANCE> 25
 4.054062e+01 2.307337e+01 3.234887e+01 3.509417e+01 3.548748e+01 3.791782e+01 3.061626e+01 2.518700e+01 2.439514e+01 2.526008e+01 2.357060e+01 2.207545e+01 2.770990e+00 3.969465e+00 4.315680e+00 4.610690e+00 4.174658e+00 3.785210e+00 3.976338e+00 4.364988e+00 3.840082e+00 4.495600e+00 3.956291e+00 3.227435e+00 4.936370e-03
<GCONST> 9.744009e+01
<MIXTURE> 86 1.273941e-02
<MEAN> 25
 -2.932122e+00 8.870125e-01 -6.227241e-01 5.202949e+00 4.310713e+00 2.726151e+00 5.425768e+00 4.418255e+00 4.521224e+00 2.340856e+00 3.179749e+00 9.764817e-01 -1.850198e-03 7.691631e-03 -3.690371e-02 -1.200612e-02 -1.215550e-01 -2.941587e-01 -3.688971e-01 -2.559013e-01 -3.636930e-01 -3.762622e-01 -2.345092e-01 -1.018552e-01 -1.672471e-03
<VARIANCE> 25
 5.892133e+00 6.861895e+00 7.746331e+00 8.714268e+00 1.108381e+01 1.187630e+01 1.081375e+01 1.174957e+01 8.614727e+00 1.282039e+01 1.237459e+01 1.057544e+01 9.968045e-02 1.758255e-01 3.414125e-01 4.494463e-01 5.713060e-01 6.448800e-01 7.171170e-01 6.731932e-01 7.086291e-01 9.220705e-01 1.052564e+00 1.069365e+00 8.462964e-05
<GCONST> 5.583237e+01
<MIXTURE> 87 1.100681e-02
<MEAN> 25
 -2.368010e+00 4.123936e+00 2.042830e+00 5.249477e+00 4.349054e+00 4.578437e-01 2.048470e+00 -5.518380e-01 -7.470868e-01 -2.022996e+00 -1.233391e+00 -3.726885e-02 -1.735931e+00 -2.902870e+00 -1.704305e+00 -1.616655e+00 -1.060921e-01 -2.841079e-01 -2.875505e-02 6.270146e-01 1.086754e+00 7.630954e-01 9.408785e-01 1.174405e+00 1.022859e-01
<VARIANCE> 25
 2.917824e+01 2.298635e+01 2.294926e+01 2.901690e+01 2.412423e+01 2.559754e+01 2.256158e+01 2.081114e+01 2.043055e+01 2.244988e+01 2.082868e+01 2.059993e+01 2.919409e+00 2.316421e+00 3.581843e+00 3.159552e+00 3.393307e+00 4.196925e+00 3.990485e+00 4.119865e+00 3.004570e+00 3.803352e+00 2.809695e+00 2.333317e+00 3.745001e-03
<GCONST> 9.224644e+01
<MIXTURE> 88 1.256585e-02
<MEAN> 25
 -2.316854e+00 1.082372e+00 -6.830743e-01 4.370444e+00 3.876261e+00 1.462448e+00 4.954739e+00 2.993135e+00 3.565165e+00 5.368254e-01 6.883872e-01 4.282988e-01 1.262997e-01 1.515261e-01 1.002717e-01 3.629324e-01 1.791503e-01 2.248522e-01 2.022475e-02 -1.924632e-02 -2.130497e-01 -3.356901e-01 9.977141e-03 -1.305390e-02 -7.044060e-03
<VARIANCE> 25
 6.558679e+00 7.712245e+00 1.166105e+01 1.174101e+01 1.380160e+01 1.463441e+01 1.336320e+01 1.389574e+01 1.330776e+01 1.381315e+01 1.316962e+01 1.255756e+01 1.086194e+00 1.730015e+00 1.722863e+00 1.388377e+00 2.079697e+00 2.070115e+00 2.294647e+00 2.239901e+00 2.015960e+00 2.255868e+00 1.656034e+00 1.902033e+00 1.519433e-03
<GCONST> 7.641666e+01
<MIXTURE> 89 9.333527e-03
<MEAN> 25
 5.014436e+00 -7.167150e+00 -2.188123e+00 -3.239008e+00 -3.617183e+00 -4.692022e+00 -8.464930e+00 4.395076e+00 1.800599e+00 -1.677844e+00 -3.442830e+00 -3.502335e+00 -5.048218e-01 -3.645799e-02 2.244203e+00 9.007624e-01 -1.980233e+00 -1.982249e+00 1.086387e+00 1.351156e+00 -4.594243e-01 -1.505562e+00 2.526660e-02 1.793990e+00 -5.305436e-03
<VARIANCE> 25
 7.297172e+00 2.100381e+01 2.570799e+01 2.887877e+01 3.752135e+01 3.336298e+01 6.246917e+01 2.954972e+01 2.917571e+01 3.143823e+01 3.869387e+01 2.427683e+01 2.676993e-01 6.479127e-01 1.405703e+00 9.909670e-01 1.380416e+00 2.215961e+00 2.029860e+00 1.881554e+00 1.991338e+00 1.479463e+00 1.750234e+00 1.824082e+00 5.680795e-04
<GCONST> 8.171445e+01
<MIXTURE> 90 7.114505e-03
<MEAN> 25
 2.166965e+00 -8.634884e+00 -4.800299e+00 -3.674948e+00 -3.273550e+00 -1.766567e+00 3.339236e+00 1.059542e+00 -7.049786e+00 -9.878849e+00 -3.798864e+00 -1.268568e+00 -1.987312e-01 8.753587e-01 1.124812e+00 -7.974505e-01 -1.575030e+00 -2.103207e-01 6.504871e-01 -1.965265e-01 -2.132263e-01 6.175002e-01 1.436621e-01 -4.745682e-01 -1.154323e-02
<VARIANCE> 25
 8.538416e+00 2.657408e+01 1.832227e+01 2.685543e+01 3.451821e+01 2.920897e+01 3.553569e+01 3.336863e+01 3.496373e+01 2.658539e+01 2.647101e+01 2.847280e+01 2.168501e-01 5.880393e-01 7.543879e-01 9.918735e-01 1.547633e+00 1.593286e+00 1.632642e+00 1.560324e+00 1.893074e+00 1.858349e+00 1.477677e+00 1.418415e+00 2.035298e-04
<GCONST> 7.801010e+01
<MIXTURE> 91 7.852945e-03
<MEAN> 25
 5.715300e+00 -7.920881e+00 -7.122567e+00 -4.564614e+00 2.577175e+00 -7.585030e-02 -3.139699e+00 -5.686275e-01 -2.256531e-01 5.460812e-01 -5.338160e+00 -3.445126e+00 3.899451e-01 1.065858e+00 2.319046e-01 5.333762e-01 8.550938e-02 -7.025884e-01 -2.697129e-01 2.583273e-02 -6.546494e-02 4.780627e-01 -8.741490e-02 2.995859e-01 -4.247585e-02
<VARIANCE> 25
 7.883546e+00 2.454953e+01 1.630041e+01 2.514597e+01 2.258614e+01 3.559286e+01 3.864712e+01 2.821548e+01 4.670259e+01 4.376875e+01 2.934254e+01 3.356699e+01 5.184265e-01 9.886578e-01 9.907812e-01 9.153181e-01 1.771213e+00 2.325657e+00 2.098940e+00 2.917809e+00 1.744660e+00 1.722639e+00 2.882485e+00 2.413997e+00 5.304883e-04
<GCONST> 8.338786e+01
<MIXTURE> 92 7.852945e-03
<MEAN> 25
 5.715300e+00 -7.920881e+00 -7.122567e+00 -4.564614e+00 2.577175e+00 -7.585030e-02 -3.139699e+00 -5.686275e-01 -2.256531e-01 5.460812e-01 -5.338160e+00 -3.445126e+00 3.899451e-01 1.065858e+00 2.319046e-01 5.333762e-01 8.550938e-02 -7.025884e-01 -2.697129e-01 2.583273e-02 -6.546494e-02 4.780627e-01 -8.741490e-02 2.995859e-01 -4.247585e-02
<VARIANCE> 25
 7.883546e+00 2.454953e+01 1.630041e+01 2.514597e+01 2.258614e+01 3.559286e+01 3.864712e+01 2.821548e+01 4.670259e+01 4.376875e+01 2.934254e+01 3.356699e+01 5.184265e-01 9.886578e-01 9.907812e-01 9.153181e-01 1.771213e+00 2.325657e+00 2.098940e+00 2.917809e+00 1.744660e+00 1.722639e+00 2.882485e+00 2.413997e+00 5.304883e-04
<GCONST> 8.338786e+01
<MIXTURE> 93 6.122769e-03
<MEAN> 25
 -6.487774e+00 -7.319843e-01 -2.385001e+00 5.609820e+00 5.768981e+00 3.767328e+00 6.044014e+00 3.609527e+00 4.143822e+00 2.486378e+00 1.753045e+00 3.586655e+00 -5.920165e-02 -1.586065e-01 -2.734850e-01 -3.480448e-01 -3.125802e-01 -2.591384e-01 -1.840265e-01 -1.361492e-01 -1.769788e-01 -1.191483e-01 -6.377098e-02 -2.419529e-02 -1.900737e-05
<VARIANCE> 25
 1.023838e+01 6.697150e+00 8.157032e+00 1.170711e+01 1.122906e+01 1.568842e+01 1.483899e+01 1.577566e+01 1.430839e+01 1.428185e+01 1.642953e+01 1.362369e+01 8.299492e-02 1.550193e-01 2.655693e-01 3.857142e-01 4.973235e-01 6.320063e-01 7.951269e-01 8.990184e-01 9.147131e-01 9.119776e-01 9.433053e-01 8.947319e-01 1.040638e-06
<GCONST> 5.384035e+01
<MIXTURE> 94 6.122769e-03
<MEAN> 25
 -6.487774e+00 -7.319843e-01 -2.385001e+00 5.609820e+00 5.768981e+00 3.767328e+00 6.044014e+00 3.609527e+00 4.143822e+00 2.486378e+00 1.753045e+00 3.586655e+00 -5.920165e-02 -1.586065e-01 -2.734850e-01 -3.480448e-01 -3.125802e-01 -2.591384e-01 -1.840265e-01 -1.361492e-01 -1.769788e-01 -1.191483e-01 -6.377098e-02 -2.419529e-02 -1.900737e-05
<VARIANCE> 25
 1.023838e+01 6.697150e+00 8.157032e+00 1.170711e+01 1.122906e+01 1.568842e+01 1.483899e+01 1.577566e+01 1.430839e+01 1.428185e+01 1.642953e+01 1.362369e+01 8.299492e-02 1.550193e-01 2.655693e-01 3.857142e-01 4.973235e-01 6.320063e-01 7.951269e-01 8.990184e-01 9.147131e-01 9.119776e-01 9.433053e-01 8.947319e-01 1.040638e-06
<GCONST> 5.384035e+01
<MIXTURE> 95 5.258835e-03
<MEAN> 25
 -3.181865e+00 1.487424e+00 -1.288764e+00 4.381438e+00 3.458183e+00 1.055796e+00 4.298822e+00 2.124286e+00 2.236273e+00 -7.525449e-01 2.950094e-01 1.720136e+00 1.067157e-01 2.295340e-01 2.770058e-02 5.448792e-02 -1.437263e-01 -4.699910e-01 -9.773784e-01 -1.275426e+00 -1.162413e+00 -1.089478e+00 -6.677107e-01 -2.591450e-01 -1.772966e-03
<VARIANCE> 25
 8.312280e+00 8.299312e+00 6.609761e+00 7.909796e+00 9.668192e+00 1.267204e+01 1.070919e+01 1.539838e+01 1.297962e+01 1.276676e+01 1.486190e+01 1.592077e+01 1.608419e-01 2.627468e-01 3.547435e-01 6.288515e-01 7.779319e-01 6.502787e-01 9.376925e-01 9.946834e-01 8.150086e-01 1.521557e+00 1.099777e+00 1.430713e+00 8.278577e-05
<GCONST> 6.048168e+01
<MIXTURE> 96 7.034694e-03
<MEAN> 25
 -3.551491e+00 9.400887e-01 -1.458007e+00 5.018790e+00 3.685777e+00 1.248676e+00 3.634811e+00 2.391018e+00 2.221535e+00 2.227316e-01 1.030079e+00 1.807813e+00 -3.513176e-02 3.359585e-02 1.910282e-01 4.189735e-01 4.900264e-01 3.990682e-01 1.996909e-01 7.202992e-02 -3.342943e-01 -6.066110e-01 -6.950146e-01 -3.302894e-01 1.733736e-04
<VARIANCE> 25
 1.006417e+01 1.125451e+01 1.102985e+01 1.195367e+01 1.496515e+01 1.419781e+01 1.358567e+01 1.527602e+01 1.527512e+01 1.645568e+01 1.708091e+01 1.480565e+01 1.100969e-01 2.198478e-01 2.964189e-01 4.269378e-01 4.167342e-01 6.012700e-01 8.073838e-01 1.038131e+00 1.037841e+00 8.458414e-01 1.002771e+00 9.837080e-01 1.411348e-06
<GCONST> 5.634853e+01
<MIXTURE> 97 7.034694e-03
<MEAN> 25
 -3.551491e+00 9.400887e-01 -1.458007e+00 5.018790e+00 3.685777e+00 1.248676e+00 3.634811e+00 2.391018e+00 2.221535e+00 2.227316e-01 1.030079e+00 1.807813e+00 -3.513176e-02 3.359585e-02 1.910282e-01 4.189735e-01 4.900264e-01 3.990682e-01 1.996909e-01 7.202992e-02 -3.342943e-01 -6.066110e-01 -6.950146e-01 -3.302894e-01 1.733736e-04
<VARIANCE> 25
 1.006417e+01 1.125451e+01 1.102985e+01 1.195367e+01 1.496515e+01 1.419781e+01 1.358567e+01 1.527602e+01 1.527512e+01 1.645568e+01 1.708091e+01 1.480565e+01 1.100969e-01 2.198478e-01 2.964189e-01 4.269378e-01 4.167342e-01 6.012700e-01 8.073838e-01 1.038131e+00 1.037841e+00 8.458414e-01 1.002771e+00 9.837080e-01 1.411348e-06
<GCONST> 5.634853e+01
<MIXTURE> 98 9.917808e-03
<MEAN> 25
 -1.180985e+00 1.608265e+00 -4.972445e-01 3.708199e+00 2.146870e+00 1.360223e+00 3.521034e+00 1.816063e+00 2.817466e+00 -2.477569e-01 -4.244063e-01 -7.755614e-01 -1.367634e+00 -1.178797e+00 -6.480992e-01 1.186956e-01 4.832684e-01 7.634758e-01 1.176025e+00 1.456242e+00 1.331603e+00 9.134349e-01 9.344770e-01 8.932347e-01 -1.794381e-02
<VARIANCE> 25
 1.178395e+01 1.485048e+01 2.414144e+01 2.126493e+01 3.264767e+01 2.909847e+01 2.234385e+01 2.574979e+01 2.956349e+01 2.476536e+01 2.071334e+01 2.258937e+01 1.225547e+00 1.255651e+00 2.241060e+00 1.866125e+00 2.250772e+00 2.399703e+00 2.544748e+00 2.430095e+00 2.534431e+00 2.624313e+00 2.529383e+00 2.368199e+00 2.340657e-03
<GCONST> 8.630638e+01
<MIXTURE> 99 6.696178e-03
<MEAN> 25
 -5.199034e+00 8.552160e+00 5.546856e+00 3.401871e+00 1.254885e+00 -4.414293e+00 -7.432637e-01 -3.316970e+00 -2.928709e+00 -4.002087e+00 -1.397020e+00 6.015268e-02 3.657493e-01 -6.378430e-01 3.555026e-01 -3.709798e-01 -9.256387e-01 -4.323772e-01 -3.297804e-01 -2.515428e-01 -5.279712e-02 3.034109e-02 3.093624e-01 2.138724e-01 1.406292e-02
<VARIANCE> 25
 3.174921e+01 2.436852e+01 4.017872e+01 2.708418e+01 2.955605e+01 2.988322e+01 2.458636e+01 2.628749e+01 2.407384e+01 2.396594e+01 1.700640e+01 2.456356e+01 1.941224e+00 1.743660e+00 1.413344e+00 1.530331e+00 2.507228e+00 1.872186e+00 1.732716e+00 1.777429e+00 1.583492e+00 1.491863e+00 1.145172e+00 1.286873e+00 1.337627e-03
<GCONST> 8.453030e+01
<MIXTURE> 100 4.498084e-03
<MEAN> 25
 -1.537514e+00 6.293953e+00 1.021094e+01 -7.379477e+00 -1.075069e+01 -5.115059e+00 -4.881846e+00 -9.945186e+00 -4.750696e+00 -7.965804e-01 -2.724539e+00 -2.668830e+00 2.908557e+00 -1.262117e+00 1.295606e+00 -2.186289e+00 -3.428700e+00 -8.167163e-01 -1.215388e+00 -8.426448e-01 -1.498020e+00 3.784222e-01 -1.621105e+00 -2.950997e-01 2.682999e-03
<VARIANCE> 25
 1.393874e+01 2.111238e+01 2.266122e+01 2.687764e+01 2.291208e+01 2.373269e+01 2.923859e+01 2.162139e+01 2.734646e+01 2.288544e+01 2.221801e+01 2.144865e+01 1.797675e+00 3.919072e+00 2.943978e+00 4.253306e+00 4.155244e+00 4.587851e+00 3.980069e+00 4.376751e+00 4.171158e+00 3.964661e+00 3.994724e+00 3.224744e+00 1.700859e-03
<GCONST> 9.266675e+01
<MIXTURE> 101 6.007792e-03
<MEAN> 25
 7.282573e+00 -3.743792e+00 -6.197590e+00 -6.244303e+00 8.962181e-02 -4.755026e-01 -9.462054e+00 -3.025785e+00 3.952822e-01 2.612761e+00 -2.527175e+00 -4.668407e+00 6.314656e-01 7.265804e-01 -1.552032e+00 -1.501461e+00 1.020627e+00 2.304917e+00 1.502219e-01 -1.479214e+00 -8.071703e-01 1.071499e+00 1.433095e+00 -5.526813e-01 -3.590750e-03
<VARIANCE> 25
 9.948984e+00 1.473014e+01 2.637779e+01 3.464106e+01 3.189266e+01 3.089940e+01 4.630284e+01 3.141052e+01 3.537521e+01 3.502180e+01 4.869192e+01 2.085088e+01 2.842033e-01 6.291066e-01 1.135114e+00 1.443049e+00 1.459057e+00 2.124180e+00 1.688846e+00 1.610924e+00 2.020771e+00 2.216321e+00 1.765693e+00 1.888922e+00 3.549380e-04
<GCONST> 8.163652e+01
<MIXTURE> 102 6.007792e-03
<MEAN> 25
 7.282573e+00 -3.743792e+00 -6.197590e+00 -6.244303e+00 8.962181e-02 -4.755026e-01 -9.462054e+00 -3.025785e+00 3.952822e-01 2.612761e+00 -2.527175e+00 -4.668407e+00 6.314656e-01 7.265804e-01 -1.552032e+00 -1.501461e+00 1.020627e+00 2.304917e+00 1.502219e-01 -1.479214e+00 -8.071703e-01 1.071499e+00 1.433095e+00 -5.526813e-01 -3.590750e-03
<VARIANCE> 25
 9.948984e+00 1.473014e+01 2.637779e+01 3.464106e+01 3.189266e+01 3.089940e+01 4.630284e+01 3.141052e+01 3.537521e+01 3.502180e+01 4.869192e+01 2.085088e+01 2.842033e-01 6.291066e-01 1.135114e+00 1.443049e+00 1.459057e+00 2.124180e+00 1.688846e+00 1.610924e+00 2.020771e+00 2.216321e+00 1.765693e+00 1.888922e+00 3.549380e-04
<GCONST> 8.163652e+01
<MIXTURE> 103 5.694618e-03
<MEAN> 25
 3.276871e+00 -9.212259e+00 -6.005340e+00 -3.061728e+00 -1.229491e+00 -1.850128e+00 2.237176e+00 2.378047e+00 -4.466033e+00 -8.871652e+00 -5.035459e+00 2.893997e-01 -1.502601e-01 -1.500810e+00 -9.898509e-01 3.416080e-01 1.178763e+00 1.026308e+00 1.230778e-01 -3.025713e-01 -7.512769e-01 -8.943066e-01 -2.913208e-02 9.740430e-02 2.762114e-02
<VARIANCE> 25
 1.036839e+01 2.376731e+01 2.254999e+01 3.092205e+01 4.623936e+01 3.373186e+01 4.628279e+01 3.604268e+01 4.166611e+01 3.152357e+01 2.996839e+01 2.613822e+01 6.355084e-01 1.251998e+00 1.498963e+00 1.898363e+00 2.844465e+00 2.336580e+00 2.834962e+00 2.539088e+00 2.495311e+00 2.550381e+00 2.054902e+00 2.014037e+00 8.076578e-04
<GCONST> 8.745164e+01
<MIXTURE> 104 5.694618e-03
<MEAN> 25
 3.276871e+00 -9.212259e+00 -6.005340e+00 -3.061728e+00 -1.229491e+00 -1.850128e+00 2.237176e+00 2.378047e+00 -4.466033e+00 -8.871652e+00 -5.035459e+00 2.893997e-01 -1.502601e-01 -1.500810e+00 -9.898509e-01 3.416080e-01 1.178763e+00 1.026308e+00 1.230778e-01 -3.025713e-01 -7.512769e-01 -8.943066e-01 -2.913208e-02 9.740430e-02 2.762114e-02
<VARIANCE> 25
 1.036839e+01 2.376731e+01 2.254999e+01 3.092205e+01 4.623936e+01 3.373186e+01 4.628279e+01 3.604268e+01 4.166611e+01 3.152357e+01 2.996839e+01 2.613822e+01 6.355084e-01 1.251998e+00 1.498963e+00 1.898363e+00 2.844465e+00 2.336580e+00 2.834962e+00 2.539088e+00 2.495311e+00 2.550381e+00 2.054902e+00 2.014037e+00 8.076578e-04
<GCONST> 8.745164e+01
<MIXTURE> 105 4.710235e-03
<MEAN> 25
 1.964807e+00 -2.081085e+00 1.055430e+01 -5.476376e+00 -1.065680e+01 -3.487952e+00 -6.031679e+00 -8.846537e-01 -5.740726e+00 -8.602450e-01 2.368017e+00 -1.638739e+00 -1.819501e-02 1.082305e-01 9.594999e-02 -7.227582e-02 1.206485e-02 1.500682e-02 -6.839164e-02 5.436637e-02 -2.966139e-01 -4.090754e-02 -8.108259e-02 -1.171338e-01 -2.616587e-03
<VARIANCE> 25
 1.205800e+01 2.459203e+01 4.398753e+01 6.152634e+01 3.184472e+01 5.568314e+01 5.450299e+01 3.270013e+01 3.949154e+01 4.080283e+01 3.744151e+01 3.263448e+01 7.439937e-02 1.788952e-01 3.365020e-01 2.859350e-01 3.689596e-01 3.767541e-01 4.084284e-01 4.043855e-01 5.934163e-01 4.130935e-01 4.613569e-01 3.304376e-01 9.267232e-05
<GCONST> 6.599385e+01
<MIXTURE> 106 4.710235e-03
<MEAN> 25
 1.964807e+00 -2.081085e+00 1.055430e+01 -5.476376e+00 -1.065680e+01 -3.487952e+00 -6.031679e+00 -8.846537e-01 -5.740726e+00 -8.602450e-01 2.368017e+00 -1.638739e+00 -1.819501e-02 1.082305e-01 9.594999e-02 -7.227582e-02 1.206485e-02 1.500682e-02 -6.839164e-02 5.436637e-02 -2.966139e-01 -4.090754e-02 -8.108259e-02 -1.171338e-01 -2.616587e-03
<VARIANCE> 25
 1.205800e+01 2.459203e+01 4.398753e+01 6.152634e+01 3.184472e+01 5.568314e+01 5.450299e+01 3.270013e+01 3.949154e+01 4.080283e+01 3.744151e+01 3.263448e+01 7.439937e-02 1.788952e-01 3.365020e-01 2.859350e-01 3.689596e-01 3.767541e-01 4.084284e-01 4.043855e-01 5.934163e-01 4.130935e-01 4.613569e-01 3.304376e-01 9.267232e-05
<GCONST> 6.599385e+01
<MIXTURE> 107 5.452374e-03
<MEAN> 25
 7.668327e+00 -3.038958e+00 -7.417025e+00 -9.272602e+00 9.196667e-01 3.678747e+00 -9.525434e+00 -5.186295e+00 -1.961610e+00 3.492904e+00 1.949001e+00 -5.049559e+00 -6.636842e-01 -8.784493e-01 9.651695e-01 1.504524e+00 1.653894e-01 -1.738466e+00 -7.480597e-01 9.032487e-01 1.575235e+00 1.350057e-01 -1.642421e+00 -6.605868e-01 -4.898824e-04
<VARIANCE> 25
 9.804785e+00 2.047865e+01 2.324008e+01 3.686677e+01 3.050402e+01 3.215625e+01 4.559553e+01 3.495374e+01 3.774127e+01 3.227231e+01 4.383872e+01 2.795817e+01 3.143205e-01 8.696529e-01 1.192966e+00 2.244078e+00 2.132467e+00 2.763024e+00 2.604206e+00 3.187933e+00 2.102463e+00 2.723859e+00 1.967414e+00 2.284574e+00 8.404257e-04
<GCONST> 8.622516e+01
<MIXTURE> 108 5.452374e-03
<MEAN> 25
 7.668327e+00 -3.038958e+00 -7.417025e+00 -9.272602e+00 9.196667e-01 3.678747e+00 -9.525434e+00 -5.186295e+00 -1.961610e+00 3.492904e+00 1.949001e+00 -5.049559e+00 -6.636842e-01 -8.784493e-01 9.651695e-01 1.504524e+00 1.653894e-01 -1.738466e+00 -7.480597e-01 9.032487e-01 1.575235e+00 1.350057e-01 -1.642421e+00 -6.605868e-01 -4.898824e-04
<VARIANCE> 25
 9.804785e+00 2.047865e+01 2.324008e+01 3.686677e+01 3.050402e+01 3.215625e+01 4.559553e+01 3.495374e+01 3.774127e+01 3.227231e+01 4.383872e+01 2.795817e+01 3.143205e-01 8.696529e-01 1.192966e+00 2.244078e+00 2.132467e+00 2.763024e+00 2.604206e+00 3.187933e+00 2.102463e+00 2.723859e+00 1.967414e+00 2.284574e+00 8.404257e-04
<GCONST> 8.622516e+01
<MIXTURE> 109 6.661064e-03
<MEAN> 25
 3.938962e+00 -1.025173e+01 -8.120513e+00 -1.673386e+00 2.470693e+00 8.224900e-02 -4.713641e-01 1.166460e+00 -2.438185e+00 -7.459221e+00 -5.476884e+00 -2.103277e-02 -4.243945e-02 -1.144278e-01 -7.526460e-02 2.312951e-01 1.788101e-01 1.039630e-01 -6.640029e-02 -1.238334e-01 -2.027563e-02 -2.281453e-02 1.992159e-01 -3.775744e-02 -3.637474e-03
<VARIANCE> 25
 8.796048e+00 2.204387e+01 1.846214e+01 3.035346e+01 3.783072e+01 3.316178e+01 4.543794e+01 3.229745e+01 4.675121e+01 3.968044e+01 3.200508e+01 2.821394e+01 1.905400e-01 4.273740e-01 5.916262e-01 6.341136e-01 1.170861e+00 9.300117e-01 1.347159e+00 1.076892e+00 1.109862e+00 1.119850e+00 9.042676e-01 8.722061e-01 1.822911e-04
<GCONST> 7.463918e+01
<MIXTURE> 110 6.661064e-03
<MEAN> 25
 3.938962e+00 -1.025173e+01 -8.120513e+00 -1.673386e+00 2.470693e+00 8.224900e-02 -4.713641e-01 1.166460e+00 -2.438185e+00 -7.459221e+00 -5.476884e+00 -2.103277e-02 -4.243945e-02 -1.144278e-01 -7.526460e-02 2.312951e-01 1.788101e-01 1.039630e-01 -6.640029e-02 -1.238334e-01 -2.027563e-02 -2.281453e-02 1.992159e-01 -3.775744e-02 -3.637474e-03
<VARIANCE> 25
 8.796048e+00 2.204387e+01 1.846214e+01 3.035346e+01 3.783072e+01 3.316178e+01 4.543794e+01 3.229745e+01 4.675121e+01 3.968044e+01 3.200508e+01 2.821394e+01 1.905400e-01 4.273740e-01 5.916262e-01 6.341136e-01 1.170861e+00 9.300117e-01 1.347159e+00 1.076892e+00 1.109862e+00 1.119850e+00 9.042676e-01 8.722061e-01 1.822911e-04
<GCONST> 7.463918e+01
<MIXTURE> 111 4.337247e-03
<MEAN> 25
 -2.533477e+00 1.542119e+00 -1.040590e+00 2.310006e+00 1.642286e+00 4.654925e-02 1.952364e+00 8.676635e-01 5.549172e-01 -1.196053e+00 -1.292620e+00 6.166854e-01 -2.148584e-02 -1.507513e-02 -9.831852e-02 -4.272552e-02 1.018108e-01 3.392166e-02 -7.214667e-02 -1.287882e-01 -2.327117e-01 -3.177939e-01 -2.509185e-01 -6.315335e-02 -5.280303e-04
<VARIANCE> 25
 4.354158e+00 5.505431e+00 8.496861e+00 6.908916e+00 1.191472e+01 1.369406e+01 1.147373e+01 1.198484e+01 8.960150e+00 9.974343e+00 1.059986e+01 9.672707e+00 7.206561e-02 2.008478e-01 2.109797e-01 4.197333e-01 5.324450e-01 7.457590e-01 7.589266e-01 1.150496e+00 8.910725e-01 7.399689e-01 8.605402e-01 7.978439e-01 3.825207e-05
<GCONST> 5.365507e+01
<MIXTURE> 112 4.337247e-03
<MEAN> 25
 -2.533477e+00 1.542119e+00 -1.040590e+00 2.310006e+00 1.642286e+00 4.654925e-02 1.952364e+00 8.676635e-01 5.549172e-01 -1.196053e+00 -1.292620e+00 6.166854e-01 -2.148584e-02 -1.507513e-02 -9.831852e-02 -4.272552e-02 1.018108e-01 3.392166e-02 -7.214667e-02 -1.287882e-01 -2.327117e-01 -3.177939e-01 -2.509185e-01 -6.315335e-02 -5.280303e-04
<VARIANCE> 25
 4.354158e+00 5.505431e+00 8.496861e+00 6.908916e+00 1.191472e+01 1.369406e+01 1.147373e+01 1.198484e+01 8.960150e+00 9.974343e+00 1.059986e+01 9.672707e+00 7.206561e-02 2.008478e-01 2.109797e-01 4.197333e-01 5.324450e-01 7.457590e-01 7.589266e-01 1.150496e+00 8.910725e-01 7.399689e-01 8.605402e-01 7.978439e-01 3.825207e-05
<GCONST> 5.365507e+01
<MIXTURE> 113 5.938666e-03
<MEAN> 25
 8.942064e+00 1.951992e+00 -8.557218e+00 -1.613711e+01 -2.125298e+00 6.359859e+00 -5.764969e+00 -2.269658e+00 -6.425105e+00 -1.325899e+00 1.820069e+00 -1.401073e-01 6.554453e-02 -3.021612e-02 -6.522035e-02 -9.921725e-02 1.481739e-01 1.006729e-01 9.588680e-02 -4.596860e-03 -8.666430e-02 -8.518376e-02 2.114389e-01 6.481013e-02 -1.479329e-03
<VARIANCE> 25
 1.212612e+01 1.408026e+01 2.528916e+01 3.303545e+01 4.985868e+01 3.223646e+01 3.593432e+01 3.626708e+01 3.478551e+01 4.218664e+01 4.151209e+01 2.446354e+01 1.262338e-01 3.261813e-01 2.724023e-01 5.930030e-01 5.872844e-01 5.743895e-01 8.284308e-01 8.341218e-01 8.483850e-01 8.806948e-01 6.504387e-01 6.198185e-01 1.108601e-04
<GCONST> 6.980801e+01
<MIXTURE> 114 5.938666e-03
<MEAN> 25
 8.942064e+00 1.951992e+00 -8.557218e+00 -1.613711e+01 -2.125298e+00 6.359859e+00 -5.764969e+00 -2.269658e+00 -6.425105e+00 -1.325899e+00 1.820069e+00 -1.401073e-01 6.554453e-02 -3.021612e-02 -6.522035e-02 -9.921725e-02 1.481739e-01 1.006729e-01 9.588680e-02 -4.596860e-03 -8.666430e-02 -8.518376e-02 2.114389e-01 6.481013e-02 -1.479329e-03
<VARIANCE> 25
 1.212612e+01 1.408026e+01 2.528916e+01 3.303545e+01 4.985868e+01 3.223646e+01 3.593432e+01 3.626708e+01 3.478551e+01 4.218664e+01 4.151209e+01 2.446354e+01 1.262338e-01 3.261813e-01 2.724023e-01 5.930030e-01 5.872844e-01 5.743895e-01 8.284308e-01 8.341218e-01 8.483850e-01 8.806948e-01 6.504387e-01 6.198185e-01 1.108601e-04
<GCONST> 6.980801e+01
<MIXTURE> 115 2.935202e-03
<MEAN> 25
 -3.163117e+00 3.290554e-01 -2.754040e+00 3.713252e+00 2.351335e+00 -3.866918e-01 2.317753e+00 4.645961e-01 1.449240e+00 4.810341e-02 -1.219118e-01 1.986175e+00 -2.081205e-02 -8.520633e-02 -2.633511e-01 -3.864076e-01 -5.022790e-01 -5.353321e-01 -6.272149e-01 -5.030181e-01 -4.432422e-01 -4.452925e-01 -2.338560e-01 -6.067519e-03 5.699115e-05
<VARIANCE> 25
 8.741422e+00 1.048799e+01 1.321627e+01 1.212803e+01 1.175896e+01 1.463229e+01 1.501546e+01 1.911350e+01 1.524504e+01 1.638301e+01 1.699303e+01 1.439508e+01 1.988647e-01 3.995541e-01 4.402714e-01 4.972275e-01 6.014187e-01 7.936902e-01 9.546491e-01 1.329439e+00 1.066833e+00 1.054928e+00 1.145115e+00 1.078656e+00 1.315682e-06
<GCONST> 5.960515e+01
<MIXTURE> 116 2.935202e-03
<MEAN> 25
 -3.163117e+00 3.290554e-01 -2.754040e+00 3.713252e+00 2.351335e+00 -3.866918e-01 2.317753e+00 4.645961e-01 1.449240e+00 4.810341e-02 -1.219118e-01 1.986175e+00 -2.081205e-02 -8.520633e-02 -2.633511e-01 -3.864076e-01 -5.022790e-01 -5.353321e-01 -6.272149e-01 -5.030181e-01 -4.432422e-01 -4.452925e-01 -2.338560e-01 -6.067519e-03 5.699115e-05
<VARIANCE> 25
 8.741422e+00 1.048799e+01 1.321627e+01 1.212803e+01 1.175896e+01 1.463229e+01 1.501546e+01 1.911350e+01 1.524504e+01 1.638301e+01 1.699303e+01 1.439508e+01 1.988647e-01 3.995541e-01 4.402714e-01 4.972275e-01 6.014187e-01 7.936902e-01 9.546491e-01 1.329439e+00 1.066833e+00 1.054928e+00 1.145115e+00 1.078656e+00 1.315682e-06
<GCONST> 5.960515e+01
<MIXTURE> 117 6.506003e-03
<MEAN> 25
 -4.385243e+00 1.373977e+00 9.711078e-01 9.497639e+00 6.126048e+00 5.868781e+00 6.183245e+00 4.979971e+00 6.392426e+00 4.795150e+00 6.084246e+00 2.407626e+00 -7.931378e-02 -2.081927e-01 -3.768500e-01 -4.523362e-01 -3.264261e-01 -2.726078e-01 -2.794164e-01 -3.153354e-01 -4.092375e-01 -3.756876e-01 -2.466908e-01 -8.491246e-02 -2.340407e-05
<VARIANCE> 25
 7.673644e+00 9.103417e+00 9.830800e+00 1.453431e+01 1.513430e+01 1.651501e+01 1.788804e+01 1.770723e+01 1.604217e+01 1.572269e+01 1.725040e+01 1.530405e+01 2.089326e-01 3.091843e-01 4.292820e-01 6.077368e-01 8.433133e-01 1.012642e+00 1.195302e+00 1.284290e+00 1.183172e+00 1.170388e+00 1.171155e+00 1.100884e+00 1.094935e-06
<GCONST> 6.058337e+01
<MIXTURE> 118 6.506003e-03
<MEAN> 25
 -4.385243e+00 1.373977e+00 9.711078e-01 9.497639e+00 6.126048e+00 5.868781e+00 6.183245e+00 4.979971e+00 6.392426e+00 4.795150e+00 6.084246e+00 2.407626e+00 -7.931378e-02 -2.081927e-01 -3.768500e-01 -4.523362e-01 -3.264261e-01 -2.726078e-01 -2.794164e-01 -3.153354e-01 -4.092375e-01 -3.756876e-01 -2.466908e-01 -8.491246e-02 -2.340407e-05
<VARIANCE> 25
 7.673644e+00 9.103417e+00 9.830800e+00 1.453431e+01 1.513430e+01 1.651501e+01 1.788804e+01 1.770723e+01 1.604217e+01 1.572269e+01 1.725040e+01 1.530405e+01 2.089326e-01 3.091843e-01 4.292820e-01 6.077368e-01 8.433133e-01 1.012642e+00 1.195302e+00 1.284290e+00 1.183172e+00 1.170388e+00 1.171155e+00 1.100884e+00 1.094935e-06
<GCONST> 6.058337e+01
<MIXTURE> 119 4.297961e-03
<MEAN> 25
 -5.074944e+00 -7.210447e+00 2.026038e+00 2.082403e+00 2.090853e+00 2.427060e-01 4.963616e+00 5.367934e+00 1.063907e+00 7.326344e-01 6.155530e+00 1.691696e+00 -4.276876e-02 -8.698162e-02 4.433049e-02 -2.047953e-02 -9.150669e-02 -1.748686e-01 -1.331742e-01 -5.776092e-02 -1.529319e-01 -1.075136e-01 -3.806727e-02 -6.664513e-02 2.188919e-03
<VARIANCE> 25
 1.045988e+01 1.050178e+01 1.599061e+01 1.967580e+01 2.194264e+01 2.298975e+01 2.456153e+01 2.901443e+01 2.511051e+01 2.645298e+01 2.225020e+01 2.124328e+01 1.668197e-01 2.744371e-01 4.659511e-01 6.322511e-01 8.025928e-01 9.504278e-01 1.117997e+00 1.435587e+00 1.339056e+00 1.239139e+00 1.158312e+00 1.040954e+00 2.424430e-04
<GCONST> 7.011199e+01
<MIXTURE> 120 4.297961e-03
<MEAN> 25
 -5.074944e+00 -7.210447e+00 2.026038e+00 2.082403e+00 2.090853e+00 2.427060e-01 4.963616e+00 5.367934e+00 1.063907e+00 7.326344e-01 6.155530e+00 1.691696e+00 -4.276876e-02 -8.698162e-02 4.433049e-02 -2.047953e-02 -9.150669e-02 -1.748686e-01 -1.331742e-01 -5.776092e-02 -1.529319e-01 -1.075136e-01 -3.806727e-02 -6.664513e-02 2.188919e-03
<VARIANCE> 25
 1.045988e+01 1.050178e+01 1.599061e+01 1.967580e+01 2.194264e+01 2.298975e+01 2.456153e+01 2.901443e+01 2.511051e+01 2.645298e+01 2.225020e+01 2.124328e+01 1.668197e-01 2.744371e-01 4.659511e-01 6.322511e-01 8.025928e-01 9.504278e-01 1.117997e+00 1.435587e+00 1.339056e+00 1.239139e+00 1.158312e+00 1.040954e+00 2.424430e-04
<GCONST> 7.011199e+01
<MIXTURE> 121 4.567511e-03
<MEAN> 25
 1.622506e-01 -2.594383e+00 5.399806e+00 -1.272294e+01 -1.237248e+01 -1.889212e+00 9.420992e-01 -4.980965e+00 -4.364407e+00 -3.135903e-01 -5.419452e+00 -3.986064e+00 1.860340e-02 1.639526e-01 -3.866611e-02 8.423555e-02 1.885863e-01 1.112991e-01 -8.051891e-02 -1.766271e-01 -3.020665e-01 -2.201806e-01 -8.931836e-02 2.120858e-02 -7.685188e-03
<VARIANCE> 25
 7.530197e+00 1.738638e+01 2.160224e+01 2.126003e+01 2.488452e+01 2.921539e+01 2.839861e+01 2.408728e+01 3.444045e+01 3.027365e+01 1.948791e+01 2.567129e+01 1.563446e-01 6.295534e-01 6.269400e-01 6.848983e-01 7.561210e-01 1.118373e+00 1.097714e+00 1.103800e+00 1.212969e+00 1.179555e+00 9.249094e-01 8.689719e-01 2.075097e-04
<GCONST> 7.175267e+01
<MIXTURE> 122 4.567511e-03
<MEAN> 25
 1.622506e-01 -2.594383e+00 5.399806e+00 -1.272294e+01 -1.237248e+01 -1.889212e+00 9.420992e-01 -4.980965e+00 -4.364407e+00 -3.135903e-01 -5.419452e+00 -3.986064e+00 1.860340e-02 1.639526e-01 -3.866611e-02 8.423555e-02 1.885863e-01 1.112991e-01 -8.051891e-02 -1.766271e-01 -3.020665e-01 -2.201806e-01 -8.931836e-02 2.120858e-02 -7.685188e-03
<VARIANCE> 25
 7.530197e+00 1.738638e+01 2.160224e+01 2.126003e+01 2.488452e+01 2.921539e+01 2.839861e+01 2.408728e+01 3.444045e+01 3.027365e+01 1.948791e+01 2.567129e+01 1.563446e-01 6.295534e-01 6.269400e-01 6.848983e-01 7.561210e-01 1.118373e+00 1.097714e+00 1.103800e+00 1.212969e+00 1.179555e+00 9.249094e-01 8.689719e-01 2.075097e-04
<GCONST> 7.175267e+01
<MIXTURE> 123 4.393044e-03
<MEAN> 25
 -2.003190e+00 2.747411e+00 -1.504456e-02 4.921039e+00 4.257667e+00 1.188419e+00 3.443288e+00 1.027688e+00 1.621459e+00 -1.152858e+00 -7.224639e-01 -5.004062e-01 -3.391181e-01 -5.635971e-01 -6.802734e-01 -5.543035e-01 -3.384920e-01 6.699329e-02 4.421419e-01 6.067000e-01 4.968570e-01 6.203187e-01 5.880976e-01 2.905184e-01 -4.907812e-03
<VARIANCE> 25
 5.290022e+00 8.324092e+00 8.854442e+00 8.605705e+00 1.193457e+01 1.398405e+01 1.626814e+01 1.415403e+01 1.197862e+01 1.122221e+01 1.179001e+01 1.576632e+01 1.976739e-01 4.032636e-01 4.211866e-01 5.574235e-01 7.947068e-01 1.257018e+00 8.856264e-01 1.064363e+00 1.057072e+00 1.177259e+00 9.949912e-01 1.320974e+00 1.320278e-04
<GCONST> 6.226896e+01
<MIXTURE> 124 4.069876e-03
<MEAN> 25
 -4.895286e+00 3.684991e-01 -2.271987e+00 4.763908e+00 4.575592e+00 2.569184e+00 5.093674e+00 2.600336e+00 3.623240e+00 9.233021e-01 3.481591e-01 1.609160e+00 -1.878322e-01 -3.119232e-01 -3.590599e-01 -3.178954e-01 7.549568e-02 5.540981e-01 8.257016e-01 8.958003e-01 5.259864e-01 3.309925e-01 1.230270e-01 -2.532345e-01 2.024439e-04
<VARIANCE> 25
 1.152536e+01 9.710901e+00 9.343339e+00 9.759165e+00 1.103092e+01 1.499816e+01 1.335443e+01 1.290074e+01 1.351219e+01 1.365496e+01 1.619051e+01 1.565030e+01 8.535558e-02 1.805428e-01 2.702430e-01 4.782144e-01 5.470057e-01 6.406915e-01 9.131424e-01 6.517630e-01 9.148657e-01 9.998131e-01 8.382573e-01 1.198509e+00 2.448709e-05
<GCONST> 5.769980e+01
<MIXTURE> 125 4.069876e-03
<MEAN> 25
 -4.895286e+00 3.684991e-01 -2.271987e+00 4.763908e+00 4.575592e+00 2.569184e+00 5.093674e+00 2.600336e+00 3.623240e+00 9.233021e-01 3.481591e-01 1.609160e+00 -1.878322e-01 -3.119232e-01 -3.590599e-01 -3.178954e-01 7.549568e-02 5.540981e-01 8.257016e-01 8.958003e-01 5.259864e-01 3.309925e-01 1.230270e-01 -2.532345e-01 2.024439e-04
<VARIANCE> 25
 1.152536e+01 9.710901e+00 9.343339e+00 9.759165e+00 1.103092e+01 1.499816e+01 1.335443e+01 1.290074e+01 1.351219e+01 1.365496e+01 1.619051e+01 1.565030e+01 8.535558e-02 1.805428e-01 2.702430e-01 4.782144e-01 5.470057e-01 6.406915e-01 9.131424e-01 6.517630e-01 9.148657e-01 9.998131e-01 8.382573e-01 1.198509e+00 2.448709e-05
<GCONST> 5.769980e+01
<MIXTURE> 126 2.402244e-03
<MEAN> 25
 -3.275326e+00 -5.846608e+00 -4.496257e+00 2.924529e+00 4.337805e+00 -3.142157e+00 3.501649e-01 3.571375e+00 3.409754e+00 -2.463536e+00 -1.613773e+00 2.648664e+00 -5.597739e-03 -6.004078e-02 -7.957692e-02 -9.310878e-02 -4.335129e-01 -3.770472e-01 -2.518367e-01 -1.454497e-01 -1.058860e-01 -7.597527e-02 -9.807603e-02 -4.599103e-02 -1.690998e-03
<VARIANCE> 25
 6.575041e+00 1.369739e+01 1.320345e+01 1.444039e+01 2.123688e+01 2.180579e+01 1.954873e+01 2.625339e+01 2.781539e+01 2.258605e+01 1.901914e+01 1.794609e+01 1.467067e-01 3.950938e-01 4.559147e-01 5.001755e-01 9.343077e-01 8.500717e-01 1.025770e+00 1.293881e+00 1.281888e+00 1.218818e+00 1.050586e+00 1.125890e+00 2.366933e-04
<GCONST> 6.834418e+01
<MIXTURE> 127 2.402244e-03
<MEAN> 25
 -3.275326e+00 -5.846608e+00 -4.496257e+00 2.924529e+00 4.337805e+00 -3.142157e+00 3.501649e-01 3.571375e+00 3.409754e+00 -2.463536e+00 -1.613773e+00 2.648664e+00 -5.597739e-03 -6.004078e-02 -7.957692e-02 -9.310878e-02 -4.335129e-01 -3.770472e-01 -2.518367e-01 -1.454497e-01 -1.058860e-01 -7.597527e-02 -9.807603e-02 -4.599103e-02 -1.690998e-03
<VARIANCE> 25
 6.575041e+00 1.369739e+01 1.320345e+01 1.444039e+01 2.123688e+01 2.180579e+01 1.954873e+01 2.625339e+01 2.781539e+01 2.258605e+01 1.901914e+01 1.794609e+01 1.467067e-01 3.950938e-01 4.559147e-01 5.001755e-01 9.343077e-01 8.500717e-01 1.025770e+00 1.293881e+00 1.281888e+00 1.218818e+00 1.050586e+00 1.125890e+00 2.366933e-04
<GCONST> 6.834418e+01
<MIXTURE> 128 3.790457e-03
<MEAN> 25
 -3.484850e+00 1.857767e+00 -1.596519e-02 6.542030e+00 3.308751e+00 1.315436e+00 3.281615e+00 2.146323e+00 3.380788e+00 3.642629e+00 3.295861e+00 3.289592e+00 -3.473369e-01 -2.052430e-01 3.293755e-02 6.729712e-01 1.136149e+00 1.117851e+00 7.289032e-01 3.149089e-01 -2.999947e-01 -8.286612e-01 -6.934417e-01 -2.717099e-01 1.561387e-04
<VARIANCE> 25
 1.016575e+01 1.070054e+01 1.829526e+01 1.703908e+01 2.015458e+01 2.042229e+01 2.246216e+01 2.292371e+01 2.624892e+01 2.136573e+01 2.460701e+01 1.827003e+01 7.968237e-01 1.026417e+00 1.224096e+00 1.484268e+00 1.745492e+00 1.634284e+00 2.096256e+00 2.289922e+00 2.038540e+00 1.666222e+00 1.639539e+00 1.677811e+00 1.156923e-06
<GCONST> 7.265811e+01
<TRANSP> 3
 0.000000e+00 1.000000e+00 0.000000e+00
 0.000000e+00 9.999990e-01 9.999998e-07
 0.000000e+00 0.000000e+00 0.000000e+00
<ENDHMM>
