~o
<STREAMINFO> 1 25
<VECSIZE> 25<NULLD><MFCC_E_D_N><DIAGC>
~h "jmodel"
<BEGINHMM>
<NUMSTATES> 3
<STATE> 2
<NUMMIXES> 128
<MIXTURE> 1 5.748963e-03
<MEAN> 25
 -2.634913e+00 3.124275e+00 2.262876e+00 8.723293e+00 4.330840e+00 3.360379e+00 4.046924e+00 3.898669e+00 5.843834e+00 5.172758e+00 5.812982e+00 3.053001e+00 -2.005755e+00 -1.629408e+00 -8.428075e-01 1.088916e+00 1.529329e+00 2.209527e+00 2.163323e+00 2.076443e+00 1.693363e+00 1.239839e+00 1.582725e+00 6.229235e-01 -4.554353e-02
<VARIANCE> 25
 1.014295e+01 1.185719e+01 1.496455e+01 1.873179e+01 2.300755e+01 2.246791e+01 2.163146e+01 2.190841e+01 2.078473e+01 2.284943e+01 2.117037e+01 1.697602e+01 1.770538e+00 2.090230e+00 3.022794e+00 3.209028e+00 3.761196e+00 3.353402e+00 3.284779e+00 3.340188e+00 3.476210e+00 3.742305e+00 3.517455e+00 2.810909e+00 3.253054e-03
<GCONST> 8.846849e+01
<MIXTURE> 2 4.549242e-03
<MEAN> 25
 -4.872668e+00 1.309818e+00 9.889840e-01 9.900892e+00 6.698976e+00 7.414786e+00 7.846347e+00 6.949099e+00 8.374872e+00 6.364159e+00 7.604614e+00 3.063566e+00 -6.224821e-02 4.029341e-02 1.429225e-01 2.268026e-01 2.649546e-01 2.796235e-01 2.953384e-01 3.175021e-01 3.491348e-01 3.089605e-01 1.965530e-01 7.983854e-02 -1.567801e-06
<VARIANCE> 25
 6.947928e+00 8.895881e+00 1.065882e+01 1.589192e+01 1.723274e+01 1.559095e+01 1.687273e+01 1.850349e+01 1.656030e+01 1.740466e+01 1.829686e+01 1.438514e+01 1.251320e-01 2.273002e-01 3.363761e-01 4.673578e-01 6.483557e-01 8.171424e-01 9.283742e-01 1.003998e+00 1.050566e+00 1.076616e+00 1.075941e+00 1.012812e+00 1.004956e-06
<GCONST> 5.805986e+01
<MIXTURE> 3 4.549242e-03
<MEAN> 25
 -4.872668e+00 1.309818e+00 9.889840e-01 9.900892e+00 6.698976e+00 7.414786e+00 7.846347e+00 6.949099e+00 8.374872e+00 6.364159e+00 7.604614e+00 3.063566e+00 -6.224821e-02 4.029341e-02 1.429225e-01 2.268026e-01 2.649546e-01 2.796235e-01 2.953384e-01 3.175021e-01 3.491348e-01 3.089605e-01 1.965530e-01 7.983854e-02 -1.567801e-06
<VARIANCE> 25
 6.947928e+00 8.895881e+00 1.065882e+01 1.589192e+01 1.723274e+01 1.559095e+01 1.687273e+01 1.850349e+01 1.656030e+01 1.740466e+01 1.829686e+01 1.438514e+01 1.251320e-01 2.273002e-01 3.363761e-01 4.673578e-01 6.483557e-01 8.171424e-01 9.283742e-01 1.003998e+00 1.050566e+00 1.076616e+00 1.075941e+00 1.012812e+00 1.004956e-06
<GCONST> 5.805986e+01
<MIXTURE> 4 1.671429e-02
<MEAN> 25
 2.690949e+00 2.609006e+00 -4.105169e+00 2.010284e-01 4.459256e+00 -9.028380e-01 -6.977743e-01 -5.151131e-01 1.342967e+00 1.674720e+00 -2.867296e+00 2.319511e-01 -2.719911e+00 1.125944e+00 1.709326e+00 2.926005e+00 5.818233e-01 2.297402e-01 1.892634e+00 9.915327e-01 9.962443e-01 9.689273e-02 1.465959e+00 5.317439e-01 -9.719091e-02
<VARIANCE> 25
 2.160973e+01 2.471104e+01 2.558828e+01 3.445239e+01 3.935678e+01 5.795109e+01 5.600303e+01 4.541593e+01 4.542746e+01 5.263254e+01 5.872097e+01 2.995282e+01 2.172870e+00 4.198489e+00 3.178122e+00 4.186131e+00 4.513242e+00 5.353219e+00 5.403152e+00 4.826521e+00 4.910627e+00 5.658885e+00 5.688036e+00 4.111633e+00 5.212700e-03
<GCONST> 1.022992e+02
<MIXTURE> 5 3.206198e-03
<MEAN> 25
 -3.425879e+00 2.184080e+00 5.759950e-01 9.406499e+00 6.672880e+00 6.261881e+00 7.125559e+00 4.704784e+00 5.500582e+00 3.822691e+00 4.591754e+00 2.577119e+00 -3.253738e-01 7.440071e-01 1.223983e+00 1.035007e+00 3.047609e-01 -1.041448e-01 -8.637407e-02 3.030409e-02 4.537896e-01 6.792427e-01 4.046017e-01 8.594386e-02 -2.469861e-05
<VARIANCE> 25
 1.028055e+01 1.394751e+01 2.361512e+01 2.557172e+01 2.031216e+01 1.980749e+01 2.006561e+01 2.029136e+01 2.131862e+01 2.123737e+01 2.456722e+01 1.644249e+01 1.207645e+00 1.252378e+00 1.350675e+00 1.670192e+00 2.273279e+00 2.384063e+00 2.321496e+00 2.267753e+00 2.311346e+00 2.237951e+00 2.092385e+00 1.867795e+00 1.013904e-06
<GCONST> 7.522198e+01
<MIXTURE> 6 5.475854e-03
<MEAN> 25
 9.637676e+00 -4.726925e-01 -6.507250e+00 -1.085328e+01 -2.190109e+00 6.733294e+00 -5.750103e+00 -5.337962e+00 -3.739636e+00 1.784918e+00 4.561547e+00 -1.298083e+00 4.614905e-01 8.848571e-01 -3.542887e-01 -1.499285e+00 -6.028738e-01 1.337895e+00 1.474641e+00 2.626217e-01 -1.157230e+00 -1.249482e+00 2.985722e-01 1.218551e+00 -7.790385e-03
<VARIANCE> 25
 8.913141e+00 1.677965e+01 2.500315e+01 3.993797e+01 3.616856e+01 3.000289e+01 4.391369e+01 3.724655e+01 4.005512e+01 3.867216e+01 4.150368e+01 2.782666e+01 3.260891e-01 8.433295e-01 9.290434e-01 2.002757e+00 1.622760e+00 1.997564e+00 2.037090e+00 2.015140e+00 2.491370e+00 1.978138e+00 2.243282e+00 1.407889e+00 5.820777e-04
<GCONST> 8.386172e+01
<MIXTURE> 7 5.475854e-03
<MEAN> 25
 9.637676e+00 -4.726925e-01 -6.507250e+00 -1.085328e+01 -2.190109e+00 6.733294e+00 -5.750103e+00 -5.337962e+00 -3.739636e+00 1.784918e+00 4.561547e+00 -1.298083e+00 4.614905e-01 8.848571e-01 -3.542887e-01 -1.499285e+00 -6.028738e-01 1.337895e+00 1.474641e+00 2.626217e-01 -1.157230e+00 -1.249482e+00 2.985722e-01 1.218551e+00 -7.790385e-03
<VARIANCE> 25
 8.913141e+00 1.677965e+01 2.500315e+01 3.993797e+01 3.616856e+01 3.000289e+01 4.391369e+01 3.724655e+01 4.005512e+01 3.867216e+01 4.150368e+01 2.782666e+01 3.260891e-01 8.433295e-01 9.290434e-01 2.002757e+00 1.622760e+00 1.997564e+00 2.037090e+00 2.015140e+00 2.491370e+00 1.978138e+00 2.243282e+00 1.407889e+00 5.820777e-04
<GCONST> 8.386172e+01
<MIXTURE> 8 1.165917e-02
<MEAN> 25
 -4.736038e+00 1.328936e+00 1.278888e+00 9.576111e+00 6.545932e+00 6.134467e+00 6.471402e+00 5.691705e+00 6.675666e+00 5.545197e+00 6.517020e+00 3.160137e+00 -6.386042e-01 -1.426634e+00 -1.053849e+00 -1.703746e+00 -2.365025e-01 -9.415440e-01 -1.574320e-01 -2.770919e-01 -2.392265e-01 -1.827629e-01 -2.061060e-01 9.899480e-02 9.869874e-02
<VARIANCE> 25
 9.264441e+00 9.978507e+00 1.152469e+01 1.607382e+01 1.657804e+01 1.692691e+01 1.799122e+01 1.736355e+01 1.692199e+01 1.798579e+01 1.905754e+01 1.387726e+01 2.737054e+00 2.788005e+00 3.893412e+00 3.790473e+00 3.423050e+00 3.284994e+00 3.161897e+00 3.063623e+00 2.861773e+00 2.640018e+00 2.420599e+00 1.916950e+00 6.617302e-03
<GCONST> 8.632593e+01
<MIXTURE> 9 1.199672e-02
<MEAN> 25
 8.075679e+00 3.137776e+00 -5.662070e+00 -9.824324e+00 -1.442414e+00 5.015203e+00 -1.958234e+00 -3.302309e+00 -4.927150e+00 -1.053934e+00 1.560115e+00 -9.016194e-02 1.225005e+00 -4.002747e-01 -7.578663e-01 -2.725206e+00 -1.197703e+00 1.286380e+00 -1.046385e+00 -3.361517e-01 -4.088119e-01 -5.078298e-01 1.208140e+00 -1.870371e-01 7.449665e-02
<VARIANCE> 25
 1.164884e+01 1.727783e+01 2.547517e+01 4.335614e+01 4.182114e+01 2.773678e+01 3.254076e+01 4.068410e+01 3.190083e+01 3.637104e+01 3.321984e+01 2.014900e+01 1.867578e+00 2.391863e+00 3.550714e+00 4.778124e+00 4.846944e+00 3.566709e+00 3.133677e+00 6.032573e+00 4.530441e+00 3.673291e+00 3.725809e+00 2.495756e+00 1.726696e-03
<GCONST> 9.486342e+01
<MIXTURE> 10 6.596976e-03
<MEAN> 25
 8.238105e-01 7.624803e+00 5.343643e+00 7.085022e+00 1.579630e+00 -2.123744e+00 -5.435776e-01 -1.665647e+00 8.798445e-01 8.640599e-01 8.384470e-01 6.278996e-01 -1.917844e+00 -6.587440e-01 -4.473375e-01 3.029491e+00 2.438538e+00 2.682715e+00 2.380989e+00 2.276609e+00 1.854778e+00 1.523767e+00 2.323411e+00 5.105775e-01 -1.378929e-01
<VARIANCE> 25
 1.948158e+01 2.057400e+01 2.234985e+01 2.942435e+01 3.805507e+01 3.470490e+01 3.500094e+01 3.367640e+01 2.742729e+01 2.885813e+01 2.679712e+01 2.498134e+01 2.235676e+00 3.435232e+00 5.515811e+00 5.133625e+00 5.597830e+00 4.547128e+00 4.673052e+00 4.811382e+00 4.365741e+00 5.049271e+00 4.450651e+00 3.198364e+00 2.694583e-03
<GCONST> 9.743144e+01
<MIXTURE> 11 1.633820e-02
<MEAN> 25
 6.957146e+00 4.174331e+00 2.776004e+00 4.115176e+00 -3.578181e+00 -2.088587e+00 -1.499549e+00 -5.895805e+00 -3.081024e+00 7.121076e-01 -1.459534e+00 -1.780544e+00 -3.688414e-01 6.976267e-01 2.331329e-01 3.270572e-01 3.782547e-01 -1.858459e-01 3.865347e-01 1.584779e-03 -4.846741e-02 -1.968504e-01 -3.231133e-01 2.681873e-01 -2.218090e-02
<VARIANCE> 25
 9.669176e+00 2.207157e+01 1.636108e+01 2.783600e+01 2.899746e+01 3.031187e+01 3.580863e+01 3.722751e+01 3.541899e+01 2.889004e+01 2.971918e+01 2.234788e+01 7.285222e-01 1.601894e+00 1.628881e+00 1.960354e+00 1.590834e+00 2.472404e+00 1.893295e+00 2.857718e+00 1.806075e+00 1.660555e+00 1.810992e+00 1.399201e+00 9.016956e-04
<GCONST> 8.422475e+01
<MIXTURE> 12 5.904134e-03
<MEAN> 25
 1.074938e+01 3.727481e+00 -4.508642e+00 -1.597563e+01 -8.669393e+00 8.644723e+00 -9.023548e-01 -1.930266e+00 -1.731053e+00 -4.873713e+00 1.790722e+00 7.048449e-01 6.687929e-02 2.930517e-01 7.940757e-02 -3.660127e-01 -3.033850e-01 3.022563e-02 3.045251e-01 4.483104e-01 1.410764e-01 -3.826216e-01 -3.859815e-01 5.628669e-02 -6.306008e-03
<VARIANCE> 25
 8.936266e+00 2.105367e+01 2.335307e+01 3.509322e+01 4.217667e+01 3.092046e+01 4.169053e+01 4.886305e+01 4.395950e+01 3.736551e+01 3.801989e+01 2.889776e+01 2.467978e-01 6.881363e-01 6.857709e-01 1.172791e+00 1.199993e+00 1.054093e+00 1.173635e+00 1.383836e+00 1.237867e+00 1.226736e+00 1.220889e+00 9.555867e-01 5.787439e-04
<GCONST> 7.893774e+01
<MIXTURE> 13 5.904134e-03
<MEAN> 25
 1.074938e+01 3.727481e+00 -4.508642e+00 -1.597563e+01 -8.669393e+00 8.644723e+00 -9.023548e-01 -1.930266e+00 -1.731053e+00 -4.873713e+00 1.790722e+00 7.048449e-01 6.687929e-02 2.930517e-01 7.940757e-02 -3.660127e-01 -3.033850e-01 3.022563e-02 3.045251e-01 4.483104e-01 1.410764e-01 -3.826216e-01 -3.859815e-01 5.628669e-02 -6.306008e-03
<VARIANCE> 25
 8.936266e+00 2.105367e+01 2.335307e+01 3.509322e+01 4.217667e+01 3.092046e+01 4.169053e+01 4.886305e+01 4.395950e+01 3.736551e+01 3.801989e+01 2.889776e+01 2.467978e-01 6.881363e-01 6.857709e-01 1.172791e+00 1.199993e+00 1.054093e+00 1.173635e+00 1.383836e+00 1.237867e+00 1.226736e+00 1.220889e+00 9.555867e-01 5.787439e-04
<GCONST> 7.893774e+01
<MIXTURE> 14 6.488954e-03
<MEAN> 25
 -4.302711e+00 -3.170065e-01 -3.557576e-01 8.875998e+00 7.468428e+00 7.281097e+00 7.854603e+00 7.321133e+00 7.250330e+00 5.145322e+00 6.723432e+00 4.047843e+00 -2.779728e-01 1.933876e-01 3.661627e-01 3.101323e-01 -1.443837e-03 4.489319e-02 9.256061e-02 1.800138e-01 2.895835e-01 5.379753e-01 4.928020e-01 7.531924e-02 -9.097567e-03
<VARIANCE> 25
 9.261066e+00 1.410650e+01 1.860039e+01 1.788841e+01 2.081319e+01 2.021912e+01 2.132117e+01 2.043214e+01 1.983672e+01 2.421906e+01 2.248794e+01 1.607103e+01 9.572474e-01 1.650082e+00 1.753346e+00 1.925222e+00 2.222660e+00 2.245666e+00 2.253533e+00 2.214025e+00 2.261822e+00 2.481270e+00 2.185264e+00 1.803117e+00 1.035354e-03
<GCONST> 8.192233e+01
<MIXTURE> 15 2.475190e-03
<MEAN> 25
 -5.356464e+00 -5.749657e-01 -2.696259e-01 7.398671e+00 5.758692e+00 5.591533e+00 6.057994e+00 4.884158e+00 5.228272e+00 4.102309e+00 5.367702e+00 2.450137e+00 -1.209489e-01 -4.705583e-02 8.264610e-02 2.537016e-01 4.843992e-01 7.689462e-01 1.063156e+00 1.149437e+00 1.064458e+00 7.478824e-01 4.040346e-01 1.288320e-01 6.224516e-05
<VARIANCE> 25
 6.990009e+00 5.613980e+00 8.950006e+00 1.250914e+01 1.381412e+01 1.433270e+01 1.453616e+01 1.483598e+01 1.395523e+01 1.401109e+01 1.531564e+01 1.243555e+01 1.227125e-01 2.180647e-01 3.165958e-01 5.011780e-01 6.857459e-01 7.858860e-01 7.575814e-01 8.155322e-01 8.980488e-01 1.005263e+00 1.063144e+00 1.041763e+00 2.832099e-05
<GCONST> 5.848828e+01
<MIXTURE> 16 2.475190e-03
<MEAN> 25
 -5.356464e+00 -5.749657e-01 -2.696259e-01 7.398671e+00 5.758692e+00 5.591533e+00 6.057994e+00 4.884158e+00 5.228272e+00 4.102309e+00 5.367702e+00 2.450137e+00 -1.209489e-01 -4.705583e-02 8.264610e-02 2.537016e-01 4.843992e-01 7.689462e-01 1.063156e+00 1.149437e+00 1.064458e+00 7.478824e-01 4.040346e-01 1.288320e-01 6.224516e-05
<VARIANCE> 25
 6.990009e+00 5.613980e+00 8.950006e+00 1.250914e+01 1.381412e+01 1.433270e+01 1.453616e+01 1.483598e+01 1.395523e+01 1.401109e+01 1.531564e+01 1.243555e+01 1.227125e-01 2.180647e-01 3.165958e-01 5.011780e-01 6.857459e-01 7.858860e-01 7.575814e-01 8.155322e-01 8.980488e-01 1.005263e+00 1.063144e+00 1.041763e+00 2.832099e-05
<GCONST> 5.848828e+01
<MIXTURE> 17 9.518312e-03
<MEAN> 25
 3.465330e+00 -2.335070e+00 7.200552e+00 8.926371e-01 -6.077123e+00 -4.830769e+00 -4.272937e+00 7.815552e-01 -3.062468e+00 -2.968953e+00 -3.603559e-02 6.917645e-01 -9.495047e-01 -1.369153e+00 1.947628e+00 -1.916511e+00 -2.346687e+00 2.504595e-01 -3.101064e-01 1.285824e+00 -6.455970e-01 -8.423905e-01 1.520760e+00 4.860898e-01 7.588935e-02
<VARIANCE> 25
 1.168718e+01 3.086377e+01 2.977213e+01 3.086940e+01 3.992530e+01 3.693736e+01 3.182066e+01 2.990361e+01 2.567134e+01 2.017490e+01 2.807802e+01 2.592958e+01 1.277645e+00 2.106935e+00 4.022767e+00 2.947322e+00 2.934167e+00 3.890680e+00 3.851079e+00 3.542209e+00 3.133163e+00 3.872748e+00 2.925126e+00 1.854902e+00 1.540670e-03
<GCONST> 9.187570e+01
<MIXTURE> 18 1.221018e-02
<MEAN> 25
 3.977180e+00 4.323357e+00 6.317496e+00 4.576100e+00 -4.431466e+00 -7.904643e+00 -1.957880e+00 -1.187597e+00 -3.301209e+00 -2.360983e+00 -5.571200e-01 2.942320e-01 -7.049413e-01 2.277560e+00 -2.206486e-01 2.030661e+00 2.935411e+00 1.353134e+00 1.002188e+00 -2.161956e-01 5.038712e-01 5.182009e-01 -2.545294e-01 -2.796341e-02 -1.219953e-01
<VARIANCE> 25
 1.472827e+01 2.496799e+01 3.160404e+01 2.497318e+01 3.702754e+01 3.248405e+01 3.578036e+01 3.239717e+01 3.660349e+01 3.213605e+01 3.095983e+01 2.906243e+01 2.377674e+00 3.022892e+00 4.435367e+00 3.741451e+00 4.141167e+00 4.487380e+00 4.626947e+00 4.283434e+00 4.262441e+00 4.065609e+00 4.197839e+00 3.429314e+00 3.807775e-03
<GCONST> 9.718447e+01
<MIXTURE> 19 9.912824e-03
<MEAN> 25
 -1.006263e+01 1.540811e+00 7.995005e-01 2.084351e+00 3.260076e+00 6.823186e-01 4.414909e+00 1.456596e+00 2.733597e+00 1.327326e+00 1.084041e+00 2.236832e+00 2.047854e+00 1.726651e+00 2.174471e+00 4.821027e-01 -1.057723e+00 -7.676836e-01 -9.531546e-01 -1.457012e+00 -1.841866e+00 -9.391438e-01 -8.278109e-01 -1.064128e+00 -6.170447e-04
<VARIANCE> 25
 4.853249e+01 2.913264e+01 4.595749e+01 5.428328e+01 3.579529e+01 3.487640e+01 3.626929e+01 2.703700e+01 2.862456e+01 2.517878e+01 2.931709e+01 1.906186e+01 2.203291e+00 1.956806e+00 2.224240e+00 2.582276e+00 2.428696e+00 2.434972e+00 2.375998e+00 2.228345e+00 2.843723e+00 2.169627e+00 2.053498e+00 2.197977e+00 2.152039e-03
<GCONST> 9.178561e+01
<MIXTURE> 20 6.308331e-03
<MEAN> 25
 -1.415747e+01 7.389355e+00 8.361424e-01 6.147621e+00 4.831824e+00 1.624570e+00 5.201092e+00 8.503810e-01 9.381689e-01 7.981003e-01 2.557761e+00 -3.010312e-01 -3.282895e+00 -8.672863e-01 -1.557209e+00 3.399169e-01 1.533421e+00 2.058723e+00 1.982165e+00 2.054347e+00 2.143155e+00 2.031036e+00 1.689609e+00 9.454058e-01 4.727783e-02
<VARIANCE> 25
 1.978309e+01 2.360434e+01 3.089702e+01 3.710907e+01 3.079698e+01 2.785911e+01 2.986115e+01 3.140547e+01 2.796526e+01 2.815390e+01 2.514234e+01 2.086592e+01 2.089403e+00 2.176281e+00 1.924626e+00 2.556605e+00 2.712408e+00 2.312967e+00 2.306619e+00 2.313818e+00 2.230073e+00 2.670049e+00 2.251341e+00 1.861362e+00 1.888393e-03
<GCONST> 8.923104e+01
<MIXTURE> 21 7.928653e-03
<MEAN> 25
 3.816267e+00 -4.693560e+00 5.905602e+00 -1.582314e+00 -1.045372e+01 -8.246746e+00 -2.934294e+00 4.393315e+00 -2.291261e+00 -3.367769e+00 3.568045e-01 6.352401e-01 -7.439804e-01 1.285887e+00 2.501301e+00 -5.645204e-02 -1.596573e+00 3.658932e-01 5.541731e-01 -1.358021e+00 -1.891089e+00 2.777501e-01 1.391738e+00 2.279796e-01 -1.055236e-02
<VARIANCE> 25
 9.266130e+00 1.854713e+01 2.897248e+01 2.705603e+01 2.777062e+01 3.563320e+01 4.270289e+01 3.861337e+01 4.166860e+01 3.016369e+01 3.253171e+01 2.374355e+01 3.759099e-01 9.604343e-01 1.913683e+00 1.233966e+00 2.151372e+00 2.108106e+00 3.480506e+00 2.728798e+00 2.144091e+00 2.491107e+00 2.002740e+00 2.184765e+00 5.091946e-04
<GCONST> 8.502111e+01
<MIXTURE> 22 8.827789e-03
<MEAN> 25
 -1.790361e+01 7.148241e+00 -4.123888e+00 7.383852e+00 4.602458e+00 2.754122e+00 8.398678e+00 1.749227e+00 5.378306e+00 3.289033e+00 5.695753e+00 1.186703e+00 -3.058178e-01 -2.053844e-01 -1.241169e-01 -1.517103e-01 -5.079757e-03 1.359624e-01 1.840550e-01 1.787773e-01 2.457430e-01 2.039427e-01 1.680630e-01 1.915384e-01 8.793052e-03
<VARIANCE> 25
 8.223382e+00 1.681573e+01 1.736668e+01 2.515177e+01 2.285512e+01 2.081558e+01 1.939107e+01 1.866856e+01 1.809937e+01 2.089744e+01 1.937608e+01 1.375824e+01 1.096363e+00 1.357079e+00 1.361870e+00 1.577639e+00 1.407537e+00 1.524235e+00 1.510015e+00 1.529549e+00 1.614245e+00 1.547374e+00 1.367503e+00 1.166206e+00 1.743687e-03
<GCONST> 7.832639e+01
<MIXTURE> 23 6.455497e-03
<MEAN> 25
 7.887546e+00 2.489731e+00 3.041834e+00 2.435047e+00 -4.867308e+00 -3.146442e+00 -4.180930e+00 -6.421477e+00 -3.460070e+00 -1.014791e+00 -4.022812e+00 -2.120500e+00 2.270808e-02 1.674419e-01 -1.500908e-03 5.868411e-02 9.636074e-03 5.310863e-02 7.651696e-03 -5.992975e-02 2.107231e-02 3.528858e-02 -2.817459e-02 5.538994e-02 -4.514007e-03
<VARIANCE> 25
 1.056562e+01 2.217296e+01 2.426035e+01 4.010532e+01 3.748491e+01 5.309826e+01 5.869154e+01 5.482050e+01 4.747061e+01 4.632224e+01 4.830465e+01 3.969837e+01 1.247809e-01 2.946524e-01 3.914124e-01 4.888754e-01 5.926996e-01 7.210444e-01 7.736059e-01 8.823745e-01 8.782531e-01 8.786722e-01 8.689461e-01 7.608742e-01 8.792392e-05
<GCONST> 7.301006e+01
<MIXTURE> 24 6.455497e-03
<MEAN> 25
 7.887546e+00 2.489731e+00 3.041834e+00 2.435047e+00 -4.867308e+00 -3.146442e+00 -4.180930e+00 -6.421477e+00 -3.460070e+00 -1.014791e+00 -4.022812e+00 -2.120500e+00 2.270808e-02 1.674419e-01 -1.500908e-03 5.868411e-02 9.636074e-03 5.310863e-02 7.651696e-03 -5.992975e-02 2.107231e-02 3.528858e-02 -2.817459e-02 5.538994e-02 -4.514007e-03
<VARIANCE> 25
 1.056562e+01 2.217296e+01 2.426035e+01 4.010532e+01 3.748491e+01 5.309826e+01 5.869154e+01 5.482050e+01 4.747061e+01 4.632224e+01 4.830465e+01 3.969837e+01 1.247809e-01 2.946524e-01 3.914124e-01 4.888754e-01 5.926996e-01 7.210444e-01 7.736059e-01 8.823745e-01 8.782531e-01 8.786722e-01 8.689461e-01 7.608742e-01 8.792392e-05
<GCONST> 7.301006e+01
<MIXTURE> 25 1.118642e-02
<MEAN> 25
 -3.465011e-01 1.804254e+00 1.800798e+01 -4.157298e+00 -1.248234e+01 -1.429479e+00 -4.692159e+00 -7.094781e-01 -7.537169e+00 -5.786785e+00 5.154912e+00 -1.717381e+00 -1.001545e-01 5.206452e-02 1.472559e-01 1.197744e-01 -2.671140e-02 -2.843358e-01 2.014579e-01 -2.107018e-02 -3.768274e-01 -7.225890e-02 2.334062e-01 -4.953693e-03 1.289056e-03
<VARIANCE> 25
 5.810949e+00 1.637927e+01 1.403240e+01 2.465719e+01 2.020573e+01 2.558334e+01 1.674296e+01 2.127632e+01 1.742988e+01 2.113357e+01 1.379101e+01 1.621875e+01 3.895031e-01 1.157022e+00 1.102732e+00 1.698063e+00 1.507316e+00 2.177853e+00 1.415177e+00 1.177787e+00 1.546371e+00 1.179717e+00 9.201725e-01 8.838468e-01 9.939040e-04
<GCONST> 7.480230e+01
<MIXTURE> 26 7.727677e-03
<MEAN> 25
 2.131753e+00 -4.982491e+00 -1.005946e+01 -1.800301e+00 8.147066e+00 5.845018e+00 3.599451e+00 -5.464053e-01 2.067140e+00 -1.069040e-01 -2.349537e+00 -1.323786e+00 -6.572481e-01 6.845250e-01 3.133058e-01 8.703053e-01 1.683996e-01 -5.911324e-02 5.950982e-01 4.855963e-01 4.047848e-01 2.242133e-02 2.180387e-01 4.266956e-01 -5.598733e-02
<VARIANCE> 25
 2.045621e+01 3.523366e+01 2.198239e+01 5.716971e+01 3.249670e+01 4.034663e+01 4.419860e+01 3.817709e+01 3.403023e+01 4.742398e+01 3.728174e+01 3.945675e+01 1.360425e+00 1.640055e+00 1.742921e+00 1.757531e+00 2.380627e+00 2.461013e+00 2.653786e+00 2.419096e+00 2.213743e+00 2.018521e+00 1.922405e+00 1.659912e+00 2.839673e-03
<GCONST> 9.129579e+01
<MIXTURE> 27 7.727677e-03
<MEAN> 25
 2.131753e+00 -4.982491e+00 -1.005946e+01 -1.800301e+00 8.147066e+00 5.845018e+00 3.599451e+00 -5.464053e-01 2.067140e+00 -1.069040e-01 -2.349537e+00 -1.323786e+00 -6.572481e-01 6.845250e-01 3.133058e-01 8.703053e-01 1.683996e-01 -5.911324e-02 5.950982e-01 4.855963e-01 4.047848e-01 2.242133e-02 2.180387e-01 4.266956e-01 -5.598733e-02
<VARIANCE> 25
 2.045621e+01 3.523366e+01 2.198239e+01 5.716971e+01 3.249670e+01 4.034663e+01 4.419860e+01 3.817709e+01 3.403023e+01 4.742398e+01 3.728174e+01 3.945675e+01 1.360425e+00 1.640055e+00 1.742921e+00 1.757531e+00 2.380627e+00 2.461013e+00 2.653786e+00 2.419096e+00 2.213743e+00 2.018521e+00 1.922405e+00 1.659912e+00 2.839673e-03
<GCONST> 9.129579e+01
<MIXTURE> 28 5.036674e-03
<MEAN> 25
 -5.356427e+00 1.431380e-01 -1.633030e+00 6.626534e+00 5.308819e+00 3.518625e+00 5.532273e+00 3.118727e+00 4.008301e+00 2.295365e+00 2.473486e+00 3.100747e+00 -1.190992e-01 2.106434e-01 5.306609e-01 7.891753e-01 8.160717e-01 6.839318e-01 5.053670e-01 3.821803e-01 4.612044e-01 4.558574e-01 3.474394e-01 1.721270e-01 1.589445e-05
<VARIANCE> 25
 1.070348e+01 9.214863e+00 1.218617e+01 1.486639e+01 1.468049e+01 1.743775e+01 1.815964e+01 1.860817e+01 1.706331e+01 1.670766e+01 2.113644e+01 1.521900e+01 2.515304e-01 3.386665e-01 4.018919e-01 4.537697e-01 6.094064e-01 8.684554e-01 1.045732e+00 1.132283e+00 1.106313e+00 1.043869e+00 1.034669e+00 1.059922e+00 1.120482e-06
<GCONST> 6.043447e+01
<MIXTURE> 29 5.036674e-03
<MEAN> 25
 -5.356427e+00 1.431380e-01 -1.633030e+00 6.626534e+00 5.308819e+00 3.518625e+00 5.532273e+00 3.118727e+00 4.008301e+00 2.295365e+00 2.473486e+00 3.100747e+00 -1.190992e-01 2.106434e-01 5.306609e-01 7.891753e-01 8.160717e-01 6.839318e-01 5.053670e-01 3.821803e-01 4.612044e-01 4.558574e-01 3.474394e-01 1.721270e-01 1.589445e-05
<VARIANCE> 25
 1.070348e+01 9.214863e+00 1.218617e+01 1.486639e+01 1.468049e+01 1.743775e+01 1.815964e+01 1.860817e+01 1.706331e+01 1.670766e+01 2.113644e+01 1.521900e+01 2.515304e-01 3.386665e-01 4.018919e-01 4.537697e-01 6.094064e-01 8.684554e-01 1.045732e+00 1.132283e+00 1.106313e+00 1.043869e+00 1.034669e+00 1.059922e+00 1.120482e-06
<GCONST> 6.043447e+01
<MIXTURE> 30 8.917812e-03
<MEAN> 25
 -4.385085e+00 -1.196168e-01 4.161050e-01 9.034220e+00 7.811896e+00 7.118635e+00 7.445374e+00 6.501230e+00 6.650594e+00 4.722286e+00 6.638974e+00 3.227448e+00 -2.697426e-02 1.621808e-02 5.922324e-02 1.151127e-01 1.075390e-01 4.326201e-02 1.591921e-02 -7.870719e-03 3.435392e-02 5.125927e-02 5.353436e-02 2.039290e-02 -3.066770e-04
<VARIANCE> 25
 6.664392e+00 9.436869e+00 1.061808e+01 1.301772e+01 1.486845e+01 1.742827e+01 1.846338e+01 1.932490e+01 1.602728e+01 1.788003e+01 2.235134e+01 1.469926e+01 9.322424e-02 2.053456e-01 3.124340e-01 4.813643e-01 6.163229e-01 7.041950e-01 7.546417e-01 7.887915e-01 8.523569e-01 9.184443e-01 9.371200e-01 8.774509e-01 5.086521e-05
<GCONST> 6.037379e+01
<MIXTURE> 31 4.136493e-03
<MEAN> 25
 -3.298699e+00 -5.524079e+00 -1.780891e-02 4.947189e+00 3.688473e+00 1.587501e+00 5.319238e+00 6.644656e+00 2.829530e+00 1.163675e+00 6.359824e+00 3.149804e+00 2.463639e-01 4.882681e-01 -1.941624e-01 3.017282e-01 1.047429e-01 4.023533e-01 1.835512e-01 3.254827e-02 3.781019e-01 3.878563e-01 8.943053e-02 1.077574e-01 -1.834928e-02
<VARIANCE> 25
 7.181137e+00 1.629234e+01 1.740880e+01 1.799513e+01 2.486729e+01 2.402710e+01 2.347980e+01 2.505425e+01 2.600381e+01 2.783627e+01 2.125631e+01 1.862006e+01 1.898540e-01 4.980642e-01 6.066285e-01 7.612713e-01 9.627502e-01 1.093890e+00 1.214975e+00 1.398288e+00 1.329658e+00 1.322450e+00 1.252525e+00 1.114863e+00 2.526968e-04
<GCONST> 7.185715e+01
<MIXTURE> 32 4.136493e-03
<MEAN> 25
 -3.298699e+00 -5.524079e+00 -1.780891e-02 4.947189e+00 3.688473e+00 1.587501e+00 5.319238e+00 6.644656e+00 2.829530e+00 1.163675e+00 6.359824e+00 3.149804e+00 2.463639e-01 4.882681e-01 -1.941624e-01 3.017282e-01 1.047429e-01 4.023533e-01 1.835512e-01 3.254827e-02 3.781019e-01 3.878563e-01 8.943053e-02 1.077574e-01 -1.834928e-02
<VARIANCE> 25
 7.181137e+00 1.629234e+01 1.740880e+01 1.799513e+01 2.486729e+01 2.402710e+01 2.347980e+01 2.505425e+01 2.600381e+01 2.783627e+01 2.125631e+01 1.862006e+01 1.898540e-01 4.980642e-01 6.066285e-01 7.612713e-01 9.627502e-01 1.093890e+00 1.214975e+00 1.398288e+00 1.329658e+00 1.322450e+00 1.252525e+00 1.114863e+00 2.526968e-04
<GCONST> 7.185715e+01
<MIXTURE> 33 1.508826e-02
<MEAN> 25
 5.450926e+00 -3.570392e+00 -2.428043e+00 -2.332899e+00 -1.258246e+00 -4.247662e+00 -7.511627e+00 6.663721e-01 1.847432e+00 -3.362335e-02 -4.764938e+00 -2.031566e+00 6.254397e-01 -1.238773e+00 -2.261225e+00 -1.941360e+00 1.199607e+00 1.521102e+00 -9.314173e-01 4.830695e-01 8.488162e-01 7.614516e-01 -3.401538e-01 -1.137360e+00 4.503158e-02
<VARIANCE> 25
 1.198622e+01 1.856771e+01 2.412295e+01 3.814552e+01 3.469521e+01 4.310716e+01 3.976018e+01 4.462488e+01 3.510448e+01 3.998106e+01 3.028912e+01 2.581486e+01 1.008747e+00 1.938646e+00 1.930893e+00 2.546764e+00 3.753478e+00 2.971961e+00 3.793395e+00 4.725278e+00 3.179084e+00 3.817840e+00 4.033659e+00 2.288522e+00 1.461536e-03
<GCONST> 9.262879e+01
<MIXTURE> 34 1.588179e-02
<MEAN> 25
 8.106501e+00 -3.189170e-01 1.341880e-01 5.724599e-01 -3.187422e+00 -7.981493e-01 -5.462374e+00 -5.701304e+00 -1.691125e+00 1.116703e+00 -1.628860e+00 -2.944733e+00 6.166875e-02 1.616967e+00 1.241205e+00 2.159472e+00 -2.221128e-01 -5.320572e-01 1.081710e+00 -1.312307e+00 -4.989618e-01 4.846298e-01 -9.033841e-01 1.074306e-02 -6.281347e-02
<VARIANCE> 25
 7.277993e+00 3.171252e+01 2.263327e+01 4.498290e+01 3.649886e+01 4.170045e+01 4.433884e+01 4.849106e+01 4.881293e+01 3.690929e+01 4.430832e+01 2.571130e+01 9.864275e-01 2.103464e+00 3.976731e+00 3.302001e+00 4.749856e+00 5.846601e+00 4.508424e+00 6.068605e+00 4.473924e+00 4.486267e+00 4.196908e+00 3.121395e+00 9.877601e-04
<GCONST> 9.643962e+01
<MIXTURE> 35 1.467755e-02
<MEAN> 25
 -1.906717e+00 -4.895523e+00 -9.406141e+00 -2.292652e-01 9.280613e+00 7.576107e-01 7.930972e-01 2.216004e+00 1.526116e+00 4.584774e+00 -3.969352e-01 1.844904e+00 5.213641e-01 -1.280408e+00 -1.350587e+00 -1.346048e+00 3.647959e-01 -6.080035e-01 -9.043269e-01 -1.186933e-01 -1.333391e-01 3.418830e-01 -6.893797e-01 -4.490305e-01 1.063509e-01
<VARIANCE> 25
 1.911297e+01 2.895796e+01 4.364132e+01 6.054508e+01 4.072998e+01 5.424854e+01 5.743888e+01 4.196213e+01 4.758830e+01 3.601192e+01 3.824710e+01 2.926210e+01 3.376631e+00 3.704565e+00 6.280027e+00 5.224705e+00 4.930620e+00 5.489118e+00 5.143419e+00 4.477752e+00 4.670077e+00 4.537337e+00 3.918880e+00 3.513563e+00 4.930063e-03
<GCONST> 1.029132e+02
<MIXTURE> 36 1.093293e-02
<MEAN> 25
 4.345782e+00 -3.980111e+00 7.378483e+00 1.975896e+00 -1.029685e+01 -7.850644e+00 -6.487069e+00 3.601616e+00 -2.022607e+00 -4.426449e+00 3.161375e+00 1.156246e-01 4.357959e-01 5.783738e-02 -9.892220e-01 8.994091e-02 8.202010e-01 -1.447129e-01 -4.804945e-01 -2.801856e-01 6.600423e-01 4.416787e-01 -5.155758e-01 -5.276263e-01 -1.745525e-02
<VARIANCE> 25
 1.092475e+01 2.107792e+01 2.106330e+01 3.012006e+01 2.835810e+01 3.516399e+01 4.122712e+01 3.681509e+01 3.460809e+01 2.834980e+01 2.580133e+01 2.378580e+01 5.716987e-01 7.605157e-01 1.515301e+00 1.151674e+00 1.538834e+00 1.634718e+00 1.934299e+00 2.023890e+00 2.017667e+00 1.579005e+00 1.332418e+00 1.635666e+00 7.183097e-04
<GCONST> 8.208744e+01
<MIXTURE> 37 1.246826e-02
<MEAN> 25
 5.986014e-01 7.756848e+00 1.185641e+01 -5.480729e+00 -7.875470e+00 -1.088565e+00 -5.065538e+00 -8.129751e+00 -3.613016e+00 -8.570964e-01 -3.571315e+00 -1.346416e+00 1.725134e-01 6.722426e-01 -1.310970e+00 3.576047e+00 1.927671e+00 -3.267986e-01 1.136374e+00 4.683464e-01 5.335382e-01 -3.475346e-01 5.190560e-01 -1.260844e-01 -9.537769e-02
<VARIANCE> 25
 1.576200e+01 2.551328e+01 3.215598e+01 5.026903e+01 3.443835e+01 3.143977e+01 4.313226e+01 3.623108e+01 3.832134e+01 3.537152e+01 3.745930e+01 3.045669e+01 2.901526e+00 3.382581e+00 3.048395e+00 4.015452e+00 4.700520e+00 3.710749e+00 4.219567e+00 3.795992e+00 3.382808e+00 3.580250e+00 3.815169e+00 2.781103e+00 3.861878e-03
<GCONST> 9.764523e+01
<MIXTURE> 38 1.154525e-02
<MEAN> 25
 -4.483499e+00 8.898713e+00 4.495966e+00 3.182810e+00 8.576000e-01 -5.202846e+00 -6.159214e-01 -2.740083e+00 -2.788683e+00 -3.070871e+00 -1.506732e+00 -5.431725e-01 -4.500739e+00 1.230388e+00 -2.847300e-01 1.467845e+00 2.516101e+00 1.377668e+00 2.060907e+00 9.648407e-01 7.983949e-01 6.211704e-01 1.034791e+00 3.172160e-01 4.777727e-02
<VARIANCE> 25
 3.110448e+01 2.973222e+01 3.943879e+01 3.294233e+01 4.830063e+01 3.521524e+01 3.601477e+01 4.115526e+01 3.484905e+01 3.224112e+01 2.403333e+01 2.839731e+01 2.354106e+00 3.934723e+00 3.927939e+00 5.123916e+00 4.379590e+00 4.981715e+00 4.762674e+00 4.599777e+00 4.408086e+00 4.902479e+00 4.438497e+00 3.235111e+00 2.093597e-03
<GCONST> 9.920252e+01
<MIXTURE> 39 9.501865e-03
<MEAN> 25
 1.359754e+00 2.556393e+00 1.023423e+01 -9.178114e+00 -1.128285e+01 -9.562057e-01 -2.958862e+00 -6.530655e+00 -4.565099e+00 8.286333e-01 -3.610419e+00 -2.303331e+00 -7.230640e-01 1.506567e+00 1.617172e+00 -1.403875e+00 7.665459e-02 1.229617e+00 -1.203176e+00 -1.229726e+00 4.291829e-01 4.191068e-01 -4.984159e-01 1.266236e-01 1.477280e-03
<VARIANCE> 25
 8.997626e+00 3.006018e+01 3.227719e+01 3.814843e+01 3.702136e+01 4.250940e+01 4.406299e+01 3.361335e+01 3.923891e+01 3.317287e+01 3.640701e+01 2.916015e+01 6.898903e-01 1.560126e+00 1.517365e+00 2.923139e+00 2.400642e+00 2.806282e+00 3.032225e+00 2.773331e+00 2.429006e+00 2.667943e+00 2.119154e+00 2.051781e+00 1.177591e-03
<GCONST> 8.965801e+01
<MIXTURE> 40 1.030800e-02
<MEAN> 25
 -8.348298e+00 2.572263e+00 -1.730135e+00 7.556678e+00 3.949497e+00 4.905123e+00 5.922700e+00 4.330204e+00 4.786651e+00 3.829544e+00 4.420721e+00 1.276209e+00 -1.844498e-01 -2.682531e-01 1.934075e-02 -5.110071e-02 -1.597335e-01 -2.033677e-01 7.678015e-02 1.083918e-01 6.824963e-03 6.704115e-02 5.878795e-02 1.019839e-01 3.568682e-03
<VARIANCE> 25
 4.132534e+01 1.923524e+01 2.777479e+01 2.626294e+01 2.325013e+01 2.044580e+01 2.027943e+01 1.713983e+01 1.556705e+01 1.827985e+01 2.385137e+01 1.379776e+01 7.314720e-01 8.069667e-01 8.116180e-01 1.217382e+00 1.107374e+00 1.163082e+00 1.332547e+00 1.195629e+00 1.186740e+00 1.158370e+00 1.098062e+00 1.081458e+00 8.136543e-04
<GCONST> 7.623557e+01
<MIXTURE> 41 6.713375e-03
<MEAN> 25
 1.276013e+00 1.704713e+00 1.058579e+01 -6.906518e+00 -1.047489e+01 -3.812586e+00 -2.548595e+00 -4.892955e+00 -4.718383e+00 2.531822e+00 -1.579869e+00 -9.877093e-01 1.031642e-01 -7.600241e-01 1.718339e+00 -3.566236e+00 -2.451125e+00 -9.739427e-02 -5.982046e-01 -3.247540e-01 -8.710274e-01 1.021624e+00 -9.873292e-01 7.418300e-02 8.531320e-02
<VARIANCE> 25
 1.147878e+01 2.929432e+01 3.344016e+01 3.947899e+01 3.850366e+01 3.942410e+01 3.695153e+01 3.016255e+01 3.280113e+01 2.897253e+01 3.239653e+01 2.658052e+01 3.181896e+00 3.266366e+00 3.789478e+00 3.746530e+00 4.817166e+00 5.740769e+00 5.075121e+00 4.487548e+00 3.985516e+00 4.335252e+00 3.911436e+00 3.153429e+00 2.904003e-03
<GCONST> 9.786656e+01
<MIXTURE> 42 1.106211e-02
<MEAN> 25
 -1.797267e+00 4.515466e+00 4.382405e+00 2.700136e+00 1.241593e-01 -6.005210e+00 -4.970196e-01 -1.948761e+00 -1.441154e+00 -9.414330e-01 -2.433613e+00 1.055248e+00 4.087276e+00 -2.970103e-01 1.434766e+00 -2.972607e-02 -2.727237e+00 -9.250581e-01 -2.259493e+00 -9.146949e-01 -1.042435e+00 -6.892107e-01 5.390709e-01 -1.007717e+00 1.180999e-02
<VARIANCE> 25
 3.518284e+01 2.031212e+01 4.718850e+01 2.624325e+01 3.881203e+01 3.691052e+01 3.961604e+01 2.588319e+01 2.723867e+01 2.712403e+01 1.930986e+01 1.692706e+01 3.413513e+00 4.751035e+00 6.101236e+00 5.125997e+00 5.080291e+00 6.005970e+00 4.959789e+00 5.039754e+00 5.477901e+00 4.644388e+00 3.945108e+00 3.286109e+00 4.132021e-03
<GCONST> 9.941024e+01
<MIXTURE> 43 7.108249e-03
<MEAN> 25
 3.202392e+00 -6.373719e+00 -2.214678e+00 -5.040688e+00 -7.407279e+00 -3.286727e+00 3.912229e+00 1.037604e+00 -4.902890e+00 -6.868454e+00 -4.285638e+00 -1.232357e+00 2.438154e-01 2.116699e+00 1.926656e+00 -8.947508e-02 -1.439434e+00 -7.995960e-01 -9.417216e-01 -7.628663e-01 8.433888e-01 1.475727e+00 3.107723e-01 8.794004e-03 -4.500670e-02
<VARIANCE> 25
 9.442853e+00 1.961874e+01 2.682827e+01 3.543682e+01 3.805543e+01 3.654591e+01 3.482414e+01 4.269674e+01 3.994595e+01 3.998867e+01 2.619764e+01 2.901510e+01 6.772590e-01 1.349024e+00 1.548531e+00 2.535129e+00 2.331895e+00 2.336430e+00 2.633801e+00 2.977554e+00 2.606448e+00 2.542734e+00 2.364018e+00 1.883365e+00 9.262998e-04
<GCONST> 8.800994e+01
<MIXTURE> 44 7.328289e-03
<MEAN> 25
 -1.501162e+01 1.566563e+00 3.367060e+00 -3.118335e+00 3.282435e+00 1.870566e+00 7.933002e-02 2.358116e+00 1.532990e+00 -7.412304e-01 1.745312e+00 1.928580e+00 -1.724079e-01 -5.976585e-04 1.641378e-01 2.959580e-01 -1.119097e-01 1.785475e-01 4.825638e-01 1.061638e-01 2.535416e-01 1.320750e-01 1.210753e-02 8.760763e-02 4.342972e-03
<VARIANCE> 25
 4.476313e+01 2.743037e+01 3.521029e+01 3.051982e+01 2.905717e+01 3.046758e+01 2.483891e+01 3.116224e+01 2.775807e+01 2.668469e+01 2.659588e+01 1.917118e+01 1.213860e+00 1.512741e+00 1.373939e+00 1.349417e+00 2.143998e+00 1.621368e+00 1.503401e+00 1.612839e+00 1.590153e+00 1.487673e+00 1.430015e+00 1.208227e+00 1.292774e-03
<GCONST> 8.443267e+01
<MIXTURE> 45 1.364932e-02
<MEAN> 25
 -1.148636e+01 2.904476e+00 -1.078545e+00 3.668415e+00 5.437348e+00 -5.063385e-01 4.815424e+00 3.111604e+00 3.659153e+00 1.679818e+00 2.340296e+00 2.656292e+00 -2.801219e+00 3.479674e-01 -4.008938e-01 -4.069223e-01 5.515011e-02 -7.625709e-02 6.203310e-01 1.405482e-01 8.330711e-02 -1.551188e-01 2.281641e-01 2.897891e-01 1.144463e-01
<VARIANCE> 25
 3.660551e+01 3.106103e+01 2.748191e+01 3.917551e+01 2.897870e+01 2.848690e+01 2.712796e+01 2.490853e+01 2.523524e+01 2.375813e+01 2.540900e+01 1.474368e+01 2.301020e+00 3.120319e+00 2.578599e+00 2.507638e+00 2.351282e+00 2.379758e+00 2.363054e+00 2.066499e+00 2.114962e+00 1.978642e+00 1.899547e+00 1.754253e+00 3.790748e-03
<GCONST> 8.972407e+01
<MIXTURE> 46 9.336259e-03
<MEAN> 25
 -9.428812e+00 2.218059e+00 1.199521e+00 7.596048e+00 5.799029e+00 3.096272e+00 7.086520e+00 4.474510e+00 5.815174e+00 4.570679e+00 4.886387e+00 2.931643e+00 1.041483e+00 -2.237261e-01 7.003528e-02 9.758760e-01 5.842887e-01 9.471163e-01 4.140547e-01 6.567140e-01 4.451070e-01 5.311987e-01 6.393922e-01 4.955385e-01 -1.030957e-01
<VARIANCE> 25
 3.383852e+01 4.340503e+01 3.800116e+01 4.920871e+01 5.135746e+01 4.244677e+01 3.643522e+01 3.485136e+01 3.316030e+01 3.105876e+01 2.881085e+01 2.028513e+01 3.882307e+00 4.081366e+00 3.885253e+00 4.098790e+00 4.133038e+00 3.653089e+00 3.375984e+00 3.073056e+00 2.974559e+00 2.863842e+00 2.274626e+00 1.822306e+00 8.079432e-03
<GCONST> 9.824478e+01
<MIXTURE> 47 7.116147e-03
<MEAN> 25
 6.838235e+00 -7.225173e+00 -7.513386e+00 -6.762785e+00 1.419450e+00 1.598477e+00 -3.225551e+00 7.875229e-01 2.681255e+00 8.343385e-01 -3.975912e+00 -6.046701e+00 -1.479582e-01 -1.289678e+00 -7.643063e-01 -3.515828e-01 5.188746e-01 8.503563e-01 7.350479e-01 2.439403e-01 5.784599e-02 -7.847579e-01 -5.226444e-01 -4.218471e-01 3.153312e-02
<VARIANCE> 25
 1.119279e+01 1.890107e+01 1.886049e+01 3.427561e+01 3.226347e+01 5.285298e+01 4.607270e+01 3.878429e+01 3.987249e+01 4.532470e+01 5.081733e+01 3.607175e+01 5.017955e-01 7.370865e-01 1.146274e+00 1.650869e+00 1.874341e+00 2.058540e+00 2.290756e+00 2.285773e+00 1.959196e+00 1.991370e+00 2.223909e+00 1.863767e+00 5.166182e-04
<GCONST> 8.557995e+01
<MIXTURE> 48 7.116147e-03
<MEAN> 25
 6.838235e+00 -7.225173e+00 -7.513386e+00 -6.762785e+00 1.419450e+00 1.598477e+00 -3.225551e+00 7.875229e-01 2.681255e+00 8.343385e-01 -3.975912e+00 -6.046701e+00 -1.479582e-01 -1.289678e+00 -7.643063e-01 -3.515828e-01 5.188746e-01 8.503563e-01 7.350479e-01 2.439403e-01 5.784599e-02 -7.847579e-01 -5.226444e-01 -4.218471e-01 3.153312e-02
<VARIANCE> 25
 1.119279e+01 1.890107e+01 1.886049e+01 3.427561e+01 3.226347e+01 5.285298e+01 4.607270e+01 3.878429e+01 3.987249e+01 4.532470e+01 5.081733e+01 3.607175e+01 5.017955e-01 7.370865e-01 1.146274e+00 1.650869e+00 1.874341e+00 2.058540e+00 2.290756e+00 2.285773e+00 1.959196e+00 1.991370e+00 2.223909e+00 1.863767e+00 5.166182e-04
<GCONST> 8.557995e+01
<MIXTURE> 49 5.548473e-03
<MEAN> 25
 -5.028195e+00 4.241146e-01 9.667460e-02 8.419380e+00 6.159916e+00 5.564504e+00 6.128699e+00 4.466196e+00 5.002042e+00 3.674607e+00 4.777673e+00 2.804705e+00 3.637379e-01 6.532356e-01 7.042196e-01 3.624917e-01 -1.821594e-01 -6.641613e-01 -1.006585e+00 -1.106637e+00 -9.336272e-01 -6.883581e-01 -5.017774e-01 -2.792923e-01 5.803798e-06
<VARIANCE> 25
 9.733780e+00 1.031983e+01 1.442716e+01 1.580269e+01 1.571941e+01 1.712035e+01 1.973302e+01 1.921551e+01 1.808741e+01 1.783813e+01 2.204984e+01 1.431648e+01 2.776991e-01 2.637224e-01 3.571410e-01 6.134858e-01 8.727264e-01 9.685321e-01 9.830466e-01 1.052630e+00 1.151292e+00 1.230729e+00 1.276760e+00 1.198275e+00 1.435144e-05
<GCONST> 6.440617e+01
<MIXTURE> 50 6.234641e-03
<MEAN> 25
 -4.719778e+00 5.389707e-02 -1.486821e+00 6.261790e+00 4.202769e+00 2.127270e+00 3.792423e+00 2.021997e+00 2.929318e+00 1.350911e+00 2.118634e+00 2.894338e+00 5.138806e-02 1.690038e-01 1.081044e-01 -1.751483e-01 -5.207739e-01 -6.097532e-01 -4.232019e-01 -6.765348e-02 4.352899e-01 7.950191e-01 7.455559e-01 4.377983e-01 -5.849167e-05
<VARIANCE> 25
 1.069258e+01 1.115148e+01 1.424425e+01 1.533935e+01 1.555288e+01 1.997760e+01 1.866787e+01 1.922234e+01 1.956875e+01 1.750830e+01 2.152807e+01 1.612584e+01 1.453619e-01 2.454016e-01 3.882478e-01 5.165300e-01 6.048357e-01 7.375003e-01 9.551439e-01 1.111690e+00 1.047529e+00 9.524307e-01 9.160678e-01 9.786360e-01 1.119053e-06
<GCONST> 5.992094e+01
<MIXTURE> 51 6.234641e-03
<MEAN> 25
 -4.719778e+00 5.389707e-02 -1.486821e+00 6.261790e+00 4.202769e+00 2.127270e+00 3.792423e+00 2.021997e+00 2.929318e+00 1.350911e+00 2.118634e+00 2.894338e+00 5.138806e-02 1.690038e-01 1.081044e-01 -1.751483e-01 -5.207739e-01 -6.097532e-01 -4.232019e-01 -6.765348e-02 4.352899e-01 7.950191e-01 7.455559e-01 4.377983e-01 -5.849167e-05
<VARIANCE> 25
 1.069258e+01 1.115148e+01 1.424425e+01 1.533935e+01 1.555288e+01 1.997760e+01 1.866787e+01 1.922234e+01 1.956875e+01 1.750830e+01 2.152807e+01 1.612584e+01 1.453619e-01 2.454016e-01 3.882478e-01 5.165300e-01 6.048357e-01 7.375003e-01 9.551439e-01 1.111690e+00 1.047529e+00 9.524307e-01 9.160678e-01 9.786360e-01 1.119053e-06
<GCONST> 5.992094e+01
<MIXTURE> 52 6.367945e-03
<MEAN> 25
 9.610558e+00 1.621583e+00 -6.145617e+00 -1.406113e+01 -3.595032e+00 8.789666e+00 -3.019269e+00 -2.930241e+00 -4.546313e+00 -2.404596e+00 4.207039e+00 5.740284e-01 -3.312888e-01 -4.746769e-01 -2.974565e-02 1.039577e+00 1.387024e+00 -4.321797e-01 -6.802484e-01 -5.583817e-01 2.294886e-02 1.263744e+00 3.313778e-01 -4.403990e-01 -1.204905e-02
<VARIANCE> 25
 1.021485e+01 1.976533e+01 2.281297e+01 3.488814e+01 4.400521e+01 2.802166e+01 4.229003e+01 4.386115e+01 3.873188e+01 4.272687e+01 4.163639e+01 2.708575e+01 4.366313e-01 1.376170e+00 1.294301e+00 2.670490e+00 2.149514e+00 2.059613e+00 2.759389e+00 2.732690e+00 2.694586e+00 2.534545e+00 2.654763e+00 2.116392e+00 1.580432e-03
<GCONST> 8.845271e+01
<MIXTURE> 53 6.367945e-03
<MEAN> 25
 9.610558e+00 1.621583e+00 -6.145617e+00 -1.406113e+01 -3.595032e+00 8.789666e+00 -3.019269e+00 -2.930241e+00 -4.546313e+00 -2.404596e+00 4.207039e+00 5.740284e-01 -3.312888e-01 -4.746769e-01 -2.974565e-02 1.039577e+00 1.387024e+00 -4.321797e-01 -6.802484e-01 -5.583817e-01 2.294886e-02 1.263744e+00 3.313778e-01 -4.403990e-01 -1.204905e-02
<VARIANCE> 25
 1.021485e+01 1.976533e+01 2.281297e+01 3.488814e+01 4.400521e+01 2.802166e+01 4.229003e+01 4.386115e+01 3.873188e+01 4.272687e+01 4.163639e+01 2.708575e+01 4.366313e-01 1.376170e+00 1.294301e+00 2.670490e+00 2.149514e+00 2.059613e+00 2.759389e+00 2.732690e+00 2.694586e+00 2.534545e+00 2.654763e+00 2.116392e+00 1.580432e-03
<GCONST> 8.845271e+01
<MIXTURE> 54 7.368620e-03
<MEAN> 25
 -3.631106e+00 5.139799e-02 -7.117714e-01 8.043029e+00 6.509509e+00 4.611437e+00 4.690595e+00 4.595561e+00 4.100120e+00 3.587628e+00 4.403212e+00 2.280834e+00 -2.203643e-03 2.199741e-02 3.362065e-02 4.882110e-02 4.988745e-02 4.934173e-02 3.898005e-02 2.334171e-02 2.898741e-02 3.137055e-02 2.116227e-02 5.049882e-03 -2.592373e-05
<VARIANCE> 25
 9.076200e+00 1.034547e+01 9.363780e+00 1.808593e+01 1.330406e+01 1.346074e+01 1.193390e+01 1.122228e+01 1.153493e+01 1.349675e+01 1.803224e+01 1.269247e+01 4.091012e-02 8.955278e-02 1.549872e-01 2.279932e-01 3.071643e-01 4.025042e-01 4.575872e-01 5.229442e-01 5.431397e-01 5.254505e-01 5.258991e-01 5.172361e-01 1.035137e-06
<GCONST> 4.737782e+01
<MIXTURE> 55 7.368620e-03
<MEAN> 25
 -3.631106e+00 5.139799e-02 -7.117714e-01 8.043029e+00 6.509509e+00 4.611437e+00 4.690595e+00 4.595561e+00 4.100120e+00 3.587628e+00 4.403212e+00 2.280834e+00 -2.203643e-03 2.199741e-02 3.362065e-02 4.882110e-02 4.988745e-02 4.934173e-02 3.898005e-02 2.334171e-02 2.898741e-02 3.137055e-02 2.116227e-02 5.049882e-03 -2.592373e-05
<VARIANCE> 25
 9.076200e+00 1.034547e+01 9.363780e+00 1.808593e+01 1.330406e+01 1.346074e+01 1.193390e+01 1.122228e+01 1.153493e+01 1.349675e+01 1.803224e+01 1.269247e+01 4.091012e-02 8.955278e-02 1.549872e-01 2.279932e-01 3.071643e-01 4.025042e-01 4.575872e-01 5.229442e-01 5.431397e-01 5.254505e-01 5.258991e-01 5.172361e-01 1.035137e-06
<GCONST> 4.737782e+01
<MIXTURE> 56 6.132464e-03
<MEAN> 25
 7.395211e+00 -6.469941e+00 -9.239325e+00 -8.994687e+00 3.708007e+00 4.466453e+00 -2.223596e+00 -1.808977e+00 1.597427e+00 7.829255e-01 -1.938402e+00 -6.992998e+00 -3.091157e-02 5.869839e-02 -1.222198e-01 8.743992e-02 4.103614e-01 8.346241e-02 1.972254e-01 -9.605905e-02 -4.646302e-02 -5.056667e-02 -1.404544e-01 8.530440e-02 -7.492699e-03
<VARIANCE> 25
 8.966231e+00 2.261408e+01 1.876848e+01 3.989080e+01 3.144924e+01 5.073322e+01 5.751670e+01 3.534280e+01 3.734773e+01 3.497006e+01 4.123652e+01 2.950964e+01 2.004706e-01 4.165044e-01 4.893018e-01 7.641582e-01 1.034714e+00 1.038552e+00 9.401432e-01 8.685271e-01 8.483003e-01 8.641320e-01 9.980321e-01 7.883457e-01 2.425178e-04
<GCONST> 7.467603e+01
<MIXTURE> 57 6.132464e-03
<MEAN> 25
 7.395211e+00 -6.469941e+00 -9.239325e+00 -8.994687e+00 3.708007e+00 4.466453e+00 -2.223596e+00 -1.808977e+00 1.597427e+00 7.829255e-01 -1.938402e+00 -6.992998e+00 -3.091157e-02 5.869839e-02 -1.222198e-01 8.743992e-02 4.103614e-01 8.346241e-02 1.972254e-01 -9.605905e-02 -4.646302e-02 -5.056667e-02 -1.404544e-01 8.530440e-02 -7.492699e-03
<VARIANCE> 25
 8.966231e+00 2.261408e+01 1.876848e+01 3.989080e+01 3.144924e+01 5.073322e+01 5.751670e+01 3.534280e+01 3.734773e+01 3.497006e+01 4.123652e+01 2.950964e+01 2.004706e-01 4.165044e-01 4.893018e-01 7.641582e-01 1.034714e+00 1.038552e+00 9.401432e-01 8.685271e-01 8.483003e-01 8.641320e-01 9.980321e-01 7.883457e-01 2.425178e-04
<GCONST> 7.467603e+01
<MIXTURE> 58 6.172147e-03
<MEAN> 25
 2.287200e+00 -3.363280e+00 7.533507e+00 -5.147392e+00 -1.319672e+01 -5.075000e+00 8.957033e-01 1.420388e+00 -2.725333e+00 1.406093e+00 8.920562e-01 -4.549889e-01 -5.356493e-02 -1.491559e-01 -3.947383e-02 -1.811679e-01 -1.092778e-01 2.062527e-01 3.463091e-01 2.007008e-01 7.832980e-02 -1.732058e-03 3.120431e-02 -2.326696e-01 -2.121848e-03
<VARIANCE> 25
 7.863339e+00 1.613429e+01 2.036414e+01 2.536443e+01 2.297193e+01 4.580731e+01 3.701685e+01 3.677242e+01 3.068428e+01 3.084641e+01 2.227661e+01 2.066633e+01 3.131259e-01 7.533379e-01 7.159481e-01 9.695244e-01 9.361983e-01 1.156357e+00 1.083153e+00 1.214887e+00 1.082566e+00 9.866734e-01 1.061108e+00 9.610917e-01 6.973561e-04
<GCONST> 7.555858e+01
<MIXTURE> 59 6.172147e-03
<MEAN> 25
 2.287200e+00 -3.363280e+00 7.533507e+00 -5.147392e+00 -1.319672e+01 -5.075000e+00 8.957033e-01 1.420388e+00 -2.725333e+00 1.406093e+00 8.920562e-01 -4.549889e-01 -5.356493e-02 -1.491559e-01 -3.947383e-02 -1.811679e-01 -1.092778e-01 2.062527e-01 3.463091e-01 2.007008e-01 7.832980e-02 -1.732058e-03 3.120431e-02 -2.326696e-01 -2.121848e-03
<VARIANCE> 25
 7.863339e+00 1.613429e+01 2.036414e+01 2.536443e+01 2.297193e+01 4.580731e+01 3.701685e+01 3.677242e+01 3.068428e+01 3.084641e+01 2.227661e+01 2.066633e+01 3.131259e-01 7.533379e-01 7.159481e-01 9.695244e-01 9.361983e-01 1.156357e+00 1.083153e+00 1.214887e+00 1.082566e+00 9.866734e-01 1.061108e+00 9.610917e-01 6.973561e-04
<GCONST> 7.555858e+01
<MIXTURE> 60 4.479129e-03
<MEAN> 25
 -4.138159e+00 -4.112884e-01 -1.372507e+00 4.151557e+00 2.410004e+00 1.802458e+00 1.842686e+00 1.384448e+00 2.326863e+00 1.166133e+00 2.092447e+00 1.767215e+00 -1.036285e-03 4.461829e-02 1.274140e-01 1.223957e-01 1.304654e-01 1.675349e-01 1.387205e-01 2.655476e-01 5.156873e-01 6.348251e-01 5.862197e-01 2.956083e-01 -2.999451e-05
<VARIANCE> 25
 6.244646e+00 4.532569e+00 9.958994e+00 1.195507e+01 1.543529e+01 1.602986e+01 1.383473e+01 1.100052e+01 1.259190e+01 1.272215e+01 1.518316e+01 1.205900e+01 9.064618e-02 1.606966e-01 2.888753e-01 3.965195e-01 5.990194e-01 7.639183e-01 8.883200e-01 8.431247e-01 8.463093e-01 8.211043e-01 8.436393e-01 8.578591e-01 2.998295e-05
<GCONST> 5.632335e+01
<MIXTURE> 61 4.479129e-03
<MEAN> 25
 -4.138159e+00 -4.112884e-01 -1.372507e+00 4.151557e+00 2.410004e+00 1.802458e+00 1.842686e+00 1.384448e+00 2.326863e+00 1.166133e+00 2.092447e+00 1.767215e+00 -1.036285e-03 4.461829e-02 1.274140e-01 1.223957e-01 1.304654e-01 1.675349e-01 1.387205e-01 2.655476e-01 5.156873e-01 6.348251e-01 5.862197e-01 2.956083e-01 -2.999451e-05
<VARIANCE> 25
 6.244646e+00 4.532569e+00 9.958994e+00 1.195507e+01 1.543529e+01 1.602986e+01 1.383473e+01 1.100052e+01 1.259190e+01 1.272215e+01 1.518316e+01 1.205900e+01 9.064618e-02 1.606966e-01 2.888753e-01 3.965195e-01 5.990194e-01 7.639183e-01 8.883200e-01 8.431247e-01 8.463093e-01 8.211043e-01 8.436393e-01 8.578591e-01 2.998295e-05
<GCONST> 5.632335e+01
<MIXTURE> 62 3.278034e-03
<MEAN> 25
 -5.090232e+00 1.242163e+00 1.024300e+00 8.818047e+00 6.131216e+00 5.050047e+00 5.500847e+00 4.033972e+00 4.987088e+00 3.917011e+00 4.963672e+00 2.949179e+00 -1.003148e+00 -1.166587e+00 -9.528388e-01 -2.763812e-01 4.273681e-01 1.004654e+00 1.384235e+00 1.551454e+00 1.478394e+00 1.243259e+00 1.066750e+00 7.257086e-01 -1.262261e-03
<VARIANCE> 25
 9.872101e+00 9.960087e+00 1.312082e+01 1.672890e+01 1.740921e+01 1.752261e+01 1.970158e+01 1.910862e+01 1.885627e+01 1.872376e+01 2.157414e+01 1.480004e+01 4.018076e-01 4.319194e-01 5.543855e-01 7.796217e-01 1.034779e+00 1.192627e+00 1.252697e+00 1.280136e+00 1.329873e+00 1.363463e+00 1.399981e+00 1.371392e+00 1.633747e-05
<GCONST> 6.752847e+01
<MIXTURE> 63 4.351215e-03
<MEAN> 25
 -3.679931e+00 -5.299302e-01 -4.808616e+00 3.641744e+00 3.634755e+00 -4.884212e-01 4.494780e+00 2.020561e+00 3.057800e+00 -6.143821e-01 -1.355547e+00 1.592415e+00 -1.081279e-01 3.480931e-01 4.470629e-01 4.756722e-01 2.683254e-01 3.319725e-01 3.904554e-01 2.103776e-01 1.880756e-01 8.340398e-02 1.573091e-03 1.838585e-02 -4.960778e-03
<VARIANCE> 25
 9.565223e+00 1.745787e+01 1.338072e+01 1.641526e+01 1.447134e+01 2.259029e+01 2.456174e+01 1.944401e+01 2.075148e+01 1.932527e+01 1.530510e+01 1.650840e+01 2.385901e-01 4.418805e-01 5.418863e-01 7.140941e-01 8.732183e-01 1.013174e+00 1.128437e+00 1.243108e+00 1.305079e+00 1.610284e+00 1.461880e+00 9.750292e-01 1.945594e-04
<GCONST> 6.951051e+01
<MIXTURE> 64 4.351215e-03
<MEAN> 25
 -3.679931e+00 -5.299302e-01 -4.808616e+00 3.641744e+00 3.634755e+00 -4.884212e-01 4.494780e+00 2.020561e+00 3.057800e+00 -6.143821e-01 -1.355547e+00 1.592415e+00 -1.081279e-01 3.480931e-01 4.470629e-01 4.756722e-01 2.683254e-01 3.319725e-01 3.904554e-01 2.103776e-01 1.880756e-01 8.340398e-02 1.573091e-03 1.838585e-02 -4.960778e-03
<VARIANCE> 25
 9.565223e+00 1.745787e+01 1.338072e+01 1.641526e+01 1.447134e+01 2.259029e+01 2.456174e+01 1.944401e+01 2.075148e+01 1.932527e+01 1.530510e+01 1.650840e+01 2.385901e-01 4.418805e-01 5.418863e-01 7.140941e-01 8.732183e-01 1.013174e+00 1.128437e+00 1.243108e+00 1.305079e+00 1.610284e+00 1.461880e+00 9.750292e-01 1.945594e-04
<GCONST> 6.951051e+01
<MIXTURE> 65 1.721197e-02
<MEAN> 25
 7.732708e+00 1.553673e+00 1.702131e+00 8.670620e-01 -5.519915e+00 -3.609962e+00 -4.729032e+00 -7.029690e+00 -4.378419e+00 -1.409683e+00 -4.110379e+00 -1.970095e+00 1.258518e-01 6.854399e-02 3.693615e-02 -1.790996e-02 -1.294013e-01 5.571240e-01 -4.696065e-02 -2.456524e-01 3.392079e-01 -8.806606e-02 -3.845816e-01 -1.030708e-01 -4.983495e-03
<VARIANCE> 25
 9.063325e+00 1.877026e+01 2.195086e+01 3.163161e+01 3.270339e+01 5.370266e+01 5.519261e+01 5.176639e+01 4.991383e+01 5.309594e+01 5.701335e+01 4.415624e+01 4.980149e-01 8.564155e-01 1.675194e+00 1.852052e+00 1.764657e+00 2.557051e+00 2.281113e+00 2.897259e+00 2.234948e+00 2.506313e+00 2.796870e+00 1.832494e+00 3.705300e-04
<GCONST> 8.790030e+01
<MIXTURE> 66 1.191532e-02
<MEAN> 25
 6.325747e+00 -3.661339e+00 -5.482889e+00 -4.927901e+00 1.487893e+00 -3.937072e+00 -7.078896e+00 1.336937e-01 2.041540e-01 -9.985587e-01 -5.630339e+00 -2.560707e+00 -8.999153e-02 1.734186e+00 2.026005e+00 2.211746e+00 -1.151731e+00 -1.416641e+00 3.600663e-01 -5.225992e-01 2.777924e-02 -2.075831e-01 -3.027776e-01 7.877550e-01 -6.649730e-02
<VARIANCE> 25
 8.289176e+00 2.144573e+01 2.530110e+01 3.190163e+01 3.492091e+01 5.359388e+01 4.822672e+01 4.506300e+01 4.803590e+01 6.198291e+01 4.432647e+01 3.474177e+01 1.205105e+00 2.211601e+00 2.301466e+00 2.250132e+00 3.805569e+00 3.822469e+00 4.224256e+00 4.448227e+00 3.791706e+00 4.477840e+00 3.938196e+00 3.092016e+00 1.315432e-03
<GCONST> 9.531118e+01
<MIXTURE> 67 1.559142e-02
<MEAN> 25
 7.623901e+00 1.655794e+00 -5.567440e+00 -8.685244e+00 1.860021e+00 3.108474e+00 -4.265458e+00 -3.004126e+00 -3.993293e+00 1.605763e+00 7.684644e-01 -7.302948e-01 -8.587832e-01 1.839533e+00 1.003855e+00 2.988711e+00 8.656241e-01 -8.643922e-01 1.511984e+00 4.400759e-01 4.371785e-01 6.514940e-02 -5.379300e-01 2.353876e-01 -1.221906e-01
<VARIANCE> 25
 1.294717e+01 3.140032e+01 2.500294e+01 4.616370e+01 4.044241e+01 4.342059e+01 5.333433e+01 4.360669e+01 4.957591e+01 4.724745e+01 4.771888e+01 3.980536e+01 1.764821e+00 2.690828e+00 2.739250e+00 3.475317e+00 4.179354e+00 3.782348e+00 3.905852e+00 4.736196e+00 4.340754e+00 4.000735e+00 4.264034e+00 3.546723e+00 2.460435e-03
<GCONST> 9.858946e+01
<MIXTURE> 68 1.485092e-02
<MEAN> 25
 -2.296765e+00 -2.166532e+00 -3.547311e+00 1.544509e+00 4.939298e+00 -7.337895e-01 2.731408e+00 1.784966e+00 1.958564e+00 1.614838e+00 2.431866e-01 1.686335e+00 2.792499e+00 5.536572e-01 1.089024e-01 -2.598083e+00 -2.321017e+00 -1.427208e+00 -2.370015e+00 -1.759999e+00 -1.816612e+00 -1.373412e+00 -1.841599e+00 -1.084725e+00 9.807459e-02
<VARIANCE> 25
 2.748812e+01 3.123287e+01 6.177144e+01 5.256937e+01 4.620464e+01 5.224657e+01 5.109626e+01 4.018444e+01 3.881302e+01 4.160632e+01 3.670798e+01 2.513950e+01 1.784119e+00 3.633882e+00 5.972057e+00 5.581961e+00 4.679546e+00 5.669472e+00 5.529000e+00 4.734336e+00 5.276804e+00 5.199481e+00 5.099179e+00 3.392259e+00 6.157852e-03
<GCONST> 1.034098e+02
<MIXTURE> 69 1.204884e-02
<MEAN> 25
 4.205328e+00 -3.349679e+00 -3.662815e+00 -3.730349e+00 -1.866876e+00 -7.087289e+00 -1.122025e+00 2.051101e+00 -4.200013e-01 -4.009283e+00 -6.396589e+00 1.363746e+00 1.871337e+00 -2.302616e+00 -1.296254e+00 -2.089961e+00 -5.407391e-01 -2.086429e-01 -9.191030e-01 3.811215e-01 -5.676173e-01 -7.465174e-01 -2.050071e+00 1.248120e-03 6.562910e-02
<VARIANCE> 25
 8.944575e+00 2.337908e+01 2.305123e+01 2.342936e+01 4.821944e+01 3.411750e+01 4.725580e+01 2.705345e+01 3.361561e+01 3.804625e+01 3.003144e+01 2.178071e+01 3.539009e+00 2.524879e+00 2.830058e+00 3.354330e+00 4.912331e+00 4.445588e+00 6.867642e+00 5.400061e+00 5.076353e+00 7.211071e+00 4.056236e+00 3.267351e+00 2.142363e-03
<GCONST> 9.695363e+01
<MIXTURE> 70 1.329190e-02
<MEAN> 25
 6.445206e+00 -1.445567e+00 -4.148546e+00 -3.758708e+00 -2.945680e-01 1.077731e-01 -6.834327e+00 -4.756115e+00 5.270379e-01 2.790217e+00 2.953571e-02 -3.814074e+00 1.626572e+00 -1.455892e+00 -6.351796e-01 -2.049153e+00 -1.458984e+00 1.436904e+00 -1.347232e+00 -2.646224e-01 3.384394e-01 3.137190e-01 6.877379e-01 -1.325641e+00 6.246234e-02
<VARIANCE> 25
 1.093747e+01 2.029144e+01 2.247103e+01 4.220933e+01 3.066535e+01 3.907924e+01 4.305988e+01 3.840280e+01 3.781911e+01 2.561702e+01 3.968624e+01 2.362149e+01 3.032890e+00 3.225749e+00 4.163729e+00 6.263561e+00 5.009919e+00 5.424124e+00 5.460499e+00 6.160208e+00 5.717782e+00 4.591051e+00 5.162066e+00 3.474028e+00 2.214567e-03
<GCONST> 9.882427e+01
<MIXTURE> 71 1.406903e-02
<MEAN> 25
 6.247222e+00 5.102058e+00 3.331991e+00 2.355319e+00 -3.736258e+00 -2.993137e+00 -2.548613e+00 -6.426389e+00 -4.467340e+00 -1.721084e+00 -4.679011e+00 -2.808323e+00 -1.496937e+00 -6.905863e-01 -2.350270e-02 -1.775372e+00 9.913633e-01 4.045736e-02 -3.639190e-01 1.616145e+00 2.171609e-01 -4.733054e-01 9.000841e-01 1.836092e-01 3.933263e-02
<VARIANCE> 25
 1.549615e+01 2.487767e+01 2.302724e+01 3.975637e+01 3.449583e+01 3.970221e+01 3.685098e+01 3.439296e+01 3.166024e+01 4.024893e+01 3.121757e+01 2.961457e+01 1.498068e+00 2.736960e+00 5.530877e+00 4.280340e+00 4.646610e+00 4.037885e+00 4.712255e+00 4.609165e+00 3.958512e+00 4.630556e+00 3.410320e+00 2.684919e+00 1.182651e-03
<GCONST> 9.603579e+01
<MIXTURE> 72 8.134747e-03
<MEAN> 25
 3.741379e+00 -3.755118e+00 5.763891e+00 -2.369580e+00 -1.059841e+01 -9.579892e+00 -2.545073e+00 2.142011e+00 -5.225856e+00 -2.484923e+00 -1.332389e+00 7.423155e-01 9.554370e-01 -7.584232e-01 -2.674861e+00 5.525907e-01 2.163785e+00 -6.530914e-01 -1.269439e+00 1.350457e+00 1.743152e+00 -4.853039e-01 -1.226959e+00 3.572761e-01 -7.632447e-03
<VARIANCE> 25
 1.035815e+01 1.930960e+01 3.379623e+01 3.736598e+01 3.205862e+01 3.253210e+01 3.942737e+01 3.641012e+01 4.418094e+01 4.122372e+01 4.320203e+01 2.746707e+01 4.571683e-01 1.000639e+00 2.218269e+00 1.594455e+00 2.165786e+00 2.248706e+00 2.965532e+00 3.168397e+00 2.597589e+00 3.120121e+00 2.028315e+00 2.086444e+00 5.689720e-04
<GCONST> 8.755975e+01
<MIXTURE> 73 1.213625e-02
<MEAN> 25
 -5.617848e+00 -7.727450e-01 -1.282510e+00 4.957652e+00 4.235900e+00 2.248666e+00 5.495177e+00 3.462470e+00 4.374565e+00 3.368167e+00 4.212711e+00 3.033177e+00 7.846365e-01 -1.041380e+00 -9.259278e-01 -2.608741e+00 -1.246184e+00 -1.735695e+00 -8.941522e-01 -4.935317e-01 -9.028601e-01 -7.065174e-01 -1.089584e+00 -2.694166e-01 1.538896e-01
<VARIANCE> 25
 1.283917e+01 1.338929e+01 1.508619e+01 2.287873e+01 2.311459e+01 2.523976e+01 2.036903e+01 1.983703e+01 1.774171e+01 1.926338e+01 2.306025e+01 1.544833e+01 4.056582e+00 3.075937e+00 5.930030e+00 4.772129e+00 6.105971e+00 4.539217e+00 4.334138e+00 4.222486e+00 3.893920e+00 4.229003e+00 3.534012e+00 2.669169e+00 4.331897e-03
<GCONST> 9.271761e+01
<MIXTURE> 74 1.756491e-02
<MEAN> 25
 4.470717e+00 -2.811187e+00 5.131365e+00 -8.987538e-01 -8.534652e+00 -7.109377e+00 -4.085588e+00 1.101247e+00 -4.110548e+00 -3.100236e+00 8.363852e-01 -4.276508e-01 5.763245e-01 2.057972e+00 -9.180244e-01 1.852068e+00 1.582130e+00 2.008831e-01 5.542658e-01 -1.782365e+00 1.952673e-01 6.730267e-01 -4.573348e-01 -3.272125e-01 -7.890965e-02
<VARIANCE> 25
 8.999898e+00 2.459502e+01 3.049563e+01 2.835706e+01 3.188157e+01 3.117034e+01 4.068987e+01 3.992713e+01 4.457670e+01 3.641911e+01 4.460856e+01 2.539889e+01 1.676845e+00 2.080087e+00 5.055794e+00 1.915782e+00 3.233660e+00 3.339043e+00 4.140599e+00 4.070253e+00 3.069036e+00 3.782223e+00 2.699054e+00 2.563238e+00 1.567047e-03
<GCONST> 9.347971e+01
<MIXTURE> 75 9.711651e-03
<MEAN> 25
 2.319940e+00 -1.591054e+00 1.191090e+01 6.921752e-01 -1.193649e+01 -6.761760e+00 -4.713749e+00 6.564575e-02 -5.031917e+00 -4.555053e+00 3.686307e+00 -7.582466e-02 1.554069e+00 -1.579426e+00 5.811641e-01 -7.355046e-01 -2.398922e+00 -3.633869e-01 -1.694895e+00 9.911705e-01 -4.729984e-01 -5.699821e-01 1.223895e+00 -5.299362e-01 3.954555e-02
<VARIANCE> 25
 1.020813e+01 1.688374e+01 3.171031e+01 2.981116e+01 2.384403e+01 3.192329e+01 2.760168e+01 2.895510e+01 3.074726e+01 2.710910e+01 1.966290e+01 2.037203e+01 2.577653e+00 1.862958e+00 4.527822e+00 3.611593e+00 3.356814e+00 3.870976e+00 4.989421e+00 3.053356e+00 4.000332e+00 3.241617e+00 2.850770e+00 2.214378e+00 1.356221e-03
<GCONST> 9.143851e+01
<MIXTURE> 76 1.052359e-02
<MEAN> 25
 -6.748368e+00 -5.728188e-01 -2.536294e+00 5.403827e+00 3.795041e+00 -8.014108e-02 5.368937e+00 2.846687e+00 3.674232e+00 -9.428317e-01 -2.461402e-01 2.444395e+00 -2.849160e-01 -4.098447e-01 -1.633145e-01 -6.342357e-01 -6.050700e-01 -8.622904e-01 -3.601791e-01 -4.202550e-01 -3.340413e-01 -3.102332e-01 -4.396201e-01 -1.610292e-03 1.795357e-02
<VARIANCE> 25
 2.864477e+01 2.777857e+01 2.232461e+01 2.659836e+01 2.273625e+01 3.131506e+01 2.718927e+01 2.235905e+01 1.976366e+01 2.340254e+01 2.352243e+01 1.861465e+01 1.001748e+00 1.177293e+00 1.073402e+00 1.344844e+00 1.372851e+00 1.232253e+00 1.796383e+00 1.525115e+00 1.489226e+00 1.510607e+00 1.457691e+00 1.282456e+00 1.146863e-03
<GCONST> 8.094075e+01
<MIXTURE> 77 1.244626e-02
<MEAN> 25
 -4.696317e-01 8.479427e+00 1.253173e+01 -1.155721e+01 -7.067677e+00 9.437451e-01 -9.199089e+00 -7.090855e+00 -3.427134e+00 -2.903935e-01 -4.494104e+00 -1.490126e+00 5.959298e-02 1.377239e-01 7.156646e-02 2.471371e-01 -1.947634e-02 7.655532e-02 -5.979304e-02 -6.015539e-02 8.531048e-02 -4.032137e-02 2.945793e-02 1.226374e-01 -9.638282e-03
<VARIANCE> 25
 1.030733e+01 2.044172e+01 2.804628e+01 4.127699e+01 3.311255e+01 3.329398e+01 3.659107e+01 3.255719e+01 3.484195e+01 3.326781e+01 3.848331e+01 3.437671e+01 2.991638e-01 7.734523e-01 6.378881e-01 1.075755e+00 1.226308e+00 9.774683e-01 1.211152e+00 1.061216e+00 1.041067e+00 1.051606e+00 9.605964e-01 9.092108e-01 5.451759e-04
<GCONST> 7.771540e+01
<MIXTURE> 78 9.702551e-03
<MEAN> 25
 -1.081726e+01 1.204861e+00 -1.713908e+00 2.789818e+00 4.495985e+00 -2.936641e+00 4.409429e+00 2.997755e+00 3.774722e+00 9.542979e-02 -1.626907e+00 2.384451e+00 2.377481e+00 -6.290486e-02 1.640675e-01 1.153693e-01 2.066197e-01 7.888418e-02 -2.146968e-01 -1.460506e-01 -1.258590e-01 3.524550e-01 -5.329937e-01 -4.624111e-01 -4.770794e-02
<VARIANCE> 25
 3.643635e+01 2.747001e+01 2.772757e+01 2.944163e+01 3.649131e+01 3.302833e+01 3.078790e+01 2.841648e+01 3.241190e+01 2.649106e+01 2.764229e+01 2.069281e+01 4.532824e+00 2.331327e+00 2.605503e+00 3.441472e+00 2.695840e+00 3.062746e+00 3.001238e+00 2.370312e+00 2.307070e+00 2.349087e+00 2.276802e+00 1.782218e+00 4.356921e-03
<GCONST> 9.281242e+01
<MIXTURE> 79 1.156824e-02
<MEAN> 25
 2.345653e+00 1.138441e+00 1.012191e+01 -6.606859e+00 -1.251988e+01 -2.087329e+00 -1.748832e+00 -5.701458e+00 -7.091918e+00 -1.518420e-01 -2.176944e+00 -3.145486e+00 1.227350e+00 -5.354618e-01 -1.663390e+00 2.429835e+00 5.205837e-01 -1.493541e+00 4.784175e-01 8.662357e-01 -4.669526e-01 -5.111911e-01 4.085014e-01 3.288943e-01 -3.528259e-02
<VARIANCE> 25
 1.303484e+01 2.393280e+01 4.304690e+01 4.535720e+01 3.249012e+01 4.034258e+01 3.942915e+01 3.911239e+01 3.824043e+01 3.840314e+01 5.663182e+01 2.813595e+01 8.645887e-01 2.080369e+00 2.263342e+00 1.968223e+00 2.458719e+00 2.567150e+00 2.954851e+00 3.237277e+00 2.316437e+00 2.501907e+00 2.151646e+00 1.883775e+00 1.140279e-03
<GCONST> 9.101336e+01
<MIXTURE> 80 7.550998e-03
<MEAN> 25
 -1.445598e+01 3.723977e+00 1.015470e+00 3.138833e+00 2.263193e+00 1.343263e+00 6.808755e+00 2.476326e+00 2.651498e+00 2.307294e+00 4.634103e+00 1.070317e+00 4.234126e+00 3.206708e-02 1.695052e+00 -1.222752e+00 -2.853040e+00 -2.633822e+00 -2.353918e+00 -1.978905e+00 -2.107826e+00 -1.640749e+00 -1.564523e+00 -6.830277e-01 -4.226575e-02
<VARIANCE> 25
 2.073169e+01 2.077192e+01 3.590673e+01 3.526988e+01 2.998001e+01 2.844411e+01 3.149800e+01 2.750568e+01 2.612819e+01 2.791829e+01 2.715659e+01 1.803829e+01 2.341169e+00 2.624035e+00 2.659403e+00 4.174423e+00 3.305858e+00 3.111958e+00 2.980989e+00 3.134398e+00 3.089516e+00 2.661336e+00 2.875275e+00 2.231593e+00 1.553003e-03
<GCONST> 9.174157e+01
<MIXTURE> 81 8.025434e-03
<MEAN> 25
 -1.117081e+00 4.061436e+00 1.017697e+01 -1.479956e+01 -9.076994e+00 -1.419200e+00 -6.770794e+00 -8.418784e+00 -4.152080e+00 -4.141740e-01 -7.570245e+00 -2.245322e+00 1.339647e-01 -5.877251e-01 -2.960920e-03 -5.568599e-01 -4.640274e-01 3.354210e-01 3.188019e-01 1.375407e-01 -1.406702e-01 1.065908e-01 -4.702780e-01 -1.249433e-01 1.154060e-02
<VARIANCE> 25
 1.014960e+01 3.282826e+01 2.653764e+01 2.927670e+01 3.374493e+01 3.052138e+01 4.544729e+01 2.831269e+01 3.797588e+01 3.190285e+01 2.533998e+01 3.103602e+01 7.719697e-01 2.276807e+00 1.546971e+00 2.872601e+00 2.661578e+00 2.125431e+00 3.281909e+00 2.286762e+00 2.354629e+00 2.539140e+00 2.301623e+00 2.077265e+00 1.184277e-03
<GCONST> 8.869349e+01
<MIXTURE> 82 8.213053e-03
<MEAN> 25
 -9.952480e+00 -3.896497e+00 1.636905e+00 -2.970733e+00 3.113996e+00 6.713414e-01 1.979667e+00 9.353579e-01 2.975062e+00 1.730340e+00 1.741329e+00 3.082901e+00 -1.313934e+00 -1.296924e-01 2.890809e-01 -2.602064e+00 -1.102652e+00 -1.261782e+00 -1.016968e+00 -8.669510e-01 -3.154198e-01 -4.749233e-01 -3.185653e-01 -9.489412e-02 1.783061e-01
<VARIANCE> 25
 1.811255e+01 2.493716e+01 3.232793e+01 3.091709e+01 3.297898e+01 3.226906e+01 3.198860e+01 3.294921e+01 3.082437e+01 2.511324e+01 3.077152e+01 1.749244e+01 3.750394e+00 3.060564e+00 3.312003e+00 3.268750e+00 3.562865e+00 3.291071e+00 2.956168e+00 3.018506e+00 2.792808e+00 2.497685e+00 2.449841e+00 1.863830e+00 3.437600e-03
<GCONST> 9.309847e+01
<MIXTURE> 83 1.167529e-02
<MEAN> 25
 -2.001372e+01 5.502937e+00 -1.788241e+00 -3.947112e-01 7.822228e+00 -1.229767e+00 5.467324e+00 3.040330e+00 1.202626e+00 2.175206e+00 7.123829e-01 2.879177e+00 -2.146194e-02 -4.459087e-01 6.459729e-03 -3.702175e-01 -4.931890e-01 -1.268787e-01 -1.292150e-01 -9.772279e-02 -4.445911e-02 -4.359344e-02 -3.759911e-02 -3.574929e-02 4.319669e-03
<VARIANCE> 25
 9.037811e+00 1.641381e+01 2.843070e+01 2.245950e+01 2.123508e+01 2.402128e+01 2.199356e+01 2.330059e+01 2.040376e+01 2.223845e+01 2.317601e+01 1.444950e+01 1.066410e+00 9.395103e-01 1.238004e+00 1.069798e+00 1.361740e+00 1.287910e+00 1.288731e+00 1.385139e+00 1.348662e+00 1.313607e+00 1.233699e+00 1.068933e+00 8.922327e-04
<GCONST> 7.706168e+01
<MIXTURE> 84 1.066614e-02
<MEAN> 25
 1.181752e+00 9.001731e+00 7.200254e+00 7.944413e+00 2.813029e+00 -9.346601e-01 -1.521548e+00 -4.463027e+00 -4.103890e+00 -2.891634e+00 -2.398462e+00 -1.599824e+00 -1.783650e+00 -1.179718e+00 -1.195657e+00 1.291021e+00 2.237226e+00 1.491886e+00 1.448358e+00 1.283792e+00 1.167031e+00 3.952906e-01 4.107033e-01 4.213191e-01 -7.136162e-02
<VARIANCE> 25
 2.340145e+01 1.824253e+01 2.179830e+01 2.435675e+01 2.911157e+01 2.818592e+01 2.782212e+01 2.647401e+01 2.521449e+01 2.517889e+01 2.351354e+01 2.452240e+01 2.093947e+00 2.547683e+00 3.848138e+00 3.292737e+00 3.309161e+00 3.382950e+00 3.312812e+00 3.409735e+00 3.465334e+00 3.244658e+00 3.581841e+00 2.795668e+00 3.554481e-03
<GCONST> 9.253828e+01
<MIXTURE> 85 7.591393e-03
<MEAN> 25
 -3.019989e+00 7.689445e+00 6.060165e+00 1.443303e+00 -3.977238e+00 -5.461679e+00 -2.499069e+00 -6.117198e+00 -3.737230e+00 -2.969322e+00 -5.049052e-01 -1.920910e+00 3.894503e+00 3.404706e-01 1.874340e+00 -2.277840e+00 -3.376656e+00 -2.362012e+00 -3.043151e+00 -2.217833e+00 -2.404702e+00 -1.341487e+00 -2.114780e+00 -6.938812e-01 1.057869e-02
<VARIANCE> 25
 4.007159e+01 2.265216e+01 3.605515e+01 3.633591e+01 4.094541e+01 3.902234e+01 3.370648e+01 2.627205e+01 2.565515e+01 2.524596e+01 2.468723e+01 1.934047e+01 2.576884e+00 4.071361e+00 4.035416e+00 5.387540e+00 4.174122e+00 4.365083e+00 3.996139e+00 3.974984e+00 3.976717e+00 3.894816e+00 4.223851e+00 3.369208e+00 5.145572e-03
<GCONST> 9.796373e+01
<MIXTURE> 86 1.273941e-02
<MEAN> 25
 -4.376562e+00 -7.176697e-01 -1.646810e+00 6.790834e+00 5.740870e+00 3.548504e+00 5.384578e+00 3.502807e+00 5.417097e+00 3.710098e+00 4.149617e+00 1.616889e+00 4.376031e-03 6.787556e-02 -6.878311e-02 -6.461253e-02 -9.021554e-02 -2.021563e-01 -1.969845e-01 -1.752518e-01 -2.880432e-01 -4.050527e-01 -2.050667e-01 3.779314e-02 -8.340657e-04
<VARIANCE> 25
 5.983155e+00 4.612751e+00 8.347676e+00 8.866917e+00 1.266253e+01 1.342508e+01 1.052228e+01 1.261775e+01 1.245012e+01 1.157501e+01 1.465686e+01 1.320848e+01 8.697362e-02 2.070405e-01 2.419457e-01 4.694907e-01 6.460296e-01 6.231957e-01 6.929862e-01 6.277185e-01 6.883336e-01 1.050830e+00 1.045787e+00 1.075075e+00 6.677396e-05
<GCONST> 5.607442e+01
<MIXTURE> 87 1.100681e-02
<MEAN> 25
 -2.952561e+00 4.133628e+00 3.064784e+00 6.491397e+00 5.303815e+00 4.107831e-01 1.289898e+00 -6.672094e-01 -4.351467e-01 -1.027351e+00 -5.137810e-01 1.166968e-01 -2.053666e+00 -2.777074e+00 -1.741861e+00 -1.857013e+00 6.336059e-02 -1.455157e-01 2.473498e-01 1.287453e+00 1.363971e+00 8.530145e-01 8.234210e-01 9.179386e-01 1.020760e-01
<VARIANCE> 25
 3.399143e+01 2.711467e+01 2.490933e+01 3.603260e+01 2.593101e+01 2.890666e+01 2.662784e+01 2.406502e+01 2.311208e+01 2.331019e+01 2.723568e+01 2.285589e+01 3.373892e+00 2.420516e+00 3.979009e+00 4.177279e+00 4.312027e+00 4.018953e+00 5.309694e+00 3.394691e+00 3.204592e+00 3.557959e+00 3.339054e+00 2.410223e+00 4.261769e-03
<GCONST> 9.509402e+01
<MIXTURE> 88 1.256585e-02
<MEAN> 25
 -4.333664e+00 2.885046e-01 -1.770247e+00 5.711965e+00 4.400508e+00 1.906423e+00 5.122487e+00 3.530768e+00 4.121149e+00 1.945565e+00 1.247267e+00 2.198709e+00 -4.699522e-02 6.456028e-03 3.682355e-01 4.929103e-01 1.544107e-01 -5.705280e-02 -6.302484e-02 -4.519719e-02 -2.231829e-01 -3.404831e-01 -8.802433e-02 7.892882e-03 2.517166e-04
<VARIANCE> 25
 9.827262e+00 1.170308e+01 1.380889e+01 1.544376e+01 1.649052e+01 2.364323e+01 1.706425e+01 1.576893e+01 1.498654e+01 1.791961e+01 2.191494e+01 1.285153e+01 1.133944e+00 1.859389e+00 1.738362e+00 2.269184e+00 2.073425e+00 2.285897e+00 2.519075e+00 2.081853e+00 2.097220e+00 2.544297e+00 2.073605e+00 1.711210e+00 1.575598e-03
<GCONST> 8.066828e+01
<MIXTURE> 89 9.333527e-03
<MEAN> 25
 6.063449e+00 -6.478642e+00 -3.396909e+00 -3.053544e+00 -1.516928e+00 -5.360312e+00 -5.970961e+00 3.862553e+00 3.099301e+00 -2.482905e+00 -5.843983e+00 -2.950297e+00 -5.506779e-01 1.202995e-01 2.026856e+00 8.055650e-01 -1.826075e+00 -1.567405e+00 8.593320e-01 1.229162e+00 -7.979402e-01 -1.317255e+00 4.584952e-01 1.427317e+00 -5.060253e-03
<VARIANCE> 25
 8.539725e+00 2.709788e+01 2.988890e+01 2.855802e+01 3.420252e+01 3.991132e+01 5.664820e+01 4.053027e+01 3.901849e+01 4.131436e+01 3.423209e+01 3.210537e+01 3.430198e-01 8.306484e-01 1.414407e+00 1.378975e+00 1.834201e+00 2.098723e+00 2.440712e+00 1.945401e+00 2.122269e+00 2.008787e+00 2.240257e+00 1.560840e+00 3.703052e-04
<GCONST> 8.460471e+01
<MIXTURE> 90 7.114505e-03
<MEAN> 25
 2.457434e+00 -9.699166e+00 -4.741569e+00 -3.969517e+00 -3.375250e+00 -1.811903e+00 3.342339e+00 1.178859e+00 -7.517530e+00 -1.017821e+01 -3.428196e+00 -7.292857e-01 -1.635290e-01 9.055721e-01 1.172357e+00 -8.529778e-01 -1.611316e+00 -2.128177e-01 6.441528e-01 -2.076920e-01 -1.708948e-01 7.313466e-01 1.864332e-01 -5.497704e-01 -1.115675e-02
<VARIANCE> 25
 8.507655e+00 1.795077e+01 1.983861e+01 2.795817e+01 3.678476e+01 3.208699e+01 3.862265e+01 3.632776e+01 3.518361e+01 2.808634e+01 2.695008e+01 2.609047e+01 2.232778e-01 6.152672e-01 7.898179e-01 1.040759e+00 1.466788e+00 1.587166e+00 1.775484e+00 1.651056e+00 1.807293e+00 1.684826e+00 1.495509e+00 1.304854e+00 2.150267e-04
<GCONST> 7.814200e+01
<MIXTURE> 91 7.852945e-03
<MEAN> 25
 5.773871e+00 -7.140750e+00 -7.947463e+00 -5.012403e+00 3.836858e+00 5.123692e-01 -3.783300e+00 5.431762e-01 3.993874e-01 -1.473499e+00 -5.611830e+00 -3.525450e+00 2.904663e-01 1.060749e+00 1.740730e-01 5.166073e-01 -5.821866e-03 -7.511205e-01 -1.231600e-01 -1.347754e-01 -9.911492e-02 3.372890e-01 -1.642076e-01 1.632672e-01 -3.823983e-02
<VARIANCE> 25
 9.568823e+00 1.976201e+01 1.788592e+01 3.553712e+01 2.924585e+01 5.008195e+01 5.436941e+01 3.288364e+01 4.262788e+01 5.938842e+01 3.859259e+01 4.354324e+01 4.144250e-01 7.623467e-01 1.363589e+00 1.249303e+00 2.064654e+00 2.095830e+00 2.353004e+00 2.206357e+00 1.921581e+00 1.871229e+00 2.264334e+00 1.501527e+00 5.799879e-04
<GCONST> 8.522884e+01
<MIXTURE> 92 7.852945e-03
<MEAN> 25
 5.773871e+00 -7.140750e+00 -7.947463e+00 -5.012403e+00 3.836858e+00 5.123692e-01 -3.783300e+00 5.431762e-01 3.993874e-01 -1.473499e+00 -5.611830e+00 -3.525450e+00 2.904663e-01 1.060749e+00 1.740730e-01 5.166073e-01 -5.821866e-03 -7.511205e-01 -1.231600e-01 -1.347754e-01 -9.911492e-02 3.372890e-01 -1.642076e-01 1.632672e-01 -3.823983e-02
<VARIANCE> 25
 9.568823e+00 1.976201e+01 1.788592e+01 3.553712e+01 2.924585e+01 5.008195e+01 5.436941e+01 3.288364e+01 4.262788e+01 5.938842e+01 3.859259e+01 4.354324e+01 4.144250e-01 7.623467e-01 1.363589e+00 1.249303e+00 2.064654e+00 2.095830e+00 2.353004e+00 2.206357e+00 1.921581e+00 1.871229e+00 2.264334e+00 1.501527e+00 5.799879e-04
<GCONST> 8.522884e+01
<MIXTURE> 93 6.122769e-03
<MEAN> 25
 -6.849880e+00 -9.335358e-01 -2.451201e+00 5.997060e+00 5.960442e+00 3.795095e+00 6.102993e+00 3.498237e+00 4.275828e+00 2.459510e+00 1.792447e+00 3.585218e+00 -7.538879e-02 -1.540977e-01 -2.672501e-01 -2.934932e-01 -3.111120e-01 -2.758112e-01 -2.334761e-01 -1.745045e-01 -1.712456e-01 -1.823692e-01 -7.955087e-02 1.605154e-02 -5.702504e-05
<VARIANCE> 25
 9.198526e+00 5.771046e+00 7.977606e+00 1.168570e+01 1.134740e+01 1.565038e+01 1.461577e+01 1.626250e+01 1.484824e+01 1.413154e+01 1.649371e+01 1.393503e+01 8.878277e-02 1.542698e-01 2.632624e-01 4.039566e-01 4.923602e-01 6.412392e-01 7.649004e-01 8.619171e-01 8.781076e-01 9.804398e-01 8.991812e-01 9.464420e-01 1.056133e-06
<GCONST> 5.371484e+01
<MIXTURE> 94 6.122769e-03
<MEAN> 25
 -6.849880e+00 -9.335358e-01 -2.451201e+00 5.997060e+00 5.960442e+00 3.795095e+00 6.102993e+00 3.498237e+00 4.275828e+00 2.459510e+00 1.792447e+00 3.585218e+00 -7.538879e-02 -1.540977e-01 -2.672501e-01 -2.934932e-01 -3.111120e-01 -2.758112e-01 -2.334761e-01 -1.745045e-01 -1.712456e-01 -1.823692e-01 -7.955087e-02 1.605154e-02 -5.702504e-05
<VARIANCE> 25
 9.198526e+00 5.771046e+00 7.977606e+00 1.168570e+01 1.134740e+01 1.565038e+01 1.461577e+01 1.626250e+01 1.484824e+01 1.413154e+01 1.649371e+01 1.393503e+01 8.878277e-02 1.542698e-01 2.632624e-01 4.039566e-01 4.923602e-01 6.412392e-01 7.649004e-01 8.619171e-01 8.781076e-01 9.804398e-01 8.991812e-01 9.464420e-01 1.056133e-06
<GCONST> 5.371484e+01
<MIXTURE> 95 5.258835e-03
<MEAN> 25
 -5.716904e+00 -4.427250e-01 -2.442303e+00 5.297021e+00 4.408771e+00 2.023988e+00 4.081272e+00 1.546372e+00 2.561891e+00 8.119354e-01 6.342459e-01 2.158552e+00 1.078376e-01 1.876153e-01 3.695126e-02 -1.945263e-01 -3.225549e-01 -6.347287e-01 -9.786386e-01 -1.125888e+00 -1.198038e+00 -1.011782e+00 -5.869113e-01 -2.063276e-01 -9.390159e-04
<VARIANCE> 25
 9.754325e+00 6.656845e+00 1.182593e+01 1.182147e+01 1.263444e+01 1.892750e+01 1.655526e+01 1.554268e+01 1.408534e+01 1.375511e+01 1.961651e+01 1.386978e+01 2.063018e-01 3.704830e-01 4.427035e-01 7.224223e-01 7.838618e-01 8.951301e-01 9.504744e-01 1.031751e+00 1.012072e+00 1.188621e+00 1.230739e+00 1.182830e+00 4.397883e-05
<GCONST> 6.340375e+01
<MIXTURE> 96 7.034694e-03
<MEAN> 25
 -4.903255e+00 -7.162226e-02 -2.401556e+00 5.259989e+00 4.050254e+00 1.849574e+00 4.049711e+00 1.878540e+00 2.585998e+00 8.737121e-01 7.660302e-01 2.612154e+00 -3.024955e-02 1.044367e-01 2.396317e-01 4.562975e-01 5.541994e-01 4.420896e-01 1.784863e-01 -1.173591e-01 -3.883799e-01 -7.170601e-01 -6.321610e-01 -3.691504e-01 4.915280e-05
<VARIANCE> 25
 1.187008e+01 1.170469e+01 1.253141e+01 1.412516e+01 1.462850e+01 1.839983e+01 2.061220e+01 1.833762e+01 1.740426e+01 1.560991e+01 2.147139e+01 1.461517e+01 1.239954e-01 2.273944e-01 3.365016e-01 4.037473e-01 4.680399e-01 6.810977e-01 8.797258e-01 9.423453e-01 9.867707e-01 9.082121e-01 8.588524e-01 9.424346e-01 1.108583e-06
<GCONST> 5.801173e+01
<MIXTURE> 97 7.034694e-03
<MEAN> 25
 -4.903255e+00 -7.162226e-02 -2.401556e+00 5.259989e+00 4.050254e+00 1.849574e+00 4.049711e+00 1.878540e+00 2.585998e+00 8.737121e-01 7.660302e-01 2.612154e+00 -3.024955e-02 1.044367e-01 2.396317e-01 4.562975e-01 5.541994e-01 4.420896e-01 1.784863e-01 -1.173591e-01 -3.883799e-01 -7.170601e-01 -6.321610e-01 -3.691504e-01 4.915280e-05
<VARIANCE> 25
 1.187008e+01 1.170469e+01 1.253141e+01 1.412516e+01 1.462850e+01 1.839983e+01 2.061220e+01 1.833762e+01 1.740426e+01 1.560991e+01 2.147139e+01 1.461517e+01 1.239954e-01 2.273944e-01 3.365016e-01 4.037473e-01 4.680399e-01 6.810977e-01 8.797258e-01 9.423453e-01 9.867707e-01 9.082121e-01 8.588524e-01 9.424346e-01 1.108583e-06
<GCONST> 5.801173e+01
<MIXTURE> 98 9.917808e-03
<MEAN> 25
 -2.033933e+00 9.383875e-01 -5.688334e-01 4.192272e+00 3.085284e+00 1.650835e+00 3.250211e+00 1.090584e+00 1.856452e+00 8.558671e-01 4.303987e-01 7.657343e-01 -1.850417e+00 -1.395962e+00 -7.532222e-01 4.960683e-01 3.951675e-01 5.124853e-01 1.385884e+00 1.503866e+00 1.883936e+00 7.707748e-01 1.231336e+00 9.059114e-01 -1.946357e-02
<VARIANCE> 25
 1.442924e+01 1.752635e+01 2.764611e+01 2.953281e+01 3.906537e+01 3.207560e+01 2.642259e+01 2.497969e+01 2.387872e+01 2.643878e+01 2.262951e+01 1.953905e+01 1.218610e+00 1.347873e+00 2.305745e+00 2.631325e+00 2.529748e+00 2.822284e+00 2.724611e+00 2.297170e+00 2.548568e+00 2.815367e+00 3.669017e+00 1.781279e+00 3.175030e-03
<GCONST> 8.854423e+01
<MIXTURE> 99 6.696178e-03
<MEAN> 25
 -5.930610e+00 9.622196e+00 6.251983e+00 3.442476e+00 1.099557e+00 -5.173775e+00 -1.483893e+00 -4.104240e+00 -3.532580e+00 -3.350975e+00 -1.492142e+00 4.159703e-02 4.218052e-01 -7.688495e-01 3.449595e-01 -2.570037e-01 -1.161109e+00 -4.477293e-01 -2.434920e-01 -3.009277e-01 -6.069941e-02 -1.143379e-01 1.313058e-01 1.735896e-01 1.144270e-02
<VARIANCE> 25
 3.612112e+01 2.502753e+01 4.703380e+01 2.985680e+01 3.422650e+01 3.269673e+01 2.618048e+01 2.773375e+01 2.515868e+01 2.767153e+01 1.950319e+01 2.836125e+01 2.277509e+00 1.822455e+00 1.379340e+00 1.838476e+00 2.531078e+00 2.000286e+00 1.649504e+00 1.590486e+00 1.493610e+00 1.540981e+00 1.408754e+00 1.182446e+00 1.508682e-03
<GCONST> 8.625786e+01
<MIXTURE> 100 4.498084e-03
<MEAN> 25
 -1.597122e+00 6.304955e+00 1.030583e+01 -7.267046e+00 -1.079943e+01 -5.116235e+00 -4.772418e+00 -9.888552e+00 -4.761397e+00 -8.373394e-01 -2.691262e+00 -2.701366e+00 2.920362e+00 -1.227877e+00 1.343499e+00 -2.240562e+00 -3.408649e+00 -7.512766e-01 -1.297715e+00 -8.084265e-01 -1.533745e+00 2.939032e-01 -1.609787e+00 -3.141488e-01 2.563861e-03
<VARIANCE> 25
 1.338110e+01 2.080480e+01 2.215642e+01 2.807302e+01 2.262148e+01 2.341104e+01 3.018741e+01 2.174425e+01 2.709513e+01 2.227470e+01 2.214472e+01 2.095642e+01 1.768095e+00 3.939010e+00 2.970309e+00 4.367408e+00 4.115150e+00 4.512977e+00 4.273719e+00 4.269917e+00 4.278975e+00 3.973538e+00 3.951079e+00 3.210816e+00 1.660333e-03
<GCONST> 9.261314e+01
<MIXTURE> 101 6.007792e-03
<MEAN> 25
 8.065807e+00 -3.476434e+00 -6.292327e+00 -6.814708e+00 8.409418e-01 -1.254866e+00 -1.056530e+01 -2.072116e+00 1.597000e+00 2.691567e+00 -2.384859e+00 -5.115690e+00 6.736349e-01 6.483033e-01 -1.461828e+00 -1.611507e+00 1.034015e+00 2.316050e+00 1.946311e-01 -1.462212e+00 -1.055026e+00 1.038465e+00 1.366946e+00 -4.165525e-01 -4.679352e-03
<VARIANCE> 25
 9.446171e+00 1.667155e+01 2.979931e+01 4.328189e+01 3.609837e+01 3.567354e+01 3.702803e+01 3.612309e+01 3.788693e+01 4.398383e+01 5.168449e+01 2.430014e+01 2.924516e-01 6.695047e-01 1.171895e+00 1.556017e+00 1.680437e+00 2.093682e+00 2.087270e+00 1.993442e+00 2.357015e+00 2.213730e+00 1.794404e+00 1.928625e+00 3.506083e-04
<GCONST> 8.367329e+01
<MIXTURE> 102 6.007792e-03
<MEAN> 25
 8.065807e+00 -3.476434e+00 -6.292327e+00 -6.814708e+00 8.409418e-01 -1.254866e+00 -1.056530e+01 -2.072116e+00 1.597000e+00 2.691567e+00 -2.384859e+00 -5.115690e+00 6.736349e-01 6.483033e-01 -1.461828e+00 -1.611507e+00 1.034015e+00 2.316050e+00 1.946311e-01 -1.462212e+00 -1.055026e+00 1.038465e+00 1.366946e+00 -4.165525e-01 -4.679352e-03
<VARIANCE> 25
 9.446171e+00 1.667155e+01 2.979931e+01 4.328189e+01 3.609837e+01 3.567354e+01 3.702803e+01 3.612309e+01 3.788693e+01 4.398383e+01 5.168449e+01 2.430014e+01 2.924516e-01 6.695047e-01 1.171895e+00 1.556017e+00 1.680437e+00 2.093682e+00 2.087270e+00 1.993442e+00 2.357015e+00 2.213730e+00 1.794404e+00 1.928625e+00 3.506083e-04
<GCONST> 8.367329e+01
<MIXTURE> 103 5.694618e-03
<MEAN> 25
 3.365852e+00 -9.445275e+00 -6.133123e+00 -3.059977e+00 -1.290203e+00 -1.929783e+00 2.337746e+00 2.471547e+00 -4.525724e+00 -9.093266e+00 -5.097672e+00 4.021952e-01 -1.569159e-01 -1.494532e+00 -9.693568e-01 3.815975e-01 1.187196e+00 1.025963e+00 1.361748e-01 -2.719152e-01 -7.732986e-01 -9.359183e-01 -2.874522e-02 1.191593e-01 2.717551e-02
<VARIANCE> 25
 1.022708e+01 2.026642e+01 2.269253e+01 3.151496e+01 4.763774e+01 3.477157e+01 4.670583e+01 3.643311e+01 4.231533e+01 3.127582e+01 2.993493e+01 2.622766e+01 6.380942e-01 1.246849e+00 1.542424e+00 1.940427e+00 2.958156e+00 2.385852e+00 2.899724e+00 2.552883e+00 2.540064e+00 2.512704e+00 2.081939e+00 1.992939e+00 8.050630e-04
<GCONST> 8.753448e+01
<MIXTURE> 104 5.694618e-03
<MEAN> 25
 3.365852e+00 -9.445275e+00 -6.133123e+00 -3.059977e+00 -1.290203e+00 -1.929783e+00 2.337746e+00 2.471547e+00 -4.525724e+00 -9.093266e+00 -5.097672e+00 4.021952e-01 -1.569159e-01 -1.494532e+00 -9.693568e-01 3.815975e-01 1.187196e+00 1.025963e+00 1.361748e-01 -2.719152e-01 -7.732986e-01 -9.359183e-01 -2.874522e-02 1.191593e-01 2.717551e-02
<VARIANCE> 25
 1.022708e+01 2.026642e+01 2.269253e+01 3.151496e+01 4.763774e+01 3.477157e+01 4.670583e+01 3.643311e+01 4.231533e+01 3.127582e+01 2.993493e+01 2.622766e+01 6.380942e-01 1.246849e+00 1.542424e+00 1.940427e+00 2.958156e+00 2.385852e+00 2.899724e+00 2.552883e+00 2.540064e+00 2.512704e+00 2.081939e+00 1.992939e+00 8.050630e-04
<GCONST> 8.753448e+01
<MIXTURE> 105 4.710235e-03
<MEAN> 25
 1.883520e+00 -1.330397e+00 1.023002e+01 -3.267249e+00 -1.164389e+01 -4.465013e+00 -4.401176e+00 -3.429452e-01 -4.173687e+00 -3.530433e+00 1.875684e+00 -1.208565e+00 -1.836917e-02 7.561635e-02 4.754987e-02 -8.817960e-02 2.947516e-02 8.377664e-02 -4.215501e-03 8.130293e-02 6.465238e-02 2.098440e-02 7.660359e-02 -1.087155e-02 -1.605706e-03
<VARIANCE> 25
 1.272023e+01 2.702606e+01 4.427000e+01 4.244011e+01 3.391828e+01 5.025626e+01 3.718561e+01 4.057026e+01 3.672351e+01 3.825198e+01 3.834045e+01 2.808756e+01 9.016833e-02 2.275510e-01 3.171359e-01 2.877587e-01 3.924780e-01 4.355458e-01 4.443427e-01 4.579610e-01 5.665426e-01 4.134896e-01 4.116136e-01 4.359434e-01 1.049313e-04
<GCONST> 6.634428e+01
<MIXTURE> 106 4.710235e-03
<MEAN> 25
 1.883520e+00 -1.330397e+00 1.023002e+01 -3.267249e+00 -1.164389e+01 -4.465013e+00 -4.401176e+00 -3.429452e-01 -4.173687e+00 -3.530433e+00 1.875684e+00 -1.208565e+00 -1.836917e-02 7.561635e-02 4.754987e-02 -8.817960e-02 2.947516e-02 8.377664e-02 -4.215501e-03 8.130293e-02 6.465238e-02 2.098440e-02 7.660359e-02 -1.087155e-02 -1.605706e-03
<VARIANCE> 25
 1.272023e+01 2.702606e+01 4.427000e+01 4.244011e+01 3.391828e+01 5.025626e+01 3.718561e+01 4.057026e+01 3.672351e+01 3.825198e+01 3.834045e+01 2.808756e+01 9.016833e-02 2.275510e-01 3.171359e-01 2.877587e-01 3.924780e-01 4.355458e-01 4.443427e-01 4.579610e-01 5.665426e-01 4.134896e-01 4.116136e-01 4.359434e-01 1.049313e-04
<GCONST> 6.634428e+01
<MIXTURE> 107 5.452374e-03
<MEAN> 25
 8.484646e+00 -2.348121e+00 -7.964689e+00 -9.545967e+00 1.955266e+00 3.100185e+00 -8.515820e+00 -4.646904e+00 -9.224291e-01 3.401218e+00 9.760703e-01 -4.901644e+00 -5.975584e-01 -7.309254e-01 8.675933e-01 1.773601e+00 2.242969e-01 -1.953504e+00 -8.945550e-01 8.329638e-01 1.746127e+00 5.381376e-02 -1.652094e+00 -8.123598e-01 -3.252407e-03
<VARIANCE> 25
 9.637893e+00 2.022973e+01 2.789943e+01 4.261603e+01 3.583728e+01 3.847550e+01 5.024718e+01 3.582079e+01 4.472206e+01 4.074928e+01 5.059649e+01 3.060724e+01 3.648043e-01 1.020220e+00 1.457097e+00 2.350720e+00 2.362572e+00 2.854692e+00 2.560967e+00 2.519581e+00 2.266376e+00 3.013015e+00 1.888479e+00 2.168542e+00 7.662987e-04
<GCONST> 8.805114e+01
<MIXTURE> 108 5.452374e-03
<MEAN> 25
 8.484646e+00 -2.348121e+00 -7.964689e+00 -9.545967e+00 1.955266e+00 3.100185e+00 -8.515820e+00 -4.646904e+00 -9.224291e-01 3.401218e+00 9.760703e-01 -4.901644e+00 -5.975584e-01 -7.309254e-01 8.675933e-01 1.773601e+00 2.242969e-01 -1.953504e+00 -8.945550e-01 8.329638e-01 1.746127e+00 5.381376e-02 -1.652094e+00 -8.123598e-01 -3.252407e-03
<VARIANCE> 25
 9.637893e+00 2.022973e+01 2.789943e+01 4.261603e+01 3.583728e+01 3.847550e+01 5.024718e+01 3.582079e+01 4.472206e+01 4.074928e+01 5.059649e+01 3.060724e+01 3.648043e-01 1.020220e+00 1.457097e+00 2.350720e+00 2.362572e+00 2.854692e+00 2.560967e+00 2.519581e+00 2.266376e+00 3.013015e+00 1.888479e+00 2.168542e+00 7.662987e-04
<GCONST> 8.805114e+01
<MIXTURE> 109 6.661064e-03
<MEAN> 25
 4.001922e+00 -1.040654e+01 -8.157783e+00 -1.353735e+00 2.793239e+00 3.078301e-02 -4.368760e-01 1.282720e+00 -2.455985e+00 -7.780108e+00 -5.622695e+00 2.977756e-01 -2.830688e-02 -1.364446e-01 9.358708e-03 2.657681e-01 1.779889e-01 1.308811e-01 -1.903329e-01 -8.543216e-02 -9.850471e-02 -1.798388e-01 2.142423e-01 2.654364e-02 -3.750730e-03
<VARIANCE> 25
 8.741286e+00 1.767350e+01 1.937480e+01 2.984024e+01 3.876726e+01 3.501396e+01 4.668375e+01 3.316220e+01 4.399432e+01 3.974029e+01 2.911924e+01 2.771012e+01 1.849535e-01 4.109993e-01 5.437953e-01 6.094543e-01 1.176308e+00 9.723188e-01 1.272711e+00 1.045752e+00 1.120779e+00 9.497864e-01 8.341165e-01 8.443337e-01 1.852463e-04
<GCONST> 7.392174e+01
<MIXTURE> 110 6.661064e-03
<MEAN> 25
 4.001922e+00 -1.040654e+01 -8.157783e+00 -1.353735e+00 2.793239e+00 3.078301e-02 -4.368760e-01 1.282720e+00 -2.455985e+00 -7.780108e+00 -5.622695e+00 2.977756e-01 -2.830688e-02 -1.364446e-01 9.358708e-03 2.657681e-01 1.779889e-01 1.308811e-01 -1.903329e-01 -8.543216e-02 -9.850471e-02 -1.798388e-01 2.142423e-01 2.654364e-02 -3.750730e-03
<VARIANCE> 25
 8.741286e+00 1.767350e+01 1.937480e+01 2.984024e+01 3.876726e+01 3.501396e+01 4.668375e+01 3.316220e+01 4.399432e+01 3.974029e+01 2.911924e+01 2.771012e+01 1.849535e-01 4.109993e-01 5.437953e-01 6.094543e-01 1.176308e+00 9.723188e-01 1.272711e+00 1.045752e+00 1.120779e+00 9.497864e-01 8.341165e-01 8.443337e-01 1.852463e-04
<GCONST> 7.392174e+01
<MIXTURE> 111 4.337247e-03
<MEAN> 25
 -4.476763e+00 -8.631452e-01 -1.808052e+00 1.819528e+00 1.097425e+00 9.050342e-01 4.109307e-01 2.206233e-01 1.660569e-01 -5.474168e-01 -6.181760e-01 1.967913e+00 -2.235097e-02 -2.360759e-02 -7.312223e-02 -8.016280e-02 -2.735863e-02 1.461500e-02 -7.205831e-03 -5.833512e-02 -1.399805e-01 -2.168894e-01 -1.792524e-01 -9.135402e-02 -1.765378e-04
<VARIANCE> 25
 6.957368e+00 4.950956e+00 1.021792e+01 9.834766e+00 1.347429e+01 2.337178e+01 1.491491e+01 1.286068e+01 1.168995e+01 1.179148e+01 1.341856e+01 1.148483e+01 7.937267e-02 1.715910e-01 2.712719e-01 4.273855e-01 5.683584e-01 6.988905e-01 8.021700e-01 8.432018e-01 8.780310e-01 8.873794e-01 8.840472e-01 8.515736e-01 2.341206e-05
<GCONST> 5.610807e+01
<MIXTURE> 112 4.337247e-03
<MEAN> 25
 -4.476763e+00 -8.631452e-01 -1.808052e+00 1.819528e+00 1.097425e+00 9.050342e-01 4.109307e-01 2.206233e-01 1.660569e-01 -5.474168e-01 -6.181760e-01 1.967913e+00 -2.235097e-02 -2.360759e-02 -7.312223e-02 -8.016280e-02 -2.735863e-02 1.461500e-02 -7.205831e-03 -5.833512e-02 -1.399805e-01 -2.168894e-01 -1.792524e-01 -9.135402e-02 -1.765378e-04
<VARIANCE> 25
 6.957368e+00 4.950956e+00 1.021792e+01 9.834766e+00 1.347429e+01 2.337178e+01 1.491491e+01 1.286068e+01 1.168995e+01 1.179148e+01 1.341856e+01 1.148483e+01 7.937267e-02 1.715910e-01 2.712719e-01 4.273855e-01 5.683584e-01 6.988905e-01 8.021700e-01 8.432018e-01 8.780310e-01 8.873794e-01 8.840472e-01 8.515736e-01 2.341206e-05
<GCONST> 5.610807e+01
<MIXTURE> 113 5.938666e-03
<MEAN> 25
 9.914796e+00 1.683532e+00 -8.814196e+00 -1.700649e+01 -1.027380e+00 5.735281e+00 -5.258774e+00 -1.553309e+00 -5.662423e+00 -4.588352e-01 3.982280e-01 -3.013231e-01 2.209467e-03 1.546452e-02 -7.868230e-02 -1.025188e-01 1.319204e-01 1.549476e-01 7.572769e-02 3.759862e-02 -6.098190e-02 -5.269657e-02 1.665396e-01 4.306249e-02 -1.299276e-03
<VARIANCE> 25
 8.967123e+00 1.643060e+01 2.928607e+01 3.374605e+01 5.188717e+01 3.365894e+01 3.909488e+01 3.900465e+01 3.684218e+01 4.584367e+01 3.636652e+01 2.868324e+01 1.205311e-01 3.182478e-01 3.379984e-01 6.286369e-01 6.492079e-01 6.444280e-01 7.927960e-01 8.329948e-01 9.449741e-01 8.977405e-01 7.250817e-01 7.060129e-01 1.245848e-04
<GCONST> 7.109189e+01
<MIXTURE> 114 5.938666e-03
<MEAN> 25
 9.914796e+00 1.683532e+00 -8.814196e+00 -1.700649e+01 -1.027380e+00 5.735281e+00 -5.258774e+00 -1.553309e+00 -5.662423e+00 -4.588352e-01 3.982280e-01 -3.013231e-01 2.209467e-03 1.546452e-02 -7.868230e-02 -1.025188e-01 1.319204e-01 1.549476e-01 7.572769e-02 3.759862e-02 -6.098190e-02 -5.269657e-02 1.665396e-01 4.306249e-02 -1.299276e-03
<VARIANCE> 25
 8.967123e+00 1.643060e+01 2.928607e+01 3.374605e+01 5.188717e+01 3.365894e+01 3.909488e+01 3.900465e+01 3.684218e+01 4.584367e+01 3.636652e+01 2.868324e+01 1.205311e-01 3.182478e-01 3.379984e-01 6.286369e-01 6.492079e-01 6.444280e-01 7.927960e-01 8.329948e-01 9.449741e-01 8.977405e-01 7.250817e-01 7.060129e-01 1.245848e-04
<GCONST> 7.109189e+01
<MIXTURE> 115 2.935202e-03
<MEAN> 25
 -4.052732e+00 -6.887896e-01 -3.190796e+00 3.700903e+00 2.420312e+00 -4.795848e-01 2.332403e+00 4.516472e-01 1.457961e+00 -7.873019e-03 -4.565112e-02 2.583467e+00 2.817993e-02 -9.489670e-02 -2.163187e-01 -4.104835e-01 -6.283106e-01 -6.986691e-01 -6.289549e-01 -5.234883e-01 -4.964778e-01 -4.400393e-01 -3.270270e-01 -1.496619e-01 1.336368e-05
<VARIANCE> 25
 9.160898e+00 9.970343e+00 1.372108e+01 1.263454e+01 1.329156e+01 1.743501e+01 1.737445e+01 2.055274e+01 1.793732e+01 1.693118e+01 1.935040e+01 1.512031e+01 2.023232e-01 3.720411e-01 4.907455e-01 6.028725e-01 6.255981e-01 8.443487e-01 1.074204e+00 1.126281e+00 1.066103e+00 9.995893e-01 1.025607e+00 1.062836e+00 1.038918e-06
<GCONST> 6.045549e+01
<MIXTURE> 116 2.935202e-03
<MEAN> 25
 -4.052732e+00 -6.887896e-01 -3.190796e+00 3.700903e+00 2.420312e+00 -4.795848e-01 2.332403e+00 4.516472e-01 1.457961e+00 -7.873019e-03 -4.565112e-02 2.583467e+00 2.817993e-02 -9.489670e-02 -2.163187e-01 -4.104835e-01 -6.283106e-01 -6.986691e-01 -6.289549e-01 -5.234883e-01 -4.964778e-01 -4.400393e-01 -3.270270e-01 -1.496619e-01 1.336368e-05
<VARIANCE> 25
 9.160898e+00 9.970343e+00 1.372108e+01 1.263454e+01 1.329156e+01 1.743501e+01 1.737445e+01 2.055274e+01 1.793732e+01 1.693118e+01 1.935040e+01 1.512031e+01 2.023232e-01 3.720411e-01 4.907455e-01 6.028725e-01 6.255981e-01 8.443487e-01 1.074204e+00 1.126281e+00 1.066103e+00 9.995893e-01 1.025607e+00 1.062836e+00 1.038918e-06
<GCONST> 6.045549e+01
<MIXTURE> 117 6.506003e-03
<MEAN> 25
 -4.639714e+00 1.105120e+00 1.032744e+00 9.775629e+00 6.299853e+00 6.204774e+00 6.472698e+00 5.000735e+00 6.408871e+00 4.887782e+00 6.272707e+00 2.660451e+00 -7.760993e-02 -2.385547e-01 -3.508823e-01 -4.057426e-01 -3.618081e-01 -3.108781e-01 -2.825032e-01 -3.361332e-01 -3.877286e-01 -3.665931e-01 -2.655945e-01 -1.148209e-01 -2.422548e-05
<VARIANCE> 25
 7.184431e+00 8.678103e+00 9.778582e+00 1.419663e+01 1.566050e+01 1.544767e+01 1.756385e+01 1.797435e+01 1.630543e+01 1.637575e+01 1.750023e+01 1.491943e+01 2.153419e-01 3.076352e-01 4.300815e-01 6.311123e-01 8.483104e-01 1.055396e+00 1.170597e+00 1.224523e+00 1.213244e+00 1.192253e+00 1.160398e+00 1.107675e+00 1.014476e-06
<GCONST> 6.045850e+01
<MIXTURE> 118 6.506003e-03
<MEAN> 25
 -4.639714e+00 1.105120e+00 1.032744e+00 9.775629e+00 6.299853e+00 6.204774e+00 6.472698e+00 5.000735e+00 6.408871e+00 4.887782e+00 6.272707e+00 2.660451e+00 -7.760993e-02 -2.385547e-01 -3.508823e-01 -4.057426e-01 -3.618081e-01 -3.108781e-01 -2.825032e-01 -3.361332e-01 -3.877286e-01 -3.665931e-01 -2.655945e-01 -1.148209e-01 -2.422548e-05
<VARIANCE> 25
 7.184431e+00 8.678103e+00 9.778582e+00 1.419663e+01 1.566050e+01 1.544767e+01 1.756385e+01 1.797435e+01 1.630543e+01 1.637575e+01 1.750023e+01 1.491943e+01 2.153419e-01 3.076352e-01 4.300815e-01 6.311123e-01 8.483104e-01 1.055396e+00 1.170597e+00 1.224523e+00 1.213244e+00 1.192253e+00 1.160398e+00 1.107675e+00 1.014476e-06
<GCONST> 6.045850e+01
<MIXTURE> 119 4.297961e-03
<MEAN> 25
 -5.002156e+00 -7.605728e+00 2.216613e+00 2.037320e+00 2.185923e+00 1.448787e-01 5.258863e+00 5.930090e+00 1.212907e+00 9.289432e-01 6.573169e+00 1.631552e+00 -5.197142e-02 -7.701711e-02 4.363006e-02 -6.100486e-02 -1.352893e-01 -1.812476e-01 -6.872279e-02 -1.812373e-02 -8.227299e-02 -9.562028e-02 -4.735687e-02 -6.361518e-02 1.168369e-03
<VARIANCE> 25
 8.631939e+00 9.864315e+00 1.668738e+01 2.040280e+01 2.315130e+01 2.365011e+01 2.537751e+01 2.634937e+01 2.565343e+01 2.801266e+01 2.045141e+01 2.080894e+01 1.605737e-01 2.815077e-01 4.644885e-01 6.292904e-01 8.175615e-01 9.959497e-01 1.090814e+00 1.272049e+00 1.288773e+00 1.283611e+00 1.208784e+00 1.110033e+00 2.318409e-04
<GCONST> 6.988654e+01
<MIXTURE> 120 4.297961e-03
<MEAN> 25
 -5.002156e+00 -7.605728e+00 2.216613e+00 2.037320e+00 2.185923e+00 1.448787e-01 5.258863e+00 5.930090e+00 1.212907e+00 9.289432e-01 6.573169e+00 1.631552e+00 -5.197142e-02 -7.701711e-02 4.363006e-02 -6.100486e-02 -1.352893e-01 -1.812476e-01 -6.872279e-02 -1.812373e-02 -8.227299e-02 -9.562028e-02 -4.735687e-02 -6.361518e-02 1.168369e-03
<VARIANCE> 25
 8.631939e+00 9.864315e+00 1.668738e+01 2.040280e+01 2.315130e+01 2.365011e+01 2.537751e+01 2.634937e+01 2.565343e+01 2.801266e+01 2.045141e+01 2.080894e+01 1.605737e-01 2.815077e-01 4.644885e-01 6.292904e-01 8.175615e-01 9.959497e-01 1.090814e+00 1.272049e+00 1.288773e+00 1.283611e+00 1.208784e+00 1.110033e+00 2.318409e-04
<GCONST> 6.988654e+01
<MIXTURE> 121 4.567511e-03
<MEAN> 25
 2.076279e-01 -2.522985e+00 5.155890e+00 -1.290041e+01 -1.264581e+01 -1.665052e+00 9.970843e-01 -5.105663e+00 -4.200889e+00 -4.913709e-01 -5.504409e+00 -4.312438e+00 2.402159e-02 1.324814e-01 -4.153129e-02 7.952751e-02 1.585990e-01 7.861016e-02 -7.938112e-02 -1.831865e-01 -2.681665e-01 -2.576893e-01 -1.145454e-01 1.009174e-03 -7.437848e-03
<VARIANCE> 25
 7.731255e+00 1.560753e+01 1.732118e+01 2.037529e+01 2.441991e+01 2.924171e+01 2.954295e+01 2.458472e+01 3.528294e+01 2.833906e+01 1.977360e+01 2.117661e+01 1.550017e-01 6.430588e-01 6.228963e-01 7.048004e-01 7.704623e-01 1.149855e+00 1.117960e+00 1.120563e+00 1.217872e+00 1.192301e+00 9.415174e-01 8.717881e-01 2.108796e-04
<GCONST> 7.139650e+01
<MIXTURE> 122 4.567511e-03
<MEAN> 25
 2.076279e-01 -2.522985e+00 5.155890e+00 -1.290041e+01 -1.264581e+01 -1.665052e+00 9.970843e-01 -5.105663e+00 -4.200889e+00 -4.913709e-01 -5.504409e+00 -4.312438e+00 2.402159e-02 1.324814e-01 -4.153129e-02 7.952751e-02 1.585990e-01 7.861016e-02 -7.938112e-02 -1.831865e-01 -2.681665e-01 -2.576893e-01 -1.145454e-01 1.009174e-03 -7.437848e-03
<VARIANCE> 25
 7.731255e+00 1.560753e+01 1.732118e+01 2.037529e+01 2.441991e+01 2.924171e+01 2.954295e+01 2.458472e+01 3.528294e+01 2.833906e+01 1.977360e+01 2.117661e+01 1.550017e-01 6.430588e-01 6.228963e-01 7.048004e-01 7.704623e-01 1.149855e+00 1.117960e+00 1.120563e+00 1.217872e+00 1.192301e+00 9.415174e-01 8.717881e-01 2.108796e-04
<GCONST> 7.139650e+01
<MIXTURE> 123 4.393044e-03
<MEAN> 25
 -3.841392e+00 1.970022e+00 -8.366577e-01 6.307442e+00 5.487416e+00 2.725987e+00 4.178758e+00 4.178925e-01 5.017716e-01 -9.290063e-01 -1.085394e+00 2.101833e-02 -4.487668e-01 -7.374527e-01 -7.721971e-01 -5.977994e-01 -3.101772e-01 8.563596e-02 2.959219e-01 3.787274e-01 5.044686e-01 8.533940e-01 7.293148e-01 5.813009e-01 -2.550239e-03
<VARIANCE> 25
 9.076455e+00 1.291866e+01 1.508115e+01 1.400821e+01 1.818727e+01 2.505504e+01 2.152789e+01 1.688564e+01 1.769265e+01 1.720918e+01 2.220816e+01 1.776437e+01 3.627689e-01 3.645750e-01 4.718100e-01 7.537391e-01 8.088090e-01 1.158285e+00 1.242283e+00 1.270974e+00 1.314616e+00 1.299479e+00 1.002615e+00 1.079594e+00 9.272794e-05
<GCONST> 6.844167e+01
<MIXTURE> 124 4.069876e-03
<MEAN> 25
 -6.287210e+00 -1.009188e+00 -2.931354e+00 5.370976e+00 5.245390e+00 3.210414e+00 5.511001e+00 2.576994e+00 3.427704e+00 1.222139e+00 1.048255e+00 2.662604e+00 -2.028263e-01 -3.191766e-01 -3.444022e-01 -1.810469e-01 1.384471e-01 4.917088e-01 7.441526e-01 8.448243e-01 6.514876e-01 3.241695e-01 1.591515e-02 -6.853183e-02 3.314905e-04
<VARIANCE> 25
 1.088090e+01 7.003723e+00 1.034993e+01 1.219273e+01 1.203041e+01 1.867236e+01 1.448088e+01 1.604639e+01 1.530879e+01 1.552615e+01 1.785114e+01 1.508639e+01 9.940825e-02 1.750215e-01 2.750563e-01 4.102623e-01 5.607376e-01 6.677063e-01 7.844745e-01 8.216401e-01 8.879691e-01 9.431698e-01 1.073498e+00 9.823704e-01 1.941343e-05
<GCONST> 5.841935e+01
<MIXTURE> 125 4.069876e-03
<MEAN> 25
 -6.287210e+00 -1.009188e+00 -2.931354e+00 5.370976e+00 5.245390e+00 3.210414e+00 5.511001e+00 2.576994e+00 3.427704e+00 1.222139e+00 1.048255e+00 2.662604e+00 -2.028263e-01 -3.191766e-01 -3.444022e-01 -1.810469e-01 1.384471e-01 4.917088e-01 7.441526e-01 8.448243e-01 6.514876e-01 3.241695e-01 1.591515e-02 -6.853183e-02 3.314905e-04
<VARIANCE> 25
 1.088090e+01 7.003723e+00 1.034993e+01 1.219273e+01 1.203041e+01 1.867236e+01 1.448088e+01 1.604639e+01 1.530879e+01 1.552615e+01 1.785114e+01 1.508639e+01 9.940825e-02 1.750215e-01 2.750563e-01 4.102623e-01 5.607376e-01 6.677063e-01 7.844745e-01 8.216401e-01 8.879691e-01 9.431698e-01 1.073498e+00 9.823704e-01 1.941343e-05
<GCONST> 5.841935e+01
<MIXTURE> 126 2.402244e-03
<MEAN> 25
 -3.886934e+00 -6.715676e+00 -5.241715e+00 2.427634e+00 4.188763e+00 -3.316739e+00 2.089710e-01 3.490575e+00 3.413737e+00 -2.630620e+00 -1.454124e+00 3.083040e+00 1.456959e-03 -3.440620e-03 -2.549399e-02 -1.633549e-01 -3.115152e-01 -3.890470e-01 -2.828626e-01 -1.538716e-01 -8.423103e-02 -8.870095e-02 -1.104563e-01 -4.343063e-02 -1.210264e-03
<VARIANCE> 25
 8.001349e+00 1.368113e+01 1.349543e+01 1.576770e+01 2.446161e+01 2.338933e+01 2.309595e+01 2.765775e+01 3.093762e+01 2.565063e+01 2.137558e+01 1.925537e+01 1.698617e-01 3.539741e-01 4.864821e-01 5.592053e-01 7.755897e-01 9.678121e-01 1.117123e+00 1.240254e+00 1.357375e+00 1.389922e+00 1.274019e+00 1.121083e+00 2.186172e-04
<GCONST> 6.999760e+01
<MIXTURE> 127 2.402244e-03
<MEAN> 25
 -3.886934e+00 -6.715676e+00 -5.241715e+00 2.427634e+00 4.188763e+00 -3.316739e+00 2.089710e-01 3.490575e+00 3.413737e+00 -2.630620e+00 -1.454124e+00 3.083040e+00 1.456959e-03 -3.440620e-03 -2.549399e-02 -1.633549e-01 -3.115152e-01 -3.890470e-01 -2.828626e-01 -1.538716e-01 -8.423103e-02 -8.870095e-02 -1.104563e-01 -4.343063e-02 -1.210264e-03
<VARIANCE> 25
 8.001349e+00 1.368113e+01 1.349543e+01 1.576770e+01 2.446161e+01 2.338933e+01 2.309595e+01 2.765775e+01 3.093762e+01 2.565063e+01 2.137558e+01 1.925537e+01 1.698617e-01 3.539741e-01 4.864821e-01 5.592053e-01 7.755897e-01 9.678121e-01 1.117123e+00 1.240254e+00 1.357375e+00 1.389922e+00 1.274019e+00 1.121083e+00 2.186172e-04
<GCONST> 6.999760e+01
<MIXTURE> 128 3.790457e-03
<MEAN> 25
 -3.966717e+00 1.523187e+00 -3.302386e-01 6.594111e+00 3.568097e+00 1.791330e+00 3.641610e+00 2.360491e+00 4.001579e+00 3.649737e+00 3.695644e+00 3.518174e+00 -3.935080e-01 -1.926650e-01 1.161696e-01 7.240968e-01 1.168676e+00 1.133378e+00 7.201289e-01 1.274979e-01 -4.396436e-01 -7.699543e-01 -6.893658e-01 -4.013689e-01 -4.563143e-05
<VARIANCE> 25
 1.046720e+01 1.181227e+01 1.507757e+01 1.923474e+01 2.041170e+01 2.158858e+01 2.453761e+01 2.446080e+01 2.639690e+01 2.386132e+01 2.708053e+01 1.817687e+01 8.886317e-01 1.140941e+00 1.396542e+00 1.499395e+00 1.592561e+00 1.867859e+00 2.261681e+00 2.308578e+00 2.136772e+00 1.904330e+00 1.764216e+00 1.744511e+00 1.026831e-06
<GCONST> 7.379854e+01
<TRANSP> 3
 0.000000e+00 1.000000e+00 0.000000e+00
 0.000000e+00 9.999990e-01 9.999998e-07
 0.000000e+00 0.000000e+00 0.000000e+00
<ENDHMM>
