~o
<STREAMINFO> 1 25
<VECSIZE> 25<NULLD><MFCC_E_D_N><DIAGC>
~h "jmodel"
<BEGINHMM>
<NUMSTATES> 3
<STATE> 2
<NUMMIXES> 128
<MIXTURE> 1 5.748963e-03
<MEAN> 25
 -2.551652e+00 3.177950e+00 2.294126e+00 8.728825e+00 4.302106e+00 3.356857e+00 4.073876e+00 3.930293e+00 5.781291e+00 5.181589e+00 5.854712e+00 3.105838e+00 -1.984402e+00 -1.612597e+00 -8.692627e-01 1.066075e+00 1.573330e+00 2.236293e+00 2.140005e+00 2.057615e+00 1.692579e+00 1.266763e+00 1.574700e+00 6.074509e-01 -4.701017e-02
<VARIANCE> 25
 1.006248e+01 1.164217e+01 1.483610e+01 1.856872e+01 2.344225e+01 2.275779e+01 2.168600e+01 2.178015e+01 2.104770e+01 2.280486e+01 2.082312e+01 1.697799e+01 1.810150e+00 2.137463e+00 2.999022e+00 3.187978e+00 3.720839e+00 3.327745e+00 3.306333e+00 3.418234e+00 3.486308e+00 3.696782e+00 3.487267e+00 2.808826e+00 3.092625e-03
<GCONST> 8.841915e+01
<MIXTURE> 2 4.549242e-03
<MEAN> 25
 -4.870637e+00 1.317250e+00 9.918872e-01 9.893505e+00 6.687022e+00 7.416135e+00 7.843888e+00 6.949910e+00 8.369084e+00 6.366478e+00 7.622706e+00 3.071387e+00 -6.147409e-02 4.211596e-02 1.419407e-01 2.250617e-01 2.657369e-01 2.818147e-01 2.953863e-01 3.197551e-01 3.501589e-01 3.100697e-01 1.972015e-01 8.059681e-02 4.012841e-06
<VARIANCE> 25
 6.964101e+00 8.910914e+00 1.064154e+01 1.591583e+01 1.723896e+01 1.559155e+01 1.689877e+01 1.850786e+01 1.658433e+01 1.740436e+01 1.809185e+01 1.432820e+01 1.255987e-01 2.266800e-01 3.363900e-01 4.670371e-01 6.490349e-01 8.141686e-01 9.293715e-01 1.002090e+00 1.051015e+00 1.078756e+00 1.075582e+00 1.013844e+00 1.008661e-06
<GCONST> 5.805583e+01
<MIXTURE> 3 4.549242e-03
<MEAN> 25
 -4.870637e+00 1.317250e+00 9.918872e-01 9.893505e+00 6.687022e+00 7.416135e+00 7.843888e+00 6.949910e+00 8.369084e+00 6.366478e+00 7.622706e+00 3.071387e+00 -6.147409e-02 4.211596e-02 1.419407e-01 2.250617e-01 2.657369e-01 2.818147e-01 2.953863e-01 3.197551e-01 3.501589e-01 3.100697e-01 1.972015e-01 8.059681e-02 4.012841e-06
<VARIANCE> 25
 6.964101e+00 8.910914e+00 1.064154e+01 1.591583e+01 1.723896e+01 1.559155e+01 1.689877e+01 1.850786e+01 1.658433e+01 1.740436e+01 1.809185e+01 1.432820e+01 1.255987e-01 2.266800e-01 3.363900e-01 4.670371e-01 6.490349e-01 8.141686e-01 9.293715e-01 1.002090e+00 1.051015e+00 1.078756e+00 1.075582e+00 1.013844e+00 1.008661e-06
<GCONST> 5.805583e+01
<MIXTURE> 4 1.671429e-02
<MEAN> 25
 3.172637e+00 2.028470e+00 -3.935335e+00 5.518064e-01 4.179424e+00 -2.918458e-01 8.618429e-02 -2.018497e-01 1.404812e+00 1.795125e+00 -2.348270e+00 9.165316e-02 -2.705921e+00 1.318068e+00 1.624220e+00 3.054594e+00 6.259801e-01 3.806262e-01 1.536901e+00 9.217420e-01 1.013860e+00 2.681172e-01 1.314281e+00 7.336619e-01 -1.052419e-01
<VARIANCE> 25
 2.096205e+01 3.185629e+01 2.762051e+01 3.984275e+01 4.419140e+01 6.452264e+01 6.140574e+01 5.104641e+01 5.254421e+01 6.207819e+01 4.976834e+01 3.375348e+01 2.276366e+00 4.881626e+00 3.834964e+00 4.667253e+00 5.946743e+00 5.981966e+00 5.734698e+00 5.431866e+00 5.611228e+00 6.416196e+00 5.826139e+00 4.572764e+00 5.729630e-03
<GCONST> 1.049838e+02
<MIXTURE> 5 3.206198e-03
<MEAN> 25
 -3.415205e+00 2.184945e+00 6.091793e-01 9.424697e+00 6.695056e+00 6.309574e+00 7.109849e+00 4.721593e+00 5.493118e+00 3.839599e+00 4.655468e+00 2.604136e+00 -3.245335e-01 7.521667e-01 1.223727e+00 1.031266e+00 3.076277e-01 -9.991238e-02 -8.359798e-02 3.372822e-02 4.578411e-01 6.822584e-01 4.033859e-01 8.794470e-02 -2.705508e-05
<VARIANCE> 25
 1.024324e+01 1.394083e+01 2.346502e+01 2.560417e+01 2.020424e+01 1.944286e+01 2.011291e+01 2.034660e+01 2.140980e+01 2.133032e+01 2.408779e+01 1.634932e+01 1.208978e+00 1.243674e+00 1.357165e+00 1.673794e+00 2.282433e+00 2.375129e+00 2.301614e+00 2.273429e+00 2.313624e+00 2.240612e+00 2.087138e+00 1.874609e+00 1.003970e-06
<GCONST> 7.516589e+01
<MIXTURE> 6 5.475854e-03
<MEAN> 25
 9.695966e+00 -4.163244e-01 -6.692939e+00 -1.103778e+01 -2.116346e+00 6.728402e+00 -5.897800e+00 -5.298548e+00 -3.654902e+00 1.832849e+00 4.641142e+00 -1.255902e+00 4.846309e-01 8.952308e-01 -3.505861e-01 -1.467755e+00 -6.379780e-01 1.315105e+00 1.535541e+00 2.476411e-01 -1.218833e+00 -1.216849e+00 3.234020e-01 1.227900e+00 -8.140119e-03
<VARIANCE> 25
 9.007929e+00 1.708164e+01 2.393694e+01 3.916757e+01 3.675827e+01 3.068506e+01 4.404986e+01 3.804960e+01 4.073401e+01 3.945963e+01 4.209138e+01 2.841414e+01 3.117703e-01 8.587370e-01 9.452553e-01 1.978432e+00 1.605054e+00 2.014689e+00 1.919819e+00 2.050601e+00 2.397956e+00 1.964861e+00 2.244699e+00 1.438001e+00 5.869221e-04
<GCONST> 8.388119e+01
<MIXTURE> 7 5.475854e-03
<MEAN> 25
 9.695966e+00 -4.163244e-01 -6.692939e+00 -1.103778e+01 -2.116346e+00 6.728402e+00 -5.897800e+00 -5.298548e+00 -3.654902e+00 1.832849e+00 4.641142e+00 -1.255902e+00 4.846309e-01 8.952308e-01 -3.505861e-01 -1.467755e+00 -6.379780e-01 1.315105e+00 1.535541e+00 2.476411e-01 -1.218833e+00 -1.216849e+00 3.234020e-01 1.227900e+00 -8.140119e-03
<VARIANCE> 25
 9.007929e+00 1.708164e+01 2.393694e+01 3.916757e+01 3.675827e+01 3.068506e+01 4.404986e+01 3.804960e+01 4.073401e+01 3.945963e+01 4.209138e+01 2.841414e+01 3.117703e-01 8.587370e-01 9.452553e-01 1.978432e+00 1.605054e+00 2.014689e+00 1.919819e+00 2.050601e+00 2.397956e+00 1.964861e+00 2.244699e+00 1.438001e+00 5.869221e-04
<GCONST> 8.388119e+01
<MIXTURE> 8 1.165917e-02
<MEAN> 25
 -4.578318e+00 1.529695e+00 1.290715e+00 9.357581e+00 6.540624e+00 6.095375e+00 6.454950e+00 5.660491e+00 6.700356e+00 5.335710e+00 6.319016e+00 2.838430e+00 -6.998762e-01 -1.359416e+00 -9.635003e-01 -1.838829e+00 -3.824686e-01 -9.892821e-01 -3.100998e-01 -2.548609e-01 -1.636330e-01 -1.117537e-01 -1.386857e-01 1.184238e-01 9.799763e-02
<VARIANCE> 25
 9.405453e+00 1.000081e+01 1.121445e+01 1.620206e+01 1.593730e+01 1.560079e+01 1.740827e+01 1.680091e+01 1.632530e+01 1.846292e+01 1.941471e+01 1.568473e+01 2.747806e+00 2.781630e+00 3.974514e+00 3.855070e+00 3.792409e+00 3.216437e+00 3.373170e+00 2.971056e+00 2.918557e+00 2.625179e+00 2.452356e+00 1.849218e+00 6.412500e-03
<GCONST> 8.638251e+01
<MIXTURE> 9 1.199672e-02
<MEAN> 25
 8.906930e+00 3.103980e+00 -6.442914e+00 -1.039417e+01 -1.611844e+00 4.982047e+00 -2.232269e+00 -2.591588e+00 -5.453236e+00 -9.700934e-01 5.826815e-01 -2.055726e-02 1.386837e+00 -2.789686e-01 -4.703241e-01 -2.663976e+00 -1.592478e+00 8.315998e-01 -9.661406e-01 -1.718005e-01 -2.520692e-01 -5.452024e-01 5.213688e-01 -1.634506e-01 7.415892e-02
<VARIANCE> 25
 1.373018e+01 2.161446e+01 3.293276e+01 5.212845e+01 5.528218e+01 3.083545e+01 4.114298e+01 5.025450e+01 3.997418e+01 4.227246e+01 3.473228e+01 2.579837e+01 2.012963e+00 2.689030e+00 4.313537e+00 4.602727e+00 4.846818e+00 3.999380e+00 3.992247e+00 5.747746e+00 4.849863e+00 3.861923e+00 3.912912e+00 2.670585e+00 2.093163e-03
<GCONST> 9.827612e+01
<MIXTURE> 10 6.596976e-03
<MEAN> 25
 8.200512e-01 7.620558e+00 5.362982e+00 7.145464e+00 1.573523e+00 -2.125952e+00 -5.028781e-01 -1.670724e+00 8.735459e-01 8.526092e-01 8.440999e-01 6.695108e-01 -1.919587e+00 -6.696678e-01 -4.610950e-01 3.020671e+00 2.463946e+00 2.710310e+00 2.369731e+00 2.269863e+00 1.860918e+00 1.543694e+00 2.335835e+00 5.233670e-01 -1.379346e-01
<VARIANCE> 25
 1.949144e+01 2.069806e+01 2.231036e+01 2.898785e+01 3.828519e+01 3.489273e+01 3.513493e+01 3.383635e+01 2.754454e+01 2.899087e+01 2.690241e+01 2.500666e+01 2.239086e+00 3.421992e+00 5.522674e+00 5.176252e+00 5.539968e+00 4.458754e+00 4.693411e+00 4.853582e+00 4.376802e+00 5.010520e+00 4.431176e+00 3.183420e+00 2.705519e-03
<GCONST> 9.743508e+01
<MIXTURE> 11 1.633820e-02
<MEAN> 25
 7.739902e+00 4.325212e+00 3.302595e+00 5.130487e+00 -3.314101e+00 -2.170059e+00 -2.478888e+00 -6.614924e+00 -3.454410e+00 3.355166e-01 -2.515520e+00 -2.262970e+00 -2.843915e-01 5.457851e-01 1.666873e-01 3.052512e-01 4.887581e-01 -2.673897e-02 2.584636e-01 -1.581011e-01 -1.816115e-01 -4.324311e-02 -1.013238e-01 1.477538e-01 -1.718223e-02
<VARIANCE> 25
 1.125719e+01 2.377286e+01 2.317123e+01 3.177045e+01 3.853147e+01 3.878809e+01 4.847989e+01 4.328762e+01 4.326281e+01 3.636705e+01 3.492080e+01 2.927195e+01 9.278509e-01 1.255144e+00 1.687350e+00 2.208735e+00 2.112155e+00 2.183877e+00 2.069873e+00 2.720266e+00 2.138673e+00 1.939236e+00 1.892930e+00 1.564721e+00 9.754769e-04
<GCONST> 8.768790e+01
<MIXTURE> 12 5.904134e-03
<MEAN> 25
 1.076536e+01 3.743638e+00 -4.502695e+00 -1.599350e+01 -8.696219e+00 8.642539e+00 -8.969781e-01 -1.922201e+00 -1.722967e+00 -4.886286e+00 1.774691e+00 7.165157e-01 6.774107e-02 2.937588e-01 7.962154e-02 -3.682792e-01 -3.103036e-01 2.959342e-02 3.055243e-01 4.477935e-01 1.410248e-01 -3.846850e-01 -3.855693e-01 5.393028e-02 -6.302242e-03
<VARIANCE> 25
 8.884774e+00 2.100269e+01 2.335644e+01 3.503496e+01 4.206046e+01 3.096094e+01 4.179711e+01 4.898211e+01 4.406310e+01 3.739199e+01 3.799743e+01 2.892791e+01 2.468048e-01 6.883633e-01 6.860328e-01 1.169902e+00 1.186448e+00 1.053912e+00 1.171036e+00 1.386169e+00 1.240636e+00 1.222237e+00 1.221494e+00 9.564492e-01 5.786679e-04
<GCONST> 7.892114e+01
<MIXTURE> 13 5.904134e-03
<MEAN> 25
 1.076536e+01 3.743638e+00 -4.502695e+00 -1.599350e+01 -8.696219e+00 8.642539e+00 -8.969781e-01 -1.922201e+00 -1.722967e+00 -4.886286e+00 1.774691e+00 7.165157e-01 6.774107e-02 2.937588e-01 7.962154e-02 -3.682792e-01 -3.103036e-01 2.959342e-02 3.055243e-01 4.477935e-01 1.410248e-01 -3.846850e-01 -3.855693e-01 5.393028e-02 -6.302242e-03
<VARIANCE> 25
 8.884774e+00 2.100269e+01 2.335644e+01 3.503496e+01 4.206046e+01 3.096094e+01 4.179711e+01 4.898211e+01 4.406310e+01 3.739199e+01 3.799743e+01 2.892791e+01 2.468048e-01 6.883633e-01 6.860328e-01 1.169902e+00 1.186448e+00 1.053912e+00 1.171036e+00 1.386169e+00 1.240636e+00 1.222237e+00 1.221494e+00 9.564492e-01 5.786679e-04
<GCONST> 7.892114e+01
<MIXTURE> 14 6.488954e-03
<MEAN> 25
 -4.273139e+00 -3.374808e-01 -3.762206e-01 8.823718e+00 7.480835e+00 7.330309e+00 7.798235e+00 7.262835e+00 7.247089e+00 5.190388e+00 6.798759e+00 4.076757e+00 -2.734285e-01 1.919554e-01 3.640491e-01 3.045882e-01 7.368491e-03 6.462061e-02 1.008898e-01 1.840362e-01 3.009824e-01 5.326203e-01 5.046678e-01 7.979312e-02 -9.135183e-03
<VARIANCE> 25
 9.328195e+00 1.389525e+01 1.887292e+01 1.814759e+01 2.072816e+01 1.973443e+01 2.140538e+01 2.077150e+01 1.985656e+01 2.376165e+01 2.150524e+01 1.585826e+01 9.564838e-01 1.618945e+00 1.754688e+00 1.940035e+00 2.239295e+00 2.239605e+00 2.250928e+00 2.223365e+00 2.292674e+00 2.506030e+00 2.199588e+00 1.805602e+00 1.029787e-03
<GCONST> 8.188174e+01
<MIXTURE> 15 2.475190e-03
<MEAN> 25
 -5.050357e+00 -1.811556e-01 -2.893704e-01 7.282481e+00 5.661452e+00 5.318791e+00 5.997507e+00 4.979205e+00 5.279326e+00 3.831358e+00 5.432193e+00 2.430575e+00 -9.563963e-02 -1.711718e-02 3.103488e-02 2.182619e-01 4.904763e-01 8.491703e-01 1.091707e+00 1.134781e+00 1.082602e+00 7.184732e-01 4.027707e-01 2.051874e-01 3.465249e-04
<VARIANCE> 25
 7.922449e+00 7.263814e+00 8.523006e+00 1.200043e+01 1.301102e+01 1.467589e+01 1.424077e+01 1.417756e+01 1.415159e+01 1.441882e+01 1.407978e+01 1.196868e+01 1.289584e-01 1.985811e-01 3.233004e-01 4.838516e-01 6.724572e-01 8.379516e-01 7.679524e-01 7.693036e-01 8.846920e-01 1.045838e+00 1.069549e+00 1.043599e+00 2.821190e-05
<GCONST> 5.856897e+01
<MIXTURE> 16 2.475190e-03
<MEAN> 25
 -5.050357e+00 -1.811556e-01 -2.893704e-01 7.282481e+00 5.661452e+00 5.318791e+00 5.997507e+00 4.979205e+00 5.279326e+00 3.831358e+00 5.432193e+00 2.430575e+00 -9.563963e-02 -1.711718e-02 3.103488e-02 2.182619e-01 4.904763e-01 8.491703e-01 1.091707e+00 1.134781e+00 1.082602e+00 7.184732e-01 4.027707e-01 2.051874e-01 3.465249e-04
<VARIANCE> 25
 7.922449e+00 7.263814e+00 8.523006e+00 1.200043e+01 1.301102e+01 1.467589e+01 1.424077e+01 1.417756e+01 1.415159e+01 1.441882e+01 1.407978e+01 1.196868e+01 1.289584e-01 1.985811e-01 3.233004e-01 4.838516e-01 6.724572e-01 8.379516e-01 7.679524e-01 7.693036e-01 8.846920e-01 1.045838e+00 1.069549e+00 1.043599e+00 2.821190e-05
<GCONST> 5.856897e+01
<MIXTURE> 17 9.518312e-03
<MEAN> 25
 3.645552e+00 -1.890440e+00 7.056007e+00 1.847772e+00 -6.975591e+00 -6.122823e+00 -3.344812e+00 -1.127751e-01 -3.282157e+00 -2.989618e+00 3.264119e-01 3.865680e-01 -8.474869e-01 -1.216884e+00 1.645580e+00 -2.168416e+00 -2.418145e+00 -3.253930e-01 1.448133e-01 9.357877e-01 -7.727292e-01 1.326738e-01 1.314079e+00 6.644959e-01 7.963298e-02
<VARIANCE> 25
 1.438951e+01 3.391249e+01 2.858262e+01 3.643175e+01 4.427069e+01 4.263764e+01 3.673745e+01 2.944765e+01 3.306139e+01 2.438069e+01 2.469978e+01 2.552257e+01 1.625956e+00 2.328084e+00 4.020276e+00 2.694754e+00 3.539245e+00 4.839768e+00 4.320194e+00 4.175205e+00 4.790072e+00 3.946108e+00 3.182620e+00 2.700035e+00 1.856425e-03
<GCONST> 9.500163e+01
<MIXTURE> 18 1.221018e-02
<MEAN> 25
 3.438905e+00 4.213538e+00 6.471906e+00 4.819073e+00 -5.114185e+00 -8.850959e+00 -1.279423e+00 -6.272774e-01 -3.118798e+00 -2.419447e+00 -8.495061e-01 1.018677e+00 -6.763635e-01 2.135522e+00 -3.783246e-01 1.931683e+00 2.996422e+00 1.547954e+00 9.551357e-01 -2.086294e-01 6.840524e-01 5.388895e-01 -2.862937e-01 -2.515313e-02 -1.192071e-01
<VARIANCE> 25
 1.627209e+01 2.379348e+01 3.041907e+01 2.370952e+01 3.811432e+01 3.317371e+01 3.635360e+01 3.350875e+01 3.557498e+01 3.093999e+01 3.057593e+01 2.906693e+01 2.328877e+00 2.766925e+00 4.438855e+00 3.679798e+00 3.791140e+00 4.233471e+00 4.336937e+00 3.976515e+00 4.015985e+00 3.865970e+00 4.228559e+00 3.242916e+00 3.840301e-03
<GCONST> 9.660595e+01
<MIXTURE> 19 9.912824e-03
<MEAN> 25
 -9.729462e+00 2.499584e+00 9.881306e-01 2.439345e-01 2.973922e+00 1.382828e+00 2.711017e+00 7.271078e-01 2.626844e+00 8.563735e-01 1.108729e+00 2.337795e+00 1.953014e+00 1.481831e+00 2.267097e+00 6.486934e-01 -1.134512e+00 -8.302881e-01 -1.042338e+00 -1.564200e+00 -1.889635e+00 -1.153777e+00 -9.692648e-01 -7.245153e-01 5.561314e-03
<VARIANCE> 25
 4.693814e+01 2.784014e+01 4.475089e+01 5.057301e+01 3.590609e+01 3.366051e+01 3.747778e+01 2.622936e+01 2.698833e+01 2.620495e+01 2.619283e+01 1.758410e+01 2.237920e+00 2.310145e+00 2.159764e+00 2.112572e+00 2.232192e+00 2.078093e+00 2.056887e+00 2.184947e+00 2.966438e+00 1.760252e+00 2.010467e+00 1.887735e+00 2.140217e-03
<GCONST> 9.056616e+01
<MIXTURE> 20 6.308331e-03
<MEAN> 25
 -1.418145e+01 7.416194e+00 8.452314e-01 6.152289e+00 4.843555e+00 1.637090e+00 5.209284e+00 8.536933e-01 9.223132e-01 7.987435e-01 2.568580e+00 -3.024292e-01 -3.285946e+00 -8.668866e-01 -1.565170e+00 3.325815e-01 1.541046e+00 2.063141e+00 1.979244e+00 2.056207e+00 2.144594e+00 2.040245e+00 1.684746e+00 9.453121e-01 4.732136e-02
<VARIANCE> 25
 1.966348e+01 2.345561e+01 3.096064e+01 3.717621e+01 3.084978e+01 2.789033e+01 2.993287e+01 3.147528e+01 2.796411e+01 2.821392e+01 2.515978e+01 2.091775e+01 2.092036e+00 2.182255e+00 1.909938e+00 2.541362e+00 2.702739e+00 2.313095e+00 2.310106e+00 2.320019e+00 2.235433e+00 2.652243e+00 2.241424e+00 1.865659e+00 1.886420e-03
<GCONST> 8.921882e+01
<MIXTURE> 21 7.928653e-03
<MEAN> 25
 4.011575e+00 -4.522175e+00 5.753030e+00 -1.532139e+00 -1.055569e+01 -8.696245e+00 -2.627481e+00 4.148958e+00 -2.052174e+00 -3.412990e+00 2.171603e-01 3.279217e-01 -7.209238e-01 1.340843e+00 2.588823e+00 -4.243165e-02 -1.553985e+00 3.278435e-01 5.915638e-01 -1.491311e+00 -1.962460e+00 3.132939e-01 1.332935e+00 2.513214e-01 -1.276985e-02
<VARIANCE> 25
 8.890559e+00 1.870811e+01 2.976480e+01 2.837631e+01 2.871622e+01 3.337794e+01 4.283806e+01 3.943460e+01 4.293731e+01 3.153090e+01 3.396126e+01 2.321462e+01 3.758309e-01 9.476531e-01 1.850803e+00 1.290169e+00 2.208162e+00 2.197429e+00 3.631736e+00 2.504580e+00 2.166503e+00 2.586498e+00 2.028953e+00 2.282925e+00 4.284984e-04
<GCONST> 8.510435e+01
<MIXTURE> 22 8.827789e-03
<MEAN> 25
 -1.792091e+01 7.154785e+00 -4.131347e+00 7.392482e+00 4.602546e+00 2.761039e+00 8.399819e+00 1.748462e+00 5.379299e+00 3.301012e+00 5.716434e+00 1.185148e+00 -3.095726e-01 -2.075880e-01 -1.255633e-01 -1.492641e-01 -7.208806e-03 1.369678e-01 1.807591e-01 1.779423e-01 2.484757e-01 2.073076e-01 1.726615e-01 1.924446e-01 8.857626e-03
<VARIANCE> 25
 8.116920e+00 1.682541e+01 1.738343e+01 2.517213e+01 2.289636e+01 2.083704e+01 1.943101e+01 1.871084e+01 1.813996e+01 2.086667e+01 1.924184e+01 1.378720e+01 1.090756e+00 1.357369e+00 1.363971e+00 1.572030e+00 1.408815e+00 1.526971e+00 1.508942e+00 1.532825e+00 1.614233e+00 1.544764e+00 1.357418e+00 1.168007e+00 1.745583e-03
<GCONST> 7.830949e+01
<MIXTURE> 23 6.455497e-03
<MEAN> 25
 7.930261e+00 2.468086e+00 3.038341e+00 2.405439e+00 -4.874645e+00 -3.158492e+00 -4.261231e+00 -6.508312e+00 -3.433482e+00 -1.024367e+00 -4.120392e+00 -2.137973e+00 3.408381e-02 1.791717e-01 9.930741e-03 5.734459e-02 1.611290e-03 4.846139e-02 1.847359e-02 -4.598174e-02 1.191035e-02 4.873455e-02 3.964712e-03 3.895751e-02 -4.366059e-03
<VARIANCE> 25
 1.056102e+01 2.220655e+01 2.485261e+01 4.102231e+01 3.821627e+01 5.370312e+01 5.909338e+01 5.480302e+01 4.824568e+01 4.692048e+01 4.830583e+01 4.018671e+01 1.185864e-01 2.956751e-01 3.800738e-01 4.898830e-01 5.968074e-01 7.112649e-01 7.723402e-01 8.772121e-01 8.845247e-01 8.845137e-01 8.208779e-01 7.599598e-01 8.805445e-05
<GCONST> 7.300438e+01
<MIXTURE> 24 6.455497e-03
<MEAN> 25
 7.930261e+00 2.468086e+00 3.038341e+00 2.405439e+00 -4.874645e+00 -3.158492e+00 -4.261231e+00 -6.508312e+00 -3.433482e+00 -1.024367e+00 -4.120392e+00 -2.137973e+00 3.408381e-02 1.791717e-01 9.930741e-03 5.734459e-02 1.611290e-03 4.846139e-02 1.847359e-02 -4.598174e-02 1.191035e-02 4.873455e-02 3.964712e-03 3.895751e-02 -4.366059e-03
<VARIANCE> 25
 1.056102e+01 2.220655e+01 2.485261e+01 4.102231e+01 3.821627e+01 5.370312e+01 5.909338e+01 5.480302e+01 4.824568e+01 4.692048e+01 4.830583e+01 4.018671e+01 1.185864e-01 2.956751e-01 3.800738e-01 4.898830e-01 5.968074e-01 7.112649e-01 7.723402e-01 8.772121e-01 8.845247e-01 8.845137e-01 8.208779e-01 7.599598e-01 8.805445e-05
<GCONST> 7.300438e+01
<MIXTURE> 25 1.118642e-02
<MEAN> 25
 5.652311e-01 3.215367e+00 1.549838e+01 -2.692706e+00 -1.167405e+01 -3.023722e+00 -4.719905e+00 -3.305670e+00 -6.464317e+00 -4.456699e+00 3.944316e+00 -1.674204e+00 -1.470009e-01 3.500234e-01 3.720818e-02 2.327703e-01 1.257950e-01 2.210018e-01 2.398640e-01 -2.980917e-01 1.577109e-01 2.501012e-02 -8.146289e-02 -2.576462e-02 -1.468003e-02
<VARIANCE> 25
 7.040111e+00 1.903892e+01 2.243119e+01 2.793001e+01 2.173967e+01 3.280020e+01 1.916259e+01 2.104739e+01 2.714771e+01 2.977282e+01 1.602084e+01 1.866157e+01 4.611216e-01 1.790681e+00 1.788209e+00 1.363059e+00 1.582642e+00 1.765377e+00 1.306504e+00 1.296716e+00 1.564590e+00 1.450873e+00 1.213898e+00 1.054056e+00 1.097331e-03
<GCONST> 7.875525e+01
<MIXTURE> 26 7.727677e-03
<MEAN> 25
 1.986929e+00 -5.721909e+00 -1.017562e+01 -1.090545e+00 7.349011e+00 5.134062e+00 3.765688e+00 -4.607486e-01 2.324230e+00 -2.541620e-01 -3.573854e+00 -1.134446e+00 -5.737700e-01 6.606928e-01 3.397253e-01 7.054957e-01 1.404167e-01 1.732715e-01 3.578163e-01 3.264643e-01 3.299628e-01 3.796508e-03 3.972707e-01 3.666824e-01 -5.124126e-02
<VARIANCE> 25
 2.236929e+01 3.349980e+01 2.253695e+01 5.554449e+01 3.932687e+01 4.116037e+01 4.349659e+01 4.024870e+01 3.545245e+01 5.072086e+01 3.954559e+01 4.155518e+01 1.668302e+00 1.855177e+00 1.742236e+00 1.855096e+00 2.441289e+00 2.417466e+00 2.471272e+00 2.651098e+00 2.184056e+00 2.257975e+00 2.108025e+00 2.033083e+00 3.134692e-03
<GCONST> 9.269821e+01
<MIXTURE> 27 7.727677e-03
<MEAN> 25
 1.986929e+00 -5.721909e+00 -1.017562e+01 -1.090545e+00 7.349011e+00 5.134062e+00 3.765688e+00 -4.607486e-01 2.324230e+00 -2.541620e-01 -3.573854e+00 -1.134446e+00 -5.737700e-01 6.606928e-01 3.397253e-01 7.054957e-01 1.404167e-01 1.732715e-01 3.578163e-01 3.264643e-01 3.299628e-01 3.796508e-03 3.972707e-01 3.666824e-01 -5.124126e-02
<VARIANCE> 25
 2.236929e+01 3.349980e+01 2.253695e+01 5.554449e+01 3.932687e+01 4.116037e+01 4.349659e+01 4.024870e+01 3.545245e+01 5.072086e+01 3.954559e+01 4.155518e+01 1.668302e+00 1.855177e+00 1.742236e+00 1.855096e+00 2.441289e+00 2.417466e+00 2.471272e+00 2.651098e+00 2.184056e+00 2.257975e+00 2.108025e+00 2.033083e+00 3.134692e-03
<GCONST> 9.269821e+01
<MIXTURE> 28 5.036674e-03
<MEAN> 25
 -5.349738e+00 1.803211e-01 -1.530627e+00 6.504763e+00 5.182775e+00 3.274996e+00 5.514581e+00 3.147159e+00 3.893641e+00 2.224378e+00 2.658556e+00 3.116331e+00 -1.390140e-01 2.028360e-01 5.241627e-01 7.586783e-01 8.151689e-01 6.833822e-01 5.189547e-01 4.073696e-01 4.585298e-01 4.401904e-01 4.472121e-01 2.731359e-01 -4.839101e-05
<VARIANCE> 25
 1.025674e+01 8.618457e+00 1.168419e+01 1.449744e+01 1.415819e+01 1.835048e+01 1.753569e+01 1.825209e+01 1.656935e+01 1.668665e+01 1.984730e+01 1.459932e+01 2.660490e-01 3.345709e-01 3.949801e-01 4.616994e-01 5.974470e-01 8.255838e-01 1.022230e+00 1.103558e+00 1.069706e+00 1.051110e+00 1.165408e+00 1.216528e+00 1.062935e-06
<GCONST> 6.018550e+01
<MIXTURE> 29 5.036674e-03
<MEAN> 25
 -5.349738e+00 1.803211e-01 -1.530627e+00 6.504763e+00 5.182775e+00 3.274996e+00 5.514581e+00 3.147159e+00 3.893641e+00 2.224378e+00 2.658556e+00 3.116331e+00 -1.390140e-01 2.028360e-01 5.241627e-01 7.586783e-01 8.151689e-01 6.833822e-01 5.189547e-01 4.073696e-01 4.585298e-01 4.401904e-01 4.472121e-01 2.731359e-01 -4.839101e-05
<VARIANCE> 25
 1.025674e+01 8.618457e+00 1.168419e+01 1.449744e+01 1.415819e+01 1.835048e+01 1.753569e+01 1.825209e+01 1.656935e+01 1.668665e+01 1.984730e+01 1.459932e+01 2.660490e-01 3.345709e-01 3.949801e-01 4.616994e-01 5.974470e-01 8.255838e-01 1.022230e+00 1.103558e+00 1.069706e+00 1.051110e+00 1.165408e+00 1.216528e+00 1.062935e-06
<GCONST> 6.018550e+01
<MIXTURE> 30 8.917812e-03
<MEAN> 25
 -4.114188e+00 6.404874e-01 5.461917e-01 8.289637e+00 7.490044e+00 6.948361e+00 7.307769e+00 6.443704e+00 6.196362e+00 3.950369e+00 6.325289e+00 3.212522e+00 1.421376e-02 4.979911e-02 2.298909e-02 6.721355e-02 1.004153e-01 6.994525e-02 -2.158513e-02 -1.397398e-02 1.312507e-03 3.078324e-02 -1.949585e-02 -4.162455e-02 -1.196111e-03
<VARIANCE> 25
 6.572627e+00 1.094653e+01 9.045823e+00 1.448771e+01 1.416952e+01 1.580897e+01 1.768883e+01 1.823843e+01 1.482524e+01 1.956953e+01 2.287685e+01 1.449141e+01 1.015317e-01 1.808296e-01 3.094096e-01 4.560745e-01 5.785379e-01 6.771572e-01 7.509357e-01 7.981672e-01 9.182162e-01 9.533795e-01 1.034415e+00 8.174657e-01 6.284156e-05
<GCONST> 6.038018e+01
<MIXTURE> 31 4.136493e-03
<MEAN> 25
 -3.191561e+00 -5.079601e+00 1.889853e-02 4.912226e+00 3.552948e+00 1.472281e+00 5.208638e+00 6.343109e+00 2.759092e+00 1.095596e+00 6.437731e+00 3.155629e+00 2.377661e-01 4.889905e-01 -2.334359e-01 2.756874e-01 2.030007e-01 4.414285e-01 1.697021e-01 -1.067389e-03 3.579932e-01 3.624823e-01 1.406916e-01 7.303686e-02 -1.814730e-02
<VARIANCE> 25
 6.926252e+00 1.917020e+01 1.655359e+01 1.710486e+01 2.418541e+01 2.366113e+01 2.232244e+01 2.558187e+01 2.473439e+01 2.725630e+01 1.970972e+01 1.783153e+01 1.907617e-01 4.718368e-01 5.923870e-01 7.386079e-01 1.031996e+00 1.057442e+00 1.221488e+00 1.342932e+00 1.294677e+00 1.302643e+00 1.217778e+00 1.112345e+00 2.513101e-04
<GCONST> 7.143935e+01
<MIXTURE> 32 4.136493e-03
<MEAN> 25
 -3.191561e+00 -5.079601e+00 1.889853e-02 4.912226e+00 3.552948e+00 1.472281e+00 5.208638e+00 6.343109e+00 2.759092e+00 1.095596e+00 6.437731e+00 3.155629e+00 2.377661e-01 4.889905e-01 -2.334359e-01 2.756874e-01 2.030007e-01 4.414285e-01 1.697021e-01 -1.067389e-03 3.579932e-01 3.624823e-01 1.406916e-01 7.303686e-02 -1.814730e-02
<VARIANCE> 25
 6.926252e+00 1.917020e+01 1.655359e+01 1.710486e+01 2.418541e+01 2.366113e+01 2.232244e+01 2.558187e+01 2.473439e+01 2.725630e+01 1.970972e+01 1.783153e+01 1.907617e-01 4.718368e-01 5.923870e-01 7.386079e-01 1.031996e+00 1.057442e+00 1.221488e+00 1.342932e+00 1.294677e+00 1.302643e+00 1.217778e+00 1.112345e+00 2.513101e-04
<GCONST> 7.143935e+01
<MIXTURE> 33 1.508826e-02
<MEAN> 25
 5.930454e+00 -4.591286e+00 -2.654152e+00 -3.211816e+00 -2.009815e+00 -5.181000e+00 -7.046715e+00 1.334395e+00 2.173534e+00 -4.068347e-01 -4.879559e+00 -2.619630e+00 7.422007e-01 -1.102618e+00 -2.403675e+00 -1.723042e+00 1.743641e+00 1.526123e+00 -7.019913e-01 6.644704e-01 6.788164e-01 5.671375e-01 -5.389523e-01 -1.246983e+00 3.251699e-02
<VARIANCE> 25
 1.039638e+01 2.617558e+01 2.759353e+01 3.194887e+01 3.549854e+01 3.874587e+01 3.862621e+01 4.148244e+01 3.653077e+01 4.003258e+01 3.091787e+01 2.531954e+01 1.083129e+00 1.810929e+00 2.192954e+00 2.033522e+00 4.072057e+00 2.959512e+00 3.696968e+00 5.138158e+00 3.721246e+00 3.713629e+00 3.109038e+00 2.416928e+00 1.601747e-03
<GCONST> 9.269973e+01
<MIXTURE> 34 1.588179e-02
<MEAN> 25
 8.862985e+00 -1.584852e-01 1.260215e-01 1.126028e+00 -2.965841e+00 -1.526861e+00 -6.233987e+00 -4.664144e+00 -1.648586e+00 1.631764e-01 -2.883514e+00 -3.654170e+00 -2.223631e-02 1.377301e+00 1.489103e+00 2.401744e+00 -1.058185e-01 -1.992897e-01 7.997410e-01 -1.616297e+00 -8.877447e-01 2.026539e-01 -4.766115e-01 2.520338e-01 -6.247400e-02
<VARIANCE> 25
 7.652704e+00 3.196672e+01 2.905008e+01 4.897672e+01 4.138828e+01 4.812608e+01 5.370085e+01 5.526746e+01 5.223164e+01 4.252650e+01 4.941114e+01 3.070068e+01 1.236745e+00 1.958935e+00 4.178035e+00 3.945623e+00 5.611070e+00 5.752100e+00 5.378450e+00 6.009129e+00 5.110066e+00 4.942890e+00 5.120576e+00 3.784742e+00 1.126380e-03
<GCONST> 9.937175e+01
<MIXTURE> 35 1.467755e-02
<MEAN> 25
 -1.657347e+00 -4.874539e+00 -1.012848e+01 -4.660623e-01 1.001412e+01 1.579154e+00 1.418833e+00 1.495355e+00 9.020076e-01 4.055890e+00 -7.630990e-02 1.924886e+00 5.604351e-01 -1.150776e+00 -1.334556e+00 -1.443314e+00 2.729555e-01 -7.997617e-01 -7.416588e-01 -1.087963e-01 -2.879990e-01 9.129006e-02 -6.661285e-01 -5.229095e-01 1.043573e-01
<VARIANCE> 25
 1.958520e+01 2.791783e+01 3.976307e+01 6.106522e+01 4.011596e+01 5.757648e+01 4.639271e+01 4.833322e+01 4.933937e+01 3.777856e+01 3.353042e+01 2.822998e+01 3.157602e+00 3.512903e+00 6.189875e+00 5.028386e+00 5.055232e+00 5.142412e+00 4.456532e+00 4.353719e+00 4.807422e+00 4.121139e+00 3.722155e+00 3.438021e+00 4.888569e-03
<GCONST> 1.021715e+02
<MIXTURE> 36 1.093293e-02
<MEAN> 25
 4.319381e+00 -3.874552e+00 7.300753e+00 2.688112e+00 -1.047260e+01 -9.884913e+00 -5.609668e+00 3.028748e+00 -3.057188e+00 -4.073859e+00 3.527293e+00 6.489801e-01 7.452019e-02 2.509490e-01 -9.324647e-01 2.404722e-01 9.286110e-01 -5.251077e-02 -1.064664e-01 2.213831e-01 6.327661e-01 4.293817e-01 -5.094035e-01 -8.418091e-02 -1.927574e-02
<VARIANCE> 25
 9.560132e+00 1.754150e+01 1.868159e+01 2.571426e+01 2.493434e+01 2.742132e+01 3.835452e+01 2.777595e+01 3.400178e+01 2.720846e+01 2.260437e+01 2.278734e+01 6.476261e-01 8.188313e-01 1.355481e+00 1.158690e+00 1.380046e+00 1.756827e+00 2.004428e+00 1.752363e+00 1.836582e+00 1.389678e+00 1.367540e+00 1.258306e+00 8.632037e-04
<GCONST> 8.020055e+01
<MIXTURE> 37 1.246826e-02
<MEAN> 25
 5.953688e-01 7.667293e+00 1.208220e+01 -5.624421e+00 -8.217570e+00 -1.216619e+00 -5.053911e+00 -8.149726e+00 -3.649049e+00 -9.853944e-01 -3.515209e+00 -1.284544e+00 1.480443e-01 6.449797e-01 -1.382918e+00 3.537172e+00 1.909552e+00 -3.246565e-01 1.078682e+00 4.371940e-01 5.421873e-01 -3.921745e-01 5.832700e-01 -1.250346e-01 -9.247065e-02
<VARIANCE> 25
 1.555445e+01 2.536287e+01 3.101005e+01 4.976711e+01 3.352271e+01 3.149856e+01 4.259016e+01 3.453697e+01 3.764532e+01 3.497956e+01 3.741444e+01 2.976305e+01 2.873513e+00 3.302055e+00 2.933950e+00 3.996792e+00 4.605641e+00 3.646605e+00 4.055013e+00 3.670039e+00 3.345429e+00 3.619297e+00 3.781651e+00 2.710183e+00 3.958698e-03
<GCONST> 9.724271e+01
<MIXTURE> 38 1.154525e-02
<MEAN> 25
 -4.476829e+00 8.975852e+00 4.601780e+00 3.232551e+00 8.471110e-01 -5.220681e+00 -6.072075e-01 -2.745024e+00 -2.856234e+00 -3.103415e+00 -1.491982e+00 -5.422337e-01 -4.518913e+00 1.251982e+00 -3.116393e-01 1.455011e+00 2.563399e+00 1.392636e+00 2.051553e+00 9.536878e-01 7.858482e-01 6.377755e-01 1.004873e+00 3.258356e-01 4.857086e-02
<VARIANCE> 25
 3.140166e+01 2.955972e+01 3.901629e+01 3.301349e+01 4.886582e+01 3.559164e+01 3.636618e+01 4.165458e+01 3.488018e+01 3.250451e+01 2.429106e+01 2.873238e+01 2.352020e+00 3.941655e+00 3.909770e+00 5.163526e+00 4.248049e+00 5.021229e+00 4.782453e+00 4.644263e+00 4.446893e+00 4.938949e+00 4.390442e+00 3.264214e+00 2.049644e-03
<GCONST> 9.926118e+01
<MIXTURE> 39 9.501865e-03
<MEAN> 25
 1.341343e+00 2.594576e+00 1.026071e+01 -9.206142e+00 -1.131093e+01 -1.046554e+00 -2.983034e+00 -6.555445e+00 -4.554423e+00 8.629667e-01 -3.622459e+00 -2.289218e+00 -7.203696e-01 1.514706e+00 1.608161e+00 -1.379689e+00 7.470561e-02 1.218204e+00 -1.185636e+00 -1.249004e+00 4.390236e-01 4.428254e-01 -5.053194e-01 1.248723e-01 1.152707e-03
<VARIANCE> 25
 8.835284e+00 2.989469e+01 3.173659e+01 3.794360e+01 3.687218e+01 4.261356e+01 4.401803e+01 3.323653e+01 3.923715e+01 3.296033e+01 3.618394e+01 2.917945e+01 6.936387e-01 1.557081e+00 1.541605e+00 2.916074e+00 2.397692e+00 2.803199e+00 3.043458e+00 2.729188e+00 2.428863e+00 2.598154e+00 2.103171e+00 2.050931e+00 1.179487e-03
<GCONST> 8.955544e+01
<MIXTURE> 40 1.030800e-02
<MEAN> 25
 -8.216892e+00 2.445698e+00 -1.146910e+00 7.593722e+00 3.976780e+00 5.240610e+00 5.126112e+00 3.968616e+00 4.668898e+00 3.785505e+00 5.154699e+00 1.518155e+00 -5.007851e-02 -1.737181e-01 -2.158554e-02 -1.904900e-01 -2.922035e-02 -8.864866e-02 9.807314e-02 1.721063e-01 -1.098329e-02 -1.519615e-02 -3.393171e-02 9.940682e-04 4.043770e-03
<VARIANCE> 25
 4.205952e+01 1.893504e+01 2.623111e+01 2.555036e+01 2.335753e+01 1.872857e+01 1.820572e+01 1.859021e+01 1.611672e+01 1.801527e+01 1.898309e+01 1.379391e+01 6.835616e-01 6.823816e-01 7.815170e-01 1.028319e+00 1.074442e+00 1.181017e+00 1.256259e+00 1.298146e+00 1.267121e+00 1.514794e+00 1.294420e+00 1.058635e+00 7.715633e-04
<GCONST> 7.582486e+01
<MIXTURE> 41 6.713375e-03
<MEAN> 25
 1.306692e+00 1.346211e+00 1.082210e+01 -6.888089e+00 -1.053627e+01 -3.909962e+00 -2.747826e+00 -4.831708e+00 -4.969752e+00 2.552558e+00 -1.523925e+00 -7.556798e-01 9.617499e-02 -8.395331e-01 1.757441e+00 -3.491359e+00 -2.450283e+00 -2.297243e-01 -5.504380e-01 -2.637466e-01 -9.925441e-01 1.094925e+00 -8.901356e-01 8.796877e-02 8.568531e-02
<VARIANCE> 25
 1.103512e+01 3.180935e+01 3.411546e+01 3.837451e+01 3.678596e+01 3.818037e+01 3.612173e+01 2.906738e+01 3.353252e+01 2.733705e+01 3.113164e+01 2.646812e+01 3.107333e+00 3.258002e+00 3.726335e+00 3.651452e+00 4.658732e+00 5.801155e+00 4.573069e+00 4.434989e+00 4.210139e+00 4.019907e+00 3.971755e+00 3.219404e+00 2.773984e-03
<GCONST> 9.744540e+01
<MIXTURE> 42 1.106211e-02
<MEAN> 25
 -1.825046e+00 4.714675e+00 4.886060e+00 2.695368e+00 -1.356413e-01 -5.952204e+00 -9.835296e-01 -2.157664e+00 -1.367275e+00 -1.160612e+00 -2.407544e+00 1.389175e+00 4.092039e+00 -4.935063e-01 1.698065e+00 1.488387e-01 -2.933623e+00 -1.130574e+00 -2.198609e+00 -7.835833e-01 -1.064797e+00 -7.162029e-01 5.248606e-01 -1.062801e+00 1.241794e-02
<VARIANCE> 25
 3.469142e+01 2.031437e+01 4.543844e+01 2.520984e+01 3.902901e+01 3.896560e+01 3.578769e+01 2.737861e+01 2.743715e+01 2.632951e+01 1.924486e+01 1.726423e+01 3.507092e+00 5.041295e+00 6.327869e+00 4.579766e+00 4.405979e+00 5.687206e+00 4.848429e+00 5.023942e+00 5.985216e+00 4.624616e+00 4.033191e+00 3.219129e+00 4.440324e-03
<GCONST> 9.927160e+01
<MIXTURE> 43 7.108249e-03
<MEAN> 25
 3.168876e+00 -6.312503e+00 -2.258175e+00 -5.190190e+00 -7.379648e+00 -3.392681e+00 4.112833e+00 1.298159e+00 -5.049511e+00 -7.061678e+00 -4.328608e+00 -1.254580e+00 2.370550e-01 2.164127e+00 1.911567e+00 -1.286678e-01 -1.430368e+00 -7.962812e-01 -9.684348e-01 -7.789868e-01 8.230454e-01 1.460521e+00 3.427581e-01 2.044824e-02 -4.517316e-02
<VARIANCE> 25
 9.598495e+00 1.975876e+01 2.733738e+01 3.513751e+01 3.848856e+01 3.662262e+01 3.354418e+01 3.978918e+01 3.968157e+01 3.900543e+01 2.652751e+01 2.948731e+01 6.910462e-01 1.249157e+00 1.572014e+00 2.495550e+00 2.371181e+00 2.378653e+00 2.648670e+00 3.019420e+00 2.602926e+00 2.597709e+00 2.329832e+00 1.916526e+00 9.440596e-04
<GCONST> 8.798495e+01
<MIXTURE> 44 7.328289e-03
<MEAN> 25
 -1.521014e+01 1.598763e+00 3.532992e+00 -3.200647e+00 3.369208e+00 2.069599e+00 -6.524355e-02 2.410075e+00 1.547767e+00 -7.822472e-01 1.795179e+00 1.940866e+00 -1.662054e-01 1.992992e-04 1.782230e-01 2.995636e-01 -1.208233e-01 1.829336e-01 4.447011e-01 1.060671e-01 2.323029e-01 1.424749e-01 5.856258e-02 8.767930e-02 4.771682e-03
<VARIANCE> 25
 4.259290e+01 2.757642e+01 3.458304e+01 3.053676e+01 2.954630e+01 2.999293e+01 2.473398e+01 3.159557e+01 2.792382e+01 2.733516e+01 2.701616e+01 1.961481e+01 1.211642e+00 1.526073e+00 1.403619e+00 1.363032e+00 2.147061e+00 1.654832e+00 1.519662e+00 1.651870e+00 1.579759e+00 1.503005e+00 1.368954e+00 1.228936e+00 1.285689e-03
<GCONST> 8.451646e+01
<MIXTURE> 45 1.364932e-02
<MEAN> 25
 -1.230506e+01 3.399540e+00 -1.194465e+00 2.718379e+00 5.580416e+00 6.781346e-02 4.674657e+00 2.873847e+00 3.446041e+00 2.261441e+00 2.450147e+00 2.696809e+00 -2.913669e+00 5.973030e-01 -4.347554e-01 -5.629287e-01 1.538230e-01 -9.804190e-03 4.390955e-01 5.222369e-02 -7.592873e-02 -7.671001e-02 2.406258e-01 1.104642e-01 1.180950e-01
<VARIANCE> 25
 3.403126e+01 2.977699e+01 3.054929e+01 3.548207e+01 3.230145e+01 2.870774e+01 2.959368e+01 2.609319e+01 2.552006e+01 2.330535e+01 2.795520e+01 1.610665e+01 2.420967e+00 3.013144e+00 2.945137e+00 2.682528e+00 2.545074e+00 2.594720e+00 2.300090e+00 2.248350e+00 2.134838e+00 2.097964e+00 1.958483e+00 1.626336e+00 4.067969e-03
<GCONST> 9.057390e+01
<MIXTURE> 46 9.336259e-03
<MEAN> 25
 -9.433849e+00 2.308641e+00 1.181528e+00 7.553545e+00 5.897735e+00 3.310126e+00 7.058328e+00 4.473063e+00 5.706158e+00 4.676826e+00 5.015748e+00 2.920390e+00 1.055343e+00 -2.343758e-01 3.653348e-02 9.993788e-01 6.012458e-01 9.416128e-01 3.876917e-01 6.700977e-01 4.765699e-01 5.004231e-01 6.449820e-01 5.199149e-01 -1.055533e-01
<VARIANCE> 25
 3.432895e+01 4.366148e+01 3.850992e+01 4.983318e+01 5.120686e+01 4.086829e+01 3.694819e+01 3.544140e+01 3.307903e+01 3.091136e+01 2.833863e+01 2.024516e+01 3.903787e+00 4.138038e+00 3.874250e+00 4.128263e+00 4.184942e+00 3.694367e+00 3.369159e+00 3.108057e+00 2.974791e+00 2.886080e+00 2.307082e+00 1.784370e+00 7.935960e-03
<GCONST> 9.829488e+01
<MIXTURE> 47 7.116147e-03
<MEAN> 25
 6.828397e+00 -7.348907e+00 -7.875566e+00 -6.579417e+00 1.503289e+00 1.323191e+00 -2.577630e+00 3.009555e-01 1.984231e+00 7.893735e-01 -3.947738e+00 -6.275913e+00 -1.215933e-01 -1.347104e+00 -6.186926e-01 -4.395111e-01 4.921708e-01 8.385755e-01 7.688318e-01 4.050284e-01 1.553037e-01 -7.909372e-01 -6.111025e-01 -3.957253e-01 3.289648e-02
<VARIANCE> 25
 1.073234e+01 2.096572e+01 1.820993e+01 2.973805e+01 3.275679e+01 4.795829e+01 4.016452e+01 4.077775e+01 4.415041e+01 4.522763e+01 4.397044e+01 3.048958e+01 4.863356e-01 8.494150e-01 1.102180e+00 1.511238e+00 2.034900e+00 1.965527e+00 2.207882e+00 2.250415e+00 2.040919e+00 1.966759e+00 2.133941e+00 1.847049e+00 6.344551e-04
<GCONST> 8.523235e+01
<MIXTURE> 48 7.116147e-03
<MEAN> 25
 6.828397e+00 -7.348907e+00 -7.875566e+00 -6.579417e+00 1.503289e+00 1.323191e+00 -2.577630e+00 3.009555e-01 1.984231e+00 7.893735e-01 -3.947738e+00 -6.275913e+00 -1.215933e-01 -1.347104e+00 -6.186926e-01 -4.395111e-01 4.921708e-01 8.385755e-01 7.688318e-01 4.050284e-01 1.553037e-01 -7.909372e-01 -6.111025e-01 -3.957253e-01 3.289648e-02
<VARIANCE> 25
 1.073234e+01 2.096572e+01 1.820993e+01 2.973805e+01 3.275679e+01 4.795829e+01 4.016452e+01 4.077775e+01 4.415041e+01 4.522763e+01 4.397044e+01 3.048958e+01 4.863356e-01 8.494150e-01 1.102180e+00 1.511238e+00 2.034900e+00 1.965527e+00 2.207882e+00 2.250415e+00 2.040919e+00 1.966759e+00 2.133941e+00 1.847049e+00 6.344551e-04
<GCONST> 8.523235e+01
<MIXTURE> 49 5.548473e-03
<MEAN> 25
 -4.840209e+00 8.074806e-01 1.768367e-01 8.271452e+00 6.039483e+00 5.338153e+00 5.763113e+00 4.407280e+00 4.638785e+00 2.990643e+00 4.757830e+00 2.753917e+00 3.397776e-01 6.347668e-01 7.047620e-01 3.640964e-01 -1.760452e-01 -6.785600e-01 -9.872609e-01 -1.050383e+00 -8.811364e-01 -7.472968e-01 -5.101339e-01 -2.544701e-01 1.584631e-04
<VARIANCE> 25
 9.487240e+00 1.154056e+01 1.333406e+01 1.513233e+01 1.479383e+01 1.659255e+01 1.927208e+01 1.942042e+01 1.840062e+01 2.235882e+01 1.960828e+01 1.351282e+01 2.724223e-01 2.533490e-01 3.540687e-01 6.018468e-01 8.281231e-01 9.395828e-01 1.003997e+00 1.044769e+00 1.162096e+00 1.369250e+00 1.293203e+00 1.175576e+00 1.566875e-05
<GCONST> 6.437423e+01
<MIXTURE> 50 6.234641e-03
<MEAN> 25
 -4.470355e+00 5.448572e-01 -1.298599e+00 6.144791e+00 4.099467e+00 2.217860e+00 3.615908e+00 2.098229e+00 2.767592e+00 1.304529e+00 2.199790e+00 2.570405e+00 6.700062e-02 2.063547e-01 6.287316e-02 -2.067467e-01 -4.619980e-01 -5.705619e-01 -4.121944e-01 -6.263963e-02 4.774348e-01 7.766133e-01 7.031856e-01 4.340635e-01 1.751449e-04
<VARIANCE> 25
 1.009956e+01 1.200502e+01 1.368493e+01 1.412836e+01 1.509831e+01 1.706740e+01 1.787328e+01 1.879458e+01 1.705965e+01 1.923262e+01 2.068630e+01 1.458950e+01 1.456524e-01 2.427880e-01 3.713015e-01 4.952368e-01 5.846738e-01 7.072637e-01 8.992870e-01 1.072960e+00 1.003027e+00 9.256891e-01 9.082788e-01 1.086366e+00 1.325701e-06
<GCONST> 5.930548e+01
<MIXTURE> 51 6.234641e-03
<MEAN> 25
 -4.470355e+00 5.448572e-01 -1.298599e+00 6.144791e+00 4.099467e+00 2.217860e+00 3.615908e+00 2.098229e+00 2.767592e+00 1.304529e+00 2.199790e+00 2.570405e+00 6.700062e-02 2.063547e-01 6.287316e-02 -2.067467e-01 -4.619980e-01 -5.705619e-01 -4.121944e-01 -6.263963e-02 4.774348e-01 7.766133e-01 7.031856e-01 4.340635e-01 1.751449e-04
<VARIANCE> 25
 1.009956e+01 1.200502e+01 1.368493e+01 1.412836e+01 1.509831e+01 1.706740e+01 1.787328e+01 1.879458e+01 1.705965e+01 1.923262e+01 2.068630e+01 1.458950e+01 1.456524e-01 2.427880e-01 3.713015e-01 4.952368e-01 5.846738e-01 7.072637e-01 8.992870e-01 1.072960e+00 1.003027e+00 9.256891e-01 9.082788e-01 1.086366e+00 1.325701e-06
<GCONST> 5.930548e+01
<MIXTURE> 52 6.367945e-03
<MEAN> 25
 1.012302e+01 2.048504e+00 -6.198998e+00 -1.428534e+01 -4.221211e+00 8.536719e+00 -2.752918e+00 -3.061625e+00 -4.408132e+00 -2.131899e+00 3.353947e+00 7.461327e-01 -3.855903e-01 -4.802197e-01 -6.955429e-02 1.140383e+00 1.339372e+00 -4.734181e-01 -6.029812e-01 -6.589867e-01 4.297750e-02 1.246181e+00 3.873677e-01 -5.457887e-01 -1.381823e-02
<VARIANCE> 25
 9.293638e+00 2.049461e+01 2.533227e+01 3.859119e+01 4.573741e+01 3.072196e+01 4.654247e+01 4.894031e+01 4.306004e+01 4.604477e+01 3.994998e+01 3.000724e+01 4.495858e-01 1.481215e+00 1.310512e+00 2.758041e+00 2.329713e+00 2.199703e+00 2.985605e+00 2.799449e+00 3.006101e+00 2.667170e+00 2.520594e+00 2.277375e+00 1.546357e-03
<GCONST> 8.973463e+01
<MIXTURE> 53 6.367945e-03
<MEAN> 25
 1.012302e+01 2.048504e+00 -6.198998e+00 -1.428534e+01 -4.221211e+00 8.536719e+00 -2.752918e+00 -3.061625e+00 -4.408132e+00 -2.131899e+00 3.353947e+00 7.461327e-01 -3.855903e-01 -4.802197e-01 -6.955429e-02 1.140383e+00 1.339372e+00 -4.734181e-01 -6.029812e-01 -6.589867e-01 4.297750e-02 1.246181e+00 3.873677e-01 -5.457887e-01 -1.381823e-02
<VARIANCE> 25
 9.293638e+00 2.049461e+01 2.533227e+01 3.859119e+01 4.573741e+01 3.072196e+01 4.654247e+01 4.894031e+01 4.306004e+01 4.604477e+01 3.994998e+01 3.000724e+01 4.495858e-01 1.481215e+00 1.310512e+00 2.758041e+00 2.329713e+00 2.199703e+00 2.985605e+00 2.799449e+00 3.006101e+00 2.667170e+00 2.520594e+00 2.277375e+00 1.546357e-03
<GCONST> 8.973463e+01
<MIXTURE> 54 7.368620e-03
<MEAN> 25
 -3.581445e+00 1.837132e-01 -6.949493e-01 7.970676e+00 6.418744e+00 4.517734e+00 4.697756e+00 4.553756e+00 3.981060e+00 3.529085e+00 4.430690e+00 2.294363e+00 -4.689329e-03 2.873895e-02 3.527617e-02 4.914002e-02 5.140109e-02 4.558664e-02 2.595330e-02 2.918844e-02 4.141529e-02 2.032488e-02 1.749586e-02 2.685104e-02 3.311505e-05
<VARIANCE> 25
 9.046132e+00 1.083587e+01 9.128627e+00 1.790100e+01 1.335264e+01 1.366731e+01 1.189044e+01 1.112696e+01 1.132894e+01 1.359855e+01 1.779216e+01 1.227383e+01 4.190640e-02 8.831906e-02 1.528389e-01 2.240804e-01 3.017898e-01 4.043599e-01 4.628665e-01 5.100024e-01 5.528745e-01 5.242764e-01 5.185735e-01 5.392613e-01 1.066689e-06
<GCONST> 4.735987e+01
<MIXTURE> 55 7.368620e-03
<MEAN> 25
 -3.581445e+00 1.837132e-01 -6.949493e-01 7.970676e+00 6.418744e+00 4.517734e+00 4.697756e+00 4.553756e+00 3.981060e+00 3.529085e+00 4.430690e+00 2.294363e+00 -4.689329e-03 2.873895e-02 3.527617e-02 4.914002e-02 5.140109e-02 4.558664e-02 2.595330e-02 2.918844e-02 4.141529e-02 2.032488e-02 1.749586e-02 2.685104e-02 3.311505e-05
<VARIANCE> 25
 9.046132e+00 1.083587e+01 9.128627e+00 1.790100e+01 1.335264e+01 1.366731e+01 1.189044e+01 1.112696e+01 1.132894e+01 1.359855e+01 1.779216e+01 1.227383e+01 4.190640e-02 8.831906e-02 1.528389e-01 2.240804e-01 3.017898e-01 4.043599e-01 4.628665e-01 5.100024e-01 5.528745e-01 5.242764e-01 5.185735e-01 5.392613e-01 1.066689e-06
<GCONST> 4.735987e+01
<MIXTURE> 56 6.132464e-03
<MEAN> 25
 7.151126e+00 -6.961144e+00 -9.167082e+00 -8.222737e+00 3.620488e+00 3.940503e+00 -2.374796e+00 -1.756787e+00 1.134808e+00 1.375729e+00 -2.594812e+00 -6.665805e+00 -2.257065e-02 7.844760e-02 -1.171964e-01 6.603785e-02 2.947353e-01 6.082620e-02 1.860202e-01 -1.507632e-01 4.154522e-02 4.121751e-02 -2.034192e-01 8.350999e-02 -6.666384e-03
<VARIANCE> 25
 9.549486e+00 2.260320e+01 1.778447e+01 3.833496e+01 3.042952e+01 4.622060e+01 5.594232e+01 3.365968e+01 4.036268e+01 3.756062e+01 3.617663e+01 2.931956e+01 1.981630e-01 4.561695e-01 4.406571e-01 7.195640e-01 7.792997e-01 1.053641e+00 8.855127e-01 8.839500e-01 9.625594e-01 1.107943e+00 1.244184e+00 7.937253e-01 2.426224e-04
<GCONST> 7.465980e+01
<MIXTURE> 57 6.132464e-03
<MEAN> 25
 7.151126e+00 -6.961144e+00 -9.167082e+00 -8.222737e+00 3.620488e+00 3.940503e+00 -2.374796e+00 -1.756787e+00 1.134808e+00 1.375729e+00 -2.594812e+00 -6.665805e+00 -2.257065e-02 7.844760e-02 -1.171964e-01 6.603785e-02 2.947353e-01 6.082620e-02 1.860202e-01 -1.507632e-01 4.154522e-02 4.121751e-02 -2.034192e-01 8.350999e-02 -6.666384e-03
<VARIANCE> 25
 9.549486e+00 2.260320e+01 1.778447e+01 3.833496e+01 3.042952e+01 4.622060e+01 5.594232e+01 3.365968e+01 4.036268e+01 3.756062e+01 3.617663e+01 2.931956e+01 1.981630e-01 4.561695e-01 4.406571e-01 7.195640e-01 7.792997e-01 1.053641e+00 8.855127e-01 8.839500e-01 9.625594e-01 1.107943e+00 1.244184e+00 7.937253e-01 2.426224e-04
<GCONST> 7.465980e+01
<MIXTURE> 58 6.172147e-03
<MEAN> 25
 2.585221e+00 -2.987715e+00 8.105972e+00 -5.323722e+00 -1.347789e+01 -5.946955e+00 4.833170e-01 6.579981e-01 -3.411689e+00 1.596722e+00 1.035982e+00 -6.219888e-01 -5.127524e-02 -9.674368e-02 -6.040929e-02 -1.929916e-01 -5.211176e-03 2.094634e-01 3.397295e-01 2.053753e-01 9.142438e-02 5.919859e-02 -6.032405e-02 -9.796000e-02 -3.909253e-03
<VARIANCE> 25
 6.359788e+00 1.780604e+01 2.305436e+01 2.510207e+01 1.984800e+01 4.102409e+01 3.417828e+01 3.211380e+01 3.275018e+01 2.823440e+01 2.095723e+01 1.931005e+01 2.984100e-01 8.659650e-01 8.449256e-01 1.181279e+00 7.898383e-01 1.229931e+00 1.015736e+00 1.234907e+00 1.092600e+00 9.702900e-01 8.477743e-01 8.068264e-01 7.670050e-04
<GCONST> 7.492107e+01
<MIXTURE> 59 6.172147e-03
<MEAN> 25
 2.585221e+00 -2.987715e+00 8.105972e+00 -5.323722e+00 -1.347789e+01 -5.946955e+00 4.833170e-01 6.579981e-01 -3.411689e+00 1.596722e+00 1.035982e+00 -6.219888e-01 -5.127524e-02 -9.674368e-02 -6.040929e-02 -1.929916e-01 -5.211176e-03 2.094634e-01 3.397295e-01 2.053753e-01 9.142438e-02 5.919859e-02 -6.032405e-02 -9.796000e-02 -3.909253e-03
<VARIANCE> 25
 6.359788e+00 1.780604e+01 2.305436e+01 2.510207e+01 1.984800e+01 4.102409e+01 3.417828e+01 3.211380e+01 3.275018e+01 2.823440e+01 2.095723e+01 1.931005e+01 2.984100e-01 8.659650e-01 8.449256e-01 1.181279e+00 7.898383e-01 1.229931e+00 1.015736e+00 1.234907e+00 1.092600e+00 9.702900e-01 8.477743e-01 8.068264e-01 7.670050e-04
<GCONST> 7.492107e+01
<MIXTURE> 60 4.479129e-03
<MEAN> 25
 -3.833983e+00 4.947743e-01 -1.034280e+00 4.039958e+00 2.363370e+00 2.022277e+00 1.841297e+00 1.689268e+00 2.173920e+00 6.332280e-01 2.603329e+00 1.476457e+00 4.695305e-03 9.499605e-02 4.944573e-02 9.297859e-02 1.063635e-01 2.257401e-01 2.565698e-01 2.552820e-01 5.507203e-01 7.320531e-01 6.175476e-01 3.584103e-01 6.243124e-04
<VARIANCE> 25
 6.278883e+00 6.813529e+00 8.685566e+00 1.034952e+01 1.203522e+01 1.619418e+01 1.422539e+01 1.150187e+01 1.189233e+01 1.329585e+01 1.434550e+01 1.177971e+01 9.250405e-02 1.628982e-01 2.702061e-01 4.040808e-01 6.080866e-01 6.384779e-01 9.334446e-01 7.769366e-01 9.910873e-01 8.987667e-01 8.938990e-01 9.293061e-01 2.903623e-05
<GCONST> 5.633948e+01
<MIXTURE> 61 4.479129e-03
<MEAN> 25
 -3.833983e+00 4.947743e-01 -1.034280e+00 4.039958e+00 2.363370e+00 2.022277e+00 1.841297e+00 1.689268e+00 2.173920e+00 6.332280e-01 2.603329e+00 1.476457e+00 4.695305e-03 9.499605e-02 4.944573e-02 9.297859e-02 1.063635e-01 2.257401e-01 2.565698e-01 2.552820e-01 5.507203e-01 7.320531e-01 6.175476e-01 3.584103e-01 6.243124e-04
<VARIANCE> 25
 6.278883e+00 6.813529e+00 8.685566e+00 1.034952e+01 1.203522e+01 1.619418e+01 1.422539e+01 1.150187e+01 1.189233e+01 1.329585e+01 1.434550e+01 1.177971e+01 9.250405e-02 1.628982e-01 2.702061e-01 4.040808e-01 6.080866e-01 6.384779e-01 9.334446e-01 7.769366e-01 9.910873e-01 8.987667e-01 8.938990e-01 9.293061e-01 2.903623e-05
<GCONST> 5.633948e+01
<MIXTURE> 62 3.278034e-03
<MEAN> 25
 -5.055735e+00 1.271500e+00 1.007952e+00 8.786358e+00 6.100428e+00 5.004155e+00 5.473685e+00 4.033132e+00 4.977119e+00 3.849256e+00 4.937562e+00 2.931577e+00 -9.932497e-01 -1.157863e+00 -9.489480e-01 -2.758285e-01 4.239266e-01 1.008826e+00 1.385595e+00 1.538028e+00 1.467313e+00 1.243269e+00 1.067711e+00 7.255788e-01 -1.215428e-03
<VARIANCE> 25
 9.903049e+00 9.948288e+00 1.301840e+01 1.671112e+01 1.733319e+01 1.754934e+01 1.969653e+01 1.893574e+01 1.880985e+01 1.903706e+01 2.153498e+01 1.472781e+01 4.084572e-01 4.358723e-01 5.565866e-01 7.728712e-01 1.035443e+00 1.184724e+00 1.245106e+00 1.288041e+00 1.346276e+00 1.362503e+00 1.403368e+00 1.364529e+00 1.646280e-05
<GCONST> 6.754819e+01
<MIXTURE> 63 4.351215e-03
<MEAN> 25
 -3.059561e+00 -2.488091e-01 -4.405249e+00 2.560615e+00 3.873970e+00 1.265620e+00 3.532586e+00 1.155342e+00 2.946764e+00 -1.475769e+00 -1.273470e+00 1.195900e+00 -1.498577e-01 2.635205e-01 4.551381e-01 5.502357e-01 4.096964e-01 3.363189e-01 2.977828e-01 1.220907e-01 -6.378281e-02 1.508345e-01 3.852384e-01 7.218341e-02 -4.906039e-03
<VARIANCE> 25
 8.077815e+00 1.467896e+01 1.503292e+01 1.354302e+01 1.334445e+01 2.586930e+01 1.859612e+01 1.900833e+01 2.004414e+01 1.873833e+01 1.886334e+01 1.656040e+01 2.383476e-01 3.313307e-01 6.029745e-01 6.368929e-01 7.595637e-01 1.046087e+00 1.262404e+00 1.163547e+00 1.372581e+00 1.407794e+00 1.428049e+00 1.686749e+00 2.008502e-04
<GCONST> 6.910704e+01
<MIXTURE> 64 4.351215e-03
<MEAN> 25
 -3.059561e+00 -2.488091e-01 -4.405249e+00 2.560615e+00 3.873970e+00 1.265620e+00 3.532586e+00 1.155342e+00 2.946764e+00 -1.475769e+00 -1.273470e+00 1.195900e+00 -1.498577e-01 2.635205e-01 4.551381e-01 5.502357e-01 4.096964e-01 3.363189e-01 2.977828e-01 1.220907e-01 -6.378281e-02 1.508345e-01 3.852384e-01 7.218341e-02 -4.906039e-03
<VARIANCE> 25
 8.077815e+00 1.467896e+01 1.503292e+01 1.354302e+01 1.334445e+01 2.586930e+01 1.859612e+01 1.900833e+01 2.004414e+01 1.873833e+01 1.886334e+01 1.656040e+01 2.383476e-01 3.313307e-01 6.029745e-01 6.368929e-01 7.595637e-01 1.046087e+00 1.262404e+00 1.163547e+00 1.372581e+00 1.407794e+00 1.428049e+00 1.686749e+00 2.008502e-04
<GCONST> 6.910704e+01
<MIXTURE> 65 1.721197e-02
<MEAN> 25
 7.847558e+00 2.111517e+00 1.680018e+00 6.088709e-01 -5.319839e+00 -4.334613e+00 -5.862220e+00 -6.858958e+00 -3.708564e+00 -2.044926e+00 -5.382579e+00 -2.010973e+00 1.555137e-01 1.350071e-01 2.028892e-02 1.564271e-01 -1.922075e-01 2.901116e-01 -1.089985e-01 -1.696973e-01 1.597355e-01 1.122698e-02 -6.388444e-03 -1.539705e-01 -4.558885e-03
<VARIANCE> 25
 1.084917e+01 1.874687e+01 2.791428e+01 3.549334e+01 3.764264e+01 5.691175e+01 5.716164e+01 5.781418e+01 5.497238e+01 5.951641e+01 5.600999e+01 5.037703e+01 5.645980e-01 9.743592e-01 1.576422e+00 1.811128e+00 1.984415e+00 2.186997e+00 2.245904e+00 2.920955e+00 2.433705e+00 2.442857e+00 2.395831e+00 2.080869e+00 4.361248e-04
<GCONST> 8.942330e+01
<MIXTURE> 66 1.191532e-02
<MEAN> 25
 6.195334e+00 -5.598691e+00 -4.728251e+00 -5.030543e+00 7.544198e-01 -3.452094e+00 -7.189650e+00 3.792973e-01 1.003678e+00 -7.416250e-01 -7.182982e+00 -3.035820e+00 -7.037430e-02 1.771476e+00 2.067118e+00 2.348965e+00 -1.501196e+00 -1.414295e+00 1.697056e-01 -5.711426e-01 1.842078e-01 -5.700077e-01 3.252936e-02 7.963022e-01 -6.761018e-02
<VARIANCE> 25
 8.601035e+00 2.787801e+01 2.658077e+01 2.687797e+01 3.361708e+01 4.751623e+01 4.438148e+01 3.688279e+01 4.270203e+01 5.804331e+01 3.357490e+01 2.816397e+01 1.310435e+00 2.069722e+00 2.085171e+00 1.951689e+00 3.351104e+00 3.326682e+00 3.703870e+00 3.617593e+00 3.773973e+00 4.035416e+00 3.626711e+00 2.722693e+00 1.262450e-03
<GCONST> 9.318833e+01
<MIXTURE> 67 1.559142e-02
<MEAN> 25
 8.919599e+00 1.970006e+00 -5.982966e+00 -8.256564e+00 9.262686e-01 3.045753e+00 -3.318994e+00 -2.257268e+00 -3.750323e+00 8.509880e-01 -1.253398e-01 -1.722063e+00 -1.078656e+00 1.838267e+00 1.053215e+00 3.065279e+00 1.355411e+00 -5.169116e-01 1.303049e+00 1.122438e-01 1.690645e-01 2.346653e-01 -2.602618e-01 6.091385e-01 -1.297370e-01
<VARIANCE> 25
 1.189211e+01 3.906152e+01 3.054820e+01 5.541267e+01 4.883489e+01 5.376633e+01 6.163604e+01 5.242444e+01 6.430416e+01 5.724324e+01 5.605507e+01 4.701228e+01 2.167017e+00 3.442000e+00 3.276597e+00 4.489248e+00 4.653285e+00 4.524968e+00 4.675980e+00 5.035644e+00 5.445667e+00 4.772202e+00 5.129961e+00 3.747132e+00 3.029556e-03
<GCONST> 1.028819e+02
<MIXTURE> 68 1.485092e-02
<MEAN> 25
 -1.951542e+00 -2.272621e+00 -4.183181e+00 1.184845e+00 5.396035e+00 -4.425699e-01 2.097765e+00 1.609888e+00 1.976579e+00 1.658014e+00 4.821256e-01 1.906797e+00 2.743678e+00 5.476613e-01 -1.680023e-03 -2.571396e+00 -2.363039e+00 -1.594951e+00 -2.335539e+00 -1.777344e+00 -1.673761e+00 -1.472628e+00 -1.950333e+00 -1.049825e+00 1.023777e-01
<VARIANCE> 25
 2.583454e+01 3.160695e+01 5.829150e+01 5.195312e+01 4.709482e+01 5.694229e+01 4.456182e+01 4.405879e+01 3.981797e+01 4.282159e+01 3.673283e+01 2.538442e+01 1.864844e+00 3.696033e+00 5.869113e+00 5.780046e+00 4.781418e+00 5.518771e+00 5.684085e+00 4.899411e+00 4.931677e+00 5.171794e+00 5.020838e+00 3.365756e+00 6.075617e-03
<GCONST> 1.034405e+02
<MIXTURE> 69 1.204884e-02
<MEAN> 25
 4.603520e+00 -4.161590e+00 -3.698653e+00 -3.679319e+00 -3.395653e+00 -7.743972e+00 -1.135576e+00 2.082245e+00 -2.894942e-01 -4.667172e+00 -5.715599e+00 8.775288e-01 1.680439e+00 -2.204642e+00 -1.327320e+00 -2.230732e+00 -4.491868e-01 -3.021415e-01 -4.600155e-01 6.551015e-01 -6.489207e-01 -1.419155e+00 -2.187379e+00 -1.651490e-01 6.086678e-02
<VARIANCE> 25
 8.869821e+00 2.172635e+01 2.685957e+01 2.545388e+01 4.236982e+01 3.579029e+01 4.793427e+01 3.162331e+01 3.946371e+01 3.777755e+01 3.067389e+01 2.431170e+01 3.472703e+00 2.920299e+00 3.271850e+00 3.622072e+00 5.957145e+00 4.984451e+00 6.958634e+00 6.010600e+00 5.777024e+00 5.795272e+00 4.260673e+00 3.624448e+00 2.555809e-03
<GCONST> 9.849702e+01
<MIXTURE> 70 1.329190e-02
<MEAN> 25
 7.012681e+00 -2.116121e+00 -4.234391e+00 -3.791071e+00 -3.412992e-01 -2.366692e-01 -7.514011e+00 -4.405282e+00 -3.945100e-01 3.706565e+00 1.901383e-01 -4.697001e+00 1.801752e+00 -1.386232e+00 -7.175158e-01 -2.186834e+00 -1.299191e+00 1.258306e+00 -1.219273e+00 5.702103e-02 1.129666e-01 2.537678e-02 5.006765e-01 -1.228113e+00 6.257781e-02
<VARIANCE> 25
 1.058579e+01 2.134312e+01 2.581146e+01 4.262631e+01 3.174416e+01 4.065010e+01 4.436648e+01 3.978081e+01 4.779263e+01 3.397252e+01 4.140657e+01 2.438613e+01 3.203281e+00 3.253566e+00 4.268602e+00 4.378630e+00 4.941901e+00 5.775440e+00 6.077567e+00 6.797369e+00 5.822455e+00 4.768838e+00 5.426389e+00 4.137442e+00 2.355222e-03
<GCONST> 1.000474e+02
<MIXTURE> 71 1.406903e-02
<MEAN> 25
 6.393418e+00 5.190302e+00 4.252536e+00 3.111473e+00 -3.465242e+00 -3.423907e+00 -3.433387e+00 -6.656948e+00 -4.672743e+00 -2.498070e+00 -5.229020e+00 -3.248273e+00 -1.573593e+00 -7.008978e-01 -2.513800e-01 -1.779796e+00 1.127901e+00 -1.440764e-01 5.068814e-02 1.537839e+00 3.050569e-01 -1.781542e-01 6.864035e-01 1.842288e-01 4.100450e-02
<VARIANCE> 25
 1.885945e+01 2.569534e+01 2.428810e+01 4.499767e+01 4.071416e+01 4.060551e+01 4.257427e+01 4.148427e+01 3.904677e+01 4.425623e+01 3.662898e+01 3.450927e+01 1.758176e+00 3.046903e+00 5.297661e+00 4.882479e+00 4.708084e+00 4.743957e+00 4.872415e+00 5.386204e+00 4.313143e+00 4.094438e+00 3.629372e+00 3.296339e+00 1.422011e-03
<GCONST> 9.871310e+01
<MIXTURE> 72 8.134747e-03
<MEAN> 25
 3.298614e+00 -5.393235e+00 5.957733e+00 -3.285690e+00 -1.056470e+01 -9.351199e+00 -2.924777e+00 1.988631e+00 -4.709722e+00 -1.415850e+00 -8.590393e-01 1.381044e+00 7.255614e-01 -7.038873e-01 -2.919438e+00 4.529391e-01 2.166925e+00 -4.475952e-01 -1.020704e+00 1.007518e+00 1.927886e+00 -6.965144e-01 -1.433820e+00 1.466492e-01 -2.504081e-03
<VARIANCE> 25
 9.289927e+00 2.374879e+01 3.166074e+01 3.274636e+01 2.658294e+01 2.644389e+01 3.333344e+01 2.992862e+01 3.765574e+01 3.541672e+01 3.430066e+01 2.407641e+01 4.975497e-01 8.317426e-01 2.028466e+00 1.175021e+00 1.819650e+00 2.187969e+00 2.739517e+00 2.974965e+00 2.315504e+00 2.397723e+00 1.826964e+00 1.921570e+00 4.672550e-04
<GCONST> 8.442722e+01
<MIXTURE> 73 1.213625e-02
<MEAN> 25
 -5.497390e+00 -5.958484e-01 -1.222574e+00 4.892861e+00 4.271645e+00 2.335402e+00 5.510220e+00 3.499121e+00 4.491612e+00 3.298124e+00 4.169513e+00 2.827202e+00 7.001933e-01 -9.912328e-01 -8.618165e-01 -2.695957e+00 -1.340695e+00 -1.751372e+00 -9.734590e-01 -4.758286e-01 -8.296575e-01 -6.370150e-01 -1.016647e+00 -2.392005e-01 1.521807e-01
<VARIANCE> 25
 1.296644e+01 1.398755e+01 1.501277e+01 2.210901e+01 2.275798e+01 2.403937e+01 1.983425e+01 1.943400e+01 1.759400e+01 1.905828e+01 2.239918e+01 1.676250e+01 4.195495e+00 3.026802e+00 5.947661e+00 4.592074e+00 6.118279e+00 4.421174e+00 4.318512e+00 4.136207e+00 4.003119e+00 4.205504e+00 3.636698e+00 2.630827e+00 4.350887e-03
<GCONST> 9.262831e+01
<MIXTURE> 74 1.756491e-02
<MEAN> 25
 3.729256e+00 -1.514652e+00 5.312278e+00 -4.475159e-01 -8.921770e+00 -8.942742e+00 -2.308118e+00 1.100829e+00 -3.726328e+00 -2.689543e+00 -1.247153e+00 7.178226e-01 1.997096e-01 2.029773e+00 -1.719417e-01 1.603685e+00 1.199645e+00 4.487189e-01 3.219629e-01 -1.098810e+00 3.496557e-01 1.853965e-01 -3.564111e-01 -8.437210e-02 -7.954773e-02
<VARIANCE> 25
 1.312516e+01 2.073319e+01 3.517673e+01 3.591118e+01 3.225441e+01 3.785221e+01 4.607055e+01 4.153362e+01 4.324343e+01 3.877249e+01 3.859379e+01 3.092292e+01 1.882094e+00 1.784858e+00 3.575797e+00 2.286202e+00 3.610285e+00 3.564397e+00 4.816803e+00 3.897533e+00 3.675930e+00 3.655782e+00 3.449116e+00 2.761929e+00 1.550715e-03
<GCONST> 9.505095e+01
<MIXTURE> 75 9.711651e-03
<MEAN> 25
 2.296148e+00 -2.074692e+00 1.213334e+01 1.406633e-01 -1.231183e+01 -7.069216e+00 -5.037156e+00 -1.370788e+00 -5.295868e+00 -3.952806e+00 3.830430e+00 2.859763e-01 1.568361e+00 -1.935146e+00 2.714139e-01 -3.162692e-01 -2.048805e+00 -1.226940e+00 -1.370009e+00 1.053094e+00 -9.011914e-01 -9.527200e-02 1.048928e+00 -3.728788e-01 4.798642e-02
<VARIANCE> 25
 8.700535e+00 1.573081e+01 2.852250e+01 2.749985e+01 2.048329e+01 2.768884e+01 2.395251e+01 2.450687e+01 3.389548e+01 2.455856e+01 1.532559e+01 1.558963e+01 1.889689e+00 1.597802e+00 3.730475e+00 2.425774e+00 3.301631e+00 4.039279e+00 3.334070e+00 2.580431e+00 4.055638e+00 2.521758e+00 2.283307e+00 2.223944e+00 1.322125e-03
<GCONST> 8.781877e+01
<MIXTURE> 76 1.052359e-02
<MEAN> 25
 -5.086227e+00 -8.834574e-01 -3.588061e+00 2.981116e+00 5.144756e+00 3.075201e+00 3.507528e+00 7.588493e-01 2.321594e+00 7.466141e-01 1.447384e+00 1.936366e+00 8.522438e-02 -4.666602e-01 -2.926374e-01 -8.803117e-01 -5.060146e-01 -9.433054e-01 -6.743407e-01 -3.702571e-01 -6.666766e-01 -4.111063e-01 -1.994859e-01 -1.798972e-01 2.472766e-02
<VARIANCE> 25
 3.600584e+01 2.447318e+01 2.764779e+01 2.562709e+01 3.043115e+01 3.567784e+01 2.455606e+01 3.384570e+01 2.107812e+01 2.136776e+01 2.306123e+01 1.835523e+01 1.108002e+00 1.103959e+00 1.262746e+00 1.351800e+00 1.386911e+00 1.566501e+00 1.377614e+00 1.533664e+00 1.784853e+00 1.525773e+00 1.380179e+00 1.176578e+00 1.295457e-03
<GCONST> 8.226022e+01
<MIXTURE> 77 1.244626e-02
<MEAN> 25
 -1.877914e-01 8.150134e+00 1.263063e+01 -1.149431e+01 -7.540468e+00 3.879600e-01 -8.934838e+00 -7.120161e+00 -3.593585e+00 -1.062954e-01 -4.174681e+00 -1.430990e+00 8.061077e-02 2.182891e-01 9.354117e-03 2.473229e-01 -3.044102e-02 1.198708e-01 -5.953206e-02 -6.875818e-02 2.102858e-01 -1.100362e-01 1.731794e-02 1.250863e-01 -9.718463e-03
<VARIANCE> 25
 1.060470e+01 2.062965e+01 2.624403e+01 3.889983e+01 3.366222e+01 3.481737e+01 3.499860e+01 2.942752e+01 3.343831e+01 3.106627e+01 3.706836e+01 3.229843e+01 3.001377e-01 8.271745e-01 6.811411e-01 1.074561e+00 1.150408e+00 9.386104e-01 1.135354e+00 1.045883e+00 1.144550e+00 1.107002e+00 9.271532e-01 8.611771e-01 5.050144e-04
<GCONST> 7.726460e+01
<MIXTURE> 78 9.702551e-03
<MEAN> 25
 -1.092212e+01 1.259862e+00 -2.329390e+00 2.193986e+00 3.314577e+00 -2.340754e+00 3.732487e+00 1.864067e+00 2.874325e+00 7.904251e-01 -7.906191e-01 2.379056e+00 2.229796e+00 -9.920491e-02 5.368607e-02 5.480210e-01 -7.552292e-02 -3.865600e-03 -2.482313e-01 -5.337047e-02 2.711902e-01 -1.100848e-01 -3.263212e-01 -5.523847e-01 -6.530620e-02
<VARIANCE> 25
 4.145704e+01 3.010090e+01 3.517770e+01 2.983377e+01 4.771614e+01 3.399914e+01 3.270613e+01 3.554557e+01 2.657204e+01 2.520513e+01 2.572303e+01 2.258024e+01 4.808657e+00 2.635840e+00 2.753676e+00 2.884460e+00 2.852067e+00 3.240080e+00 3.007562e+00 2.627880e+00 2.189312e+00 2.783534e+00 2.244198e+00 2.012303e+00 4.423489e-03
<GCONST> 9.415050e+01
<MIXTURE> 79 1.156824e-02
<MEAN> 25
 2.357796e+00 1.955175e+00 9.595602e+00 -6.641359e+00 -1.222244e+01 -2.309931e+00 -2.234735e+00 -6.137393e+00 -6.182854e+00 -1.876327e-01 -2.954979e+00 -3.009639e+00 1.014826e+00 -4.477882e-01 -1.537272e+00 2.362385e+00 3.449059e-01 -1.446845e+00 5.733947e-01 8.490559e-01 -3.447867e-01 -6.650106e-01 5.226284e-01 1.607073e-01 -3.544148e-02
<VARIANCE> 25
 1.287714e+01 2.331677e+01 3.718444e+01 4.562852e+01 2.987059e+01 4.057245e+01 3.903407e+01 3.380304e+01 3.656944e+01 3.802736e+01 4.356802e+01 2.798146e+01 1.154885e+00 2.079719e+00 1.778659e+00 1.885090e+00 2.211256e+00 2.572487e+00 2.865551e+00 3.175446e+00 2.376436e+00 2.594178e+00 2.281291e+00 1.935574e+00 1.150899e-03
<GCONST> 9.028581e+01
<MIXTURE> 80 7.550998e-03
<MEAN> 25
 -1.460253e+01 3.985364e+00 6.933187e-01 2.863181e+00 2.447636e+00 1.412432e+00 6.395948e+00 2.494867e+00 2.719792e+00 2.368644e+00 4.849146e+00 1.189700e+00 4.284699e+00 -1.653371e-02 1.639488e+00 -1.134189e+00 -2.888414e+00 -2.775256e+00 -2.322329e+00 -2.021368e+00 -1.977498e+00 -1.685110e+00 -1.650847e+00 -6.033965e-01 -4.417811e-02
<VARIANCE> 25
 2.098945e+01 1.984103e+01 3.444932e+01 3.469904e+01 3.016739e+01 2.920462e+01 2.828662e+01 2.854044e+01 2.673062e+01 2.882981e+01 2.685588e+01 1.810498e+01 2.359563e+00 2.664955e+00 2.674940e+00 4.119762e+00 3.393328e+00 2.710766e+00 3.024272e+00 3.201949e+00 2.756581e+00 2.699841e+00 2.780184e+00 2.145550e+00 1.515207e-03
<GCONST> 9.140233e+01
<MIXTURE> 81 8.025434e-03
<MEAN> 25
 -1.101828e+00 4.053030e+00 1.021281e+01 -1.477798e+01 -9.103088e+00 -1.447324e+00 -6.762526e+00 -8.403996e+00 -4.164793e+00 -4.143116e-01 -7.525969e+00 -2.240740e+00 1.330072e-01 -5.812494e-01 -5.643946e-03 -5.527573e-01 -4.635641e-01 3.326513e-01 3.190515e-01 1.364605e-01 -1.358759e-01 1.012785e-01 -4.640876e-01 -1.260634e-01 1.147781e-02
<VARIANCE> 25
 1.017007e+01 3.278202e+01 2.658347e+01 2.926357e+01 3.363228e+01 3.049819e+01 4.522411e+01 2.822295e+01 3.794074e+01 3.174504e+01 2.564196e+01 3.090952e+01 7.703965e-01 2.279809e+00 1.547618e+00 2.877205e+00 2.651084e+00 2.121412e+00 3.264797e+00 2.281986e+00 2.362951e+00 2.541005e+00 2.296976e+00 2.069920e+00 1.182655e-03
<GCONST> 8.867049e+01
<MIXTURE> 82 8.213053e-03
<MEAN> 25
 -9.648784e+00 -3.517866e+00 1.719418e+00 -3.133232e+00 2.660216e+00 4.768877e-01 1.829150e+00 1.115760e+00 3.547780e+00 2.059591e+00 2.111604e+00 3.479780e+00 -1.328933e+00 -5.731814e-02 4.331668e-01 -2.567867e+00 -1.160413e+00 -1.148195e+00 -9.844772e-01 -8.813828e-01 -3.563789e-01 -5.039043e-01 -3.385983e-01 -2.528382e-02 1.713070e-01
<VARIANCE> 25
 1.826257e+01 2.535990e+01 3.039639e+01 2.944785e+01 3.388123e+01 3.078648e+01 3.021736e+01 3.133361e+01 3.334813e+01 2.510600e+01 3.073945e+01 1.883671e+01 3.519675e+00 2.916106e+00 3.385130e+00 3.085490e+00 3.378841e+00 3.272571e+00 2.777984e+00 2.829753e+00 2.651160e+00 2.347185e+00 2.307319e+00 1.811732e+00 3.899832e-03
<GCONST> 9.262791e+01
<MIXTURE> 83 1.167529e-02
<MEAN> 25
 -2.004081e+01 5.504238e+00 -1.789702e+00 -4.051103e-01 7.829639e+00 -1.234488e+00 5.460100e+00 3.044532e+00 1.192393e+00 2.190908e+00 7.244872e-01 2.881716e+00 -2.631321e-02 -4.501706e-01 4.872012e-03 -3.655977e-01 -4.974648e-01 -1.258521e-01 -1.343577e-01 -9.942717e-02 -4.144356e-02 -3.920248e-02 -3.058213e-02 -3.465528e-02 4.403248e-03
<VARIANCE> 25
 8.819281e+00 1.645402e+01 2.851271e+01 2.248555e+01 2.127508e+01 2.407955e+01 2.202746e+01 2.336420e+01 2.042958e+01 2.221887e+01 2.319599e+01 1.448780e+01 1.060910e+00 9.362046e-01 1.240790e+00 1.065688e+00 1.359398e+00 1.291389e+00 1.283447e+00 1.388157e+00 1.349015e+00 1.310737e+00 1.220778e+00 1.071650e+00 8.923843e-04
<GCONST> 7.703519e+01
<MIXTURE> 84 1.066614e-02
<MEAN> 25
 1.174404e+00 9.004929e+00 7.226792e+00 7.987173e+00 2.817122e+00 -9.351419e-01 -1.507100e+00 -4.457338e+00 -4.103500e+00 -2.906918e+00 -2.398635e+00 -1.573441e+00 -1.781913e+00 -1.179865e+00 -1.207126e+00 1.285779e+00 2.254631e+00 1.505747e+00 1.450120e+00 1.284000e+00 1.170112e+00 4.029920e-01 4.201615e-01 4.242572e-01 -7.163692e-02
<VARIANCE> 25
 2.343032e+01 1.829343e+01 2.164775e+01 2.404567e+01 2.920188e+01 2.830727e+01 2.799156e+01 2.664644e+01 2.529936e+01 2.518394e+01 2.360287e+01 2.470722e+01 2.105172e+00 2.543031e+00 3.837780e+00 3.296079e+00 3.269328e+00 3.372484e+00 3.284918e+00 3.407507e+00 3.472248e+00 3.244380e+00 3.585377e+00 2.797208e+00 3.518377e-03
<GCONST> 9.252811e+01
<MIXTURE> 85 7.591393e-03
<MEAN> 25
 -3.081755e+00 7.884697e+00 5.756351e+00 1.264749e+00 -3.515844e+00 -5.284851e+00 -2.972502e+00 -6.130596e+00 -3.499149e+00 -3.148167e+00 -5.142713e-01 -1.846526e+00 3.931326e+00 2.925968e-01 1.783663e+00 -2.079441e+00 -3.406410e+00 -2.566357e+00 -2.871355e+00 -2.321545e+00 -2.282099e+00 -1.253370e+00 -2.276742e+00 -6.186668e-01 9.775068e-03
<VARIANCE> 25
 4.224714e+01 2.321343e+01 3.624808e+01 3.793362e+01 3.944500e+01 4.100615e+01 3.194815e+01 2.769196e+01 2.661959e+01 2.603205e+01 2.614208e+01 2.065432e+01 2.696577e+00 4.403453e+00 4.101227e+00 5.149887e+00 4.373972e+00 3.874302e+00 3.838171e+00 3.996088e+00 3.928139e+00 4.015203e+00 3.979734e+00 3.455640e+00 5.427972e-03
<GCONST> 9.831602e+01
<MIXTURE> 86 1.273941e-02
<MEAN> 25
 -3.932322e+00 7.762557e-01 -7.318423e-01 5.717958e+00 4.959671e+00 4.220730e+00 5.649166e+00 4.720445e+00 4.675080e+00 2.189650e+00 4.619549e+00 2.397465e+00 2.867845e-02 2.624183e-02 -5.973216e-02 -1.075501e-01 9.862050e-03 -1.247442e-01 -2.216357e-01 -2.700664e-01 -3.813376e-01 -2.882718e-01 -3.153410e-01 -2.531246e-01 -2.937748e-03
<VARIANCE> 25
 6.360382e+00 7.847883e+00 7.412709e+00 9.028997e+00 1.495922e+01 1.071005e+01 1.312084e+01 1.136449e+01 1.068486e+01 1.495929e+01 1.386594e+01 1.106183e+01 1.026815e-01 1.582364e-01 2.658276e-01 5.293937e-01 5.966316e-01 7.048100e-01 7.357140e-01 7.574672e-01 8.774658e-01 1.012139e+00 9.686324e-01 7.717031e-01 7.322521e-05
<GCONST> 5.678586e+01
<MIXTURE> 87 1.100681e-02
<MEAN> 25
 -3.256383e+00 4.557506e+00 3.455331e+00 6.979097e+00 5.576270e+00 9.329383e-01 1.740019e+00 -8.104759e-01 -4.038115e-01 -8.950896e-01 -7.518917e-01 -6.678563e-02 -2.153868e+00 -2.721968e+00 -2.022940e+00 -2.270890e+00 -1.213576e-01 -2.230668e-01 5.253117e-01 1.280781e+00 1.412219e+00 1.036436e+00 9.578117e-01 1.001921e+00 1.041436e-01
<VARIANCE> 25
 3.733453e+01 2.887974e+01 2.758599e+01 3.304330e+01 2.807291e+01 3.128852e+01 2.795219e+01 2.750437e+01 2.680816e+01 2.417120e+01 2.432489e+01 2.312107e+01 3.777890e+00 2.830496e+00 4.092628e+00 3.666808e+00 4.982670e+00 4.286581e+00 4.389683e+00 3.824178e+00 3.461022e+00 3.310370e+00 3.315330e+00 2.670964e+00 4.859940e-03
<GCONST> 9.622719e+01
<MIXTURE> 88 1.256585e-02
<MEAN> 25
 -3.614197e+00 8.316328e-02 -1.801728e+00 5.071778e+00 4.515647e+00 3.113256e+00 4.436159e+00 2.805373e+00 3.765799e+00 2.011351e+00 2.450263e+00 2.439540e+00 5.172831e-03 1.565834e-01 1.581123e-01 2.605543e-01 3.275596e-01 1.686255e-01 -9.375047e-02 -1.175995e-01 -1.186739e-01 -2.204377e-01 9.744036e-02 1.115338e-01 -4.673326e-03
<VARIANCE> 25
 8.392551e+00 1.155103e+01 1.534461e+01 1.409861e+01 1.784435e+01 2.457777e+01 1.656751e+01 1.749275e+01 1.569697e+01 1.584419e+01 1.771731e+01 1.473809e+01 1.115557e+00 1.264151e+00 1.833629e+00 2.122627e+00 2.538620e+00 2.251016e+00 2.266338e+00 2.164977e+00 2.417905e+00 2.533815e+00 2.200475e+00 1.840116e+00 1.315681e-03
<GCONST> 8.034590e+01
<MIXTURE> 89 9.333527e-03
<MEAN> 25
 6.051243e+00 -6.420164e+00 -3.399586e+00 -2.682489e+00 -1.559222e+00 -4.809422e+00 -6.061916e+00 3.318230e+00 3.500361e+00 -2.933454e+00 -6.314426e+00 -3.354130e+00 -6.020356e-01 2.302596e-01 2.061108e+00 8.828967e-01 -1.916501e+00 -1.679549e+00 9.014835e-01 1.175889e+00 -1.015833e+00 -1.163293e+00 6.579944e-01 1.520681e+00 -5.483674e-03
<VARIANCE> 25
 8.262009e+00 2.670311e+01 2.847131e+01 3.065495e+01 3.259327e+01 4.208218e+01 5.370606e+01 4.226603e+01 3.546021e+01 3.931905e+01 3.268528e+01 2.892884e+01 3.814843e-01 9.150872e-01 1.362777e+00 1.190595e+00 1.759354e+00 1.917399e+00 2.449461e+00 1.927840e+00 2.718619e+00 2.083680e+00 2.923078e+00 1.349344e+00 3.383651e-04
<GCONST> 8.447306e+01
<MIXTURE> 90 7.114505e-03
<MEAN> 25
 2.448946e+00 -9.722319e+00 -4.758733e+00 -3.978412e+00 -3.377752e+00 -1.807535e+00 3.361487e+00 1.178080e+00 -7.527372e+00 -1.020374e+01 -3.431243e+00 -7.415816e-01 -1.632989e-01 9.085272e-01 1.168013e+00 -8.525824e-01 -1.611687e+00 -2.121790e-01 6.443788e-01 -2.099879e-01 -1.683012e-01 7.378231e-01 1.820544e-01 -5.501552e-01 -1.115173e-02
<VARIANCE> 25
 8.486692e+00 1.779406e+01 1.980634e+01 2.800384e+01 3.684123e+01 3.218990e+01 3.854200e+01 3.638749e+01 3.524551e+01 2.786671e+01 2.698187e+01 2.612317e+01 2.237160e-01 6.133875e-01 7.877153e-01 1.043785e+00 1.471030e+00 1.590610e+00 1.780455e+00 1.655593e+00 1.809307e+00 1.679313e+00 1.495682e+00 1.308242e+00 2.148233e-04
<GCONST> 7.814074e+01
<MIXTURE> 91 7.852945e-03
<MEAN> 25
 5.704477e+00 -7.477937e+00 -8.442732e+00 -5.270107e+00 3.586501e+00 3.273020e-01 -2.581586e+00 -6.405504e-01 -4.491575e-01 4.265090e-01 -5.002087e+00 -4.385367e+00 1.480624e-01 1.050021e+00 2.730396e-01 3.648096e-01 -2.862442e-02 -6.473401e-01 -3.024286e-01 -1.138284e-01 2.068938e-01 4.251972e-01 -1.431531e-01 1.689276e-01 -3.639593e-02
<VARIANCE> 25
 8.341476e+00 2.040328e+01 1.452287e+01 3.010015e+01 2.608870e+01 4.357907e+01 4.188923e+01 3.338486e+01 4.340339e+01 7.076839e+01 3.134769e+01 3.182046e+01 4.760377e-01 9.276601e-01 9.964488e-01 1.156624e+00 2.031646e+00 2.021954e+00 1.992250e+00 2.072559e+00 1.894903e+00 2.213041e+00 2.062657e+00 1.505270e+00 5.512447e-04
<GCONST> 8.359725e+01
<MIXTURE> 92 7.852945e-03
<MEAN> 25
 5.704477e+00 -7.477937e+00 -8.442732e+00 -5.270107e+00 3.586501e+00 3.273020e-01 -2.581586e+00 -6.405504e-01 -4.491575e-01 4.265090e-01 -5.002087e+00 -4.385367e+00 1.480624e-01 1.050021e+00 2.730396e-01 3.648096e-01 -2.862442e-02 -6.473401e-01 -3.024286e-01 -1.138284e-01 2.068938e-01 4.251972e-01 -1.431531e-01 1.689276e-01 -3.639593e-02
<VARIANCE> 25
 8.341476e+00 2.040328e+01 1.452287e+01 3.010015e+01 2.608870e+01 4.357907e+01 4.188923e+01 3.338486e+01 4.340339e+01 7.076839e+01 3.134769e+01 3.182046e+01 4.760377e-01 9.276601e-01 9.964488e-01 1.156624e+00 2.031646e+00 2.021954e+00 1.992250e+00 2.072559e+00 1.894903e+00 2.213041e+00 2.062657e+00 1.505270e+00 5.512447e-04
<GCONST> 8.359725e+01
<MIXTURE> 93 6.122769e-03
<MEAN> 25
 -6.778020e+00 -9.106195e-01 -2.382675e+00 5.798700e+00 5.901660e+00 3.890192e+00 6.142002e+00 3.590561e+00 4.100144e+00 2.474907e+00 1.784846e+00 3.653821e+00 -6.669167e-02 -1.540194e-01 -2.479250e-01 -3.396817e-01 -3.366280e-01 -2.807062e-01 -2.261023e-01 -1.644863e-01 -1.544725e-01 -1.633142e-01 -1.083984e-01 -3.873160e-02 5.915718e-06
<VARIANCE> 25
 9.218849e+00 6.213556e+00 8.140851e+00 1.125362e+01 1.140232e+01 1.592425e+01 1.519460e+01 1.630887e+01 1.464289e+01 1.454316e+01 1.676433e+01 1.361162e+01 8.490590e-02 1.524979e-01 2.708972e-01 3.846998e-01 4.940566e-01 6.400206e-01 7.809625e-01 8.895735e-01 9.248978e-01 8.886058e-01 8.879945e-01 9.141738e-01 1.010000e-06
<GCONST> 5.368405e+01
<MIXTURE> 94 6.122769e-03
<MEAN> 25
 -6.778020e+00 -9.106195e-01 -2.382675e+00 5.798700e+00 5.901660e+00 3.890192e+00 6.142002e+00 3.590561e+00 4.100144e+00 2.474907e+00 1.784846e+00 3.653821e+00 -6.669167e-02 -1.540194e-01 -2.479250e-01 -3.396817e-01 -3.366280e-01 -2.807062e-01 -2.261023e-01 -1.644863e-01 -1.544725e-01 -1.633142e-01 -1.083984e-01 -3.873160e-02 5.915718e-06
<VARIANCE> 25
 9.218849e+00 6.213556e+00 8.140851e+00 1.125362e+01 1.140232e+01 1.592425e+01 1.519460e+01 1.630887e+01 1.464289e+01 1.454316e+01 1.676433e+01 1.361162e+01 8.490590e-02 1.524979e-01 2.708972e-01 3.846998e-01 4.940566e-01 6.400206e-01 7.809625e-01 8.895735e-01 9.248978e-01 8.886058e-01 8.879945e-01 9.141738e-01 1.010000e-06
<GCONST> 5.368405e+01
<MIXTURE> 95 5.258835e-03
<MEAN> 25
 -4.404751e+00 1.247868e+00 -1.793716e+00 4.829401e+00 4.766006e+00 2.417830e+00 4.188502e+00 2.023184e+00 1.871292e+00 1.788823e-01 1.045870e+00 1.359003e+00 8.124159e-02 2.286482e-01 5.980162e-02 5.424901e-02 -2.314548e-01 -8.103798e-01 -1.164691e+00 -1.269199e+00 -1.217822e+00 -1.129732e+00 -6.665555e-01 -4.523227e-01 -4.304107e-03
<VARIANCE> 25
 9.609241e+00 9.932171e+00 8.731773e+00 9.472061e+00 1.196083e+01 1.331345e+01 1.439076e+01 1.449315e+01 1.201996e+01 1.326912e+01 1.532403e+01 1.368167e+01 1.810497e-01 2.665011e-01 3.775603e-01 4.939436e-01 8.078830e-01 8.982013e-01 1.103874e+00 1.037572e+00 7.856797e-01 1.019738e+00 9.237545e-01 1.049404e+00 7.452411e-05
<GCONST> 6.109606e+01
<MIXTURE> 96 7.034694e-03
<MEAN> 25
 -4.754355e+00 1.607103e-01 -2.113605e+00 5.272746e+00 3.931825e+00 1.695396e+00 3.775062e+00 1.925482e+00 2.430181e+00 7.628759e-01 1.437545e+00 2.652352e+00 -5.059773e-02 6.518091e-02 2.236887e-01 3.849894e-01 5.207762e-01 5.274656e-01 2.917269e-01 -1.012201e-01 -4.614192e-01 -7.035530e-01 -6.810886e-01 -3.684531e-01 -7.084305e-05
<VARIANCE> 25
 1.128029e+01 1.249184e+01 1.218646e+01 1.314194e+01 1.416363e+01 1.804846e+01 1.811847e+01 1.794837e+01 1.754847e+01 1.617266e+01 1.981899e+01 1.377043e+01 1.273060e-01 2.103198e-01 2.992206e-01 3.832514e-01 4.613477e-01 7.188929e-01 1.009206e+00 9.521966e-01 9.184295e-01 8.718286e-01 8.922580e-01 9.627846e-01 1.315864e-06
<GCONST> 5.771223e+01
<MIXTURE> 97 7.034694e-03
<MEAN> 25
 -4.754355e+00 1.607103e-01 -2.113605e+00 5.272746e+00 3.931825e+00 1.695396e+00 3.775062e+00 1.925482e+00 2.430181e+00 7.628759e-01 1.437545e+00 2.652352e+00 -5.059773e-02 6.518091e-02 2.236887e-01 3.849894e-01 5.207762e-01 5.274656e-01 2.917269e-01 -1.012201e-01 -4.614192e-01 -7.035530e-01 -6.810886e-01 -3.684531e-01 -7.084305e-05
<VARIANCE> 25
 1.128029e+01 1.249184e+01 1.218646e+01 1.314194e+01 1.416363e+01 1.804846e+01 1.811847e+01 1.794837e+01 1.754847e+01 1.617266e+01 1.981899e+01 1.377043e+01 1.273060e-01 2.103198e-01 2.992206e-01 3.832514e-01 4.613477e-01 7.188929e-01 1.009206e+00 9.521966e-01 9.184295e-01 8.718286e-01 8.922580e-01 9.627846e-01 1.315864e-06
<GCONST> 5.771223e+01
<MIXTURE> 98 9.917808e-03
<MEAN> 25
 -1.349899e+00 1.094033e+00 -2.602154e-01 4.646739e+00 3.338694e+00 2.160081e+00 3.315923e+00 1.824012e+00 1.651642e+00 7.850468e-01 8.233392e-01 1.259821e+00 -1.685932e+00 -1.350001e+00 -1.013295e+00 1.535620e-01 7.374948e-01 9.100422e-01 1.221245e+00 1.319400e+00 1.681147e+00 1.108766e+00 1.384127e+00 9.151785e-01 -3.568613e-02
<VARIANCE> 25
 1.354365e+01 1.867579e+01 3.069158e+01 3.070149e+01 4.175862e+01 3.754065e+01 3.045721e+01 2.737307e+01 2.612095e+01 2.847696e+01 2.540406e+01 2.335608e+01 1.436890e+00 1.629624e+00 2.245415e+00 2.334943e+00 2.986313e+00 2.906402e+00 2.734463e+00 2.788936e+00 2.442437e+00 2.909992e+00 2.630885e+00 2.034068e+00 2.274453e-03
<GCONST> 8.966195e+01
<MIXTURE> 99 6.696178e-03
<MEAN> 25
 -6.258324e+00 9.782259e+00 6.501274e+00 3.550609e+00 1.024887e+00 -5.203259e+00 -1.794695e+00 -4.085681e+00 -3.264470e+00 -3.735619e+00 -1.602792e+00 2.199178e-01 5.394954e-01 -7.284817e-01 3.157811e-01 -3.613375e-01 -1.122182e+00 -4.979424e-01 -3.445596e-01 -2.059789e-01 -6.836164e-02 -2.248124e-02 2.069547e-01 1.507053e-01 1.061232e-02
<VARIANCE> 25
 3.517155e+01 2.518147e+01 4.803398e+01 3.085921e+01 3.615367e+01 3.420926e+01 2.673387e+01 2.913628e+01 2.699979e+01 2.824927e+01 2.062413e+01 2.860897e+01 2.117633e+00 1.816331e+00 1.389176e+00 1.763767e+00 2.569199e+00 2.080682e+00 1.548784e+00 1.633975e+00 1.622926e+00 1.564889e+00 1.383981e+00 1.247510e+00 1.520971e-03
<GCONST> 8.666770e+01
<MIXTURE> 100 4.498084e-03
<MEAN> 25
 -1.508607e+00 6.371200e+00 1.025220e+01 -7.225757e+00 -1.063149e+01 -4.952457e+00 -4.860911e+00 -9.900474e+00 -4.552208e+00 -7.957239e-01 -2.803006e+00 -2.500914e+00 2.916683e+00 -1.334407e+00 1.418621e+00 -2.146917e+00 -3.395778e+00 -7.929366e-01 -1.226211e+00 -7.905306e-01 -1.623044e+00 3.360030e-01 -1.574336e+00 -3.093335e-01 4.450652e-03
<VARIANCE> 25
 1.341155e+01 2.040137e+01 2.175259e+01 2.708751e+01 2.286611e+01 2.333348e+01 2.831764e+01 2.111148e+01 2.736398e+01 2.198184e+01 2.182007e+01 2.179934e+01 1.739805e+00 3.973238e+00 3.213552e+00 4.182970e+00 4.057990e+00 4.387225e+00 3.881495e+00 4.218124e+00 4.628046e+00 3.767115e+00 3.960255e+00 3.131140e+00 1.781263e-03
<GCONST> 9.242692e+01
<MIXTURE> 101 6.007792e-03
<MEAN> 25
 7.705116e+00 -4.316682e+00 -6.231765e+00 -6.845482e+00 8.145823e-01 -1.214201e+00 -1.033414e+01 -1.885916e+00 9.512346e-01 2.799886e+00 -2.565089e+00 -4.855777e+00 6.525158e-01 6.461675e-01 -1.523330e+00 -1.411475e+00 1.129004e+00 2.325643e+00 2.224651e-01 -1.434571e+00 -1.171946e+00 1.071344e+00 1.257089e+00 -4.986815e-01 -4.174801e-03
<VARIANCE> 25
 9.957792e+00 2.223782e+01 2.751992e+01 3.917968e+01 3.337797e+01 3.311244e+01 3.458538e+01 3.393566e+01 3.928473e+01 4.032353e+01 4.768832e+01 2.296984e+01 2.782299e-01 6.279576e-01 1.131348e+00 1.810949e+00 1.673872e+00 1.957613e+00 1.990102e+00 1.863341e+00 2.288339e+00 2.039430e+00 1.785411e+00 1.854941e+00 3.219251e-04
<GCONST> 8.293939e+01
<MIXTURE> 102 6.007792e-03
<MEAN> 25
 7.705116e+00 -4.316682e+00 -6.231765e+00 -6.845482e+00 8.145823e-01 -1.214201e+00 -1.033414e+01 -1.885916e+00 9.512346e-01 2.799886e+00 -2.565089e+00 -4.855777e+00 6.525158e-01 6.461675e-01 -1.523330e+00 -1.411475e+00 1.129004e+00 2.325643e+00 2.224651e-01 -1.434571e+00 -1.171946e+00 1.071344e+00 1.257089e+00 -4.986815e-01 -4.174801e-03
<VARIANCE> 25
 9.957792e+00 2.223782e+01 2.751992e+01 3.917968e+01 3.337797e+01 3.311244e+01 3.458538e+01 3.393566e+01 3.928473e+01 4.032353e+01 4.768832e+01 2.296984e+01 2.782299e-01 6.279576e-01 1.131348e+00 1.810949e+00 1.673872e+00 1.957613e+00 1.990102e+00 1.863341e+00 2.288339e+00 2.039430e+00 1.785411e+00 1.854941e+00 3.219251e-04
<GCONST> 8.293939e+01
<MIXTURE> 103 5.694618e-03
<MEAN> 25
 3.366426e+00 -9.495911e+00 -6.141972e+00 -3.160641e+00 -1.289996e+00 -1.926273e+00 2.326449e+00 2.441406e+00 -4.586627e+00 -9.119029e+00 -5.050966e+00 3.472672e-01 -1.486577e-01 -1.484948e+00 -9.866573e-01 3.620761e-01 1.210546e+00 1.030248e+00 1.454666e-01 -2.606654e-01 -7.831147e-01 -9.233689e-01 -5.538886e-02 9.908308e-02 2.702321e-02
<VARIANCE> 25
 1.019255e+01 2.035064e+01 2.285164e+01 3.158041e+01 4.792617e+01 3.499196e+01 4.677654e+01 3.690181e+01 4.174550e+01 3.026065e+01 2.968944e+01 2.609205e+01 6.435950e-01 1.265970e+00 1.566104e+00 1.933913e+00 2.984666e+00 2.401517e+00 2.868278e+00 2.561270e+00 2.552647e+00 2.528558e+00 2.104138e+00 2.023706e+00 8.148878e-04
<GCONST> 8.760381e+01
<MIXTURE> 104 5.694618e-03
<MEAN> 25
 3.366426e+00 -9.495911e+00 -6.141972e+00 -3.160641e+00 -1.289996e+00 -1.926273e+00 2.326449e+00 2.441406e+00 -4.586627e+00 -9.119029e+00 -5.050966e+00 3.472672e-01 -1.486577e-01 -1.484948e+00 -9.866573e-01 3.620761e-01 1.210546e+00 1.030248e+00 1.454666e-01 -2.606654e-01 -7.831147e-01 -9.233689e-01 -5.538886e-02 9.908308e-02 2.702321e-02
<VARIANCE> 25
 1.019255e+01 2.035064e+01 2.285164e+01 3.158041e+01 4.792617e+01 3.499196e+01 4.677654e+01 3.690181e+01 4.174550e+01 3.026065e+01 2.968944e+01 2.609205e+01 6.435950e-01 1.265970e+00 1.566104e+00 1.933913e+00 2.984666e+00 2.401517e+00 2.868278e+00 2.561270e+00 2.552647e+00 2.528558e+00 2.104138e+00 2.023706e+00 8.148878e-04
<GCONST> 8.760381e+01
<MIXTURE> 105 4.710235e-03
<MEAN> 25
 2.282080e+00 -2.342139e+00 9.990239e+00 -3.464439e+00 -1.192110e+01 -5.141202e+00 -4.441951e+00 -4.017112e-01 -4.539559e+00 -2.419473e+00 1.629477e+00 -3.862050e-01 2.756310e-02 -4.670754e-02 2.466546e-02 -7.436176e-02 1.784811e-02 1.993715e-02 -1.793190e-02 1.058151e-01 2.537868e-02 5.413096e-02 1.110976e-01 -4.265243e-02 -1.026273e-03
<VARIANCE> 25
 1.178474e+01 3.264816e+01 3.907452e+01 4.277786e+01 3.356281e+01 4.685960e+01 3.634310e+01 4.050890e+01 3.779893e+01 4.037450e+01 3.687523e+01 3.066383e+01 7.599313e-02 2.534951e-01 3.790056e-01 2.939539e-01 3.400510e-01 4.119056e-01 4.116116e-01 4.549717e-01 5.177786e-01 4.351241e-01 4.367858e-01 3.582672e-01 8.803967e-05
<GCONST> 6.586948e+01
<MIXTURE> 106 4.710235e-03
<MEAN> 25
 2.282080e+00 -2.342139e+00 9.990239e+00 -3.464439e+00 -1.192110e+01 -5.141202e+00 -4.441951e+00 -4.017112e-01 -4.539559e+00 -2.419473e+00 1.629477e+00 -3.862050e-01 2.756310e-02 -4.670754e-02 2.466546e-02 -7.436176e-02 1.784811e-02 1.993715e-02 -1.793190e-02 1.058151e-01 2.537868e-02 5.413096e-02 1.110976e-01 -4.265243e-02 -1.026273e-03
<VARIANCE> 25
 1.178474e+01 3.264816e+01 3.907452e+01 4.277786e+01 3.356281e+01 4.685960e+01 3.634310e+01 4.050890e+01 3.779893e+01 4.037450e+01 3.687523e+01 3.066383e+01 7.599313e-02 2.534951e-01 3.790056e-01 2.939539e-01 3.400510e-01 4.119056e-01 4.116116e-01 4.549717e-01 5.177786e-01 4.351241e-01 4.367858e-01 3.582672e-01 8.803967e-05
<GCONST> 6.586948e+01
<MIXTURE> 107 5.452374e-03
<MEAN> 25
 8.117660e+00 -3.023709e+00 -8.021796e+00 -9.455520e+00 2.134342e+00 3.503076e+00 -8.345254e+00 -4.535664e+00 -8.754352e-01 3.274284e+00 2.371274e-01 -4.868549e+00 -5.272752e-01 -8.432921e-01 9.259697e-01 1.625736e+00 3.229287e-02 -1.880327e+00 -9.651849e-01 9.436029e-01 1.707456e+00 1.271823e-01 -1.678343e+00 -8.259116e-01 -1.968086e-03
<VARIANCE> 25
 1.076302e+01 2.310212e+01 2.578661e+01 3.888840e+01 3.272115e+01 3.782603e+01 4.713717e+01 3.352057e+01 4.156434e+01 3.819666e+01 5.035130e+01 2.810417e+01 3.989513e-01 9.931192e-01 1.419221e+00 2.375344e+00 2.515514e+00 2.758006e+00 2.404288e+00 2.415272e+00 2.121861e+00 2.854632e+00 1.782076e+00 2.082633e+00 6.535447e-04
<GCONST> 8.724972e+01
<MIXTURE> 108 5.452374e-03
<MEAN> 25
 8.117660e+00 -3.023709e+00 -8.021796e+00 -9.455520e+00 2.134342e+00 3.503076e+00 -8.345254e+00 -4.535664e+00 -8.754352e-01 3.274284e+00 2.371274e-01 -4.868549e+00 -5.272752e-01 -8.432921e-01 9.259697e-01 1.625736e+00 3.229287e-02 -1.880327e+00 -9.651849e-01 9.436029e-01 1.707456e+00 1.271823e-01 -1.678343e+00 -8.259116e-01 -1.968086e-03
<VARIANCE> 25
 1.076302e+01 2.310212e+01 2.578661e+01 3.888840e+01 3.272115e+01 3.782603e+01 4.713717e+01 3.352057e+01 4.156434e+01 3.819666e+01 5.035130e+01 2.810417e+01 3.989513e-01 9.931192e-01 1.419221e+00 2.375344e+00 2.515514e+00 2.758006e+00 2.404288e+00 2.415272e+00 2.121861e+00 2.854632e+00 1.782076e+00 2.082633e+00 6.535447e-04
<GCONST> 8.724972e+01
<MIXTURE> 109 6.661064e-03
<MEAN> 25
 4.066921e+00 -1.052274e+01 -8.312065e+00 -1.428685e+00 2.747148e+00 7.439750e-02 -1.719865e-01 1.360073e+00 -2.650394e+00 -8.062678e+00 -5.341447e+00 -2.600632e-02 -2.842066e-02 -1.091238e-01 -4.882282e-02 2.611430e-01 2.023349e-01 1.237974e-01 -9.345172e-02 -1.263769e-01 -4.355152e-02 -8.473335e-02 2.066824e-01 1.080358e-02 -3.584551e-03
<VARIANCE> 25
 8.922302e+00 1.805368e+01 1.951437e+01 3.091780e+01 3.987315e+01 3.652252e+01 4.635442e+01 3.397709e+01 4.575010e+01 3.821215e+01 2.898738e+01 2.780381e+01 1.900010e-01 4.415785e-01 5.509474e-01 6.254254e-01 1.210005e+00 9.864026e-01 1.287469e+00 1.110123e+00 1.106365e+00 1.039537e+00 8.832850e-01 8.803176e-01 1.792627e-04
<GCONST> 7.448747e+01
<MIXTURE> 110 6.661064e-03
<MEAN> 25
 4.066921e+00 -1.052274e+01 -8.312065e+00 -1.428685e+00 2.747148e+00 7.439750e-02 -1.719865e-01 1.360073e+00 -2.650394e+00 -8.062678e+00 -5.341447e+00 -2.600632e-02 -2.842066e-02 -1.091238e-01 -4.882282e-02 2.611430e-01 2.023349e-01 1.237974e-01 -9.345172e-02 -1.263769e-01 -4.355152e-02 -8.473335e-02 2.066824e-01 1.080358e-02 -3.584551e-03
<VARIANCE> 25
 8.922302e+00 1.805368e+01 1.951437e+01 3.091780e+01 3.987315e+01 3.652252e+01 4.635442e+01 3.397709e+01 4.575010e+01 3.821215e+01 2.898738e+01 2.780381e+01 1.900010e-01 4.415785e-01 5.509474e-01 6.254254e-01 1.210005e+00 9.864026e-01 1.287469e+00 1.110123e+00 1.106365e+00 1.039537e+00 8.832850e-01 8.803176e-01 1.792627e-04
<GCONST> 7.448747e+01
<MIXTURE> 111 4.337247e-03
<MEAN> 25
 -4.170841e+00 9.304771e-02 -1.408021e+00 1.965904e+00 1.173510e+00 1.039089e+00 2.586314e-01 6.765756e-01 4.169321e-01 -1.459462e+00 -6.763750e-01 1.481569e+00 -1.376098e-02 1.001932e-02 -6.475445e-02 -9.171632e-02 1.846016e-02 5.967874e-02 1.385685e-02 -9.028035e-02 -1.555535e-01 -2.826695e-01 -1.777904e-01 -9.740449e-02 -4.855405e-05
<VARIANCE> 25
 6.131540e+00 7.592159e+00 9.604952e+00 8.581390e+00 1.190501e+01 2.061289e+01 1.343553e+01 1.212299e+01 1.116191e+01 1.403630e+01 1.253452e+01 1.121698e+01 1.037117e-01 1.798206e-01 2.516351e-01 3.703462e-01 5.137409e-01 6.601837e-01 7.612568e-01 8.638664e-01 1.019721e+00 8.507838e-01 1.262235e+00 8.087108e-01 2.673723e-05
<GCONST> 5.628894e+01
<MIXTURE> 112 4.337247e-03
<MEAN> 25
 -4.170841e+00 9.304771e-02 -1.408021e+00 1.965904e+00 1.173510e+00 1.039089e+00 2.586314e-01 6.765756e-01 4.169321e-01 -1.459462e+00 -6.763750e-01 1.481569e+00 -1.376098e-02 1.001932e-02 -6.475445e-02 -9.171632e-02 1.846016e-02 5.967874e-02 1.385685e-02 -9.028035e-02 -1.555535e-01 -2.826695e-01 -1.777904e-01 -9.740449e-02 -4.855405e-05
<VARIANCE> 25
 6.131540e+00 7.592159e+00 9.604952e+00 8.581390e+00 1.190501e+01 2.061289e+01 1.343553e+01 1.212299e+01 1.116191e+01 1.403630e+01 1.253452e+01 1.121698e+01 1.037117e-01 1.798206e-01 2.516351e-01 3.703462e-01 5.137409e-01 6.601837e-01 7.612568e-01 8.638664e-01 1.019721e+00 8.507838e-01 1.262235e+00 8.087108e-01 2.673723e-05
<GCONST> 5.628894e+01
<MIXTURE> 113 5.938666e-03
<MEAN> 25
 9.977334e+00 1.753659e+00 -8.781701e+00 -1.704609e+01 -1.033932e+00 5.659251e+00 -5.280756e+00 -1.466625e+00 -5.695789e+00 -4.925257e-01 2.986260e-01 -1.981933e-01 4.788972e-03 1.382352e-02 -5.957873e-02 -1.133392e-01 1.043958e-01 1.506584e-01 5.940063e-02 3.609364e-02 -5.685993e-02 -5.125691e-02 1.794586e-01 3.535304e-02 -1.408380e-03
<VARIANCE> 25
 8.876413e+00 1.640625e+01 2.966931e+01 3.421269e+01 5.273076e+01 3.386313e+01 3.970274e+01 3.913926e+01 3.737070e+01 4.640717e+01 3.629486e+01 2.844036e+01 1.217888e-01 3.206314e-01 3.161545e-01 6.313860e-01 6.128805e-01 6.536644e-01 7.765321e-01 8.451407e-01 9.596747e-01 9.053274e-01 7.250650e-01 7.135801e-01 1.248451e-04
<GCONST> 7.110637e+01
<MIXTURE> 114 5.938666e-03
<MEAN> 25
 9.977334e+00 1.753659e+00 -8.781701e+00 -1.704609e+01 -1.033932e+00 5.659251e+00 -5.280756e+00 -1.466625e+00 -5.695789e+00 -4.925257e-01 2.986260e-01 -1.981933e-01 4.788972e-03 1.382352e-02 -5.957873e-02 -1.133392e-01 1.043958e-01 1.506584e-01 5.940063e-02 3.609364e-02 -5.685993e-02 -5.125691e-02 1.794586e-01 3.535304e-02 -1.408380e-03
<VARIANCE> 25
 8.876413e+00 1.640625e+01 2.966931e+01 3.421269e+01 5.273076e+01 3.386313e+01 3.970274e+01 3.913926e+01 3.737070e+01 4.640717e+01 3.629486e+01 2.844036e+01 1.217888e-01 3.206314e-01 3.161545e-01 6.313860e-01 6.128805e-01 6.536644e-01 7.765321e-01 8.451407e-01 9.596747e-01 9.053274e-01 7.250650e-01 7.135801e-01 1.248451e-04
<GCONST> 7.110637e+01
<MIXTURE> 115 2.935202e-03
<MEAN> 25
 -3.920372e+00 -2.940699e-01 -2.929195e+00 3.884618e+00 2.840453e+00 -4.272669e-01 2.128007e+00 3.374583e-01 1.189984e+00 -5.439929e-01 7.336666e-02 2.525297e+00 3.902073e-04 -9.214462e-02 -1.681763e-01 -4.244740e-01 -6.330191e-01 -6.944008e-01 -6.387176e-01 -4.441144e-01 -3.856882e-01 -5.607820e-01 -4.457315e-01 -1.495137e-01 1.058532e-04
<VARIANCE> 25
 8.719120e+00 1.154736e+01 1.288509e+01 1.233484e+01 1.494003e+01 1.637105e+01 1.820912e+01 1.963071e+01 1.757133e+01 2.065313e+01 1.808806e+01 1.414048e+01 2.032688e-01 3.360857e-01 4.982132e-01 5.615382e-01 5.935829e-01 7.870255e-01 9.685683e-01 1.111820e+00 1.111792e+00 1.066212e+00 1.124387e+00 1.007186e+00 1.094414e-06
<GCONST> 6.036918e+01
<MIXTURE> 116 2.935202e-03
<MEAN> 25
 -3.920372e+00 -2.940699e-01 -2.929195e+00 3.884618e+00 2.840453e+00 -4.272669e-01 2.128007e+00 3.374583e-01 1.189984e+00 -5.439929e-01 7.336666e-02 2.525297e+00 3.902073e-04 -9.214462e-02 -1.681763e-01 -4.244740e-01 -6.330191e-01 -6.944008e-01 -6.387176e-01 -4.441144e-01 -3.856882e-01 -5.607820e-01 -4.457315e-01 -1.495137e-01 1.058532e-04
<VARIANCE> 25
 8.719120e+00 1.154736e+01 1.288509e+01 1.233484e+01 1.494003e+01 1.637105e+01 1.820912e+01 1.963071e+01 1.757133e+01 2.065313e+01 1.808806e+01 1.414048e+01 2.032688e-01 3.360857e-01 4.982132e-01 5.615382e-01 5.935829e-01 7.870255e-01 9.685683e-01 1.111820e+00 1.111792e+00 1.066212e+00 1.124387e+00 1.007186e+00 1.094414e-06
<GCONST> 6.036918e+01
<MIXTURE> 117 6.506003e-03
<MEAN> 25
 -4.628736e+00 1.142190e+00 1.046064e+00 9.732121e+00 6.247413e+00 6.220444e+00 6.463198e+00 5.023862e+00 6.358112e+00 4.895387e+00 6.326001e+00 2.682029e+00 -7.702629e-02 -2.325377e-01 -3.527120e-01 -4.231551e-01 -3.676890e-01 -2.991270e-01 -2.892719e-01 -3.250438e-01 -3.841813e-01 -3.734217e-01 -2.652739e-01 -1.169956e-01 -2.543131e-06
<VARIANCE> 25
 7.183813e+00 8.785408e+00 9.759094e+00 1.430981e+01 1.556996e+01 1.542952e+01 1.770384e+01 1.791325e+01 1.641378e+01 1.648947e+01 1.697054e+01 1.477964e+01 2.170644e-01 3.064979e-01 4.298164e-01 6.167285e-01 8.496037e-01 1.052164e+00 1.177127e+00 1.233668e+00 1.227458e+00 1.201496e+00 1.162494e+00 1.110830e+00 1.014161e-06
<GCONST> 6.046336e+01
<MIXTURE> 118 6.506003e-03
<MEAN> 25
 -4.628736e+00 1.142190e+00 1.046064e+00 9.732121e+00 6.247413e+00 6.220444e+00 6.463198e+00 5.023862e+00 6.358112e+00 4.895387e+00 6.326001e+00 2.682029e+00 -7.702629e-02 -2.325377e-01 -3.527120e-01 -4.231551e-01 -3.676890e-01 -2.991270e-01 -2.892719e-01 -3.250438e-01 -3.841813e-01 -3.734217e-01 -2.652739e-01 -1.169956e-01 -2.543131e-06
<VARIANCE> 25
 7.183813e+00 8.785408e+00 9.759094e+00 1.430981e+01 1.556996e+01 1.542952e+01 1.770384e+01 1.791325e+01 1.641378e+01 1.648947e+01 1.697054e+01 1.477964e+01 2.170644e-01 3.064979e-01 4.298164e-01 6.167285e-01 8.496037e-01 1.052164e+00 1.177127e+00 1.233668e+00 1.227458e+00 1.201496e+00 1.162494e+00 1.110830e+00 1.014161e-06
<GCONST> 6.046336e+01
<MIXTURE> 119 4.297961e-03
<MEAN> 25
 -4.973461e+00 -7.619697e+00 2.229808e+00 2.019364e+00 2.240893e+00 2.112066e-01 5.273596e+00 5.939510e+00 1.165493e+00 9.622886e-01 6.608952e+00 1.567680e+00 -4.983980e-02 -7.888035e-02 3.801787e-02 -5.653366e-02 -1.261931e-01 -1.796965e-01 -6.919766e-02 -1.402092e-02 -9.250357e-02 -1.120909e-01 -5.450215e-02 -5.874459e-02 1.112151e-03
<VARIANCE> 25
 8.495570e+00 9.966543e+00 1.654934e+01 2.016638e+01 2.284374e+01 2.319484e+01 2.497866e+01 2.646835e+01 2.501618e+01 2.807086e+01 2.040281e+01 2.039449e+01 1.603802e-01 2.825356e-01 4.601175e-01 6.334084e-01 8.034372e-01 1.003087e+00 1.099124e+00 1.276827e+00 1.285420e+00 1.246449e+00 1.192134e+00 1.111836e+00 2.314781e-04
<GCONST> 6.972598e+01
<MIXTURE> 120 4.297961e-03
<MEAN> 25
 -4.973461e+00 -7.619697e+00 2.229808e+00 2.019364e+00 2.240893e+00 2.112066e-01 5.273596e+00 5.939510e+00 1.165493e+00 9.622886e-01 6.608952e+00 1.567680e+00 -4.983980e-02 -7.888035e-02 3.801787e-02 -5.653366e-02 -1.261931e-01 -1.796965e-01 -6.919766e-02 -1.402092e-02 -9.250357e-02 -1.120909e-01 -5.450215e-02 -5.874459e-02 1.112151e-03
<VARIANCE> 25
 8.495570e+00 9.966543e+00 1.654934e+01 2.016638e+01 2.284374e+01 2.319484e+01 2.497866e+01 2.646835e+01 2.501618e+01 2.807086e+01 2.040281e+01 2.039449e+01 1.603802e-01 2.825356e-01 4.601175e-01 6.334084e-01 8.034372e-01 1.003087e+00 1.099124e+00 1.276827e+00 1.285420e+00 1.246449e+00 1.192134e+00 1.111836e+00 2.314781e-04
<GCONST> 6.972598e+01
<MIXTURE> 121 4.567511e-03
<MEAN> 25
 2.568950e-01 -2.442248e+00 5.288609e+00 -1.287020e+01 -1.266560e+01 -1.734784e+00 9.058074e-01 -5.124084e+00 -4.245806e+00 -4.604465e-01 -5.414902e+00 -4.250661e+00 3.008089e-02 1.484632e-01 -4.888412e-02 7.484504e-02 1.546118e-01 8.845701e-02 -7.842072e-02 -1.808678e-01 -2.405347e-01 -2.633271e-01 -1.191963e-01 5.832417e-03 -7.411439e-03
<VARIANCE> 25
 7.805794e+00 1.583349e+01 1.825174e+01 2.015421e+01 2.407117e+01 2.917794e+01 2.964852e+01 2.424472e+01 3.492746e+01 2.798048e+01 2.001519e+01 2.114313e+01 1.555166e-01 6.518689e-01 6.194143e-01 6.985375e-01 7.627425e-01 1.141324e+00 1.102935e+00 1.119203e+00 1.251188e+00 1.182740e+00 9.297016e-01 8.610586e-01 2.084253e-04
<GCONST> 7.137502e+01
<MIXTURE> 122 4.567511e-03
<MEAN> 25
 2.568950e-01 -2.442248e+00 5.288609e+00 -1.287020e+01 -1.266560e+01 -1.734784e+00 9.058074e-01 -5.124084e+00 -4.245806e+00 -4.604465e-01 -5.414902e+00 -4.250661e+00 3.008089e-02 1.484632e-01 -4.888412e-02 7.484504e-02 1.546118e-01 8.845701e-02 -7.842072e-02 -1.808678e-01 -2.405347e-01 -2.633271e-01 -1.191963e-01 5.832417e-03 -7.411439e-03
<VARIANCE> 25
 7.805794e+00 1.583349e+01 1.825174e+01 2.015421e+01 2.407117e+01 2.917794e+01 2.964852e+01 2.424472e+01 3.492746e+01 2.798048e+01 2.001519e+01 2.114313e+01 1.555166e-01 6.518689e-01 6.194143e-01 6.985375e-01 7.627425e-01 1.141324e+00 1.102935e+00 1.119203e+00 1.251188e+00 1.182740e+00 9.297016e-01 8.610586e-01 2.084253e-04
<GCONST> 7.137502e+01
<MIXTURE> 123 4.393044e-03
<MEAN> 25
 -3.626880e+00 2.513710e+00 2.659177e-02 5.707204e+00 4.863660e+00 1.998801e+00 2.069088e+00 1.009259e+00 1.151125e+00 -2.320769e+00 -9.999647e-01 -3.488824e-01 -2.682329e-01 -6.342180e-01 -7.167914e-01 -3.954396e-01 -3.178987e-01 2.262325e-01 4.543650e-01 4.939891e-01 7.787605e-01 9.981067e-01 7.300668e-01 3.943586e-01 -5.955181e-04
<VARIANCE> 25
 7.168943e+00 9.084901e+00 1.060400e+01 1.297121e+01 1.463279e+01 2.301967e+01 1.943747e+01 1.611597e+01 1.536612e+01 1.882387e+01 2.238888e+01 1.863217e+01 3.002838e-01 2.841530e-01 4.763756e-01 7.039030e-01 1.100070e+00 1.061182e+00 1.138941e+00 9.437997e-01 1.168703e+00 1.369129e+00 1.567550e+00 9.125630e-01 9.416110e-05
<GCONST> 6.654531e+01
<MIXTURE> 124 4.069876e-03
<MEAN> 25
 -5.695136e+00 -2.774796e-01 -2.765098e+00 5.096017e+00 4.956470e+00 3.229835e+00 5.390232e+00 2.444314e+00 3.095968e+00 5.328258e-01 1.316186e+00 2.773992e+00 -2.255596e-01 -3.106598e-01 -3.058248e-01 -2.132951e-01 1.155452e-01 6.258820e-01 8.722885e-01 7.188981e-01 6.396288e-01 2.853102e-01 -1.427475e-04 -2.686512e-02 -1.056522e-04
<VARIANCE> 25
 1.179516e+01 9.619104e+00 9.816639e+00 1.172980e+01 1.070045e+01 1.951815e+01 1.469137e+01 1.546865e+01 1.432311e+01 1.601443e+01 1.762319e+01 1.464561e+01 1.097269e-01 1.704992e-01 2.664294e-01 4.066030e-01 5.792161e-01 7.007318e-01 7.293180e-01 7.941793e-01 1.084298e+00 9.522430e-01 1.081184e+00 1.011628e+00 1.966681e-05
<GCONST> 5.881689e+01
<MIXTURE> 125 4.069876e-03
<MEAN> 25
 -5.695136e+00 -2.774796e-01 -2.765098e+00 5.096017e+00 4.956470e+00 3.229835e+00 5.390232e+00 2.444314e+00 3.095968e+00 5.328258e-01 1.316186e+00 2.773992e+00 -2.255596e-01 -3.106598e-01 -3.058248e-01 -2.132951e-01 1.155452e-01 6.258820e-01 8.722885e-01 7.188981e-01 6.396288e-01 2.853102e-01 -1.427475e-04 -2.686512e-02 -1.056522e-04
<VARIANCE> 25
 1.179516e+01 9.619104e+00 9.816639e+00 1.172980e+01 1.070045e+01 1.951815e+01 1.469137e+01 1.546865e+01 1.432311e+01 1.601443e+01 1.762319e+01 1.464561e+01 1.097269e-01 1.704992e-01 2.664294e-01 4.066030e-01 5.792161e-01 7.007318e-01 7.293180e-01 7.941793e-01 1.084298e+00 9.522430e-01 1.081184e+00 1.011628e+00 1.966681e-05
<GCONST> 5.881689e+01
<MIXTURE> 126 2.402244e-03
<MEAN> 25
 -3.775418e+00 -6.846350e+00 -5.263155e+00 2.325896e+00 4.283188e+00 -3.197025e+00 9.207593e-02 3.542571e+00 3.341074e+00 -2.716482e+00 -1.438300e+00 3.022244e+00 -3.189218e-03 -7.236519e-03 -3.133907e-02 -1.573031e-01 -3.196339e-01 -3.881297e-01 -2.762473e-01 -1.552431e-01 -1.110376e-01 -1.195903e-01 -9.844753e-02 -3.512175e-02 -1.486470e-03
<VARIANCE> 25
 7.399256e+00 1.345554e+01 1.388504e+01 1.509987e+01 2.453580e+01 2.388472e+01 2.283667e+01 2.830184e+01 3.110334e+01 2.615224e+01 2.172633e+01 1.921985e+01 1.708186e-01 3.513864e-01 4.855586e-01 5.644918e-01 7.521251e-01 9.972270e-01 1.117697e+00 1.261149e+00 1.325865e+00 1.311226e+00 1.216545e+00 1.151311e+00 2.106712e-04
<GCONST> 6.984666e+01
<MIXTURE> 127 2.402244e-03
<MEAN> 25
 -3.775418e+00 -6.846350e+00 -5.263155e+00 2.325896e+00 4.283188e+00 -3.197025e+00 9.207593e-02 3.542571e+00 3.341074e+00 -2.716482e+00 -1.438300e+00 3.022244e+00 -3.189218e-03 -7.236519e-03 -3.133907e-02 -1.573031e-01 -3.196339e-01 -3.881297e-01 -2.762473e-01 -1.552431e-01 -1.110376e-01 -1.195903e-01 -9.844753e-02 -3.512175e-02 -1.486470e-03
<VARIANCE> 25
 7.399256e+00 1.345554e+01 1.388504e+01 1.509987e+01 2.453580e+01 2.388472e+01 2.283667e+01 2.830184e+01 3.110334e+01 2.615224e+01 2.172633e+01 1.921985e+01 1.708186e-01 3.513864e-01 4.855586e-01 5.644918e-01 7.521251e-01 9.972270e-01 1.117697e+00 1.261149e+00 1.325865e+00 1.311226e+00 1.216545e+00 1.151311e+00 2.106712e-04
<GCONST> 6.984666e+01
<MIXTURE> 128 3.790457e-03
<MEAN> 25
 -3.860393e+00 1.640194e+00 -3.855492e-01 6.563825e+00 3.672899e+00 1.853611e+00 3.623806e+00 2.398665e+00 4.000147e+00 3.538993e+00 3.722872e+00 3.452120e+00 -3.916788e-01 -1.963660e-01 9.561228e-02 7.088460e-01 1.166527e+00 1.139802e+00 7.433677e-01 1.364438e-01 -4.407570e-01 -7.797614e-01 -7.144268e-01 -4.059004e-01 -7.386128e-05
<VARIANCE> 25
 1.020925e+01 1.184281e+01 1.476369e+01 1.888430e+01 1.981665e+01 2.070935e+01 2.416120e+01 2.416553e+01 2.601790e+01 2.445419e+01 2.637760e+01 1.801959e+01 8.750875e-01 1.120282e+00 1.342921e+00 1.483742e+00 1.558058e+00 1.849280e+00 2.273629e+00 2.276086e+00 2.115940e+00 1.860996e+00 1.772282e+00 1.755279e+00 1.122567e-06
<GCONST> 7.355604e+01
<TRANSP> 3
 0.000000e+00 1.000000e+00 0.000000e+00
 0.000000e+00 9.999990e-01 9.999998e-07
 0.000000e+00 0.000000e+00 0.000000e+00
<ENDHMM>
