~o
<STREAMINFO> 1 25
<VECSIZE> 25<NULLD><MFCC_E_D_N><DIAGC>
~h "jmodel"
<BEGINHMM>
<NUMSTATES> 3
<STATE> 2
<NUMMIXES> 128
<MIXTURE> 1 5.748963e-03
<MEAN> 25
 -2.533454e+00 3.142811e+00 2.261258e+00 8.607389e+00 4.345501e+00 3.402876e+00 4.121674e+00 3.954763e+00 5.842847e+00 5.229831e+00 5.813632e+00 3.036229e+00 -1.976759e+00 -1.617346e+00 -8.334728e-01 1.091051e+00 1.553392e+00 2.228082e+00 2.160886e+00 2.054617e+00 1.661005e+00 1.278529e+00 1.604838e+00 6.196895e-01 -4.570755e-02
<VARIANCE> 25
 1.002007e+01 1.162943e+01 1.481546e+01 1.951670e+01 2.281190e+01 2.187000e+01 2.169032e+01 2.160139e+01 2.063282e+01 2.216133e+01 2.084270e+01 1.688107e+01 1.798579e+00 2.090219e+00 3.022559e+00 3.164249e+00 3.675486e+00 3.297242e+00 3.261071e+00 3.369311e+00 3.516312e+00 3.664228e+00 3.524605e+00 2.785459e+00 3.145073e-03
<GCONST> 8.827457e+01
<MIXTURE> 2 4.549242e-03
<MEAN> 25
 -4.871603e+00 1.312711e+00 9.943079e-01 9.893296e+00 6.687629e+00 7.420615e+00 7.842219e+00 6.956604e+00 8.371348e+00 6.372798e+00 7.621952e+00 3.073549e+00 -6.197406e-02 4.154370e-02 1.423445e-01 2.263487e-01 2.650096e-01 2.816051e-01 2.957855e-01 3.197448e-01 3.500941e-01 3.089626e-01 1.961940e-01 7.908484e-02 1.130512e-06
<VARIANCE> 25
 6.969366e+00 8.896894e+00 1.064388e+01 1.595596e+01 1.725223e+01 1.557409e+01 1.691807e+01 1.847651e+01 1.658063e+01 1.737362e+01 1.810579e+01 1.433265e+01 1.252070e-01 2.264769e-01 3.363028e-01 4.673696e-01 6.490319e-01 8.144572e-01 9.294084e-01 1.002496e+00 1.051198e+00 1.077061e+00 1.076334e+00 1.014508e+00 9.998295e-07
<GCONST> 5.804432e+01
<MIXTURE> 3 4.549242e-03
<MEAN> 25
 -4.871603e+00 1.312711e+00 9.943079e-01 9.893296e+00 6.687629e+00 7.420615e+00 7.842219e+00 6.956604e+00 8.371348e+00 6.372798e+00 7.621952e+00 3.073549e+00 -6.197406e-02 4.154370e-02 1.423445e-01 2.263487e-01 2.650096e-01 2.816051e-01 2.957855e-01 3.197448e-01 3.500941e-01 3.089626e-01 1.961940e-01 7.908484e-02 1.130512e-06
<VARIANCE> 25
 6.969366e+00 8.896894e+00 1.064388e+01 1.595596e+01 1.725223e+01 1.557409e+01 1.691807e+01 1.847651e+01 1.658063e+01 1.737362e+01 1.810579e+01 1.433265e+01 1.252070e-01 2.264769e-01 3.363028e-01 4.673696e-01 6.490319e-01 8.144572e-01 9.294084e-01 1.002496e+00 1.051198e+00 1.077061e+00 1.076334e+00 1.014508e+00 9.998295e-07
<GCONST> 5.804432e+01
<MIXTURE> 4 1.671429e-02
<MEAN> 25
 3.432354e+00 2.514054e+00 -3.815724e+00 8.907129e-01 4.291796e+00 -2.173770e-01 7.050733e-02 7.890617e-03 1.516778e+00 1.298115e+00 -1.905902e+00 6.224540e-02 -2.757741e+00 1.227905e+00 1.777663e+00 3.072828e+00 9.207774e-01 4.883811e-01 1.509287e+00 1.050791e+00 9.967086e-01 4.305081e-01 1.219346e+00 9.117642e-01 -1.039852e-01
<VARIANCE> 25
 2.104880e+01 2.957013e+01 2.909132e+01 3.993904e+01 4.560802e+01 6.835991e+01 6.492183e+01 5.354875e+01 5.532300e+01 6.180959e+01 4.956657e+01 3.604580e+01 2.364335e+00 5.039754e+00 3.711795e+00 4.968606e+00 4.990808e+00 6.152428e+00 6.076940e+00 5.546170e+00 5.996741e+00 6.394272e+00 6.168783e+00 4.456771e+00 6.054659e-03
<GCONST> 1.054505e+02
<MIXTURE> 5 3.206198e-03
<MEAN> 25
 -3.415809e+00 2.181319e+00 6.104620e-01 9.425545e+00 6.695694e+00 6.314794e+00 7.110862e+00 4.723034e+00 5.494894e+00 3.847375e+00 4.657282e+00 2.605864e+00 -3.247039e-01 7.528693e-01 1.224687e+00 1.032643e+00 3.077897e-01 -1.002013e-01 -8.370288e-02 3.355900e-02 4.576020e-01 6.834471e-01 4.039096e-01 8.813905e-02 -2.719656e-05
<VARIANCE> 25
 1.025272e+01 1.393991e+01 2.347996e+01 2.564255e+01 2.022262e+01 1.942507e+01 2.011618e+01 2.035424e+01 2.141924e+01 2.127997e+01 2.409705e+01 1.635750e+01 1.209819e+00 1.244060e+00 1.356912e+00 1.673120e+00 2.284246e+00 2.375663e+00 2.301151e+00 2.274686e+00 2.315438e+00 2.237942e+00 2.085181e+00 1.873604e+00 1.001749e-06
<GCONST> 7.516608e+01
<MIXTURE> 6 5.475854e-03
<MEAN> 25
 9.677823e+00 -4.405517e-01 -6.728765e+00 -1.099967e+01 -2.136235e+00 6.715168e+00 -5.880633e+00 -5.303193e+00 -3.663471e+00 1.808341e+00 4.623789e+00 -1.315721e+00 4.807720e-01 8.859264e-01 -3.520986e-01 -1.462183e+00 -6.342501e-01 1.320157e+00 1.533958e+00 2.399648e-01 -1.229101e+00 -1.216035e+00 3.209991e-01 1.221364e+00 -8.125233e-03
<VARIANCE> 25
 9.017679e+00 1.708263e+01 2.411772e+01 3.930198e+01 3.664888e+01 3.056174e+01 4.391682e+01 3.788114e+01 4.054670e+01 3.932708e+01 4.194209e+01 2.896730e+01 3.133430e-01 8.719356e-01 9.427517e-01 1.974503e+00 1.600940e+00 2.010699e+00 1.909875e+00 2.050379e+00 2.405589e+00 1.958179e+00 2.234911e+00 1.439792e+00 5.830377e-04
<GCONST> 8.388235e+01
<MIXTURE> 7 5.475854e-03
<MEAN> 25
 9.677823e+00 -4.405517e-01 -6.728765e+00 -1.099967e+01 -2.136235e+00 6.715168e+00 -5.880633e+00 -5.303193e+00 -3.663471e+00 1.808341e+00 4.623789e+00 -1.315721e+00 4.807720e-01 8.859264e-01 -3.520986e-01 -1.462183e+00 -6.342501e-01 1.320157e+00 1.533958e+00 2.399648e-01 -1.229101e+00 -1.216035e+00 3.209991e-01 1.221364e+00 -8.125233e-03
<VARIANCE> 25
 9.017679e+00 1.708263e+01 2.411772e+01 3.930198e+01 3.664888e+01 3.056174e+01 4.391682e+01 3.788114e+01 4.054670e+01 3.932708e+01 4.194209e+01 2.896730e+01 3.133430e-01 8.719356e-01 9.427517e-01 1.974503e+00 1.600940e+00 2.010699e+00 1.909875e+00 2.050379e+00 2.405589e+00 1.958179e+00 2.234911e+00 1.439792e+00 5.830377e-04
<GCONST> 8.388235e+01
<MIXTURE> 8 1.165917e-02
<MEAN> 25
 -4.707480e+00 1.351981e+00 1.299170e+00 9.536826e+00 6.555554e+00 6.251824e+00 6.478596e+00 5.681585e+00 6.624853e+00 5.617736e+00 6.565139e+00 3.135925e+00 -6.297323e-01 -1.422631e+00 -1.066724e+00 -1.720264e+00 -2.333381e-01 -9.292150e-01 -1.792009e-01 -3.067647e-01 -2.761061e-01 -1.674550e-01 -2.058851e-01 7.838070e-02 9.833246e-02
<VARIANCE> 25
 9.352681e+00 9.798642e+00 1.153885e+01 1.603224e+01 1.658301e+01 1.562091e+01 1.803448e+01 1.740436e+01 1.710579e+01 1.729111e+01 1.876244e+01 1.395383e+01 2.738830e+00 2.798330e+00 3.883822e+00 3.755216e+00 3.434886e+00 3.333711e+00 3.110489e+00 3.108709e+00 2.933228e+00 2.645513e+00 2.427837e+00 1.890718e+00 6.683094e-03
<GCONST> 8.623670e+01
<MIXTURE> 9 1.199672e-02
<MEAN> 25
 9.296937e+00 3.388304e+00 -6.205649e+00 -1.067302e+01 -2.216304e+00 4.962524e+00 -2.209244e+00 -2.301931e+00 -5.396355e+00 -1.257305e+00 5.732189e-01 -1.081397e-02 1.441390e+00 -1.294143e-01 -4.920807e-01 -2.703963e+00 -1.647691e+00 8.548893e-01 -9.722948e-01 -2.323601e-01 -1.808972e-01 -5.762399e-01 6.145785e-01 -1.555889e-01 7.337160e-02
<VARIANCE> 25
 1.225175e+01 2.145393e+01 3.356679e+01 5.348771e+01 5.016210e+01 3.233947e+01 4.317663e+01 5.215034e+01 4.205945e+01 4.157682e+01 3.612226e+01 2.691468e+01 2.087042e+00 2.450652e+00 4.571599e+00 4.874538e+00 5.009152e+00 4.094152e+00 4.235259e+00 6.043783e+00 5.036877e+00 4.078539e+00 4.014798e+00 2.818029e+00 2.212665e-03
<GCONST> 9.880294e+01
<MIXTURE> 10 6.596976e-03
<MEAN> 25
 8.210059e-01 7.634367e+00 5.375957e+00 7.148989e+00 1.587359e+00 -2.115164e+00 -5.181956e-01 -1.685375e+00 8.743564e-01 8.599326e-01 8.390179e-01 6.573990e-01 -1.924940e+00 -6.733400e-01 -4.585977e-01 3.028214e+00 2.463276e+00 2.710474e+00 2.373911e+00 2.277892e+00 1.861639e+00 1.545136e+00 2.335875e+00 5.248725e-01 -1.381432e-01
<VARIANCE> 25
 1.954187e+01 2.068566e+01 2.230444e+01 2.906123e+01 3.831321e+01 3.494081e+01 3.514595e+01 3.384125e+01 2.761283e+01 2.904954e+01 2.695905e+01 2.501452e+01 2.234845e+00 3.426175e+00 5.535602e+00 5.169560e+00 5.552354e+00 4.469520e+00 4.699816e+00 4.843578e+00 4.388601e+00 5.021101e+00 4.442219e+00 3.191094e+00 2.696751e-03
<GCONST> 9.745956e+01
<MIXTURE> 11 1.633820e-02
<MEAN> 25
 7.847672e+00 4.340771e+00 3.591642e+00 5.232299e+00 -3.278068e+00 -2.039344e+00 -2.391484e+00 -6.540803e+00 -3.570338e+00 1.309469e-01 -2.633226e+00 -2.193302e+00 -2.649474e-01 5.379790e-01 1.816257e-01 2.805761e-01 5.100996e-01 -7.514451e-02 2.502815e-01 -1.511244e-01 -1.724216e-01 -2.978074e-02 -1.457179e-01 1.662954e-01 -1.679812e-02
<VARIANCE> 25
 1.094713e+01 2.426416e+01 2.018853e+01 3.149917e+01 3.924330e+01 3.947126e+01 4.887373e+01 4.388806e+01 4.357367e+01 3.542359e+01 3.505710e+01 2.951770e+01 9.510165e-01 1.252284e+00 1.697134e+00 2.220354e+00 2.077950e+00 2.176704e+00 2.123501e+00 2.780420e+00 2.162680e+00 1.982634e+00 1.892461e+00 1.605344e+00 9.760847e-04
<GCONST> 8.770534e+01
<MIXTURE> 12 5.904134e-03
<MEAN> 25
 1.076448e+01 3.742661e+00 -4.502684e+00 -1.599218e+01 -8.695589e+00 8.642380e+00 -8.973193e-01 -1.922813e+00 -1.723737e+00 -4.886074e+00 1.774463e+00 7.151986e-01 6.765936e-02 2.935386e-01 7.958370e-02 -3.682280e-01 -3.102834e-01 2.962543e-02 3.055720e-01 4.477580e-01 1.409247e-01 -3.846250e-01 -3.855437e-01 5.392244e-02 -6.305082e-03
<VARIANCE> 25
 8.890309e+00 2.100932e+01 2.335504e+01 3.504546e+01 4.206347e+01 3.095620e+01 4.179347e+01 4.898189e+01 4.406373e+01 3.738609e+01 3.799435e+01 2.894634e+01 2.468264e-01 6.886658e-01 6.860374e-01 1.169771e+00 1.186326e+00 1.053855e+00 1.171037e+00 1.386091e+00 1.240609e+00 1.222242e+00 1.221589e+00 9.563468e-01 5.785871e-04
<GCONST> 7.892255e+01
<MIXTURE> 13 5.904134e-03
<MEAN> 25
 1.076448e+01 3.742661e+00 -4.502684e+00 -1.599218e+01 -8.695589e+00 8.642380e+00 -8.973193e-01 -1.922813e+00 -1.723737e+00 -4.886074e+00 1.774463e+00 7.151986e-01 6.765936e-02 2.935386e-01 7.958370e-02 -3.682280e-01 -3.102834e-01 2.962543e-02 3.055720e-01 4.477580e-01 1.409247e-01 -3.846250e-01 -3.855437e-01 5.392244e-02 -6.305082e-03
<VARIANCE> 25
 8.890309e+00 2.100932e+01 2.335504e+01 3.504546e+01 4.206347e+01 3.095620e+01 4.179347e+01 4.898189e+01 4.406373e+01 3.738609e+01 3.799435e+01 2.894634e+01 2.468264e-01 6.886658e-01 6.860374e-01 1.169771e+00 1.186326e+00 1.053855e+00 1.171037e+00 1.386091e+00 1.240609e+00 1.222242e+00 1.221589e+00 9.563468e-01 5.785871e-04
<GCONST> 7.892255e+01
<MIXTURE> 14 6.488954e-03
<MEAN> 25
 -4.284360e+00 -3.751935e-01 -2.959395e-01 8.854810e+00 7.472617e+00 7.342920e+00 7.831250e+00 7.297723e+00 7.210705e+00 5.205897e+00 6.833345e+00 4.076126e+00 -2.755839e-01 1.816911e-01 3.640424e-01 3.166820e-01 1.006764e-02 7.778859e-02 1.080172e-01 1.635243e-01 2.704256e-01 5.465818e-01 5.229315e-01 7.823920e-02 -9.047169e-03
<VARIANCE> 25
 9.319076e+00 1.372791e+01 1.848090e+01 1.803931e+01 2.087062e+01 1.957876e+01 2.132240e+01 2.051537e+01 2.011876e+01 2.372799e+01 2.130584e+01 1.591978e+01 9.535957e-01 1.640128e+00 1.759632e+00 1.928005e+00 2.229643e+00 2.267565e+00 2.265662e+00 2.260653e+00 2.354541e+00 2.489733e+00 2.217492e+00 1.799331e+00 1.027984e-03
<GCONST> 8.189136e+01
<MIXTURE> 15 2.475190e-03
<MEAN> 25
 -5.411512e+00 -6.389440e-01 -1.977286e-01 7.355536e+00 5.708064e+00 5.691122e+00 6.050865e+00 4.975878e+00 5.161442e+00 4.152427e+00 5.495927e+00 2.537024e+00 -1.205669e-01 -2.962264e-02 7.469290e-02 2.439160e-01 4.888693e-01 7.866631e-01 1.071741e+00 1.181601e+00 1.058050e+00 7.556887e-01 4.187940e-01 1.510506e-01 -8.550670e-05
<VARIANCE> 25
 7.045674e+00 5.613654e+00 9.022395e+00 1.286086e+01 1.411690e+01 1.431986e+01 1.494009e+01 1.488901e+01 1.408146e+01 1.416964e+01 1.510348e+01 1.249988e+01 1.248982e-01 2.059721e-01 3.195644e-01 5.026571e-01 6.991006e-01 7.930505e-01 7.626873e-01 7.913321e-01 9.088053e-01 1.022643e+00 1.071910e+00 1.042530e+00 2.796049e-05
<GCONST> 5.859820e+01
<MIXTURE> 16 2.475190e-03
<MEAN> 25
 -5.411512e+00 -6.389440e-01 -1.977286e-01 7.355536e+00 5.708064e+00 5.691122e+00 6.050865e+00 4.975878e+00 5.161442e+00 4.152427e+00 5.495927e+00 2.537024e+00 -1.205669e-01 -2.962264e-02 7.469290e-02 2.439160e-01 4.888693e-01 7.866631e-01 1.071741e+00 1.181601e+00 1.058050e+00 7.556887e-01 4.187940e-01 1.510506e-01 -8.550670e-05
<VARIANCE> 25
 7.045674e+00 5.613654e+00 9.022395e+00 1.286086e+01 1.411690e+01 1.431986e+01 1.494009e+01 1.488901e+01 1.408146e+01 1.416964e+01 1.510348e+01 1.249988e+01 1.248982e-01 2.059721e-01 3.195644e-01 5.026571e-01 6.991006e-01 7.930505e-01 7.626873e-01 7.913321e-01 9.088053e-01 1.022643e+00 1.071910e+00 1.042530e+00 2.796049e-05
<GCONST> 5.859820e+01
<MIXTURE> 17 9.518312e-03
<MEAN> 25
 3.351279e+00 -8.672554e-01 5.877276e+00 2.106365e+00 -5.514122e+00 -6.169127e+00 -3.226573e+00 3.286799e-01 -2.116699e+00 -2.721354e+00 4.666330e-01 3.363110e-01 -6.659104e-01 -1.339771e+00 1.165773e+00 -2.096471e+00 -2.495767e+00 -2.189920e-01 1.888017e-01 7.299179e-01 -4.228351e-01 -2.458115e-01 1.180085e+00 2.301476e-01 8.316489e-02
<VARIANCE> 25
 1.634909e+01 2.923489e+01 2.957129e+01 3.678580e+01 4.273442e+01 4.458611e+01 3.848767e+01 3.334356e+01 3.766554e+01 2.699628e+01 2.742987e+01 2.641088e+01 1.798401e+00 2.555838e+00 3.807008e+00 2.793728e+00 3.858694e+00 4.976945e+00 4.527763e+00 4.421634e+00 3.842875e+00 3.740048e+00 2.960747e+00 2.863819e+00 1.987246e-03
<GCONST> 9.575114e+01
<MIXTURE> 18 1.221018e-02
<MEAN> 25
 3.954019e+00 4.621978e+00 6.746723e+00 4.741929e+00 -4.614707e+00 -8.359565e+00 -1.743216e+00 -1.171481e+00 -3.370991e+00 -2.455142e+00 -8.813713e-01 5.775034e-01 -7.618996e-01 2.161548e+00 -1.997800e-01 2.032657e+00 3.117663e+00 1.484778e+00 8.039075e-01 -2.109730e-01 6.189862e-01 5.193721e-01 -2.901043e-01 -6.132719e-02 -1.239124e-01
<VARIANCE> 25
 1.609070e+01 2.533167e+01 3.289108e+01 2.617308e+01 4.005065e+01 3.366522e+01 3.867848e+01 3.512704e+01 3.920837e+01 3.453648e+01 3.253989e+01 3.097619e+01 2.563280e+00 3.033497e+00 4.736662e+00 4.049741e+00 4.091763e+00 4.672140e+00 4.657541e+00 4.455340e+00 4.489664e+00 4.314311e+00 4.571053e+00 3.628326e+00 4.105717e-03
<GCONST> 9.852764e+01
<MIXTURE> 19 9.912824e-03
<MEAN> 25
 -1.005021e+01 1.786583e+00 3.095070e-01 1.102728e+00 3.967382e+00 1.630416e+00 3.446752e+00 1.089646e+00 2.009245e+00 1.143429e+00 1.047072e+00 1.943015e+00 2.082023e+00 1.740769e+00 2.150675e+00 7.444866e-01 -1.051755e+00 -1.034292e+00 -1.045750e+00 -1.382653e+00 -1.473548e+00 -1.157881e+00 -8.567452e-01 -8.046829e-01 1.214480e-03
<VARIANCE> 25
 5.380928e+01 2.997475e+01 4.769519e+01 5.299184e+01 3.348852e+01 3.253100e+01 3.090785e+01 2.962387e+01 2.858066e+01 2.685106e+01 3.026258e+01 2.012881e+01 2.384676e+00 2.190264e+00 2.178485e+00 2.318709e+00 2.537816e+00 2.220746e+00 2.422487e+00 2.461784e+00 2.124125e+00 2.034662e+00 2.253548e+00 1.757555e+00 2.378873e-03
<GCONST> 9.162233e+01
<MIXTURE> 20 6.308331e-03
<MEAN> 25
 -1.418127e+01 7.416116e+00 8.452147e-01 6.152221e+00 4.843531e+00 1.637080e+00 5.209310e+00 8.537440e-01 9.223808e-01 7.987821e-01 2.568572e+00 -3.024182e-01 -3.285911e+00 -8.668840e-01 -1.565141e+00 3.326007e-01 1.541041e+00 2.063140e+00 1.979250e+00 2.056187e+00 2.144567e+00 2.040242e+00 1.684770e+00 9.453124e-01 4.732104e-02
<VARIANCE> 25
 1.966577e+01 2.345582e+01 3.096029e+01 3.717614e+01 3.084945e+01 2.789000e+01 2.993256e+01 3.147511e+01 2.796415e+01 2.821370e+01 2.515948e+01 2.091751e+01 2.092108e+00 2.182229e+00 1.909986e+00 2.541362e+00 2.702708e+00 2.313067e+00 2.310081e+00 2.320024e+00 2.235466e+00 2.652211e+00 2.241444e+00 1.865636e+00 1.886405e-03
<GCONST> 8.921888e+01
<MIXTURE> 21 7.928653e-03
<MEAN> 25
 4.004787e+00 -4.529091e+00 5.771778e+00 -1.547835e+00 -1.057974e+01 -8.725171e+00 -2.613575e+00 4.174096e+00 -2.068330e+00 -3.407754e+00 2.420648e-01 3.399995e-01 -7.193199e-01 1.341600e+00 2.589095e+00 -4.418464e-02 -1.551162e+00 3.358925e-01 5.890264e-01 -1.497463e+00 -1.957653e+00 3.136039e-01 1.326716e+00 2.473518e-01 -1.277521e-02
<VARIANCE> 25
 8.899955e+00 1.873177e+01 2.967472e+01 2.839981e+01 2.858190e+01 3.320343e+01 4.294267e+01 3.935837e+01 4.294355e+01 3.159880e+01 3.382544e+01 2.323062e+01 3.762206e-01 9.494713e-01 1.854545e+00 1.290756e+00 2.213225e+00 2.186964e+00 3.640688e+00 2.501325e+00 2.161642e+00 2.594545e+00 2.017006e+00 2.285580e+00 4.286328e-04
<GCONST> 8.509456e+01
<MIXTURE> 22 8.827789e-03
<MEAN> 25
 -1.792091e+01 7.154785e+00 -4.131347e+00 7.392482e+00 4.602546e+00 2.761039e+00 8.399819e+00 1.748462e+00 5.379299e+00 3.301012e+00 5.716434e+00 1.185148e+00 -3.095726e-01 -2.075880e-01 -1.255633e-01 -1.492641e-01 -7.208806e-03 1.369678e-01 1.807591e-01 1.779423e-01 2.484757e-01 2.073076e-01 1.726615e-01 1.924446e-01 8.857626e-03
<VARIANCE> 25
 8.116920e+00 1.682541e+01 1.738343e+01 2.517213e+01 2.289636e+01 2.083704e+01 1.943101e+01 1.871084e+01 1.813996e+01 2.086667e+01 1.924184e+01 1.378720e+01 1.090756e+00 1.357369e+00 1.363971e+00 1.572030e+00 1.408815e+00 1.526971e+00 1.508942e+00 1.532825e+00 1.614233e+00 1.544764e+00 1.357418e+00 1.168007e+00 1.745583e-03
<GCONST> 7.830949e+01
<MIXTURE> 23 6.455497e-03
<MEAN> 25
 7.596586e+00 2.443637e+00 2.934178e+00 2.341065e+00 -4.587488e+00 -2.954514e+00 -4.137756e+00 -6.343561e+00 -3.337851e+00 -9.898773e-01 -3.944751e+00 -2.038040e+00 3.585281e-02 1.669791e-01 3.790653e-03 4.540940e-02 6.491884e-03 3.663507e-02 1.116853e-02 -4.691776e-02 2.293848e-02 5.848934e-02 6.177586e-04 4.351493e-02 -4.223556e-03
<VARIANCE> 25
 1.220017e+01 2.123332e+01 2.367720e+01 3.905048e+01 3.791462e+01 5.221166e+01 5.677103e+01 5.325033e+01 4.631176e+01 4.522208e+01 4.712297e+01 3.877832e+01 1.218902e-01 3.070391e-01 3.688266e-01 4.743133e-01 5.853735e-01 7.046880e-01 7.558899e-01 8.816684e-01 8.503181e-01 8.645059e-01 8.176824e-01 7.411419e-01 9.372574e-05
<GCONST> 7.269183e+01
<MIXTURE> 24 6.455497e-03
<MEAN> 25
 7.596586e+00 2.443637e+00 2.934178e+00 2.341065e+00 -4.587488e+00 -2.954514e+00 -4.137756e+00 -6.343561e+00 -3.337851e+00 -9.898773e-01 -3.944751e+00 -2.038040e+00 3.585281e-02 1.669791e-01 3.790653e-03 4.540940e-02 6.491884e-03 3.663507e-02 1.116853e-02 -4.691776e-02 2.293848e-02 5.848934e-02 6.177586e-04 4.351493e-02 -4.223556e-03
<VARIANCE> 25
 1.220017e+01 2.123332e+01 2.367720e+01 3.905048e+01 3.791462e+01 5.221166e+01 5.677103e+01 5.325033e+01 4.631176e+01 4.522208e+01 4.712297e+01 3.877832e+01 1.218902e-01 3.070391e-01 3.688266e-01 4.743133e-01 5.853735e-01 7.046880e-01 7.558899e-01 8.816684e-01 8.503181e-01 8.645059e-01 8.176824e-01 7.411419e-01 9.372574e-05
<GCONST> 7.269183e+01
<MIXTURE> 25 1.118642e-02
<MEAN> 25
 2.947323e-01 3.477373e+00 1.677538e+01 -1.030898e+00 -1.132133e+01 -1.757418e+00 -4.981829e+00 -2.942079e+00 -6.935910e+00 -5.439261e+00 4.093467e+00 -1.646811e+00 -1.331177e-01 4.414676e-01 1.689324e-01 1.509289e-01 2.172823e-01 1.090634e-01 1.915932e-01 -1.701821e-01 -2.487144e-01 7.412158e-02 -7.226412e-02 -1.057894e-01 -1.291298e-02
<VARIANCE> 25
 8.835673e+00 2.220660e+01 2.094957e+01 2.864668e+01 3.166874e+01 4.104277e+01 2.741260e+01 2.996210e+01 2.834474e+01 3.661647e+01 2.098825e+01 2.757300e+01 5.976635e-01 1.443683e+00 1.403102e+00 1.381331e+00 2.272730e+00 2.035198e+00 1.747520e+00 1.628824e+00 1.533832e+00 1.647816e+00 1.347489e+00 1.297558e+00 1.280817e-03
<GCONST> 8.272742e+01
<MIXTURE> 26 7.727677e-03
<MEAN> 25
 2.185193e+00 -6.533731e+00 -1.029382e+01 -8.449209e-01 7.630401e+00 5.431686e+00 3.956772e+00 -3.924972e-01 2.106879e+00 -8.990883e-01 -2.689094e+00 -1.248667e+00 -6.588292e-01 6.491606e-01 3.746077e-01 6.676449e-01 2.118812e-01 1.735550e-01 3.009746e-01 3.996022e-01 3.566667e-01 9.769506e-02 3.398042e-01 4.864115e-01 -5.355202e-02
<VARIANCE> 25
 2.428202e+01 3.388293e+01 2.532852e+01 6.090853e+01 4.190877e+01 4.161537e+01 4.493061e+01 4.310807e+01 4.065881e+01 5.273177e+01 4.162306e+01 4.760555e+01 1.599670e+00 1.932842e+00 1.888976e+00 1.960055e+00 2.303510e+00 2.430951e+00 2.450141e+00 2.769876e+00 2.417415e+00 2.269807e+00 2.162641e+00 2.036925e+00 3.230609e-03
<GCONST> 9.382125e+01
<MIXTURE> 27 7.727677e-03
<MEAN> 25
 2.185193e+00 -6.533731e+00 -1.029382e+01 -8.449209e-01 7.630401e+00 5.431686e+00 3.956772e+00 -3.924972e-01 2.106879e+00 -8.990883e-01 -2.689094e+00 -1.248667e+00 -6.588292e-01 6.491606e-01 3.746077e-01 6.676449e-01 2.118812e-01 1.735550e-01 3.009746e-01 3.996022e-01 3.566667e-01 9.769506e-02 3.398042e-01 4.864115e-01 -5.355202e-02
<VARIANCE> 25
 2.428202e+01 3.388293e+01 2.532852e+01 6.090853e+01 4.190877e+01 4.161537e+01 4.493061e+01 4.310807e+01 4.065881e+01 5.273177e+01 4.162306e+01 4.760555e+01 1.599670e+00 1.932842e+00 1.888976e+00 1.960055e+00 2.303510e+00 2.430951e+00 2.450141e+00 2.769876e+00 2.417415e+00 2.269807e+00 2.162641e+00 2.036925e+00 3.230609e-03
<GCONST> 9.382125e+01
<MIXTURE> 28 5.036674e-03
<MEAN> 25
 -5.324811e+00 4.865698e-02 -1.522808e+00 6.447862e+00 5.162099e+00 3.470691e+00 5.331377e+00 3.122725e+00 3.895149e+00 2.376693e+00 2.582485e+00 3.152443e+00 -1.180463e-01 2.255962e-01 5.301364e-01 7.895709e-01 8.180323e-01 6.885170e-01 5.201144e-01 3.874714e-01 4.282503e-01 4.735051e-01 3.627325e-01 1.875515e-01 8.192895e-06
<VARIANCE> 25
 1.088339e+01 8.335489e+00 1.199561e+01 1.569755e+01 1.463695e+01 1.748318e+01 1.794748e+01 1.881584e+01 1.693085e+01 1.659746e+01 2.043750e+01 1.501690e+01 2.568210e-01 3.357594e-01 4.070345e-01 4.623757e-01 6.147325e-01 8.460281e-01 1.043883e+00 1.122679e+00 1.110314e+00 1.031292e+00 1.051078e+00 1.068116e+00 1.082938e-06
<GCONST> 6.032387e+01
<MIXTURE> 29 5.036674e-03
<MEAN> 25
 -5.324811e+00 4.865698e-02 -1.522808e+00 6.447862e+00 5.162099e+00 3.470691e+00 5.331377e+00 3.122725e+00 3.895149e+00 2.376693e+00 2.582485e+00 3.152443e+00 -1.180463e-01 2.255962e-01 5.301364e-01 7.895709e-01 8.180323e-01 6.885170e-01 5.201144e-01 3.874714e-01 4.282503e-01 4.735051e-01 3.627325e-01 1.875515e-01 8.192895e-06
<VARIANCE> 25
 1.088339e+01 8.335489e+00 1.199561e+01 1.569755e+01 1.463695e+01 1.748318e+01 1.794748e+01 1.881584e+01 1.693085e+01 1.659746e+01 2.043750e+01 1.501690e+01 2.568210e-01 3.357594e-01 4.070345e-01 4.623757e-01 6.147325e-01 8.460281e-01 1.043883e+00 1.122679e+00 1.110314e+00 1.031292e+00 1.051078e+00 1.068116e+00 1.082938e-06
<GCONST> 6.032387e+01
<MIXTURE> 30 8.917812e-03
<MEAN> 25
 -4.488328e+00 -1.929829e-01 6.562475e-01 9.079431e+00 7.767996e+00 7.502067e+00 7.574954e+00 6.875498e+00 6.529237e+00 4.893735e+00 7.006502e+00 3.500087e+00 -2.374749e-02 3.031901e-02 5.625823e-02 8.887704e-02 8.172638e-02 4.477122e-02 1.346222e-02 -2.858485e-03 1.697596e-02 5.112093e-02 6.104872e-02 3.443868e-02 -5.577817e-04
<VARIANCE> 25
 6.962762e+00 9.859197e+00 1.038626e+01 1.379727e+01 1.578608e+01 1.645797e+01 1.916983e+01 1.818772e+01 1.628335e+01 1.835982e+01 2.125894e+01 1.435509e+01 9.743276e-02 1.994955e-01 3.249683e-01 4.813174e-01 6.191110e-01 7.247819e-01 7.718409e-01 8.127524e-01 8.759844e-01 9.369701e-01 9.210004e-01 8.630167e-01 5.099078e-05
<GCONST> 6.060160e+01
<MIXTURE> 31 4.136493e-03
<MEAN> 25
 -3.189775e+00 -5.503314e+00 1.119380e-01 4.566984e+00 3.430895e+00 1.659494e+00 5.056564e+00 6.474421e+00 2.624956e+00 1.048007e+00 6.271748e+00 3.072188e+00 2.752794e-01 4.615501e-01 -2.166847e-01 2.785502e-01 1.138968e-01 3.859194e-01 1.837967e-01 9.918801e-03 3.459341e-01 3.530139e-01 6.681662e-02 8.657254e-02 -1.830472e-02
<VARIANCE> 25
 7.128120e+00 1.546655e+01 1.676409e+01 1.907004e+01 2.554949e+01 2.307148e+01 2.328100e+01 2.514686e+01 2.509596e+01 2.774246e+01 2.100584e+01 1.815755e+01 1.996755e-01 4.805603e-01 5.821440e-01 7.682596e-01 9.298123e-01 1.090186e+00 1.176430e+00 1.346745e+00 1.337520e+00 1.286100e+00 1.267671e+00 1.184494e+00 2.509664e-04
<GCONST> 7.164213e+01
<MIXTURE> 32 4.136493e-03
<MEAN> 25
 -3.189775e+00 -5.503314e+00 1.119380e-01 4.566984e+00 3.430895e+00 1.659494e+00 5.056564e+00 6.474421e+00 2.624956e+00 1.048007e+00 6.271748e+00 3.072188e+00 2.752794e-01 4.615501e-01 -2.166847e-01 2.785502e-01 1.138968e-01 3.859194e-01 1.837967e-01 9.918801e-03 3.459341e-01 3.530139e-01 6.681662e-02 8.657254e-02 -1.830472e-02
<VARIANCE> 25
 7.128120e+00 1.546655e+01 1.676409e+01 1.907004e+01 2.554949e+01 2.307148e+01 2.328100e+01 2.514686e+01 2.509596e+01 2.774246e+01 2.100584e+01 1.815755e+01 1.996755e-01 4.805603e-01 5.821440e-01 7.682596e-01 9.298123e-01 1.090186e+00 1.176430e+00 1.346745e+00 1.337520e+00 1.286100e+00 1.267671e+00 1.184494e+00 2.509664e-04
<GCONST> 7.164213e+01
<MIXTURE> 33 1.508826e-02
<MEAN> 25
 6.609320e+00 -4.223277e+00 -2.297491e+00 -2.838562e+00 -2.742385e+00 -5.570175e+00 -7.265448e+00 1.147666e+00 2.021393e+00 4.324191e-02 -4.031297e+00 -3.631490e+00 7.187358e-01 -1.076853e+00 -2.456230e+00 -1.768581e+00 1.340400e+00 1.415365e+00 -7.675186e-01 4.462316e-01 1.015216e+00 5.287582e-01 -4.203945e-01 -1.559824e+00 3.938479e-02
<VARIANCE> 25
 9.358674e+00 2.016442e+01 2.715117e+01 3.388924e+01 4.458064e+01 4.099160e+01 3.995840e+01 4.754995e+01 3.888225e+01 4.402026e+01 3.774090e+01 3.178407e+01 1.134493e+00 1.910500e+00 2.050667e+00 2.168542e+00 4.133088e+00 3.201449e+00 4.027633e+00 5.711044e+00 3.515667e+00 4.092821e+00 3.279462e+00 3.038347e+00 1.447889e-03
<GCONST> 9.401862e+01
<MIXTURE> 34 1.588179e-02
<MEAN> 25
 8.909519e+00 2.122398e-02 1.097269e-01 1.196033e+00 -2.947604e+00 -1.515857e+00 -6.135731e+00 -4.706006e+00 -1.827528e+00 1.557729e-01 -2.640119e+00 -3.717261e+00 -1.910853e-02 1.348917e+00 1.473297e+00 2.390598e+00 -3.680409e-02 -1.578993e-01 7.886934e-01 -1.630906e+00 -8.868244e-01 2.579216e-01 -5.600403e-01 2.514208e-01 -6.247123e-02
<VARIANCE> 25
 7.752251e+00 3.121938e+01 2.957642e+01 4.991325e+01 4.227678e+01 4.934644e+01 5.496264e+01 5.671671e+01 5.285252e+01 4.314449e+01 4.831260e+01 3.158466e+01 1.261528e+00 1.982557e+00 4.258270e+00 4.054493e+00 5.626630e+00 5.828769e+00 5.498392e+00 6.192849e+00 5.265858e+00 4.968390e+00 5.018916e+00 3.885664e+00 1.155389e-03
<GCONST> 9.973856e+01
<MIXTURE> 35 1.467755e-02
<MEAN> 25
 -2.152420e+00 -5.250834e+00 -9.967663e+00 2.124690e-01 9.688507e+00 7.893629e-01 1.598772e+00 2.539520e+00 1.463148e+00 4.575110e+00 6.016118e-02 1.884248e+00 5.490612e-01 -1.120243e+00 -1.427406e+00 -1.388305e+00 3.989925e-01 -7.983617e-01 -6.807396e-01 -1.338072e-01 -1.628359e-01 1.637377e-01 -6.470890e-01 -5.023865e-01 1.077664e-01
<VARIANCE> 25
 1.955958e+01 2.941113e+01 4.353109e+01 6.231238e+01 4.234946e+01 5.742944e+01 5.097292e+01 4.355719e+01 5.041962e+01 3.849246e+01 3.662677e+01 3.091103e+01 3.460699e+00 3.571398e+00 6.773214e+00 5.548821e+00 5.253879e+00 5.572871e+00 4.916903e+00 4.744418e+00 5.049581e+00 4.511687e+00 4.086179e+00 3.806361e+00 5.291138e-03
<GCONST> 1.036081e+02
<MIXTURE> 36 1.093293e-02
<MEAN> 25
 4.988064e+00 -3.512380e+00 7.047564e+00 2.666517e+00 -1.012605e+01 -8.897449e+00 -6.215965e+00 3.118012e+00 -1.886357e+00 -4.577285e+00 2.793838e+00 -1.762902e-01 3.662928e-01 1.581539e-01 -9.102152e-01 1.588630e-02 8.730418e-01 3.583674e-02 -4.750816e-01 2.649047e-02 4.238858e-01 5.633242e-01 -4.216123e-01 -3.230574e-01 -1.586466e-02
<VARIANCE> 25
 1.003181e+01 1.679135e+01 2.205014e+01 2.804109e+01 3.148533e+01 3.222321e+01 4.657122e+01 3.508009e+01 3.923789e+01 3.261839e+01 2.768315e+01 2.661830e+01 4.642275e-01 7.409946e-01 1.515045e+00 1.236314e+00 1.621176e+00 1.629633e+00 2.138599e+00 1.739398e+00 2.000416e+00 1.689382e+00 1.411711e+00 1.444847e+00 7.224062e-04
<GCONST> 8.212154e+01
<MIXTURE> 37 1.246826e-02
<MEAN> 25
 5.455190e-01 7.774429e+00 1.205845e+01 -5.555142e+00 -8.031418e+00 -1.052865e+00 -5.080763e+00 -8.324453e+00 -3.710826e+00 -9.074644e-01 -3.669996e+00 -1.292307e+00 1.826131e-01 6.471843e-01 -1.354019e+00 3.583949e+00 1.988087e+00 -3.008003e-01 1.091382e+00 4.360791e-01 5.280657e-01 -3.233006e-01 5.375575e-01 -9.749283e-02 -9.494773e-02
<VARIANCE> 25
 1.593220e+01 2.598298e+01 3.083165e+01 5.101447e+01 3.393658e+01 3.201567e+01 4.398134e+01 3.505327e+01 3.861409e+01 3.597011e+01 3.775339e+01 3.089136e+01 2.956533e+00 3.416115e+00 3.018458e+00 4.091937e+00 4.617907e+00 3.753090e+00 4.208376e+00 3.810967e+00 3.449755e+00 3.621788e+00 3.870172e+00 2.792145e+00 3.927722e-03
<GCONST> 9.778201e+01
<MIXTURE> 38 1.154525e-02
<MEAN> 25
 -4.476925e+00 8.975993e+00 4.601865e+00 3.232454e+00 8.471134e-01 -5.220717e+00 -6.072919e-01 -2.745167e+00 -2.856310e+00 -3.103466e+00 -1.492068e+00 -5.423204e-01 -4.519026e+00 1.252010e+00 -3.116252e-01 1.455030e+00 2.563421e+00 1.392644e+00 2.051610e+00 9.537174e-01 7.858362e-01 6.377710e-01 1.004859e+00 3.258498e-01 4.857297e-02
<VARIANCE> 25
 3.140203e+01 2.955972e+01 3.901703e+01 3.301396e+01 4.886661e+01 3.559236e+01 3.636649e+01 4.165480e+01 3.488081e+01 3.250525e+01 2.429137e+01 2.873221e+01 2.351595e+00 3.941722e+00 3.909839e+00 5.163619e+00 4.248078e+00 5.021264e+00 4.782423e+00 4.644341e+00 4.447000e+00 4.939046e+00 4.390529e+00 3.264287e+00 2.049505e-03
<GCONST> 9.926125e+01
<MIXTURE> 39 9.501865e-03
<MEAN> 25
 1.339915e+00 2.605223e+00 1.021419e+01 -9.218202e+00 -1.128882e+01 -9.887637e-01 -2.966228e+00 -6.574719e+00 -4.523912e+00 8.712922e-01 -3.681633e+00 -2.296570e+00 -7.286189e-01 1.522915e+00 1.626103e+00 -1.390245e+00 7.885080e-02 1.222120e+00 -1.200815e+00 -1.252644e+00 4.297042e-01 4.457203e-01 -5.053517e-01 1.239699e-01 1.329624e-03
<VARIANCE> 25
 8.904661e+00 3.008549e+01 3.165202e+01 3.826069e+01 3.722851e+01 4.269550e+01 4.442048e+01 3.347614e+01 3.943364e+01 3.320459e+01 3.619838e+01 2.943900e+01 6.918763e-01 1.546623e+00 1.511922e+00 2.924785e+00 2.417283e+00 2.823754e+00 3.051506e+00 2.748585e+00 2.435519e+00 2.617186e+00 2.121185e+00 2.070297e+00 1.184367e-03
<GCONST> 8.965626e+01
<MIXTURE> 40 1.030800e-02
<MEAN> 25
 -8.900439e+00 2.061416e+00 -9.609179e-01 7.914231e+00 3.670931e+00 5.300317e+00 5.083787e+00 4.133833e+00 4.408940e+00 4.036966e+00 5.614570e+00 1.707660e+00 -7.792138e-02 -2.393119e-01 -4.026403e-02 -2.576827e-01 -1.135367e-01 -1.134831e-01 6.376504e-02 5.284195e-02 -3.637771e-02 -2.785090e-02 6.284358e-02 4.910401e-02 3.451254e-03
<VARIANCE> 25
 4.415558e+01 1.990853e+01 2.850372e+01 2.768252e+01 2.536159e+01 1.912994e+01 1.966353e+01 1.809414e+01 1.726066e+01 1.837350e+01 1.859871e+01 1.397449e+01 7.540189e-01 7.236472e-01 8.475621e-01 1.122054e+00 1.102431e+00 1.223162e+00 1.277715e+00 1.285336e+00 1.281158e+00 1.229186e+00 1.166863e+00 1.115778e+00 8.296569e-04
<GCONST> 7.653767e+01
<MIXTURE> 41 6.713375e-03
<MEAN> 25
 1.301281e+00 1.741342e+00 1.042475e+01 -6.947002e+00 -1.043849e+01 -3.859374e+00 -2.485093e+00 -5.004424e+00 -4.663654e+00 2.644010e+00 -1.690571e+00 -9.390933e-01 8.650982e-02 -7.679307e-01 1.680937e+00 -3.548235e+00 -2.469900e+00 -1.146788e-01 -5.065578e-01 -3.667950e-01 -8.299218e-01 1.083645e+00 -1.033749e+00 5.979025e-02 8.651206e-02
<VARIANCE> 25
 1.164305e+01 2.981563e+01 3.289064e+01 3.986996e+01 3.869416e+01 3.994254e+01 3.692731e+01 2.996673e+01 3.293692e+01 2.870424e+01 3.217880e+01 2.707270e+01 3.172520e+00 3.304181e+00 3.848993e+00 3.795314e+00 4.890153e+00 5.843352e+00 4.688302e+00 4.555036e+00 3.955396e+00 4.198399e+00 3.844812e+00 3.306371e+00 2.920277e-03
<GCONST> 9.791052e+01
<MIXTURE> 42 1.106211e-02
<MEAN> 25
 -1.925048e+00 4.557305e+00 4.665514e+00 2.873755e+00 1.934779e-01 -6.296034e+00 -9.987898e-01 -1.866344e+00 -1.515284e+00 -1.230167e+00 -2.277606e+00 1.267744e+00 4.180740e+00 -3.516250e-01 1.525232e+00 1.951455e-01 -2.964624e+00 -1.152786e+00 -2.255565e+00 -8.181990e-01 -7.882324e-01 -7.350044e-01 5.333101e-01 -1.060830e+00 9.743342e-03
<VARIANCE> 25
 3.623978e+01 2.126116e+01 4.666042e+01 2.622407e+01 3.925278e+01 3.904201e+01 3.721404e+01 2.727198e+01 2.863843e+01 2.754653e+01 2.018374e+01 1.790299e+01 3.565901e+00 4.891913e+00 6.148895e+00 4.787608e+00 4.645081e+00 6.010079e+00 5.083443e+00 5.291371e+00 4.972256e+00 4.853405e+00 4.235025e+00 3.417061e+00 4.478914e-03
<GCONST> 9.983119e+01
<MIXTURE> 43 7.108249e-03
<MEAN> 25
 3.146697e+00 -6.232827e+00 -2.289367e+00 -5.170359e+00 -7.243357e+00 -3.361460e+00 4.059418e+00 1.257074e+00 -4.835541e+00 -6.948231e+00 -4.345473e+00 -1.293101e+00 2.147983e-01 2.168139e+00 1.908371e+00 -1.289710e-01 -1.394704e+00 -8.010836e-01 -9.497237e-01 -7.247744e-01 8.703593e-01 1.444791e+00 3.150473e-01 7.377017e-02 -4.558948e-02
<VARIANCE> 25
 9.427139e+00 1.962419e+01 2.690517e+01 3.454521e+01 3.878845e+01 3.600398e+01 3.293098e+01 3.925488e+01 4.171395e+01 3.886152e+01 2.611357e+01 2.913336e+01 7.045159e-01 1.227048e+00 1.540895e+00 2.440918e+00 2.389434e+00 2.338008e+00 2.618532e+00 3.105050e+00 2.675326e+00 2.555012e+00 2.329520e+00 2.015937e+00 9.405543e-04
<GCONST> 8.792824e+01
<MIXTURE> 44 7.328289e-03
<MEAN> 25
 -1.485912e+01 1.477639e+00 3.543339e+00 -3.263279e+00 3.197454e+00 1.958069e+00 -9.388935e-02 2.404288e+00 1.512039e+00 -7.879181e-01 1.822577e+00 1.978841e+00 -1.577796e-01 -2.559247e-02 1.704607e-01 2.645822e-01 -1.254286e-01 1.857873e-01 4.283973e-01 1.213217e-01 2.385916e-01 1.330247e-01 5.448627e-02 1.084184e-01 4.767974e-03
<VARIANCE> 25
 4.656767e+01 2.713797e+01 3.358400e+01 2.946948e+01 2.933863e+01 2.964174e+01 2.411444e+01 3.104939e+01 2.701928e+01 2.630695e+01 2.647445e+01 1.890926e+01 1.192492e+00 1.576758e+00 1.349587e+00 1.363968e+00 2.091379e+00 1.608143e+00 1.527719e+00 1.601720e+00 1.532058e+00 1.474773e+00 1.342866e+00 1.196670e+00 1.246164e-03
<GCONST> 8.410601e+01
<MIXTURE> 45 1.364932e-02
<MEAN> 25
 -1.243789e+01 3.418782e+00 -1.251103e+00 2.842558e+00 5.729738e+00 1.059623e-01 4.756728e+00 2.864202e+00 3.302403e+00 2.188556e+00 2.366302e+00 2.591186e+00 -2.938155e+00 5.916190e-01 -4.853479e-01 -5.352850e-01 1.914904e-01 -1.726408e-02 4.595668e-01 6.789454e-02 -6.992257e-02 -6.845714e-02 2.523028e-01 9.366705e-02 1.190353e-01
<VARIANCE> 25
 3.362593e+01 3.027781e+01 3.078981e+01 3.500281e+01 3.141040e+01 2.911069e+01 2.971245e+01 2.653504e+01 2.479079e+01 2.335393e+01 2.801742e+01 1.559031e+01 2.429094e+00 3.069857e+00 2.849810e+00 2.681690e+00 2.506019e+00 2.630268e+00 2.312453e+00 2.266807e+00 2.143133e+00 2.117971e+00 1.976038e+00 1.640998e+00 4.086411e-03
<GCONST> 9.055858e+01
<MIXTURE> 46 9.336259e-03
<MEAN> 25
 -9.461774e+00 2.309105e+00 1.199061e+00 7.568044e+00 5.942740e+00 3.337188e+00 7.070135e+00 4.497262e+00 5.709268e+00 4.693747e+00 5.040121e+00 2.926477e+00 1.060520e+00 -2.409899e-01 4.096369e-02 1.002233e+00 6.038989e-01 9.434702e-01 3.878880e-01 6.744865e-01 4.724762e-01 5.085362e-01 6.420103e-01 5.242783e-01 -1.056584e-01
<VARIANCE> 25
 3.424713e+01 4.382977e+01 3.852396e+01 4.994483e+01 5.082278e+01 4.079412e+01 3.705714e+01 3.536023e+01 3.315039e+01 3.094338e+01 2.823120e+01 2.022410e+01 3.911457e+00 4.143116e+00 3.881743e+00 4.138701e+00 4.175058e+00 3.697248e+00 3.382432e+00 3.114762e+00 2.982847e+00 2.865786e+00 2.311701e+00 1.783393e+00 7.955716e-03
<GCONST> 9.830034e+01
<MIXTURE> 47 7.116147e-03
<MEAN> 25
 7.189009e+00 -7.266059e+00 -7.910584e+00 -6.392868e+00 9.822532e-01 1.001128e+00 -2.543133e+00 6.226563e-01 2.343885e+00 2.562195e-02 -3.843962e+00 -7.219337e+00 -2.044660e-01 -1.218009e+00 -7.042793e-01 -3.983422e-01 6.112686e-01 9.218721e-01 8.876359e-01 2.076501e-01 -6.715845e-02 -8.965771e-01 -4.210521e-01 -4.428816e-01 2.738925e-02
<VARIANCE> 25
 1.012644e+01 1.979725e+01 2.013921e+01 3.130524e+01 3.698933e+01 4.973287e+01 4.266035e+01 4.233414e+01 4.599223e+01 4.382688e+01 4.703994e+01 3.416754e+01 4.913022e-01 7.797991e-01 1.148962e+00 1.551922e+00 1.869161e+00 2.261697e+00 2.152257e+00 2.393707e+00 2.469197e+00 2.145396e+00 2.080002e+00 1.887239e+00 5.978527e-04
<GCONST> 8.601367e+01
<MIXTURE> 48 7.116147e-03
<MEAN> 25
 7.189009e+00 -7.266059e+00 -7.910584e+00 -6.392868e+00 9.822532e-01 1.001128e+00 -2.543133e+00 6.226563e-01 2.343885e+00 2.562195e-02 -3.843962e+00 -7.219337e+00 -2.044660e-01 -1.218009e+00 -7.042793e-01 -3.983422e-01 6.112686e-01 9.218721e-01 8.876359e-01 2.076501e-01 -6.715845e-02 -8.965771e-01 -4.210521e-01 -4.428816e-01 2.738925e-02
<VARIANCE> 25
 1.012644e+01 1.979725e+01 2.013921e+01 3.130524e+01 3.698933e+01 4.973287e+01 4.266035e+01 4.233414e+01 4.599223e+01 4.382688e+01 4.703994e+01 3.416754e+01 4.913022e-01 7.797991e-01 1.148962e+00 1.551922e+00 1.869161e+00 2.261697e+00 2.152257e+00 2.393707e+00 2.469197e+00 2.145396e+00 2.080002e+00 1.887239e+00 5.978527e-04
<GCONST> 8.601367e+01
<MIXTURE> 49 5.548473e-03
<MEAN> 25
 -5.028912e+00 3.786980e-01 1.885253e-01 8.362720e+00 6.090686e+00 5.577881e+00 6.017220e+00 4.475842e+00 4.991693e+00 3.692466e+00 4.902110e+00 2.844600e+00 3.607619e-01 6.562781e-01 7.034425e-01 3.582692e-01 -1.891437e-01 -6.647837e-01 -1.001771e+00 -1.117263e+00 -9.536715e-01 -6.812339e-01 -4.874116e-01 -2.669277e-01 1.612324e-05
<VARIANCE> 25
 9.815388e+00 1.000446e+01 1.417942e+01 1.648537e+01 1.611748e+01 1.715047e+01 1.949657e+01 1.928659e+01 1.821542e+01 1.786717e+01 2.062113e+01 1.423112e+01 2.839702e-01 2.613084e-01 3.575853e-01 6.108458e-01 8.682973e-01 9.673514e-01 9.881609e-01 1.051310e+00 1.128084e+00 1.208309e+00 1.272585e+00 1.200382e+00 1.444129e-05
<GCONST> 6.433623e+01
<MIXTURE> 50 6.234641e-03
<MEAN> 25
 -4.073249e+00 2.836742e-02 -1.189844e+00 5.535953e+00 3.790411e+00 1.981996e+00 3.553021e+00 1.998631e+00 2.376698e+00 1.427252e+00 2.086430e+00 2.711321e+00 8.545739e-02 1.855148e-01 3.099742e-02 -1.317806e-01 -4.797598e-01 -6.097232e-01 -4.267815e-01 -5.114444e-02 3.321482e-01 7.880381e-01 8.413631e-01 4.925953e-01 -1.127060e-04
<VARIANCE> 25
 1.152803e+01 1.047173e+01 1.325783e+01 1.669784e+01 1.497117e+01 1.730140e+01 1.677326e+01 1.892599e+01 1.786953e+01 1.728340e+01 1.998684e+01 1.432930e+01 1.456776e-01 2.341831e-01 4.181215e-01 5.183322e-01 5.712526e-01 7.128031e-01 8.759576e-01 1.045789e+00 1.060739e+00 8.799618e-01 1.060920e+00 1.026767e+00 1.145133e-06
<GCONST> 5.929108e+01
<MIXTURE> 51 6.234641e-03
<MEAN> 25
 -4.073249e+00 2.836742e-02 -1.189844e+00 5.535953e+00 3.790411e+00 1.981996e+00 3.553021e+00 1.998631e+00 2.376698e+00 1.427252e+00 2.086430e+00 2.711321e+00 8.545739e-02 1.855148e-01 3.099742e-02 -1.317806e-01 -4.797598e-01 -6.097232e-01 -4.267815e-01 -5.114444e-02 3.321482e-01 7.880381e-01 8.413631e-01 4.925953e-01 -1.127060e-04
<VARIANCE> 25
 1.152803e+01 1.047173e+01 1.325783e+01 1.669784e+01 1.497117e+01 1.730140e+01 1.677326e+01 1.892599e+01 1.786953e+01 1.728340e+01 1.998684e+01 1.432930e+01 1.456776e-01 2.341831e-01 4.181215e-01 5.183322e-01 5.712526e-01 7.128031e-01 8.759576e-01 1.045789e+00 1.060739e+00 8.799618e-01 1.060920e+00 1.026767e+00 1.145133e-06
<GCONST> 5.929108e+01
<MIXTURE> 52 6.367945e-03
<MEAN> 25
 1.010786e+01 2.018475e+00 -6.204413e+00 -1.426269e+01 -4.233263e+00 8.531241e+00 -2.751921e+00 -3.083791e+00 -4.429495e+00 -2.125310e+00 3.344397e+00 6.950606e-01 -3.864237e-01 -4.846102e-01 -6.687231e-02 1.135903e+00 1.336303e+00 -4.718529e-01 -5.971931e-01 -6.588617e-01 3.791878e-02 1.245441e+00 3.898795e-01 -5.426062e-01 -1.384741e-02
<VARIANCE> 25
 9.343028e+00 2.073220e+01 2.526791e+01 3.864770e+01 4.563189e+01 3.063859e+01 4.642220e+01 4.896084e+01 4.307570e+01 4.592691e+01 3.988467e+01 3.076658e+01 4.484488e-01 1.482414e+00 1.309479e+00 2.756589e+00 2.326499e+00 2.197176e+00 2.987581e+00 2.791252e+00 3.005367e+00 2.659117e+00 2.514709e+00 2.274508e+00 1.541740e-03
<GCONST> 8.974666e+01
<MIXTURE> 53 6.367945e-03
<MEAN> 25
 1.010786e+01 2.018475e+00 -6.204413e+00 -1.426269e+01 -4.233263e+00 8.531241e+00 -2.751921e+00 -3.083791e+00 -4.429495e+00 -2.125310e+00 3.344397e+00 6.950606e-01 -3.864237e-01 -4.846102e-01 -6.687231e-02 1.135903e+00 1.336303e+00 -4.718529e-01 -5.971931e-01 -6.588617e-01 3.791878e-02 1.245441e+00 3.898795e-01 -5.426062e-01 -1.384741e-02
<VARIANCE> 25
 9.343028e+00 2.073220e+01 2.526791e+01 3.864770e+01 4.563189e+01 3.063859e+01 4.642220e+01 4.896084e+01 4.307570e+01 4.592691e+01 3.988467e+01 3.076658e+01 4.484488e-01 1.482414e+00 1.309479e+00 2.756589e+00 2.326499e+00 2.197176e+00 2.987581e+00 2.791252e+00 3.005367e+00 2.659117e+00 2.514709e+00 2.274508e+00 1.541740e-03
<GCONST> 8.974666e+01
<MIXTURE> 54 7.368620e-03
<MEAN> 25
 -3.316887e+00 1.635093e-01 -5.833140e-01 7.363185e+00 6.041448e+00 4.279549e+00 4.371976e+00 4.635140e+00 4.048608e+00 3.499386e+00 4.328987e+00 2.235567e+00 -8.701179e-03 3.255577e-02 4.980538e-02 7.413901e-02 3.744122e-02 6.028489e-02 5.984509e-02 6.242539e-02 3.594081e-02 1.774967e-02 3.208750e-03 -3.587482e-02 -3.279396e-05
<VARIANCE> 25
 9.182522e+00 9.621184e+00 8.651975e+00 2.055421e+01 1.393662e+01 1.340155e+01 1.178412e+01 1.079424e+01 1.067802e+01 1.333554e+01 1.674706e+01 1.163919e+01 3.972279e-02 8.299087e-02 1.528530e-01 2.681916e-01 3.134480e-01 3.760079e-01 4.424709e-01 5.178381e-01 5.440309e-01 4.936511e-01 5.840520e-01 5.230049e-01 1.028059e-06
<GCONST> 4.710656e+01
<MIXTURE> 55 7.368620e-03
<MEAN> 25
 -3.316887e+00 1.635093e-01 -5.833140e-01 7.363185e+00 6.041448e+00 4.279549e+00 4.371976e+00 4.635140e+00 4.048608e+00 3.499386e+00 4.328987e+00 2.235567e+00 -8.701179e-03 3.255577e-02 4.980538e-02 7.413901e-02 3.744122e-02 6.028489e-02 5.984509e-02 6.242539e-02 3.594081e-02 1.774967e-02 3.208750e-03 -3.587482e-02 -3.279396e-05
<VARIANCE> 25
 9.182522e+00 9.621184e+00 8.651975e+00 2.055421e+01 1.393662e+01 1.340155e+01 1.178412e+01 1.079424e+01 1.067802e+01 1.333554e+01 1.674706e+01 1.163919e+01 3.972279e-02 8.299087e-02 1.528530e-01 2.681916e-01 3.134480e-01 3.760079e-01 4.424709e-01 5.178381e-01 5.440309e-01 4.936511e-01 5.840520e-01 5.230049e-01 1.028059e-06
<GCONST> 4.710656e+01
<MIXTURE> 56 6.132464e-03
<MEAN> 25
 7.325497e+00 -6.721763e+00 -9.118262e+00 -8.397655e+00 3.125132e+00 4.097736e+00 -2.250916e+00 -2.082904e+00 1.104526e+00 5.423223e-01 -2.234144e+00 -7.681971e+00 -5.295808e-02 -1.006528e-01 -5.236315e-02 2.604953e-03 2.355543e-01 1.194419e-01 1.955985e-01 -1.681023e-01 -1.757058e-01 5.338836e-03 -2.167206e-02 3.217859e-02 -7.803310e-03
<VARIANCE> 25
 9.271711e+00 2.208156e+01 1.944241e+01 3.912022e+01 3.900547e+01 4.759907e+01 5.757576e+01 3.853396e+01 4.463638e+01 3.511215e+01 3.829709e+01 3.333794e+01 2.130937e-01 5.860620e-01 4.650034e-01 7.219294e-01 7.622714e-01 1.156045e+00 9.354296e-01 8.700223e-01 1.083216e+00 9.240967e-01 1.056321e+00 7.414784e-01 2.331702e-04
<GCONST> 7.553167e+01
<MIXTURE> 57 6.132464e-03
<MEAN> 25
 7.325497e+00 -6.721763e+00 -9.118262e+00 -8.397655e+00 3.125132e+00 4.097736e+00 -2.250916e+00 -2.082904e+00 1.104526e+00 5.423223e-01 -2.234144e+00 -7.681971e+00 -5.295808e-02 -1.006528e-01 -5.236315e-02 2.604953e-03 2.355543e-01 1.194419e-01 1.955985e-01 -1.681023e-01 -1.757058e-01 5.338836e-03 -2.167206e-02 3.217859e-02 -7.803310e-03
<VARIANCE> 25
 9.271711e+00 2.208156e+01 1.944241e+01 3.912022e+01 3.900547e+01 4.759907e+01 5.757576e+01 3.853396e+01 4.463638e+01 3.511215e+01 3.829709e+01 3.333794e+01 2.130937e-01 5.860620e-01 4.650034e-01 7.219294e-01 7.622714e-01 1.156045e+00 9.354296e-01 8.700223e-01 1.083216e+00 9.240967e-01 1.056321e+00 7.414784e-01 2.331702e-04
<GCONST> 7.553167e+01
<MIXTURE> 58 6.172147e-03
<MEAN> 25
 2.437159e+00 -2.985401e+00 7.202352e+00 -5.144024e+00 -1.303489e+01 -5.398881e+00 1.663809e+00 9.620121e-01 -2.313798e+00 1.686316e+00 4.875563e-01 -8.644133e-01 -1.075964e-03 -1.111104e-01 -7.674862e-02 -1.651489e-01 -8.106807e-03 1.921266e-01 3.362645e-01 2.131134e-01 3.292295e-02 1.584562e-02 -6.895448e-02 -1.439460e-01 -3.035278e-03
<VARIANCE> 25
 7.541585e+00 1.477803e+01 2.009455e+01 2.659430e+01 2.607668e+01 4.541885e+01 3.167324e+01 3.409495e+01 3.137201e+01 3.076636e+01 2.204366e+01 1.956603e+01 3.203776e-01 8.104452e-01 7.291490e-01 9.822991e-01 8.621373e-01 1.211965e+00 1.152543e+00 1.271752e+00 1.042771e+00 1.026087e+00 8.956490e-01 8.969356e-01 6.967183e-04
<GCONST> 7.526603e+01
<MIXTURE> 59 6.172147e-03
<MEAN> 25
 2.437159e+00 -2.985401e+00 7.202352e+00 -5.144024e+00 -1.303489e+01 -5.398881e+00 1.663809e+00 9.620121e-01 -2.313798e+00 1.686316e+00 4.875563e-01 -8.644133e-01 -1.075964e-03 -1.111104e-01 -7.674862e-02 -1.651489e-01 -8.106807e-03 1.921266e-01 3.362645e-01 2.131134e-01 3.292295e-02 1.584562e-02 -6.895448e-02 -1.439460e-01 -3.035278e-03
<VARIANCE> 25
 7.541585e+00 1.477803e+01 2.009455e+01 2.659430e+01 2.607668e+01 4.541885e+01 3.167324e+01 3.409495e+01 3.137201e+01 3.076636e+01 2.204366e+01 1.956603e+01 3.203776e-01 8.104452e-01 7.291490e-01 9.822991e-01 8.621373e-01 1.211965e+00 1.152543e+00 1.271752e+00 1.042771e+00 1.026087e+00 8.956490e-01 8.969356e-01 6.967183e-04
<GCONST> 7.526603e+01
<MIXTURE> 60 4.479129e-03
<MEAN> 25
 -2.148203e+00 -7.823092e-02 -1.340430e-01 2.156514e+00 9.582850e-01 7.283216e-01 8.774081e-01 1.513279e+00 1.806973e+00 9.431462e-01 1.167673e+00 1.300581e+00 2.331798e-02 2.750426e-02 1.175601e-01 2.146466e-01 1.449125e-01 9.876864e-02 2.040425e-01 3.297808e-01 3.760374e-01 6.244425e-01 6.132688e-01 2.032163e-01 4.455538e-04
<VARIANCE> 25
 6.430900e+00 3.552047e+00 6.621419e+00 9.065418e+00 9.469758e+00 1.218762e+01 1.108387e+01 1.014341e+01 1.019446e+01 1.012308e+01 1.303773e+01 1.009306e+01 1.159871e-01 1.651558e-01 2.994996e-01 4.162021e-01 5.516515e-01 7.675430e-01 8.062280e-01 1.035766e+00 6.899596e-01 8.385973e-01 8.354637e-01 8.618561e-01 3.330149e-05
<GCONST> 5.389503e+01
<MIXTURE> 61 4.479129e-03
<MEAN> 25
 -2.148203e+00 -7.823092e-02 -1.340430e-01 2.156514e+00 9.582850e-01 7.283216e-01 8.774081e-01 1.513279e+00 1.806973e+00 9.431462e-01 1.167673e+00 1.300581e+00 2.331798e-02 2.750426e-02 1.175601e-01 2.146466e-01 1.449125e-01 9.876864e-02 2.040425e-01 3.297808e-01 3.760374e-01 6.244425e-01 6.132688e-01 2.032163e-01 4.455538e-04
<VARIANCE> 25
 6.430900e+00 3.552047e+00 6.621419e+00 9.065418e+00 9.469758e+00 1.218762e+01 1.108387e+01 1.014341e+01 1.019446e+01 1.012308e+01 1.303773e+01 1.009306e+01 1.159871e-01 1.651558e-01 2.994996e-01 4.162021e-01 5.516515e-01 7.675430e-01 8.062280e-01 1.035766e+00 6.899596e-01 8.385973e-01 8.354637e-01 8.618561e-01 3.330149e-05
<GCONST> 5.389503e+01
<MIXTURE> 62 3.278034e-03
<MEAN> 25
 -5.085282e+00 1.243223e+00 1.025224e+00 8.808132e+00 6.122532e+00 5.044457e+00 5.493175e+00 4.030448e+00 4.983321e+00 3.915595e+00 4.958021e+00 2.947941e+00 -1.002822e+00 -1.165896e+00 -9.519545e-01 -2.762116e-01 4.264854e-01 1.004781e+00 1.386917e+00 1.550337e+00 1.476302e+00 1.243533e+00 1.068747e+00 7.265835e-01 -1.266760e-03
<VARIANCE> 25
 9.889067e+00 9.951147e+00 1.310153e+01 1.680809e+01 1.745389e+01 1.753748e+01 1.971428e+01 1.910111e+01 1.884526e+01 1.870978e+01 2.159953e+01 1.478909e+01 4.015616e-01 4.321262e-01 5.551046e-01 7.788910e-01 1.034948e+00 1.191014e+00 1.256636e+00 1.280914e+00 1.333195e+00 1.362636e+00 1.401094e+00 1.370469e+00 1.631416e-05
<GCONST> 6.753868e+01
<MIXTURE> 63 4.351215e-03
<MEAN> 25
 -2.521095e+00 -1.216717e+00 -2.686221e+00 1.496226e+00 2.314662e+00 -1.844481e-01 1.747625e+00 8.448881e-01 1.815038e+00 -9.530049e-01 -1.290956e+00 1.782459e+00 -8.324278e-02 4.014014e-01 5.078743e-01 5.821964e-01 4.124722e-01 2.060571e-01 2.502829e-01 1.983466e-01 1.426385e-01 3.041216e-01 2.527956e-01 2.643064e-01 3.669807e-05
<VARIANCE> 25
 7.965987e+00 1.161588e+01 1.450698e+01 1.381602e+01 1.371243e+01 1.909494e+01 1.713683e+01 1.739758e+01 1.985011e+01 1.652494e+01 1.553334e+01 1.337300e+01 3.282134e-01 4.113324e-01 5.539999e-01 6.477092e-01 7.042150e-01 9.160250e-01 1.102311e+00 1.076257e+00 1.162892e+00 1.393148e+00 1.493659e+00 1.207806e+00 2.015189e-04
<GCONST> 6.743758e+01
<MIXTURE> 64 4.351215e-03
<MEAN> 25
 -2.521095e+00 -1.216717e+00 -2.686221e+00 1.496226e+00 2.314662e+00 -1.844481e-01 1.747625e+00 8.448881e-01 1.815038e+00 -9.530049e-01 -1.290956e+00 1.782459e+00 -8.324278e-02 4.014014e-01 5.078743e-01 5.821964e-01 4.124722e-01 2.060571e-01 2.502829e-01 1.983466e-01 1.426385e-01 3.041216e-01 2.527956e-01 2.643064e-01 3.669807e-05
<VARIANCE> 25
 7.965987e+00 1.161588e+01 1.450698e+01 1.381602e+01 1.371243e+01 1.909494e+01 1.713683e+01 1.739758e+01 1.985011e+01 1.652494e+01 1.553334e+01 1.337300e+01 3.282134e-01 4.113324e-01 5.539999e-01 6.477092e-01 7.042150e-01 9.160250e-01 1.102311e+00 1.076257e+00 1.162892e+00 1.393148e+00 1.493659e+00 1.207806e+00 2.015189e-04
<GCONST> 6.743758e+01
<MIXTURE> 65 1.721197e-02
<MEAN> 25
 7.951755e+00 2.027147e+00 1.881035e+00 5.990746e-01 -5.408595e+00 -4.257878e+00 -5.823683e+00 -6.799573e+00 -3.836708e+00 -2.281681e+00 -5.486309e+00 -2.021746e+00 1.781211e-01 1.146966e-01 6.370462e-03 1.372419e-01 -1.699920e-01 2.676524e-01 -1.071116e-01 -1.752017e-01 1.802654e-01 1.539932e-02 -4.218487e-02 -1.537030e-01 -4.504540e-03
<VARIANCE> 25
 1.038396e+01 1.951788e+01 2.625831e+01 3.618877e+01 3.812039e+01 5.853019e+01 5.811224e+01 5.870268e+01 5.547815e+01 5.783080e+01 5.603502e+01 5.271627e+01 5.573035e-01 9.633420e-01 1.647257e+00 1.801058e+00 2.003696e+00 2.223832e+00 2.292945e+00 2.969275e+00 2.440936e+00 2.481196e+00 2.417122e+00 2.139401e+00 4.191244e-04
<GCONST> 8.956957e+01
<MIXTURE> 66 1.191532e-02
<MEAN> 25
 6.167171e+00 -3.949062e+00 -5.744347e+00 -5.093234e+00 1.060585e+00 -4.635829e+00 -6.252484e+00 1.145009e+00 8.409566e-01 -1.731417e+00 -5.970965e+00 -3.895808e+00 -9.338920e-02 1.800270e+00 2.188440e+00 2.088933e+00 -1.018546e+00 -1.302308e+00 7.408264e-02 -2.639081e-01 3.437999e-01 -1.553461e-01 -4.700933e-01 1.219456e+00 -6.694400e-02
<VARIANCE> 25
 9.913198e+00 2.046755e+01 2.467791e+01 3.056646e+01 3.481749e+01 4.919973e+01 5.326267e+01 4.195782e+01 5.102238e+01 6.030921e+01 3.367491e+01 3.493638e+01 1.175949e+00 2.333251e+00 2.121797e+00 2.586160e+00 4.164297e+00 3.885512e+00 3.899796e+00 4.907526e+00 5.611977e+00 4.466017e+00 4.200284e+00 3.130757e+00 1.415168e-03
<GCONST> 9.582996e+01
<MIXTURE> 67 1.559142e-02
<MEAN> 25
 8.397267e+00 9.119973e-01 -6.271188e+00 -8.002505e+00 4.296822e-01 2.863452e+00 -2.988688e+00 -3.015130e+00 -4.471332e+00 7.936847e-01 2.060134e-01 -2.583432e+00 -1.024907e+00 1.884838e+00 1.061848e+00 2.785085e+00 1.431313e+00 -6.722103e-01 1.178109e+00 3.516949e-01 6.038368e-01 2.042102e-01 -4.857408e-01 8.318453e-01 -1.275545e-01
<VARIANCE> 25
 1.321852e+01 4.647519e+01 2.848088e+01 5.120916e+01 4.632631e+01 4.923959e+01 5.693655e+01 5.622297e+01 6.543091e+01 5.148136e+01 5.202484e+01 4.869410e+01 1.987420e+00 3.168899e+00 2.981693e+00 4.753972e+00 4.098390e+00 4.321642e+00 4.374115e+00 5.013693e+00 6.598328e+00 4.329703e+00 5.027546e+00 3.728581e+00 2.793401e-03
<GCONST> 1.022724e+02
<MIXTURE> 68 1.485092e-02
<MEAN> 25
 -1.977462e+00 -2.373699e+00 -4.012339e+00 1.154129e+00 5.084573e+00 -7.341433e-01 2.052223e+00 1.826449e+00 1.858672e+00 1.640186e+00 6.045172e-01 1.858767e+00 2.748138e+00 5.082672e-01 -7.208148e-03 -2.567060e+00 -2.440320e+00 -1.568071e+00 -2.322463e+00 -1.799806e+00 -1.643062e+00 -1.445316e+00 -1.938532e+00 -1.113549e+00 1.035754e-01
<VARIANCE> 25
 2.566289e+01 3.171604e+01 5.821972e+01 5.234330e+01 4.774233e+01 5.446032e+01 4.485309e+01 4.156228e+01 4.103202e+01 4.301406e+01 3.755848e+01 2.537767e+01 1.856221e+00 3.783152e+00 5.867618e+00 5.787026e+00 4.655238e+00 5.550974e+00 5.727954e+00 4.918492e+00 4.900549e+00 5.246237e+00 5.110213e+00 3.560319e+00 6.039384e-03
<GCONST> 1.035034e+02
<MIXTURE> 69 1.204884e-02
<MEAN> 25
 4.558383e+00 -4.322300e+00 -3.410951e+00 -3.738546e+00 -3.644561e+00 -7.823318e+00 -1.185303e+00 2.236740e+00 -6.381590e-01 -4.704940e+00 -5.243244e+00 9.011961e-01 1.685932e+00 -2.191919e+00 -1.356261e+00 -2.207266e+00 -6.200474e-01 -3.225305e-01 -4.799390e-01 4.711942e-01 -6.449924e-01 -1.373497e+00 -2.145170e+00 -3.664435e-01 6.441334e-02
<VARIANCE> 25
 8.897089e+00 2.124946e+01 2.643559e+01 2.535224e+01 4.172398e+01 3.445130e+01 4.735557e+01 3.049074e+01 4.068128e+01 3.665306e+01 3.510131e+01 2.384256e+01 3.425289e+00 2.871794e+00 3.228072e+00 3.604732e+00 5.772761e+00 4.852709e+00 6.864762e+00 6.422691e+00 5.703300e+00 5.857578e+00 4.303024e+00 4.564513e+00 2.448786e-03
<GCONST> 9.861269e+01
<MIXTURE> 70 1.329190e-02
<MEAN> 25
 7.313399e+00 -2.385930e+00 -3.694527e+00 -3.776604e+00 -1.098343e+00 -1.028813e+00 -7.533912e+00 -3.883949e+00 1.796245e-01 2.819728e+00 2.789985e-01 -4.977909e+00 1.923444e+00 -1.091798e+00 -9.151535e-01 -2.118959e+00 -1.523474e+00 1.152209e+00 -1.309528e+00 -2.736757e-01 3.278650e-01 1.520152e-02 5.521836e-01 -1.704507e+00 6.081044e-02
<VARIANCE> 25
 1.043471e+01 2.252758e+01 2.710290e+01 4.409505e+01 3.946561e+01 4.307024e+01 4.705534e+01 4.279109e+01 4.659074e+01 3.273310e+01 4.401593e+01 2.738714e+01 3.262878e+00 3.040162e+00 4.534298e+00 4.711947e+00 5.006365e+00 6.021569e+00 6.337137e+00 7.493826e+00 5.805053e+00 5.046295e+00 5.733052e+00 4.817603e+00 2.466367e-03
<GCONST> 1.012769e+02
<MIXTURE> 71 1.406903e-02
<MEAN> 25
 6.401411e+00 5.195091e+00 4.271597e+00 3.117753e+00 -3.468580e+00 -3.428636e+00 -3.432554e+00 -6.655009e+00 -4.675766e+00 -2.513345e+00 -5.244242e+00 -3.243937e+00 -1.576848e+00 -6.988864e-01 -2.525972e-01 -1.780370e+00 1.129722e+00 -1.477789e-01 5.138430e-02 1.538921e+00 3.087513e-01 -1.798468e-01 6.876888e-01 1.839047e-01 4.096853e-02
<VARIANCE> 25
 1.885142e+01 2.571454e+01 2.409406e+01 4.503270e+01 4.075885e+01 4.064962e+01 4.263573e+01 4.155598e+01 3.907166e+01 4.415821e+01 3.654185e+01 3.456844e+01 1.754101e+00 3.047810e+00 5.305044e+00 4.888452e+00 4.712987e+00 4.743260e+00 4.879793e+00 5.394403e+00 4.310208e+00 4.100345e+00 3.633888e+00 3.302051e+00 1.422122e-03
<GCONST> 9.871763e+01
<MIXTURE> 72 8.134747e-03
<MEAN> 25
 3.791903e+00 -3.684146e+00 5.457386e+00 -2.467409e+00 -1.040565e+01 -9.625514e+00 -2.450678e+00 1.924184e+00 -4.943526e+00 -2.200331e+00 -1.887028e+00 6.168373e-01 9.326808e-01 -7.861146e-01 -2.577382e+00 4.631720e-01 2.137574e+00 -6.549764e-01 -1.317424e+00 1.525639e+00 1.814857e+00 -5.967624e-01 -1.289538e+00 4.026853e-01 -6.129897e-03
<VARIANCE> 25
 1.078947e+01 1.948448e+01 3.287173e+01 3.843355e+01 3.231503e+01 3.338870e+01 4.107776e+01 3.621700e+01 4.370592e+01 4.137196e+01 3.880172e+01 2.853066e+01 4.322243e-01 1.026404e+00 2.021891e+00 1.469649e+00 2.183391e+00 2.356239e+00 3.061539e+00 2.732699e+00 2.603741e+00 2.961492e+00 2.024706e+00 2.129280e+00 5.408166e-04
<GCONST> 8.725481e+01
<MIXTURE> 73 1.213625e-02
<MEAN> 25
 -5.568953e+00 -8.159995e-01 -1.270771e+00 4.833119e+00 4.160349e+00 2.258861e+00 5.395347e+00 3.458435e+00 4.322209e+00 3.415638e+00 4.281458e+00 3.030683e+00 7.989070e-01 -1.050450e+00 -9.363442e-01 -2.636354e+00 -1.297132e+00 -1.738521e+00 -8.887020e-01 -5.016257e-01 -9.315572e-01 -6.997524e-01 -1.057118e+00 -3.027616e-01 1.541047e-01
<VARIANCE> 25
 1.301668e+01 1.335102e+01 1.507075e+01 2.284976e+01 2.348410e+01 2.494435e+01 2.122181e+01 1.982313e+01 1.814020e+01 1.883841e+01 2.261090e+01 1.537865e+01 4.001527e+00 3.075286e+00 5.891657e+00 4.622159e+00 6.161452e+00 4.511478e+00 4.259746e+00 4.217391e+00 3.853859e+00 4.183475e+00 3.656944e+00 2.686803e+00 4.295221e-03
<GCONST> 9.268951e+01
<MIXTURE> 74 1.756491e-02
<MEAN> 25
 4.516123e+00 -1.607286e+00 5.241036e+00 -1.167723e+00 -8.755542e+00 -8.306209e+00 -2.700551e+00 7.467189e-01 -4.117990e+00 -2.832237e+00 -1.706749e+00 2.384293e-01 3.088051e-01 2.027215e+00 4.782502e-02 1.716562e+00 1.235688e+00 3.523274e-01 -3.066679e-03 -1.324968e+00 1.858913e-01 1.783199e-01 -2.439172e-01 -9.822056e-02 -7.881723e-02
<VARIANCE> 25
 1.168365e+01 2.205806e+01 3.801586e+01 3.870397e+01 3.723421e+01 3.980511e+01 5.157771e+01 4.680616e+01 4.826476e+01 4.472723e+01 4.116854e+01 3.461160e+01 2.100898e+00 2.048279e+00 3.927338e+00 2.595415e+00 3.923652e+00 3.922956e+00 5.056840e+00 4.311887e+00 4.213191e+00 4.034740e+00 3.662930e+00 3.219135e+00 1.750677e-03
<GCONST> 9.737206e+01
<MIXTURE> 75 9.711651e-03
<MEAN> 25
 2.554326e+00 -1.420150e+00 1.063751e+01 1.501060e+00 -1.152713e+01 -7.525765e+00 -4.490124e+00 -3.843743e-01 -4.545209e+00 -4.445846e+00 3.438298e+00 2.077302e-01 1.740903e+00 -1.780151e+00 1.521210e-01 -3.157586e-01 -2.467132e+00 -5.156737e-01 -1.426623e+00 8.519688e-01 -2.028780e-01 -3.216964e-01 1.087790e+00 -7.562848e-01 4.203337e-02
<VARIANCE> 25
 1.099734e+01 1.784849e+01 3.273219e+01 2.802787e+01 2.824978e+01 3.200658e+01 3.039954e+01 3.014670e+01 3.281943e+01 3.130073e+01 2.031358e+01 2.098185e+01 2.296510e+00 1.846984e+00 4.185968e+00 2.466342e+00 3.824450e+00 4.182394e+00 4.030883e+00 3.732235e+00 3.851244e+00 3.277271e+00 3.040912e+00 2.842656e+00 1.737494e-03
<GCONST> 9.226490e+01
<MIXTURE> 76 1.052359e-02
<MEAN> 25
 -5.588428e+00 -1.117275e+00 -1.854728e+00 2.588755e+00 3.177888e+00 1.365037e+00 3.420848e+00 1.803447e+00 2.064732e+00 6.165162e-03 1.553071e+00 2.013810e+00 -1.347188e-01 -6.669344e-01 -1.400306e-01 -9.722508e-01 -6.374599e-01 -7.215436e-01 -6.439435e-01 -1.540108e-01 -3.748792e-01 -6.122994e-01 -3.061036e-01 -1.960566e-01 1.727992e-02
<VARIANCE> 25
 3.089931e+01 2.194769e+01 2.414948e+01 2.691318e+01 2.678437e+01 2.713764e+01 2.346594e+01 2.417668e+01 2.160819e+01 2.135863e+01 2.433756e+01 1.655253e+01 1.023954e+00 1.174017e+00 1.170665e+00 1.318047e+00 1.214985e+00 1.383084e+00 1.383982e+00 1.495081e+00 1.337078e+00 1.414871e+00 1.548505e+00 1.244357e+00 1.044863e-03
<GCONST> 8.029957e+01
<MIXTURE> 77 1.244626e-02
<MEAN> 25
 -4.626716e-01 8.523995e+00 1.236924e+01 -1.150559e+01 -6.947619e+00 9.426406e-01 -9.204466e+00 -7.194552e+00 -3.362477e+00 -2.024236e-01 -4.629246e+00 -1.466686e+00 7.023618e-02 1.393666e-01 7.471383e-02 2.464976e-01 -2.237939e-02 7.191113e-02 -6.995318e-02 -6.128821e-02 8.430219e-02 -4.267274e-02 2.777323e-02 1.225708e-01 -9.796862e-03
<VARIANCE> 25
 1.035117e+01 2.030781e+01 2.822523e+01 4.260080e+01 3.331559e+01 3.354981e+01 3.704429e+01 3.175801e+01 3.496861e+01 3.293012e+01 3.736305e+01 3.477476e+01 3.005888e-01 7.774919e-01 6.407393e-01 1.079932e+00 1.230961e+00 9.830216e-01 1.218177e+00 1.069837e+00 1.037992e+00 1.063732e+00 9.711299e-01 9.200022e-01 5.383052e-04
<GCONST> 7.778776e+01
<MIXTURE> 78 9.702551e-03
<MEAN> 25
 -1.163673e+01 1.101905e+00 -1.639931e+00 2.260995e+00 4.443344e+00 -2.265322e+00 3.799448e+00 2.659209e+00 2.616794e+00 7.494875e-01 -4.820436e-01 3.053862e+00 2.407284e+00 -2.742305e-01 1.871102e-01 5.850629e-01 -3.304082e-02 1.708484e-02 -3.089063e-01 -8.753103e-02 2.189537e-01 1.413708e-01 -3.791320e-01 -4.615515e-01 -6.207222e-02
<VARIANCE> 25
 4.083575e+01 3.288285e+01 3.280631e+01 3.263147e+01 3.983076e+01 3.736090e+01 3.582227e+01 3.296950e+01 2.827455e+01 2.774021e+01 2.722333e+01 2.024887e+01 4.936809e+00 2.593204e+00 2.864909e+00 3.080578e+00 2.862502e+00 3.523033e+00 3.273129e+00 2.839958e+00 2.355311e+00 2.379597e+00 2.259578e+00 2.134172e+00 4.717336e-03
<GCONST> 9.468994e+01
<MIXTURE> 79 1.156824e-02
<MEAN> 25
 2.421108e+00 1.577337e+00 9.194845e+00 -6.609606e+00 -1.207833e+01 -1.817230e+00 -1.913431e+00 -6.477668e+00 -6.580671e+00 3.249688e-01 -3.519595e+00 -3.299735e+00 1.222155e+00 -5.256901e-01 -1.432673e+00 2.354318e+00 3.803171e-01 -1.473934e+00 5.347480e-01 8.878514e-01 -4.360973e-01 -5.432201e-01 3.582737e-01 2.802310e-01 -3.632252e-02
<VARIANCE> 25
 1.423964e+01 2.415311e+01 3.790845e+01 4.979410e+01 3.339614e+01 4.354129e+01 4.288333e+01 3.678942e+01 3.896241e+01 3.981657e+01 4.392949e+01 3.070402e+01 9.433759e-01 2.263385e+00 1.896696e+00 2.088127e+00 2.473925e+00 2.816464e+00 3.198880e+00 3.535694e+00 2.516553e+00 2.736012e+00 2.318778e+00 2.031519e+00 1.232820e-03
<GCONST> 9.181287e+01
<MIXTURE> 80 7.550998e-03
<MEAN> 25
 -1.460860e+01 3.982952e+00 6.888568e-01 2.865975e+00 2.449369e+00 1.410301e+00 6.397015e+00 2.496767e+00 2.719609e+00 2.373491e+00 4.852847e+00 1.186947e+00 4.286305e+00 -1.601319e-02 1.637934e+00 -1.135546e+00 -2.889462e+00 -2.777575e+00 -2.323238e+00 -2.021446e+00 -1.975009e+00 -1.685196e+00 -1.650849e+00 -6.027518e-01 -4.423213e-02
<VARIANCE> 25
 2.095018e+01 1.984662e+01 3.444426e+01 3.470744e+01 3.018081e+01 2.920873e+01 2.828666e+01 2.855490e+01 2.674636e+01 2.881111e+01 2.685422e+01 1.810689e+01 2.357354e+00 2.666186e+00 2.673109e+00 4.119892e+00 3.394140e+00 2.705072e+00 3.025239e+00 3.204122e+00 2.749186e+00 2.701682e+00 2.782144e+00 2.145738e+00 1.512160e-03
<GCONST> 9.139671e+01
<MIXTURE> 81 8.025434e-03
<MEAN> 25
 -1.118507e+00 4.066710e+00 1.017877e+01 -1.480286e+01 -9.079976e+00 -1.422626e+00 -6.766540e+00 -8.425735e+00 -4.151285e+00 -4.161689e-01 -7.574726e+00 -2.247031e+00 1.339940e-01 -5.872114e-01 -2.598754e-03 -5.564349e-01 -4.641582e-01 3.349829e-01 3.196413e-01 1.370511e-01 -1.403540e-01 1.065180e-01 -4.693482e-01 -1.250757e-01 1.151027e-02
<VARIANCE> 25
 1.015121e+01 3.280477e+01 2.646023e+01 2.928265e+01 3.370509e+01 3.051979e+01 4.544820e+01 2.825698e+01 3.798973e+01 3.188480e+01 2.529690e+01 3.104893e+01 7.721654e-01 2.277189e+00 1.545791e+00 2.872314e+00 2.663020e+00 2.126176e+00 3.280778e+00 2.287754e+00 2.355211e+00 2.538902e+00 2.298606e+00 2.078645e+00 1.183262e-03
<GCONST> 8.868474e+01
<MIXTURE> 82 8.213053e-03
<MEAN> 25
 -9.881428e+00 -3.908030e+00 1.638346e+00 -2.967623e+00 3.060886e+00 6.357127e-01 1.957021e+00 9.458648e-01 2.920744e+00 1.724415e+00 1.793199e+00 3.078949e+00 -1.292264e+00 -1.467167e-01 2.821040e-01 -2.597423e+00 -1.133311e+00 -1.260660e+00 -1.007660e+00 -8.705552e-01 -3.282204e-01 -4.735187e-01 -2.960954e-01 -1.180314e-01 1.778637e-01
<VARIANCE> 25
 1.861240e+01 2.474085e+01 3.207312e+01 3.061912e+01 3.302704e+01 3.213043e+01 3.165205e+01 3.271301e+01 3.104243e+01 2.490657e+01 3.081620e+01 1.735073e+01 3.775657e+00 3.071502e+00 3.293252e+00 3.243638e+00 3.617038e+00 3.258981e+00 2.921540e+00 2.994841e+00 2.784595e+00 2.473278e+00 2.474362e+00 1.912750e+00 3.441236e-03
<GCONST> 9.307835e+01
<MIXTURE> 83 1.167529e-02
<MEAN> 25
 -2.004081e+01 5.504238e+00 -1.789702e+00 -4.051103e-01 7.829639e+00 -1.234488e+00 5.460100e+00 3.044532e+00 1.192393e+00 2.190908e+00 7.244872e-01 2.881716e+00 -2.631321e-02 -4.501706e-01 4.872012e-03 -3.655977e-01 -4.974648e-01 -1.258521e-01 -1.343577e-01 -9.942717e-02 -4.144356e-02 -3.920248e-02 -3.058213e-02 -3.465528e-02 4.403248e-03
<VARIANCE> 25
 8.819281e+00 1.645402e+01 2.851271e+01 2.248555e+01 2.127508e+01 2.407955e+01 2.202746e+01 2.336420e+01 2.042958e+01 2.221887e+01 2.319599e+01 1.448780e+01 1.060910e+00 9.362046e-01 1.240790e+00 1.065688e+00 1.359398e+00 1.291389e+00 1.283447e+00 1.388157e+00 1.349015e+00 1.310737e+00 1.220778e+00 1.071650e+00 8.923843e-04
<GCONST> 7.703519e+01
<MIXTURE> 84 1.066614e-02
<MEAN> 25
 1.178532e+00 9.025540e+00 7.246981e+00 7.989925e+00 2.833796e+00 -9.180670e-01 -1.527294e+00 -4.482268e+00 -4.120559e+00 -2.911672e+00 -2.414384e+00 -1.596144e+00 -1.787989e+00 -1.185821e+00 -1.206526e+00 1.289348e+00 2.254494e+00 1.504236e+00 1.453456e+00 1.290215e+00 1.169245e+00 4.030911e-01 4.169088e-01 4.255465e-01 -7.173559e-02
<VARIANCE> 25
 2.350338e+01 1.823675e+01 2.160456e+01 2.412398e+01 2.918435e+01 2.831294e+01 2.795514e+01 2.655044e+01 2.529633e+01 2.525129e+01 2.360224e+01 2.461434e+01 2.102258e+00 2.541563e+00 3.849909e+00 3.302129e+00 3.275817e+00 3.378443e+00 3.291667e+00 3.408031e+00 3.484121e+00 3.251483e+00 3.589135e+00 2.806308e+00 3.526437e-03
<GCONST> 9.254398e+01
<MIXTURE> 85 7.591393e-03
<MEAN> 25
 -3.110547e+00 7.891751e+00 5.724881e+00 1.285900e+00 -3.493901e+00 -5.325462e+00 -2.980228e+00 -6.121294e+00 -3.542643e+00 -3.184614e+00 -4.791291e-01 -1.899480e+00 3.943429e+00 3.247333e-01 1.755913e+00 -2.091513e+00 -3.414657e+00 -2.583224e+00 -2.886018e+00 -2.341548e+00 -2.249107e+00 -1.264097e+00 -2.302848e+00 -6.159785e-01 9.212554e-03
<VARIANCE> 25
 4.247332e+01 2.343818e+01 3.647542e+01 3.822328e+01 3.974740e+01 4.119030e+01 3.216621e+01 2.789709e+01 2.664390e+01 2.611820e+01 2.622866e+01 2.056866e+01 2.704240e+00 4.326272e+00 4.058987e+00 5.182622e+00 4.408267e+00 3.880967e+00 3.853604e+00 3.987273e+00 3.849502e+00 4.040530e+00 3.941667e+00 3.485687e+00 5.446469e-03
<GCONST> 9.835551e+01
<MIXTURE> 86 1.273941e-02
<MEAN> 25
 -4.150713e+00 -9.282383e-01 -5.526642e-01 5.560780e+00 4.222716e+00 3.971968e+00 4.632341e+00 4.316898e+00 4.417702e+00 3.776086e+00 4.892754e+00 2.590963e+00 -3.234231e-02 3.753148e-03 -3.097851e-02 -2.186056e-02 -8.649851e-02 -2.086537e-01 -2.877250e-01 -3.479896e-01 -3.233621e-01 -3.729180e-01 -2.708814e-01 -7.039283e-02 -9.850828e-04
<VARIANCE> 25
 9.884479e+00 5.465935e+00 9.023259e+00 1.344873e+01 1.728913e+01 1.560428e+01 1.399049e+01 1.232674e+01 1.247657e+01 1.356546e+01 1.405022e+01 1.143131e+01 1.047890e-01 1.870070e-01 3.045052e-01 4.996298e-01 5.908781e-01 8.088176e-01 6.890526e-01 7.831736e-01 8.323153e-01 8.707271e-01 9.410131e-01 8.680894e-01 5.936666e-05
<GCONST> 5.826673e+01
<MIXTURE> 87 1.100681e-02
<MEAN> 25
 -3.300678e+00 4.540305e+00 3.503700e+00 7.018372e+00 5.566281e+00 8.887308e-01 1.639167e+00 -9.415451e-01 -5.835139e-01 -8.860344e-01 -7.846591e-01 3.316259e-02 -2.150777e+00 -2.787009e+00 -2.100940e+00 -2.225839e+00 -4.039714e-02 -1.830666e-01 6.131732e-01 1.299505e+00 1.401338e+00 1.028778e+00 9.464881e-01 1.002344e+00 1.046849e-01
<VARIANCE> 25
 3.809501e+01 2.953850e+01 2.804433e+01 3.373676e+01 2.872683e+01 3.191454e+01 2.815950e+01 2.732546e+01 2.596241e+01 2.469327e+01 2.481171e+01 2.315602e+01 3.860468e+00 2.712339e+00 3.919258e+00 3.650972e+00 4.799489e+00 4.308569e+00 4.153496e+00 3.895825e+00 3.540213e+00 3.388985e+00 3.383718e+00 2.733907e+00 4.954098e-03
<GCONST> 9.633277e+01
<MIXTURE> 88 1.256585e-02
<MEAN> 25
 -3.256642e+00 -6.088957e-01 -5.286832e-01 4.436979e+00 3.679619e+00 3.308586e+00 4.952445e+00 2.788531e+00 2.652311e+00 1.917616e+00 2.460710e+00 2.268475e+00 1.701847e-02 4.418992e-02 3.312708e-01 4.415205e-01 1.887993e-01 1.904085e-01 -1.476713e-02 -3.092637e-01 -5.594462e-01 -1.077035e-01 5.339523e-02 3.961620e-02 -1.275749e-03
<VARIANCE> 25
 8.647955e+00 7.191857e+00 1.149422e+01 1.294334e+01 1.522992e+01 1.533462e+01 1.788406e+01 1.480417e+01 1.458278e+01 1.361419e+01 1.707400e+01 1.254812e+01 1.011401e+00 1.510188e+00 1.588708e+00 1.796217e+00 1.904138e+00 2.534583e+00 2.409563e+00 2.287504e+00 2.938293e+00 2.479507e+00 2.733708e+00 1.958668e+00 1.132567e-03
<GCONST> 7.840359e+01
<MIXTURE> 89 9.333527e-03
<MEAN> 25
 6.060326e+00 -6.805605e+00 -3.554960e+00 -3.173495e+00 -1.613241e+00 -5.574968e+00 -6.079051e+00 4.079963e+00 3.484680e+00 -2.783387e+00 -6.025739e+00 -3.284270e+00 -5.712110e-01 1.612702e-01 1.988839e+00 9.026793e-01 -1.858266e+00 -1.639233e+00 8.818839e-01 1.260114e+00 -7.865952e-01 -1.310032e+00 4.095764e-01 1.539238e+00 -4.855371e-03
<VARIANCE> 25
 9.026161e+00 2.676210e+01 3.094495e+01 3.007409e+01 3.594949e+01 4.154440e+01 5.975473e+01 4.204823e+01 3.899637e+01 4.233746e+01 3.566428e+01 3.228093e+01 3.522785e-01 8.452320e-01 1.466561e+00 1.312341e+00 1.936849e+00 2.138011e+00 2.566365e+00 2.037521e+00 2.242033e+00 2.127930e+00 2.327213e+00 1.465621e+00 3.659469e-04
<GCONST> 8.526049e+01
<MIXTURE> 90 7.114505e-03
<MEAN> 25
 2.447048e+00 -9.716696e+00 -4.753377e+00 -3.977360e+00 -3.384129e+00 -1.807429e+00 3.361594e+00 1.174106e+00 -7.530344e+00 -1.020688e+01 -3.428607e+00 -7.470391e-01 -1.634834e-01 9.073988e-01 1.167915e+00 -8.530971e-01 -1.610993e+00 -2.119395e-01 6.445373e-01 -2.096725e-01 -1.689045e-01 7.369883e-01 1.832608e-01 -5.492181e-01 -1.114624e-02
<VARIANCE> 25
 8.493968e+00 1.781976e+01 1.981036e+01 2.799995e+01 3.681107e+01 3.218105e+01 3.850541e+01 3.644175e+01 3.520591e+01 2.775520e+01 2.698781e+01 2.622055e+01 2.240861e-01 6.159614e-01 7.868595e-01 1.042379e+00 1.472054e+00 1.590912e+00 1.779388e+00 1.653256e+00 1.810560e+00 1.677845e+00 1.495423e+00 1.308630e+00 2.150161e-04
<GCONST> 7.814447e+01
<MIXTURE> 91 7.852945e-03
<MEAN> 25
 6.246974e+00 -7.740414e+00 -8.556572e+00 -5.164806e+00 3.647257e+00 8.157976e-02 -2.076018e+00 5.165401e-01 5.326062e-01 -2.790552e+00 -4.561784e+00 -5.388901e+00 2.225565e-01 9.880106e-01 1.991887e-01 4.219882e-01 -1.456140e-02 -6.056385e-01 -3.410729e-01 -2.081944e-02 -3.776930e-02 4.596572e-01 -1.440782e-01 2.727187e-01 -3.629957e-02
<VARIANCE> 25
 1.027054e+01 2.264254e+01 1.939251e+01 3.911048e+01 3.657413e+01 5.464898e+01 5.273314e+01 3.946187e+01 5.279887e+01 6.236864e+01 4.157545e+01 4.144534e+01 4.673862e-01 9.103235e-01 1.104771e+00 1.352369e+00 2.210741e+00 2.367226e+00 2.344248e+00 2.498200e+00 2.343898e+00 2.144210e+00 1.978313e+00 1.861428e+00 6.231305e-04
<GCONST> 8.732655e+01
<MIXTURE> 92 7.852945e-03
<MEAN> 25
 6.246974e+00 -7.740414e+00 -8.556572e+00 -5.164806e+00 3.647257e+00 8.157976e-02 -2.076018e+00 5.165401e-01 5.326062e-01 -2.790552e+00 -4.561784e+00 -5.388901e+00 2.225565e-01 9.880106e-01 1.991887e-01 4.219882e-01 -1.456140e-02 -6.056385e-01 -3.410729e-01 -2.081944e-02 -3.776930e-02 4.596572e-01 -1.440782e-01 2.727187e-01 -3.629957e-02
<VARIANCE> 25
 1.027054e+01 2.264254e+01 1.939251e+01 3.911048e+01 3.657413e+01 5.464898e+01 5.273314e+01 3.946187e+01 5.279887e+01 6.236864e+01 4.157545e+01 4.144534e+01 4.673862e-01 9.103235e-01 1.104771e+00 1.352369e+00 2.210741e+00 2.367226e+00 2.344248e+00 2.498200e+00 2.343898e+00 2.144210e+00 1.978313e+00 1.861428e+00 6.231305e-04
<GCONST> 8.732655e+01
<MIXTURE> 93 6.122769e-03
<MEAN> 25
 -6.750463e+00 -9.435360e-01 -2.365858e+00 5.748311e+00 5.863971e+00 3.880675e+00 6.090609e+00 3.616947e+00 4.089197e+00 2.519791e+00 1.806259e+00 3.689216e+00 -6.511810e-02 -1.521192e-01 -2.601994e-01 -3.345118e-01 -3.340506e-01 -2.783994e-01 -2.141522e-01 -1.705752e-01 -1.687818e-01 -1.534979e-01 -9.854200e-02 -3.653876e-02 -1.265841e-05
<VARIANCE> 25
 9.483626e+00 6.011066e+00 8.226007e+00 1.147014e+01 1.155146e+01 1.600310e+01 1.526560e+01 1.634333e+01 1.479015e+01 1.442730e+01 1.666711e+01 1.338502e+01 8.410095e-02 1.528611e-01 2.662193e-01 3.782532e-01 4.935559e-01 6.394678e-01 7.781084e-01 8.829766e-01 9.088017e-01 8.710833e-01 8.941548e-01 9.174948e-01 1.009373e-06
<GCONST> 5.363083e+01
<MIXTURE> 94 6.122769e-03
<MEAN> 25
 -6.750463e+00 -9.435360e-01 -2.365858e+00 5.748311e+00 5.863971e+00 3.880675e+00 6.090609e+00 3.616947e+00 4.089197e+00 2.519791e+00 1.806259e+00 3.689216e+00 -6.511810e-02 -1.521192e-01 -2.601994e-01 -3.345118e-01 -3.340506e-01 -2.783994e-01 -2.141522e-01 -1.705752e-01 -1.687818e-01 -1.534979e-01 -9.854200e-02 -3.653876e-02 -1.265841e-05
<VARIANCE> 25
 9.483626e+00 6.011066e+00 8.226007e+00 1.147014e+01 1.155146e+01 1.600310e+01 1.526560e+01 1.634333e+01 1.479015e+01 1.442730e+01 1.666711e+01 1.338502e+01 8.410095e-02 1.528611e-01 2.662193e-01 3.782532e-01 4.935559e-01 6.394678e-01 7.781084e-01 8.829766e-01 9.088017e-01 8.710833e-01 8.941548e-01 9.174948e-01 1.009373e-06
<GCONST> 5.363083e+01
<MIXTURE> 95 5.258835e-03
<MEAN> 25
 -4.236311e+00 -3.426840e-01 -1.040726e+00 3.779572e+00 3.153871e+00 2.080632e+00 3.169481e+00 8.839053e-01 1.435782e+00 7.022516e-01 1.034862e+00 1.830737e+00 2.026173e-01 2.021848e-01 9.452688e-02 -1.015000e-01 -3.243390e-01 -6.092294e-01 -9.372675e-01 -1.258222e+00 -1.140731e+00 -1.017711e+00 -6.572713e-01 -1.711292e-01 5.990978e-06
<VARIANCE> 25
 1.187455e+01 5.417161e+00 1.058044e+01 1.138303e+01 1.266156e+01 1.687085e+01 1.704830e+01 1.553076e+01 1.512558e+01 1.278707e+01 1.645380e+01 1.487206e+01 2.335865e-01 2.512794e-01 3.723588e-01 6.565988e-01 7.275168e-01 7.471217e-01 7.778546e-01 9.163045e-01 8.336488e-01 1.130947e+00 1.234367e+00 1.139385e+00 7.737939e-05
<GCONST> 6.223305e+01
<MIXTURE> 96 7.034694e-03
<MEAN> 25
 -4.048887e+00 5.713076e-02 -1.637519e+00 4.324150e+00 3.391454e+00 1.326270e+00 3.009403e+00 1.543758e+00 2.308612e+00 1.207683e+00 1.210964e+00 2.603652e+00 -5.157004e-02 9.519831e-02 2.120129e-01 3.831349e-01 5.422967e-01 5.162277e-01 2.245788e-01 -1.111182e-01 -3.458245e-01 -5.519602e-01 -6.686289e-01 -4.625935e-01 -9.332455e-05
<VARIANCE> 25
 1.241022e+01 8.888712e+00 1.188455e+01 1.414119e+01 1.330886e+01 1.749155e+01 1.606319e+01 1.828548e+01 1.606119e+01 1.584118e+01 1.752676e+01 1.375996e+01 1.277197e-01 2.028963e-01 3.223726e-01 4.108512e-01 4.484966e-01 6.071163e-01 7.787239e-01 8.869063e-01 9.795444e-01 8.624876e-01 8.429098e-01 9.588758e-01 1.300663e-06
<GCONST> 5.665217e+01
<MIXTURE> 97 7.034694e-03
<MEAN> 25
 -4.048887e+00 5.713076e-02 -1.637519e+00 4.324150e+00 3.391454e+00 1.326270e+00 3.009403e+00 1.543758e+00 2.308612e+00 1.207683e+00 1.210964e+00 2.603652e+00 -5.157004e-02 9.519831e-02 2.120129e-01 3.831349e-01 5.422967e-01 5.162277e-01 2.245788e-01 -1.111182e-01 -3.458245e-01 -5.519602e-01 -6.686289e-01 -4.625935e-01 -9.332455e-05
<VARIANCE> 25
 1.241022e+01 8.888712e+00 1.188455e+01 1.414119e+01 1.330886e+01 1.749155e+01 1.606319e+01 1.828548e+01 1.606119e+01 1.584118e+01 1.752676e+01 1.375996e+01 1.277197e-01 2.028963e-01 3.223726e-01 4.108512e-01 4.484966e-01 6.071163e-01 7.787239e-01 8.869063e-01 9.795444e-01 8.624876e-01 8.429098e-01 9.588758e-01 1.300663e-06
<GCONST> 5.665217e+01
<MIXTURE> 98 9.917808e-03
<MEAN> 25
 -1.431544e+00 9.775992e-01 -1.697315e-01 4.456244e+00 3.629854e+00 2.583820e+00 3.238518e+00 1.767877e+00 1.730622e+00 9.942596e-01 7.487800e-01 9.991879e-01 -1.771268e+00 -1.469104e+00 -9.670963e-01 1.919706e-01 6.358379e-01 8.393907e-01 1.307301e+00 1.412308e+00 1.631920e+00 1.156221e+00 1.389602e+00 9.672940e-01 -3.347203e-02
<VARIANCE> 25
 1.393426e+01 1.936710e+01 3.069634e+01 3.222129e+01 4.171125e+01 3.560972e+01 3.195064e+01 2.843378e+01 2.727479e+01 2.945630e+01 2.597111e+01 2.297577e+01 1.361188e+00 1.480832e+00 2.376338e+00 2.448090e+00 2.806540e+00 2.857903e+00 2.856196e+00 2.731436e+00 2.640358e+00 2.930975e+00 2.817803e+00 2.079894e+00 2.385014e-03
<GCONST> 9.001124e+01
<MIXTURE> 99 6.696178e-03
<MEAN> 25
 -6.323637e+00 9.846471e+00 6.718875e+00 3.425098e+00 9.370033e-01 -5.219479e+00 -1.703364e+00 -4.133527e+00 -3.437661e+00 -3.712043e+00 -1.622855e+00 4.098745e-01 5.534960e-01 -7.128393e-01 3.189761e-01 -3.943720e-01 -1.128919e+00 -5.171016e-01 -3.394056e-01 -2.438999e-01 -9.987444e-02 -4.981480e-02 2.408300e-01 1.713460e-01 1.044467e-02
<VARIANCE> 25
 3.591079e+01 2.600996e+01 4.651759e+01 3.134348e+01 3.601291e+01 3.500385e+01 2.735918e+01 2.917125e+01 2.649793e+01 2.755717e+01 2.041109e+01 2.876660e+01 2.172895e+00 1.886922e+00 1.413066e+00 1.743726e+00 2.638514e+00 2.062294e+00 1.577048e+00 1.632322e+00 1.541378e+00 1.581377e+00 1.306667e+00 1.266600e+00 1.539932e-03
<GCONST> 8.673264e+01
<MIXTURE> 100 4.498084e-03
<MEAN> 25
 -1.598878e+00 6.344827e+00 1.027700e+01 -7.462759e+00 -1.078206e+01 -5.075294e+00 -4.941668e+00 -9.968847e+00 -4.718240e+00 -8.551691e-01 -2.733300e+00 -2.708267e+00 2.917895e+00 -1.260455e+00 1.299659e+00 -2.185945e+00 -3.419489e+00 -7.841161e-01 -1.218778e+00 -8.197802e-01 -1.475479e+00 3.466953e-01 -1.655620e+00 -2.862392e-01 2.015521e-03
<VARIANCE> 25
 1.362666e+01 2.105913e+01 2.246177e+01 2.642710e+01 2.301848e+01 2.372172e+01 2.911146e+01 2.170685e+01 2.748231e+01 2.265230e+01 2.241141e+01 2.134114e+01 1.799129e+00 3.953767e+00 2.919965e+00 4.286306e+00 4.184435e+00 4.537227e+00 4.015484e+00 4.340374e+00 4.167888e+00 3.896067e+00 3.910382e+00 3.225015e+00 1.674840e-03
<GCONST> 9.256865e+01
<MIXTURE> 101 6.007792e-03
<MEAN> 25
 7.959774e+00 -3.526448e+00 -6.356263e+00 -6.766701e+00 4.051885e-01 -1.222335e+00 -1.034744e+01 -2.293901e+00 1.553144e+00 2.728492e+00 -2.239818e+00 -5.705227e+00 6.529661e-01 6.430188e-01 -1.537154e+00 -1.501632e+00 1.046298e+00 2.337216e+00 2.156269e-01 -1.457693e+00 -1.022703e+00 9.324072e-01 1.246478e+00 -4.875669e-01 -4.285540e-03
<VARIANCE> 25
 9.140072e+00 1.599985e+01 2.850249e+01 4.101256e+01 3.834528e+01 3.408137e+01 3.626366e+01 3.550127e+01 3.650237e+01 4.232777e+01 4.957372e+01 2.902310e+01 3.004564e-01 6.458864e-01 1.267869e+00 1.693368e+00 1.610672e+00 2.001850e+00 1.988716e+00 1.896920e+00 2.364204e+00 2.342258e+00 2.003244e+00 1.966776e+00 3.337661e-04
<GCONST> 8.364674e+01
<MIXTURE> 102 6.007792e-03
<MEAN> 25
 7.959774e+00 -3.526448e+00 -6.356263e+00 -6.766701e+00 4.051885e-01 -1.222335e+00 -1.034744e+01 -2.293901e+00 1.553144e+00 2.728492e+00 -2.239818e+00 -5.705227e+00 6.529661e-01 6.430188e-01 -1.537154e+00 -1.501632e+00 1.046298e+00 2.337216e+00 2.156269e-01 -1.457693e+00 -1.022703e+00 9.324072e-01 1.246478e+00 -4.875669e-01 -4.285540e-03
<VARIANCE> 25
 9.140072e+00 1.599985e+01 2.850249e+01 4.101256e+01 3.834528e+01 3.408137e+01 3.626366e+01 3.550127e+01 3.650237e+01 4.232777e+01 4.957372e+01 2.902310e+01 3.004564e-01 6.458864e-01 1.267869e+00 1.693368e+00 1.610672e+00 2.001850e+00 1.988716e+00 1.896920e+00 2.364204e+00 2.342258e+00 2.003244e+00 1.966776e+00 3.337661e-04
<GCONST> 8.364674e+01
<MIXTURE> 103 5.694618e-03
<MEAN> 25
 3.374392e+00 -9.466378e+00 -6.143856e+00 -3.099824e+00 -1.342541e+00 -1.956682e+00 2.414460e+00 2.487798e+00 -4.615068e+00 -9.230918e+00 -5.041177e+00 3.174882e-01 -1.588992e-01 -1.485341e+00 -9.810680e-01 3.733829e-01 1.211780e+00 1.025110e+00 1.614879e-01 -2.694409e-01 -7.872146e-01 -9.486542e-01 -3.502543e-02 1.189433e-01 2.682808e-02
<VARIANCE> 25
 1.032138e+01 2.031658e+01 2.291357e+01 3.162649e+01 4.792196e+01 3.495937e+01 4.643567e+01 3.680478e+01 4.199445e+01 2.942296e+01 3.008635e+01 2.689446e+01 6.420915e-01 1.252506e+00 1.536324e+00 1.934618e+00 2.918818e+00 2.413565e+00 2.882326e+00 2.569495e+00 2.565769e+00 2.521959e+00 2.090755e+00 2.010633e+00 8.083659e-04
<GCONST> 8.756984e+01
<MIXTURE> 104 5.694618e-03
<MEAN> 25
 3.374392e+00 -9.466378e+00 -6.143856e+00 -3.099824e+00 -1.342541e+00 -1.956682e+00 2.414460e+00 2.487798e+00 -4.615068e+00 -9.230918e+00 -5.041177e+00 3.174882e-01 -1.588992e-01 -1.485341e+00 -9.810680e-01 3.733829e-01 1.211780e+00 1.025110e+00 1.614879e-01 -2.694409e-01 -7.872146e-01 -9.486542e-01 -3.502543e-02 1.189433e-01 2.682808e-02
<VARIANCE> 25
 1.032138e+01 2.031658e+01 2.291357e+01 3.162649e+01 4.792196e+01 3.495937e+01 4.643567e+01 3.680478e+01 4.199445e+01 2.942296e+01 3.008635e+01 2.689446e+01 6.420915e-01 1.252506e+00 1.536324e+00 1.934618e+00 2.918818e+00 2.413565e+00 2.882326e+00 2.569495e+00 2.565769e+00 2.521959e+00 2.090755e+00 2.010633e+00 8.083659e-04
<GCONST> 8.756984e+01
<MIXTURE> 105 4.710235e-03
<MEAN> 25
 2.142491e+00 -1.364239e+00 8.879859e+00 -2.601070e+00 -1.109670e+01 -4.771047e+00 -4.039587e+00 -7.875925e-01 -3.661998e+00 -3.087679e+00 1.469839e+00 -1.106327e+00 2.154517e-02 4.198789e-02 4.230927e-02 -5.084630e-02 8.194117e-03 3.198021e-02 -1.376600e-02 3.629309e-02 -2.200365e-02 4.134508e-02 3.173583e-02 -3.178642e-02 -1.991749e-03
<VARIANCE> 25
 1.294006e+01 2.782107e+01 4.169874e+01 4.336279e+01 4.126550e+01 5.266248e+01 3.999246e+01 4.232413e+01 3.863000e+01 4.066330e+01 4.050644e+01 2.969871e+01 8.753759e-02 1.976897e-01 3.337693e-01 2.844872e-01 3.677045e-01 4.324717e-01 4.682711e-01 5.075648e-01 4.830334e-01 4.369644e-01 4.205979e-01 4.054566e-01 9.458872e-05
<GCONST> 6.662599e+01
<MIXTURE> 106 4.710235e-03
<MEAN> 25
 2.142491e+00 -1.364239e+00 8.879859e+00 -2.601070e+00 -1.109670e+01 -4.771047e+00 -4.039587e+00 -7.875925e-01 -3.661998e+00 -3.087679e+00 1.469839e+00 -1.106327e+00 2.154517e-02 4.198789e-02 4.230927e-02 -5.084630e-02 8.194117e-03 3.198021e-02 -1.376600e-02 3.629309e-02 -2.200365e-02 4.134508e-02 3.173583e-02 -3.178642e-02 -1.991749e-03
<VARIANCE> 25
 1.294006e+01 2.782107e+01 4.169874e+01 4.336279e+01 4.126550e+01 5.266248e+01 3.999246e+01 4.232413e+01 3.863000e+01 4.066330e+01 4.050644e+01 2.969871e+01 8.753759e-02 1.976897e-01 3.337693e-01 2.844872e-01 3.677045e-01 4.324717e-01 4.682711e-01 5.075648e-01 4.830334e-01 4.369644e-01 4.205979e-01 4.054566e-01 9.458872e-05
<GCONST> 6.662599e+01
<MIXTURE> 107 5.452374e-03
<MEAN> 25
 8.635820e+00 -2.319658e+00 -8.041020e+00 -9.557687e+00 1.955099e+00 2.962602e+00 -8.631815e+00 -4.558732e+00 -8.960924e-01 3.386099e+00 8.566189e-01 -5.086076e+00 -6.100532e-01 -7.688084e-01 8.356925e-01 1.770581e+00 2.263442e-01 -2.011555e+00 -9.192303e-01 8.481858e-01 1.764763e+00 4.797197e-02 -1.655641e+00 -8.179098e-01 -1.847614e-03
<VARIANCE> 25
 9.263116e+00 2.051749e+01 2.831858e+01 4.277317e+01 3.582025e+01 3.844477e+01 5.119545e+01 3.625451e+01 4.585571e+01 4.169643e+01 5.134890e+01 3.044193e+01 3.552928e-01 9.696066e-01 1.460698e+00 2.417007e+00 2.285276e+00 2.823776e+00 2.616625e+00 2.541915e+00 2.304405e+00 3.028182e+00 1.949576e+00 2.209422e+00 7.052701e-04
<GCONST> 8.805933e+01
<MIXTURE> 108 5.452374e-03
<MEAN> 25
 8.635820e+00 -2.319658e+00 -8.041020e+00 -9.557687e+00 1.955099e+00 2.962602e+00 -8.631815e+00 -4.558732e+00 -8.960924e-01 3.386099e+00 8.566189e-01 -5.086076e+00 -6.100532e-01 -7.688084e-01 8.356925e-01 1.770581e+00 2.263442e-01 -2.011555e+00 -9.192303e-01 8.481858e-01 1.764763e+00 4.797197e-02 -1.655641e+00 -8.179098e-01 -1.847614e-03
<VARIANCE> 25
 9.263116e+00 2.051749e+01 2.831858e+01 4.277317e+01 3.582025e+01 3.844477e+01 5.119545e+01 3.625451e+01 4.585571e+01 4.169643e+01 5.134890e+01 3.044193e+01 3.552928e-01 9.696066e-01 1.460698e+00 2.417007e+00 2.285276e+00 2.823776e+00 2.616625e+00 2.541915e+00 2.304405e+00 3.028182e+00 1.949576e+00 2.209422e+00 7.052701e-04
<GCONST> 8.805933e+01
<MIXTURE> 109 6.661064e-03
<MEAN> 25
 4.058253e+00 -1.044625e+01 -8.259673e+00 -1.374152e+00 2.709157e+00 -6.820230e-03 -9.484824e-02 1.399229e+00 -2.581258e+00 -8.300530e+00 -5.343103e+00 -1.454001e-03 -3.592056e-02 -1.399986e-01 -3.675596e-02 2.477608e-01 1.953347e-01 1.234482e-01 -1.202736e-01 -1.026212e-01 -4.747820e-02 -1.329074e-01 2.107337e-01 1.264173e-02 -3.638034e-03
<VARIANCE> 25
 9.087470e+00 1.901645e+01 2.028942e+01 3.112426e+01 4.072525e+01 3.652895e+01 4.616061e+01 3.445317e+01 4.571017e+01 3.534113e+01 2.947832e+01 2.862234e+01 1.927348e-01 4.283080e-01 5.382348e-01 6.303791e-01 1.219001e+00 9.944356e-01 1.254545e+00 1.090738e+00 1.134503e+00 9.497796e-01 8.877387e-01 8.773675e-01 1.824823e-04
<GCONST> 7.449585e+01
<MIXTURE> 110 6.661064e-03
<MEAN> 25
 4.058253e+00 -1.044625e+01 -8.259673e+00 -1.374152e+00 2.709157e+00 -6.820230e-03 -9.484824e-02 1.399229e+00 -2.581258e+00 -8.300530e+00 -5.343103e+00 -1.454001e-03 -3.592056e-02 -1.399986e-01 -3.675596e-02 2.477608e-01 1.953347e-01 1.234482e-01 -1.202736e-01 -1.026212e-01 -4.747820e-02 -1.329074e-01 2.107337e-01 1.264173e-02 -3.638034e-03
<VARIANCE> 25
 9.087470e+00 1.901645e+01 2.028942e+01 3.112426e+01 4.072525e+01 3.652895e+01 4.616061e+01 3.445317e+01 4.571017e+01 3.534113e+01 2.947832e+01 2.862234e+01 1.927348e-01 4.283080e-01 5.382348e-01 6.303791e-01 1.219001e+00 9.944356e-01 1.254545e+00 1.090738e+00 1.134503e+00 9.497796e-01 8.877387e-01 8.773675e-01 1.824823e-04
<GCONST> 7.449585e+01
<MIXTURE> 111 4.337247e-03
<MEAN> 25
 -1.472287e+00 1.846513e-01 -3.577826e-01 7.861791e-01 4.736279e-01 -1.660374e-01 -5.642778e-01 -1.662416e-01 -2.788068e-01 -8.003340e-01 -7.717136e-01 1.252651e+00 -2.651822e-02 2.553873e-03 -9.790070e-02 -1.437168e-02 -2.649667e-02 8.738378e-02 -3.480822e-02 -1.084304e-01 -9.364836e-02 -2.923437e-01 -1.706636e-01 -2.313055e-02 -1.279677e-03
<VARIANCE> 25
 4.272482e+00 3.414481e+00 5.633524e+00 5.642679e+00 7.137316e+00 1.244746e+01 1.050690e+01 9.946045e+00 8.710245e+00 1.023183e+01 1.072970e+01 8.724009e+00 1.181317e-01 2.107952e-01 2.417538e-01 4.043326e-01 5.643222e-01 7.567071e-01 7.310046e-01 9.175507e-01 7.330247e-01 9.299995e-01 7.592875e-01 7.881200e-01 3.812953e-05
<GCONST> 5.191177e+01
<MIXTURE> 112 4.337247e-03
<MEAN> 25
 -1.472287e+00 1.846513e-01 -3.577826e-01 7.861791e-01 4.736279e-01 -1.660374e-01 -5.642778e-01 -1.662416e-01 -2.788068e-01 -8.003340e-01 -7.717136e-01 1.252651e+00 -2.651822e-02 2.553873e-03 -9.790070e-02 -1.437168e-02 -2.649667e-02 8.738378e-02 -3.480822e-02 -1.084304e-01 -9.364836e-02 -2.923437e-01 -1.706636e-01 -2.313055e-02 -1.279677e-03
<VARIANCE> 25
 4.272482e+00 3.414481e+00 5.633524e+00 5.642679e+00 7.137316e+00 1.244746e+01 1.050690e+01 9.946045e+00 8.710245e+00 1.023183e+01 1.072970e+01 8.724009e+00 1.181317e-01 2.107952e-01 2.417538e-01 4.043326e-01 5.643222e-01 7.567071e-01 7.310046e-01 9.175507e-01 7.330247e-01 9.299995e-01 7.592875e-01 7.881200e-01 3.812953e-05
<GCONST> 5.191177e+01
<MIXTURE> 113 5.938666e-03
<MEAN> 25
 9.974421e+00 1.752853e+00 -8.780622e+00 -1.703940e+01 -1.035044e+00 5.658898e+00 -5.279474e+00 -1.468708e+00 -5.695276e+00 -4.944913e-01 2.990662e-01 -2.023264e-01 4.625644e-03 1.322680e-02 -5.973444e-02 -1.133819e-01 1.041684e-01 1.511117e-01 5.959478e-02 3.594875e-02 -5.773971e-02 -5.142269e-02 1.793650e-01 3.521528e-02 -1.416010e-03
<VARIANCE> 25
 8.893427e+00 1.639711e+01 2.968047e+01 3.430061e+01 5.272328e+01 3.384893e+01 3.969064e+01 3.913788e+01 3.735910e+01 4.637849e+01 3.628038e+01 2.848705e+01 1.218212e-01 3.211562e-01 3.161712e-01 6.310852e-01 6.125814e-01 6.542681e-01 7.766502e-01 8.452991e-01 9.612389e-01 9.051458e-01 7.249293e-01 7.131586e-01 1.248429e-04
<GCONST> 7.111296e+01
<MIXTURE> 114 5.938666e-03
<MEAN> 25
 9.974421e+00 1.752853e+00 -8.780622e+00 -1.703940e+01 -1.035044e+00 5.658898e+00 -5.279474e+00 -1.468708e+00 -5.695276e+00 -4.944913e-01 2.990662e-01 -2.023264e-01 4.625644e-03 1.322680e-02 -5.973444e-02 -1.133819e-01 1.041684e-01 1.511117e-01 5.959478e-02 3.594875e-02 -5.773971e-02 -5.142269e-02 1.793650e-01 3.521528e-02 -1.416010e-03
<VARIANCE> 25
 8.893427e+00 1.639711e+01 2.968047e+01 3.430061e+01 5.272328e+01 3.384893e+01 3.969064e+01 3.913788e+01 3.735910e+01 4.637849e+01 3.628038e+01 2.848705e+01 1.218212e-01 3.211562e-01 3.161712e-01 6.310852e-01 6.125814e-01 6.542681e-01 7.766502e-01 8.452991e-01 9.612389e-01 9.051458e-01 7.249293e-01 7.131586e-01 1.248429e-04
<GCONST> 7.111296e+01
<MIXTURE> 115 2.935202e-03
<MEAN> 25
 -3.356242e+00 -6.153790e-01 -2.438714e+00 3.131139e+00 1.967797e+00 -1.456144e-01 2.190358e+00 -9.170604e-03 6.033368e-01 1.483441e-01 -1.936664e-01 2.195093e+00 2.897699e-02 -2.607270e-02 -2.078764e-01 -4.477703e-01 -6.457883e-01 -6.570917e-01 -5.799816e-01 -4.832374e-01 -4.778861e-01 -4.009082e-01 -3.574932e-01 -1.570523e-01 -1.085762e-04
<VARIANCE> 25
 9.664619e+00 9.476727e+00 1.370401e+01 1.197283e+01 1.257537e+01 1.690799e+01 1.803117e+01 1.979424e+01 2.034081e+01 1.667538e+01 2.042825e+01 1.570131e+01 2.478051e-01 3.223041e-01 4.510452e-01 5.069391e-01 6.462712e-01 8.015826e-01 8.915627e-01 1.080742e+00 9.535925e-01 9.019583e-01 1.059045e+00 1.057032e+00 1.112270e-06
<GCONST> 5.995406e+01
<MIXTURE> 116 2.935202e-03
<MEAN> 25
 -3.356242e+00 -6.153790e-01 -2.438714e+00 3.131139e+00 1.967797e+00 -1.456144e-01 2.190358e+00 -9.170604e-03 6.033368e-01 1.483441e-01 -1.936664e-01 2.195093e+00 2.897699e-02 -2.607270e-02 -2.078764e-01 -4.477703e-01 -6.457883e-01 -6.570917e-01 -5.799816e-01 -4.832374e-01 -4.778861e-01 -4.009082e-01 -3.574932e-01 -1.570523e-01 -1.085762e-04
<VARIANCE> 25
 9.664619e+00 9.476727e+00 1.370401e+01 1.197283e+01 1.257537e+01 1.690799e+01 1.803117e+01 1.979424e+01 2.034081e+01 1.667538e+01 2.042825e+01 1.570131e+01 2.478051e-01 3.223041e-01 4.510452e-01 5.069391e-01 6.462712e-01 8.015826e-01 8.915627e-01 1.080742e+00 9.535925e-01 9.019583e-01 1.059045e+00 1.057032e+00 1.112270e-06
<GCONST> 5.995406e+01
<MIXTURE> 117 6.506003e-03
<MEAN> 25
 -4.629588e+00 1.118993e+00 1.055855e+00 9.737573e+00 6.248385e+00 6.237073e+00 6.449952e+00 5.040092e+00 6.374224e+00 4.930949e+00 6.353331e+00 2.715163e+00 -7.658550e-02 -2.333718e-01 -3.590198e-01 -4.199437e-01 -3.671300e-01 -3.003809e-01 -2.839501e-01 -3.300689e-01 -3.909211e-01 -3.693829e-01 -2.628562e-01 -1.191307e-01 -9.659101e-06
<VARIANCE> 25
 7.243492e+00 8.741619e+00 9.783984e+00 1.441647e+01 1.562278e+01 1.545786e+01 1.775410e+01 1.793159e+01 1.645153e+01 1.632854e+01 1.677199e+01 1.472844e+01 2.173685e-01 3.069011e-01 4.252362e-01 6.157464e-01 8.519397e-01 1.054680e+00 1.179678e+00 1.231076e+00 1.221294e+00 1.192571e+00 1.164809e+00 1.114888e+00 1.000300e-06
<GCONST> 6.043793e+01
<MIXTURE> 118 6.506003e-03
<MEAN> 25
 -4.629588e+00 1.118993e+00 1.055855e+00 9.737573e+00 6.248385e+00 6.237073e+00 6.449952e+00 5.040092e+00 6.374224e+00 4.930949e+00 6.353331e+00 2.715163e+00 -7.658550e-02 -2.333718e-01 -3.590198e-01 -4.199437e-01 -3.671300e-01 -3.003809e-01 -2.839501e-01 -3.300689e-01 -3.909211e-01 -3.693829e-01 -2.628562e-01 -1.191307e-01 -9.659101e-06
<VARIANCE> 25
 7.243492e+00 8.741619e+00 9.783984e+00 1.441647e+01 1.562278e+01 1.545786e+01 1.775410e+01 1.793159e+01 1.645153e+01 1.632854e+01 1.677199e+01 1.472844e+01 2.173685e-01 3.069011e-01 4.252362e-01 6.157464e-01 8.519397e-01 1.054680e+00 1.179678e+00 1.231076e+00 1.221294e+00 1.192571e+00 1.164809e+00 1.114888e+00 1.000300e-06
<GCONST> 6.043793e+01
<MIXTURE> 119 4.297961e-03
<MEAN> 25
 -4.838893e+00 -7.389182e+00 2.202308e+00 1.832322e+00 2.109942e+00 3.237265e-01 5.117310e+00 5.689008e+00 1.031385e+00 9.612389e-01 6.392432e+00 1.519823e+00 -3.942640e-02 -8.447258e-02 2.902848e-02 -6.249598e-02 -1.364776e-01 -1.765715e-01 -7.087903e-02 -2.336895e-02 -9.627330e-02 -1.272388e-01 -9.927041e-02 -8.683883e-02 5.861530e-04
<VARIANCE> 25
 8.638577e+00 1.067780e+01 1.617700e+01 2.030426e+01 2.234473e+01 2.293790e+01 2.498144e+01 2.760255e+01 2.519207e+01 2.757788e+01 2.068447e+01 1.966646e+01 1.727766e-01 2.895235e-01 4.476356e-01 6.177037e-01 7.893113e-01 9.919159e-01 1.068823e+00 1.265576e+00 1.248712e+00 1.222436e+00 1.227180e+00 1.112966e+00 2.333843e-04
<GCONST> 6.974149e+01
<MIXTURE> 120 4.297961e-03
<MEAN> 25
 -4.838893e+00 -7.389182e+00 2.202308e+00 1.832322e+00 2.109942e+00 3.237265e-01 5.117310e+00 5.689008e+00 1.031385e+00 9.612389e-01 6.392432e+00 1.519823e+00 -3.942640e-02 -8.447258e-02 2.902848e-02 -6.249598e-02 -1.364776e-01 -1.765715e-01 -7.087903e-02 -2.336895e-02 -9.627330e-02 -1.272388e-01 -9.927041e-02 -8.683883e-02 5.861530e-04
<VARIANCE> 25
 8.638577e+00 1.067780e+01 1.617700e+01 2.030426e+01 2.234473e+01 2.293790e+01 2.498144e+01 2.760255e+01 2.519207e+01 2.757788e+01 2.068447e+01 1.966646e+01 1.727766e-01 2.895235e-01 4.476356e-01 6.177037e-01 7.893113e-01 9.919159e-01 1.068823e+00 1.265576e+00 1.248712e+00 1.222436e+00 1.227180e+00 1.112966e+00 2.333843e-04
<GCONST> 6.974149e+01
<MIXTURE> 121 4.567511e-03
<MEAN> 25
 1.419344e-01 -2.492670e+00 5.041139e+00 -1.263075e+01 -1.222839e+01 -1.626568e+00 9.489394e-01 -4.722270e+00 -4.079279e+00 -4.443383e-01 -5.416279e+00 -4.333215e+00 3.732489e-02 1.590963e-01 -4.412211e-02 6.242111e-02 1.737606e-01 5.062207e-02 -1.356377e-01 -1.886310e-01 -2.438638e-01 -2.369063e-01 -1.381211e-01 -3.951663e-02 -7.535930e-03
<VARIANCE> 25
 7.528729e+00 1.502949e+01 1.691312e+01 2.129653e+01 2.724110e+01 2.809332e+01 2.839645e+01 2.717925e+01 3.418110e+01 2.724962e+01 1.914310e+01 2.041000e+01 1.545164e-01 6.389494e-01 5.997065e-01 6.841458e-01 7.530429e-01 1.122142e+00 1.150069e+00 1.082190e+00 1.182124e+00 1.156494e+00 9.264553e-01 8.945881e-01 2.030455e-04
<GCONST> 7.112293e+01
<MIXTURE> 122 4.567511e-03
<MEAN> 25
 1.419344e-01 -2.492670e+00 5.041139e+00 -1.263075e+01 -1.222839e+01 -1.626568e+00 9.489394e-01 -4.722270e+00 -4.079279e+00 -4.443383e-01 -5.416279e+00 -4.333215e+00 3.732489e-02 1.590963e-01 -4.412211e-02 6.242111e-02 1.737606e-01 5.062207e-02 -1.356377e-01 -1.886310e-01 -2.438638e-01 -2.369063e-01 -1.381211e-01 -3.951663e-02 -7.535930e-03
<VARIANCE> 25
 7.528729e+00 1.502949e+01 1.691312e+01 2.129653e+01 2.724110e+01 2.809332e+01 2.839645e+01 2.717925e+01 3.418110e+01 2.724962e+01 1.914310e+01 2.041000e+01 1.545164e-01 6.389494e-01 5.997065e-01 6.841458e-01 7.530429e-01 1.122142e+00 1.150069e+00 1.082190e+00 1.182124e+00 1.156494e+00 9.264553e-01 8.945881e-01 2.030455e-04
<GCONST> 7.112293e+01
<MIXTURE> 123 4.393044e-03
<MEAN> 25
 -2.424402e+00 1.227731e+00 4.418960e-01 4.146094e+00 3.730559e+00 2.573876e+00 1.871905e+00 -1.050333e-01 2.815700e-01 -2.861471e-01 -1.611429e-01 8.613533e-01 -4.700396e-01 -8.106189e-01 -7.364314e-01 -7.561789e-01 -3.337641e-01 3.570890e-02 4.560259e-01 6.368021e-01 6.217965e-01 4.385792e-01 6.086822e-01 1.947078e-01 -4.710805e-03
<VARIANCE> 25
 9.258885e+00 6.860479e+00 1.014279e+01 1.600861e+01 1.628630e+01 2.005587e+01 2.076741e+01 1.535886e+01 1.395087e+01 1.276139e+01 1.736306e+01 1.266231e+01 3.113731e-01 2.999098e-01 4.341283e-01 7.763411e-01 9.695929e-01 8.112432e-01 1.008876e+00 1.028874e+00 1.052778e+00 1.136694e+00 1.407270e+00 1.150241e+00 1.098109e-04
<GCONST> 6.520008e+01
<MIXTURE> 124 4.069876e-03
<MEAN> 25
 -6.303324e+00 -1.119283e+00 -2.776821e+00 4.972423e+00 4.834195e+00 3.250847e+00 5.207554e+00 2.535986e+00 3.145645e+00 1.283115e+00 1.081695e+00 3.008672e+00 -2.033364e-01 -3.255330e-01 -3.645806e-01 -2.181390e-01 1.215334e-01 5.250360e-01 8.163136e-01 8.605726e-01 6.329200e-01 3.121325e-01 7.596776e-02 -4.327969e-02 -1.351199e-04
<VARIANCE> 25
 1.223379e+01 6.976775e+00 1.128602e+01 1.254698e+01 1.212554e+01 1.964931e+01 1.589583e+01 1.678651e+01 1.521757e+01 1.583251e+01 1.881298e+01 1.416627e+01 1.069674e-01 1.694454e-01 2.684029e-01 4.101290e-01 5.825446e-01 7.142743e-01 7.537373e-01 8.089371e-01 9.084423e-01 9.692271e-01 9.957966e-01 9.912119e-01 1.886147e-05
<GCONST> 5.886937e+01
<MIXTURE> 125 4.069876e-03
<MEAN> 25
 -6.303324e+00 -1.119283e+00 -2.776821e+00 4.972423e+00 4.834195e+00 3.250847e+00 5.207554e+00 2.535986e+00 3.145645e+00 1.283115e+00 1.081695e+00 3.008672e+00 -2.033364e-01 -3.255330e-01 -3.645806e-01 -2.181390e-01 1.215334e-01 5.250360e-01 8.163136e-01 8.605726e-01 6.329200e-01 3.121325e-01 7.596776e-02 -4.327969e-02 -1.351199e-04
<VARIANCE> 25
 1.223379e+01 6.976775e+00 1.128602e+01 1.254698e+01 1.212554e+01 1.964931e+01 1.589583e+01 1.678651e+01 1.521757e+01 1.583251e+01 1.881298e+01 1.416627e+01 1.069674e-01 1.694454e-01 2.684029e-01 4.101290e-01 5.825446e-01 7.142743e-01 7.537373e-01 8.089371e-01 9.084423e-01 9.692271e-01 9.957966e-01 9.912119e-01 1.886147e-05
<GCONST> 5.886937e+01
<MIXTURE> 126 2.402244e-03
<MEAN> 25
 -3.667970e+00 -6.672746e+00 -5.040868e+00 2.182478e+00 4.095129e+00 -3.077597e+00 5.869762e-02 3.408124e+00 3.201583e+00 -2.657850e+00 -1.409996e+00 2.978014e+00 7.507724e-03 -3.459411e-03 -4.047802e-02 -1.532925e-01 -3.066623e-01 -3.800054e-01 -2.700131e-01 -1.537448e-01 -1.121321e-01 -1.185382e-01 -1.309756e-01 -4.187920e-02 -1.845750e-03
<VARIANCE> 25
 7.517019e+00 1.390921e+01 1.453156e+01 1.505340e+01 2.452954e+01 2.364583e+01 2.203770e+01 2.807520e+01 3.078423e+01 2.551187e+01 2.119900e+01 1.887900e+01 1.789193e-01 3.502314e-01 4.704964e-01 5.546821e-01 7.402194e-01 9.814407e-01 1.104080e+00 1.243005e+00 1.300987e+00 1.295738e+00 1.247362e+00 1.144486e+00 2.155199e-04
<GCONST> 6.975285e+01
<MIXTURE> 127 2.402244e-03
<MEAN> 25
 -3.667970e+00 -6.672746e+00 -5.040868e+00 2.182478e+00 4.095129e+00 -3.077597e+00 5.869762e-02 3.408124e+00 3.201583e+00 -2.657850e+00 -1.409996e+00 2.978014e+00 7.507724e-03 -3.459411e-03 -4.047802e-02 -1.532925e-01 -3.066623e-01 -3.800054e-01 -2.700131e-01 -1.537448e-01 -1.121321e-01 -1.185382e-01 -1.309756e-01 -4.187920e-02 -1.845750e-03
<VARIANCE> 25
 7.517019e+00 1.390921e+01 1.453156e+01 1.505340e+01 2.452954e+01 2.364583e+01 2.203770e+01 2.807520e+01 3.078423e+01 2.551187e+01 2.119900e+01 1.887900e+01 1.789193e-01 3.502314e-01 4.704964e-01 5.546821e-01 7.402194e-01 9.814407e-01 1.104080e+00 1.243005e+00 1.300987e+00 1.295738e+00 1.247362e+00 1.144486e+00 2.155199e-04
<GCONST> 6.975285e+01
<MIXTURE> 128 3.790457e-03
<MEAN> 25
 -3.875586e+00 1.551271e+00 -3.189034e-01 6.511963e+00 3.595099e+00 1.841018e+00 3.550555e+00 2.356434e+00 3.933566e+00 3.704211e+00 3.746371e+00 3.511049e+00 -3.952716e-01 -1.948554e-01 9.447090e-02 7.154641e-01 1.175120e+00 1.131457e+00 7.155669e-01 1.322346e-01 -4.352539e-01 -7.810362e-01 -6.980929e-01 -4.005757e-01 -4.468701e-05
<VARIANCE> 25
 1.034838e+01 1.159643e+01 1.486811e+01 1.941450e+01 1.988371e+01 2.102081e+01 2.411343e+01 2.455386e+01 2.631863e+01 2.368413e+01 2.662480e+01 1.815273e+01 8.857214e-01 1.135390e+00 1.354470e+00 1.499633e+00 1.573585e+00 1.845973e+00 2.232515e+00 2.300594e+00 2.130352e+00 1.846944e+00 1.732326e+00 1.739983e+00 1.024378e-06
<GCONST> 7.353313e+01
<TRANSP> 3
 0.000000e+00 1.000000e+00 0.000000e+00
 0.000000e+00 9.999990e-01 9.999998e-07
 0.000000e+00 0.000000e+00 0.000000e+00
<ENDHMM>
