~o
<STREAMINFO> 1 25
<VECSIZE> 25<NULLD><MFCC_E_D_N><DIAGC>
~h "jmodel"
<BEGINHMM>
<NUMSTATES> 3
<STATE> 2
<NUMMIXES> 128
<MIXTURE> 1 5.748963e-03
<MEAN> 25
 -2.583480e+00 3.181194e+00 2.311773e+00 8.754044e+00 4.371094e+00 3.449061e+00 4.062663e+00 3.935008e+00 5.831325e+00 5.252551e+00 5.884690e+00 3.080159e+00 -2.004421e+00 -1.634687e+00 -8.641352e-01 1.076007e+00 1.560660e+00 2.232563e+00 2.154817e+00 2.085135e+00 1.693550e+00 1.269575e+00 1.567465e+00 6.132206e-01 -4.692081e-02
<VARIANCE> 25
 1.006469e+01 1.175948e+01 1.494427e+01 1.869062e+01 2.319600e+01 2.214969e+01 2.189316e+01 2.197680e+01 2.100220e+01 2.253948e+01 2.094440e+01 1.708031e+01 1.789362e+00 2.111725e+00 3.025983e+00 3.209606e+00 3.739346e+00 3.356199e+00 3.318402e+00 3.379926e+00 3.521380e+00 3.726849e+00 3.513280e+00 2.834157e+00 3.121527e-03
<GCONST> 8.846371e+01
<MIXTURE> 2 4.549242e-03
<MEAN> 25
 -4.875597e+00 1.311729e+00 9.943842e-01 9.899648e+00 6.692125e+00 7.424533e+00 7.846982e+00 6.957985e+00 8.373183e+00 6.372930e+00 7.624304e+00 3.074644e+00 -6.199485e-02 4.161890e-02 1.425344e-01 2.258676e-01 2.652687e-01 2.813640e-01 2.954291e-01 3.195528e-01 3.497704e-01 3.088889e-01 1.971717e-01 8.005900e-02 1.264922e-06
<VARIANCE> 25
 6.952423e+00 8.901773e+00 1.065113e+01 1.591174e+01 1.723641e+01 1.556333e+01 1.689907e+01 1.848574e+01 1.658670e+01 1.738635e+01 1.811029e+01 1.433987e+01 1.252511e-01 2.266267e-01 3.364664e-01 4.671315e-01 6.492850e-01 8.148789e-01 9.298795e-01 1.003155e+00 1.051647e+00 1.077781e+00 1.075664e+00 1.013920e+00 1.000165e-06
<GCONST> 5.804321e+01
<MIXTURE> 3 4.549242e-03
<MEAN> 25
 -4.875597e+00 1.311729e+00 9.943842e-01 9.899648e+00 6.692125e+00 7.424533e+00 7.846982e+00 6.957985e+00 8.373183e+00 6.372930e+00 7.624304e+00 3.074644e+00 -6.199485e-02 4.161890e-02 1.425344e-01 2.258676e-01 2.652687e-01 2.813640e-01 2.954291e-01 3.195528e-01 3.497704e-01 3.088889e-01 1.971717e-01 8.005900e-02 1.264922e-06
<VARIANCE> 25
 6.952423e+00 8.901773e+00 1.065113e+01 1.591174e+01 1.723641e+01 1.556333e+01 1.689907e+01 1.848574e+01 1.658670e+01 1.738635e+01 1.811029e+01 1.433987e+01 1.252511e-01 2.266267e-01 3.364664e-01 4.671315e-01 6.492850e-01 8.148789e-01 9.298795e-01 1.003155e+00 1.051647e+00 1.077781e+00 1.075664e+00 1.013920e+00 1.000165e-06
<GCONST> 5.804321e+01
<MIXTURE> 4 1.671429e-02
<MEAN> 25
 3.441327e+00 2.551121e+00 -3.800843e+00 9.387564e-01 4.324100e+00 -2.123316e-01 7.337868e-02 9.693083e-03 1.506438e+00 1.302091e+00 -1.888227e+00 1.044226e-01 -2.771931e+00 1.218097e+00 1.778152e+00 3.092189e+00 9.217984e-01 5.018207e-01 1.518399e+00 1.044442e+00 9.765713e-01 4.319176e-01 1.241637e+00 8.999040e-01 -1.041044e-01
<VARIANCE> 25
 2.117679e+01 2.952690e+01 2.922042e+01 3.982545e+01 4.574599e+01 6.881074e+01 6.535020e+01 5.379189e+01 5.544705e+01 6.221979e+01 4.980353e+01 3.594338e+01 2.349444e+00 5.057297e+00 3.736296e+00 4.946003e+00 5.022229e+00 6.164488e+00 6.105349e+00 5.576914e+00 5.969917e+00 6.436506e+00 6.121826e+00 4.466106e+00 6.090923e-03
<GCONST> 1.055083e+02
<MIXTURE> 5 3.206198e-03
<MEAN> 25
 -3.415091e+00 2.178758e+00 6.098425e-01 9.420317e+00 6.692437e+00 6.315197e+00 7.107194e+00 4.718684e+00 5.490715e+00 3.849616e+00 4.655691e+00 2.603895e+00 -3.244527e-01 7.527173e-01 1.224731e+00 1.033411e+00 3.085217e-01 -1.010303e-01 -8.352345e-02 3.418472e-02 4.573222e-01 6.828288e-01 4.048041e-01 8.898342e-02 -2.704731e-05
<VARIANCE> 25
 1.024870e+01 1.394154e+01 2.346998e+01 2.569651e+01 2.023576e+01 1.941339e+01 2.013715e+01 2.037570e+01 2.144152e+01 2.127101e+01 2.409204e+01 1.635850e+01 1.209259e+00 1.243509e+00 1.356194e+00 1.673133e+00 2.284134e+00 2.375630e+00 2.299968e+00 2.274277e+00 2.314720e+00 2.237819e+00 2.085328e+00 1.873811e+00 9.999291e-07
<GCONST> 7.516590e+01
<MIXTURE> 6 5.475854e-03
<MEAN> 25
 9.700860e+00 -4.178388e-01 -6.690712e+00 -1.104392e+01 -2.117037e+00 6.733521e+00 -5.899210e+00 -5.296044e+00 -3.656924e+00 1.829313e+00 4.643774e+00 -1.251437e+00 4.850762e-01 8.961725e-01 -3.510250e-01 -1.468580e+00 -6.383511e-01 1.314909e+00 1.536749e+00 2.478254e-01 -1.218465e+00 -1.217942e+00 3.233599e-01 1.228731e+00 -8.158861e-03
<VARIANCE> 25
 8.976266e+00 1.707671e+01 2.395910e+01 3.913201e+01 3.677621e+01 3.065889e+01 4.407630e+01 3.807424e+01 4.075265e+01 3.947013e+01 4.210004e+01 2.841738e+01 3.115486e-01 8.572111e-01 9.454355e-01 1.978003e+00 1.605721e+00 2.015932e+00 1.919241e+00 2.051964e+00 2.399419e+00 1.964139e+00 2.245957e+00 1.437947e+00 5.860368e-04
<GCONST> 8.387746e+01
<MIXTURE> 7 5.475854e-03
<MEAN> 25
 9.700860e+00 -4.178388e-01 -6.690712e+00 -1.104392e+01 -2.117037e+00 6.733521e+00 -5.899210e+00 -5.296044e+00 -3.656924e+00 1.829313e+00 4.643774e+00 -1.251437e+00 4.850762e-01 8.961725e-01 -3.510250e-01 -1.468580e+00 -6.383511e-01 1.314909e+00 1.536749e+00 2.478254e-01 -1.218465e+00 -1.217942e+00 3.233599e-01 1.228731e+00 -8.158861e-03
<VARIANCE> 25
 8.976266e+00 1.707671e+01 2.395910e+01 3.913201e+01 3.677621e+01 3.065889e+01 4.407630e+01 3.807424e+01 4.075265e+01 3.947013e+01 4.210004e+01 2.841738e+01 3.115486e-01 8.572111e-01 9.454355e-01 1.978003e+00 1.605721e+00 2.015932e+00 1.919241e+00 2.051964e+00 2.399419e+00 1.964139e+00 2.245957e+00 1.437947e+00 5.860368e-04
<GCONST> 8.387746e+01
<MIXTURE> 8 1.165917e-02
<MEAN> 25
 -4.730294e+00 1.362815e+00 1.292748e+00 9.559849e+00 6.575442e+00 6.255195e+00 6.480108e+00 5.688745e+00 6.659272e+00 5.632552e+00 6.573749e+00 3.153071e+00 -6.298264e-01 -1.425827e+00 -1.071366e+00 -1.731287e+00 -2.311884e-01 -9.456040e-01 -1.777674e-01 -2.896198e-01 -2.530465e-01 -1.740524e-01 -2.134123e-01 8.127487e-02 9.889568e-02
<VARIANCE> 25
 9.340092e+00 9.847223e+00 1.161109e+01 1.605347e+01 1.663509e+01 1.570601e+01 1.812840e+01 1.751143e+01 1.704219e+01 1.737513e+01 1.887418e+01 1.399772e+01 2.757275e+00 2.815387e+00 3.907028e+00 3.761802e+00 3.455989e+00 3.315985e+00 3.128978e+00 3.080757e+00 2.871970e+00 2.655840e+00 2.434881e+00 1.902044e+00 6.681980e-03
<GCONST> 8.628766e+01
<MIXTURE> 9 1.199672e-02
<MEAN> 25
 9.301512e+00 3.394347e+00 -6.209540e+00 -1.067578e+01 -2.213464e+00 4.968612e+00 -2.208678e+00 -2.304499e+00 -5.395122e+00 -1.256730e+00 5.693474e-01 -1.017917e-02 1.441183e+00 -1.286473e-01 -4.913707e-01 -2.704730e+00 -1.646747e+00 8.552765e-01 -9.724037e-01 -2.306282e-01 -1.803491e-01 -5.770115e-01 6.150393e-01 -1.526304e-01 7.334508e-02
<VARIANCE> 25
 1.222112e+01 2.140590e+01 3.355593e+01 5.350467e+01 5.017515e+01 3.229248e+01 4.320114e+01 5.216636e+01 4.207700e+01 4.159465e+01 3.611853e+01 2.692299e+01 2.088122e+00 2.450921e+00 4.573338e+00 4.876416e+00 5.010133e+00 4.096071e+00 4.238052e+00 6.042531e+00 5.039356e+00 4.079753e+00 4.015981e+00 2.804597e+00 2.212880e-03
<GCONST> 9.879787e+01
<MIXTURE> 10 6.596976e-03
<MEAN> 25
 8.210059e-01 7.634367e+00 5.375957e+00 7.148989e+00 1.587359e+00 -2.115164e+00 -5.181956e-01 -1.685375e+00 8.743564e-01 8.599326e-01 8.390179e-01 6.573990e-01 -1.924940e+00 -6.733400e-01 -4.585977e-01 3.028214e+00 2.463276e+00 2.710474e+00 2.373911e+00 2.277892e+00 1.861639e+00 1.545136e+00 2.335875e+00 5.248725e-01 -1.381432e-01
<VARIANCE> 25
 1.954187e+01 2.068566e+01 2.230444e+01 2.906123e+01 3.831321e+01 3.494081e+01 3.514595e+01 3.384125e+01 2.761283e+01 2.904954e+01 2.695905e+01 2.501452e+01 2.234845e+00 3.426175e+00 5.535602e+00 5.169560e+00 5.552354e+00 4.469520e+00 4.699816e+00 4.843578e+00 4.388601e+00 5.021101e+00 4.442219e+00 3.191094e+00 2.696751e-03
<GCONST> 9.745956e+01
<MIXTURE> 11 1.633820e-02
<MEAN> 25
 7.464395e+00 4.135163e+00 3.419355e+00 4.958211e+00 -3.013141e+00 -2.012385e+00 -2.520078e+00 -6.328251e+00 -3.545368e+00 1.524830e-01 -2.508559e+00 -2.274448e+00 -2.091490e-01 5.368006e-01 2.111892e-01 2.899932e-01 5.081952e-01 -4.317559e-02 2.553463e-01 -1.882460e-01 -1.653935e-01 -7.337016e-03 -1.137328e-01 2.027754e-01 -1.446871e-02
<VARIANCE> 25
 1.236739e+01 2.344830e+01 1.934303e+01 3.067873e+01 3.793887e+01 3.709835e+01 4.614252e+01 4.252291e+01 4.132840e+01 3.359111e+01 3.339047e+01 2.793708e+01 9.333606e-01 1.172995e+00 1.626576e+00 2.112874e+00 1.995361e+00 2.079004e+00 2.041266e+00 2.717904e+00 2.136854e+00 1.897328e+00 1.863794e+00 1.579083e+00 9.965225e-04
<GCONST> 8.693732e+01
<MIXTURE> 12 5.904134e-03
<MEAN> 25
 1.076535e+01 3.743614e+00 -4.502547e+00 -1.599357e+01 -8.696270e+00 8.642603e+00 -8.968772e-01 -1.922058e+00 -1.722955e+00 -4.886552e+00 1.774614e+00 7.166707e-01 6.774373e-02 2.937669e-01 7.961091e-02 -3.682884e-01 -3.102936e-01 2.956596e-02 3.055215e-01 4.477687e-01 1.410299e-01 -3.846901e-01 -3.855981e-01 5.390058e-02 -6.303087e-03
<VARIANCE> 25
 8.885169e+00 2.100226e+01 2.335632e+01 3.503346e+01 4.206009e+01 3.095991e+01 4.179701e+01 4.898141e+01 4.406317e+01 3.738887e+01 3.799852e+01 2.892734e+01 2.468015e-01 6.883404e-01 6.860399e-01 1.169905e+00 1.186468e+00 1.053912e+00 1.171040e+00 1.386203e+00 1.240602e+00 1.222277e+00 1.221467e+00 9.564750e-01 5.786341e-04
<GCONST> 7.892093e+01
<MIXTURE> 13 5.904134e-03
<MEAN> 25
 1.076535e+01 3.743614e+00 -4.502547e+00 -1.599357e+01 -8.696270e+00 8.642603e+00 -8.968772e-01 -1.922058e+00 -1.722955e+00 -4.886552e+00 1.774614e+00 7.166707e-01 6.774373e-02 2.937669e-01 7.961091e-02 -3.682884e-01 -3.102936e-01 2.956596e-02 3.055215e-01 4.477687e-01 1.410299e-01 -3.846901e-01 -3.855981e-01 5.390058e-02 -6.303087e-03
<VARIANCE> 25
 8.885169e+00 2.100226e+01 2.335632e+01 3.503346e+01 4.206009e+01 3.095991e+01 4.179701e+01 4.898141e+01 4.406317e+01 3.738887e+01 3.799852e+01 2.892734e+01 2.468015e-01 6.883404e-01 6.860399e-01 1.169905e+00 1.186468e+00 1.053912e+00 1.171040e+00 1.386203e+00 1.240602e+00 1.222277e+00 1.221467e+00 9.564750e-01 5.786341e-04
<GCONST> 7.892093e+01
<MIXTURE> 14 6.488954e-03
<MEAN> 25
 -4.318849e+00 -3.795950e-01 -3.109484e-01 8.911478e+00 7.515033e+00 7.380364e+00 7.831429e+00 7.328188e+00 7.252946e+00 5.227468e+00 6.868422e+00 4.102813e+00 -2.744129e-01 1.934891e-01 3.654283e-01 3.104450e-01 6.808040e-03 6.049480e-02 9.717911e-02 1.772631e-01 2.957088e-01 5.397328e-01 5.067009e-01 7.591839e-02 -9.338714e-03
<VARIANCE> 25
 9.289263e+00 1.385903e+01 1.863007e+01 1.784250e+01 2.091042e+01 1.958684e+01 2.150179e+01 2.062465e+01 2.008018e+01 2.391228e+01 2.137308e+01 1.597741e+01 9.621816e-01 1.640757e+00 1.774040e+00 1.935581e+00 2.245829e+00 2.258870e+00 2.256412e+00 2.240863e+00 2.285273e+00 2.508275e+00 2.196803e+00 1.813042e+00 1.029955e-03
<GCONST> 8.191295e+01
<MIXTURE> 15 2.475190e-03
<MEAN> 25
 -5.330709e+00 -6.527444e-01 -1.668856e-01 7.253510e+00 5.605409e+00 5.638828e+00 6.005756e+00 4.937554e+00 5.104273e+00 4.160204e+00 5.493200e+00 2.511786e+00 -1.216957e-01 -3.348082e-02 7.106533e-02 2.378484e-01 4.817800e-01 7.949988e-01 1.085622e+00 1.185844e+00 1.051204e+00 7.527561e-01 4.619976e-01 1.680854e-01 4.735364e-05
<VARIANCE> 25
 7.303733e+00 5.543047e+00 8.945798e+00 1.321896e+01 1.448774e+01 1.422077e+01 1.479370e+01 1.474513e+01 1.405411e+01 1.409705e+01 1.485029e+01 1.231909e+01 1.229709e-01 2.036505e-01 3.163954e-01 4.977705e-01 6.914542e-01 7.862457e-01 7.651440e-01 7.839569e-01 9.007757e-01 1.009296e+00 1.174106e+00 1.051117e+00 2.842620e-05
<GCONST> 5.862270e+01
<MIXTURE> 16 2.475190e-03
<MEAN> 25
 -5.330709e+00 -6.527444e-01 -1.668856e-01 7.253510e+00 5.605409e+00 5.638828e+00 6.005756e+00 4.937554e+00 5.104273e+00 4.160204e+00 5.493200e+00 2.511786e+00 -1.216957e-01 -3.348082e-02 7.106533e-02 2.378484e-01 4.817800e-01 7.949988e-01 1.085622e+00 1.185844e+00 1.051204e+00 7.527561e-01 4.619976e-01 1.680854e-01 4.735364e-05
<VARIANCE> 25
 7.303733e+00 5.543047e+00 8.945798e+00 1.321896e+01 1.448774e+01 1.422077e+01 1.479370e+01 1.474513e+01 1.405411e+01 1.409705e+01 1.485029e+01 1.231909e+01 1.229709e-01 2.036505e-01 3.163954e-01 4.977705e-01 6.914542e-01 7.862457e-01 7.651440e-01 7.839569e-01 9.007757e-01 1.009296e+00 1.174106e+00 1.051117e+00 2.842620e-05
<GCONST> 5.862270e+01
<MIXTURE> 17 9.518312e-03
<MEAN> 25
 3.747293e+00 -7.798930e-01 6.379357e+00 2.388817e+00 -5.977012e+00 -6.384005e+00 -3.155381e+00 -1.747797e-01 -2.684276e+00 -3.266171e+00 6.911803e-02 6.137508e-03 -7.588403e-01 -1.209680e+00 1.302816e+00 -2.125009e+00 -2.362687e+00 -1.571473e-01 1.976405e-01 7.744520e-01 -2.694466e-01 -1.753006e-01 1.039741e+00 4.024361e-01 8.207216e-02
<VARIANCE> 25
 1.652793e+01 3.149865e+01 3.023150e+01 3.951835e+01 4.484930e+01 4.867365e+01 4.225546e+01 3.437511e+01 3.538720e+01 2.688284e+01 2.795590e+01 2.798342e+01 1.832826e+00 2.712101e+00 4.003240e+00 3.087398e+00 4.086607e+00 5.461000e+00 4.996891e+00 4.707694e+00 4.076495e+00 4.019239e+00 3.051356e+00 2.720086e+00 2.140027e-03
<GCONST> 9.692418e+01
<MIXTURE> 18 1.221018e-02
<MEAN> 25
 3.953712e+00 4.621842e+00 6.746616e+00 4.742074e+00 -4.614609e+00 -8.359427e+00 -1.743201e+00 -1.171762e+00 -3.371441e+00 -2.455066e+00 -8.810109e-01 5.775333e-01 -7.617519e-01 2.161396e+00 -1.998028e-01 2.032518e+00 3.117462e+00 1.484844e+00 8.040066e-01 -2.109978e-01 6.188692e-01 5.193952e-01 -2.899867e-01 -6.148628e-02 -1.239038e-01
<VARIANCE> 25
 1.609202e+01 2.533102e+01 3.288799e+01 2.616865e+01 4.004933e+01 3.366401e+01 3.867732e+01 3.512653e+01 3.920284e+01 3.453535e+01 3.253795e+01 3.097449e+01 2.563453e+00 3.033569e+00 4.736361e+00 4.049958e+00 4.092505e+00 4.671633e+00 4.657571e+00 4.455266e+00 4.489279e+00 4.314208e+00 4.570846e+00 3.627948e+00 4.106868e-03
<GCONST> 9.852719e+01
<MIXTURE> 19 9.912824e-03
<MEAN> 25
 -1.009442e+01 1.768893e+00 2.950884e-01 1.121284e+00 3.954060e+00 1.520761e+00 3.411412e+00 1.072219e+00 2.021434e+00 1.138086e+00 1.087474e+00 2.009955e+00 2.089182e+00 1.740455e+00 2.148448e+00 7.390316e-01 -1.048964e+00 -1.012608e+00 -1.041428e+00 -1.407617e+00 -1.491188e+00 -1.129793e+00 -8.114067e-01 -8.151990e-01 1.062222e-03
<VARIANCE> 25
 5.319263e+01 3.012918e+01 4.771394e+01 5.307690e+01 3.358179e+01 3.281904e+01 3.086816e+01 2.974538e+01 2.846904e+01 2.692809e+01 2.996371e+01 1.959847e+01 2.372615e+00 2.193297e+00 2.183892e+00 2.326874e+00 2.541623e+00 2.231739e+00 2.424624e+00 2.373641e+00 2.081352e+00 2.044633e+00 2.275521e+00 1.757709e+00 2.385836e-03
<GCONST> 9.156507e+01
<MIXTURE> 20 6.308331e-03
<MEAN> 25
 -1.418138e+01 7.416163e+00 8.452243e-01 6.152255e+00 4.843526e+00 1.637068e+00 5.209258e+00 8.536859e-01 9.222994e-01 7.987355e-01 2.568573e+00 -3.024141e-01 -3.285928e+00 -8.668791e-01 -1.565161e+00 3.325790e-01 1.541036e+00 2.063137e+00 1.979250e+00 2.056210e+00 2.144595e+00 2.040237e+00 1.684744e+00 9.453097e-01 4.732126e-02
<VARIANCE> 25
 1.966443e+01 2.345571e+01 3.096051e+01 3.717629e+01 3.084982e+01 2.789030e+01 2.993288e+01 3.147515e+01 2.796402e+01 2.821380e+01 2.515968e+01 2.091770e+01 2.092093e+00 2.182257e+00 1.909949e+00 2.541352e+00 2.702747e+00 2.313088e+00 2.310102e+00 2.320010e+00 2.235423e+00 2.652243e+00 2.241415e+00 1.865652e+00 1.886413e-03
<GCONST> 8.921885e+01
<MIXTURE> 21 7.928653e-03
<MEAN> 25
 4.005028e+00 -4.530134e+00 5.773624e+00 -1.546770e+00 -1.058159e+01 -8.726899e+00 -2.616180e+00 4.174446e+00 -2.072038e+00 -3.409611e+00 2.438389e-01 3.408951e-01 -7.191908e-01 1.341455e+00 2.589023e+00 -4.482008e-02 -1.552004e+00 3.356140e-01 5.889287e-01 -1.497742e+00 -1.957773e+00 3.137030e-01 1.326500e+00 2.465998e-01 -1.277921e-02
<VARIANCE> 25
 8.902193e+00 1.873092e+01 2.966480e+01 2.840415e+01 2.857161e+01 3.319763e+01 4.294415e+01 3.937449e+01 4.292604e+01 3.159539e+01 3.382415e+01 2.323455e+01 3.765299e-01 9.498289e-01 1.855789e+00 1.290560e+00 2.211995e+00 2.187746e+00 3.641408e+00 2.501893e+00 2.162750e+00 2.595136e+00 2.017705e+00 2.284816e+00 4.287076e-04
<GCONST> 8.509695e+01
<MIXTURE> 22 8.827789e-03
<MEAN> 25
 -1.792091e+01 7.154785e+00 -4.131347e+00 7.392482e+00 4.602546e+00 2.761039e+00 8.399819e+00 1.748462e+00 5.379299e+00 3.301012e+00 5.716434e+00 1.185148e+00 -3.095726e-01 -2.075880e-01 -1.255633e-01 -1.492641e-01 -7.208806e-03 1.369678e-01 1.807591e-01 1.779423e-01 2.484757e-01 2.073076e-01 1.726615e-01 1.924446e-01 8.857626e-03
<VARIANCE> 25
 8.116920e+00 1.682541e+01 1.738343e+01 2.517213e+01 2.289636e+01 2.083704e+01 1.943101e+01 1.871084e+01 1.813996e+01 2.086667e+01 1.924184e+01 1.378720e+01 1.090756e+00 1.357369e+00 1.363971e+00 1.572030e+00 1.408815e+00 1.526971e+00 1.508942e+00 1.532825e+00 1.614233e+00 1.544764e+00 1.357418e+00 1.168007e+00 1.745583e-03
<GCONST> 7.830949e+01
<MIXTURE> 23 6.455497e-03
<MEAN> 25
 7.523586e+00 2.313987e+00 2.868062e+00 2.259447e+00 -4.652123e+00 -3.077356e+00 -4.178090e+00 -6.242943e+00 -3.378939e+00 -9.848069e-01 -4.007543e+00 -2.149240e+00 3.840087e-02 1.795130e-01 1.498990e-02 3.994897e-02 -8.931747e-03 4.429682e-02 1.740564e-02 -5.785462e-02 1.450460e-03 3.672503e-02 -1.514176e-03 3.016088e-02 -4.173261e-03
<VARIANCE> 25
 1.267277e+01 2.139896e+01 2.381332e+01 3.923831e+01 3.695359e+01 5.106660e+01 5.623169e+01 5.349390e+01 4.600194e+01 4.521993e+01 4.647639e+01 3.840223e+01 1.156496e-01 2.870607e-01 3.727922e-01 4.852784e-01 6.138322e-01 7.404484e-01 7.704112e-01 8.744586e-01 8.781365e-01 9.230686e-01 8.362744e-01 7.703939e-01 9.479858e-05
<GCONST> 7.285680e+01
<MIXTURE> 24 6.455497e-03
<MEAN> 25
 7.523586e+00 2.313987e+00 2.868062e+00 2.259447e+00 -4.652123e+00 -3.077356e+00 -4.178090e+00 -6.242943e+00 -3.378939e+00 -9.848069e-01 -4.007543e+00 -2.149240e+00 3.840087e-02 1.795130e-01 1.498990e-02 3.994897e-02 -8.931747e-03 4.429682e-02 1.740564e-02 -5.785462e-02 1.450460e-03 3.672503e-02 -1.514176e-03 3.016088e-02 -4.173261e-03
<VARIANCE> 25
 1.267277e+01 2.139896e+01 2.381332e+01 3.923831e+01 3.695359e+01 5.106660e+01 5.623169e+01 5.349390e+01 4.600194e+01 4.521993e+01 4.647639e+01 3.840223e+01 1.156496e-01 2.870607e-01 3.727922e-01 4.852784e-01 6.138322e-01 7.404484e-01 7.704112e-01 8.744586e-01 8.781365e-01 9.230686e-01 8.362744e-01 7.703939e-01 9.479858e-05
<GCONST> 7.285680e+01
<MIXTURE> 25 1.118642e-02
<MEAN> 25
 2.952076e-01 3.479579e+00 1.678317e+01 -1.033461e+00 -1.132784e+01 -1.760970e+00 -4.992728e+00 -2.946960e+00 -6.938457e+00 -5.445704e+00 4.101913e+00 -1.645453e+00 -1.345662e-01 4.404875e-01 1.692319e-01 1.515864e-01 2.170090e-01 1.103101e-01 1.935359e-01 -1.690591e-01 -2.489028e-01 7.489523e-02 -7.295126e-02 -1.075239e-01 -1.292511e-02
<VARIANCE> 25
 8.847271e+00 2.222848e+01 2.094265e+01 2.867144e+01 3.166656e+01 4.108125e+01 2.735415e+01 2.998343e+01 2.837435e+01 3.662155e+01 2.095036e+01 2.759486e+01 5.963621e-01 1.444603e+00 1.404864e+00 1.382641e+00 2.275987e+00 2.036861e+00 1.747252e+00 1.630314e+00 1.536150e+00 1.649845e+00 1.348788e+00 1.297930e+00 1.282430e-03
<GCONST> 8.273877e+01
<MIXTURE> 26 7.727677e-03
<MEAN> 25
 2.177145e+00 -6.450867e+00 -1.039711e+01 -7.011778e-01 8.007523e+00 5.490997e+00 4.063363e+00 -2.801926e-01 2.272950e+00 -9.616174e-01 -2.898214e+00 -9.908958e-01 -6.538536e-01 6.286384e-01 3.666191e-01 6.961177e-01 1.742622e-01 2.425201e-01 2.890697e-01 3.358869e-01 2.891450e-01 8.447257e-02 3.874378e-01 4.276854e-01 -5.280001e-02
<VARIANCE> 25
 2.511890e+01 3.403080e+01 2.567494e+01 6.239226e+01 3.899319e+01 4.246285e+01 4.614651e+01 4.402699e+01 3.936012e+01 5.443358e+01 4.009898e+01 4.675449e+01 1.652031e+00 1.958133e+00 1.929006e+00 2.002829e+00 2.320775e+00 2.367615e+00 2.521749e+00 2.738830e+00 2.334625e+00 2.337775e+00 2.164270e+00 2.001784e+00 3.321388e-03
<GCONST> 9.392903e+01
<MIXTURE> 27 7.727677e-03
<MEAN> 25
 2.177145e+00 -6.450867e+00 -1.039711e+01 -7.011778e-01 8.007523e+00 5.490997e+00 4.063363e+00 -2.801926e-01 2.272950e+00 -9.616174e-01 -2.898214e+00 -9.908958e-01 -6.538536e-01 6.286384e-01 3.666191e-01 6.961177e-01 1.742622e-01 2.425201e-01 2.890697e-01 3.358869e-01 2.891450e-01 8.447257e-02 3.874378e-01 4.276854e-01 -5.280001e-02
<VARIANCE> 25
 2.511890e+01 3.403080e+01 2.567494e+01 6.239226e+01 3.899319e+01 4.246285e+01 4.614651e+01 4.402699e+01 3.936012e+01 5.443358e+01 4.009898e+01 4.675449e+01 1.652031e+00 1.958133e+00 1.929006e+00 2.002829e+00 2.320775e+00 2.367615e+00 2.521749e+00 2.738830e+00 2.334625e+00 2.337775e+00 2.164270e+00 2.001784e+00 3.321388e-03
<GCONST> 9.392903e+01
<MIXTURE> 28 5.036674e-03
<MEAN> 25
 -5.327780e+00 -1.879998e-02 -1.538078e+00 6.401344e+00 5.105105e+00 3.515313e+00 5.291036e+00 3.036927e+00 3.797988e+00 2.470625e+00 2.593663e+00 3.098547e+00 -1.126146e-01 2.280416e-01 5.364366e-01 8.098747e-01 8.350358e-01 6.657351e-01 5.193830e-01 4.014710e-01 4.350945e-01 4.629485e-01 4.007674e-01 2.206261e-01 1.522377e-05
<VARIANCE> 25
 1.075575e+01 8.224582e+00 1.190858e+01 1.619465e+01 1.494129e+01 1.755580e+01 1.824870e+01 1.900157e+01 1.739402e+01 1.657124e+01 2.017718e+01 1.522531e+01 2.513567e-01 3.300121e-01 4.057790e-01 4.895889e-01 6.152780e-01 9.002311e-01 1.034590e+00 1.121326e+00 1.114891e+00 1.037768e+00 1.047733e+00 1.076558e+00 1.012280e-06
<GCONST> 6.041588e+01
<MIXTURE> 29 5.036674e-03
<MEAN> 25
 -5.327780e+00 -1.879998e-02 -1.538078e+00 6.401344e+00 5.105105e+00 3.515313e+00 5.291036e+00 3.036927e+00 3.797988e+00 2.470625e+00 2.593663e+00 3.098547e+00 -1.126146e-01 2.280416e-01 5.364366e-01 8.098747e-01 8.350358e-01 6.657351e-01 5.193830e-01 4.014710e-01 4.350945e-01 4.629485e-01 4.007674e-01 2.206261e-01 1.522377e-05
<VARIANCE> 25
 1.075575e+01 8.224582e+00 1.190858e+01 1.619465e+01 1.494129e+01 1.755580e+01 1.824870e+01 1.900157e+01 1.739402e+01 1.657124e+01 2.017718e+01 1.522531e+01 2.513567e-01 3.300121e-01 4.057790e-01 4.895889e-01 6.152780e-01 9.002311e-01 1.034590e+00 1.121326e+00 1.114891e+00 1.037768e+00 1.047733e+00 1.076558e+00 1.012280e-06
<GCONST> 6.041588e+01
<MIXTURE> 30 8.917812e-03
<MEAN> 25
 -4.488301e+00 -1.934079e-01 6.559722e-01 9.074421e+00 7.763191e+00 7.500861e+00 7.574584e+00 6.873394e+00 6.529653e+00 4.891136e+00 7.004776e+00 3.498662e+00 -2.363216e-02 3.020530e-02 5.680123e-02 8.956608e-02 8.137487e-02 4.477516e-02 1.389333e-02 -3.011673e-03 1.728550e-02 5.037954e-02 6.131424e-02 3.419730e-02 -5.535847e-04
<VARIANCE> 25
 6.950716e+00 9.853707e+00 1.038788e+01 1.383814e+01 1.581766e+01 1.644676e+01 1.914822e+01 1.819147e+01 1.627287e+01 1.836307e+01 2.124543e+01 1.435233e+01 9.727037e-02 1.996090e-01 3.247485e-01 4.816524e-01 6.198678e-01 7.235889e-01 7.727427e-01 8.121291e-01 8.762344e-01 9.374753e-01 9.208549e-01 8.624962e-01 5.105980e-05
<GCONST> 6.060184e+01
<MIXTURE> 31 4.136493e-03
<MEAN> 25
 -3.024185e+00 -5.314559e+00 1.664686e-01 4.531123e+00 3.183941e+00 1.569172e+00 5.025781e+00 5.982759e+00 2.212817e+00 1.401406e+00 6.036373e+00 2.663676e+00 2.693025e-01 4.393081e-01 -1.633670e-01 2.720811e-01 1.018113e-01 4.460401e-01 2.021811e-01 8.203370e-02 3.644648e-01 3.964650e-01 1.071054e-01 5.430916e-02 -1.885390e-02
<VARIANCE> 25
 7.118357e+00 1.520301e+01 1.601962e+01 1.748959e+01 2.504999e+01 2.176756e+01 2.206625e+01 2.670794e+01 2.693195e+01 2.629955e+01 2.049218e+01 1.966518e+01 1.929424e-01 4.746004e-01 6.172481e-01 7.180200e-01 9.557034e-01 1.039423e+00 1.142788e+00 1.352167e+00 1.280503e+00 1.574847e+00 1.198453e+00 1.154097e+00 2.635941e-04
<GCONST> 7.151738e+01
<MIXTURE> 32 4.136493e-03
<MEAN> 25
 -3.024185e+00 -5.314559e+00 1.664686e-01 4.531123e+00 3.183941e+00 1.569172e+00 5.025781e+00 5.982759e+00 2.212817e+00 1.401406e+00 6.036373e+00 2.663676e+00 2.693025e-01 4.393081e-01 -1.633670e-01 2.720811e-01 1.018113e-01 4.460401e-01 2.021811e-01 8.203370e-02 3.644648e-01 3.964650e-01 1.071054e-01 5.430916e-02 -1.885390e-02
<VARIANCE> 25
 7.118357e+00 1.520301e+01 1.601962e+01 1.748959e+01 2.504999e+01 2.176756e+01 2.206625e+01 2.670794e+01 2.693195e+01 2.629955e+01 2.049218e+01 1.966518e+01 1.929424e-01 4.746004e-01 6.172481e-01 7.180200e-01 9.557034e-01 1.039423e+00 1.142788e+00 1.352167e+00 1.280503e+00 1.574847e+00 1.198453e+00 1.154097e+00 2.635941e-04
<GCONST> 7.151738e+01
<MIXTURE> 33 1.508826e-02
<MEAN> 25
 6.588435e+00 -4.015631e+00 -2.218981e+00 -2.634275e+00 -1.963887e+00 -5.621875e+00 -7.270802e+00 1.737012e+00 2.310973e+00 -4.636610e-01 -4.709514e+00 -3.005721e+00 6.529970e-01 -1.172188e+00 -2.441215e+00 -1.869010e+00 1.459594e+00 1.419986e+00 -7.530124e-01 6.570396e-01 1.023339e+00 5.597777e-01 -3.071544e-01 -1.333898e+00 3.765579e-02
<VARIANCE> 25
 9.925967e+00 2.114441e+01 2.900727e+01 3.612127e+01 4.062204e+01 4.404865e+01 4.314961e+01 4.670713e+01 4.053843e+01 4.383479e+01 3.493977e+01 2.839933e+01 1.160491e+00 1.943240e+00 2.202624e+00 2.192021e+00 4.216451e+00 3.435914e+00 4.322215e+00 5.623493e+00 3.781119e+00 4.402757e+00 3.381118e+00 2.604300e+00 1.476635e-03
<GCONST> 9.445003e+01
<MIXTURE> 34 1.588179e-02
<MEAN> 25
 8.926600e+00 4.704278e-02 1.345498e-01 1.214986e+00 -2.945133e+00 -1.522882e+00 -6.153828e+00 -4.691726e+00 -1.806982e+00 1.536952e-01 -2.653013e+00 -3.699176e+00 -1.727073e-02 1.346795e+00 1.474821e+00 2.397356e+00 -4.147885e-02 -1.530333e-01 7.907680e-01 -1.642226e+00 -9.014891e-01 2.590820e-01 -5.559993e-01 2.447729e-01 -6.237778e-02
<VARIANCE> 25
 7.675189e+00 3.104912e+01 2.944832e+01 4.993561e+01 4.238566e+01 4.946666e+01 5.501134e+01 5.671751e+01 5.267825e+01 4.326926e+01 4.834882e+01 3.153731e+01 1.263941e+00 1.983982e+00 4.268124e+00 4.051098e+00 5.634686e+00 5.835528e+00 5.512978e+00 6.165907e+00 5.201825e+00 4.982189e+00 5.025589e+00 3.879927e+00 1.153927e-03
<GCONST> 9.971806e+01
<MIXTURE> 35 1.467755e-02
<MEAN> 25
 -2.156317e+00 -5.253077e+00 -9.991667e+00 2.183628e-01 9.715214e+00 7.986271e-01 1.607503e+00 2.539570e+00 1.471868e+00 4.583046e+00 4.649637e-02 1.883657e+00 5.479949e-01 -1.117772e+00 -1.429128e+00 -1.387604e+00 4.082706e-01 -7.986141e-01 -6.815401e-01 -1.319986e-01 -1.598771e-01 1.642366e-01 -6.521159e-01 -4.975739e-01 1.077581e-01
<VARIANCE> 25
 1.959307e+01 2.945955e+01 4.335477e+01 6.241945e+01 4.209607e+01 5.750515e+01 5.103995e+01 4.364186e+01 5.043296e+01 3.853587e+01 3.660192e+01 3.097080e+01 3.466329e+00 3.575563e+00 6.785561e+00 5.560232e+00 5.223916e+00 5.584436e+00 4.926880e+00 4.748736e+00 5.056230e+00 4.519713e+00 4.080301e+00 3.798679e+00 5.301212e-03
<GCONST> 1.036178e+02
<MIXTURE> 36 1.093293e-02
<MEAN> 25
 4.912353e+00 -3.436395e+00 6.890982e+00 2.653969e+00 -9.936397e+00 -8.785349e+00 -6.156814e+00 3.015916e+00 -1.893460e+00 -4.482829e+00 2.746585e+00 -2.092803e-01 3.653719e-01 1.555165e-01 -8.949218e-01 3.187040e-03 8.444000e-01 4.991184e-02 -4.601178e-01 2.586655e-02 3.962272e-01 5.576432e-01 -4.181619e-01 -3.251554e-01 -1.541671e-02
<VARIANCE> 25
 1.015096e+01 1.683129e+01 2.267955e+01 2.743483e+01 3.250000e+01 3.215908e+01 4.589122e+01 3.485473e+01 3.864365e+01 3.255716e+01 2.737735e+01 2.625116e+01 4.649468e-01 7.268329e-01 1.505479e+00 1.238767e+00 1.655355e+00 1.613468e+00 2.126526e+00 1.727651e+00 2.041959e+00 1.678070e+00 1.406699e+00 1.423550e+00 7.335458e-04
<GCONST> 8.209553e+01
<MIXTURE> 37 1.246826e-02
<MEAN> 25
 5.454955e-01 7.774287e+00 1.205826e+01 -5.555039e+00 -8.031323e+00 -1.052898e+00 -5.080749e+00 -8.324443e+00 -3.710851e+00 -9.074684e-01 -3.669924e+00 -1.292268e+00 1.826252e-01 6.471878e-01 -1.354000e+00 3.583889e+00 1.988031e+00 -3.007992e-01 1.091393e+00 4.360895e-01 5.280740e-01 -3.232813e-01 5.375664e-01 -9.750313e-02 -9.494644e-02
<VARIANCE> 25
 1.593206e+01 2.598415e+01 3.083378e+01 5.101459e+01 3.393676e+01 3.201531e+01 4.398119e+01 3.505284e+01 3.861360e+01 3.596965e+01 3.775320e+01 3.089124e+01 2.956506e+00 3.416067e+00 3.018450e+00 4.092143e+00 4.618058e+00 3.753058e+00 4.208354e+00 3.810951e+00 3.449733e+00 3.621769e+00 3.870127e+00 2.792107e+00 3.927809e-03
<GCONST> 9.778209e+01
<MIXTURE> 38 1.154525e-02
<MEAN> 25
 -4.476741e+00 8.975691e+00 4.601669e+00 3.232308e+00 8.470488e-01 -5.220627e+00 -6.073193e-01 -2.745134e+00 -2.856291e+00 -3.103398e+00 -1.492009e+00 -5.422232e-01 -4.518846e+00 1.251989e+00 -3.115977e-01 1.454966e+00 2.563313e+00 1.392635e+00 2.051642e+00 9.537691e-01 7.858877e-01 6.377551e-01 1.004846e+00 3.258526e-01 4.857212e-02
<VARIANCE> 25
 3.140182e+01 2.956115e+01 3.901665e+01 3.301339e+01 4.886502e+01 3.559131e+01 3.636537e+01 4.165359e+01 3.487957e+01 3.250421e+01 2.429075e+01 2.873160e+01 2.352398e+00 3.941592e+00 3.909717e+00 5.163543e+00 4.248250e+00 5.021083e+00 4.782298e+00 4.644276e+00 4.446914e+00 4.938883e+00 4.390445e+00 3.264168e+00 2.049450e-03
<GCONST> 9.926110e+01
<MIXTURE> 39 9.501865e-03
<MEAN> 25
 1.339276e+00 2.602944e+00 1.020490e+01 -9.211882e+00 -1.127980e+01 -9.906885e-01 -2.967375e+00 -6.573103e+00 -4.523513e+00 8.688056e-01 -3.680731e+00 -2.298632e+00 -7.278013e-01 1.521499e+00 1.625179e+00 -1.389619e+00 7.867169e-02 1.221843e+00 -1.199724e+00 -1.252096e+00 4.297476e-01 4.455211e-01 -5.057053e-01 1.237190e-01 1.330703e-03
<VARIANCE> 25
 8.900363e+00 3.006895e+01 3.173373e+01 3.828681e+01 3.731170e+01 4.266668e+01 4.439477e+01 3.346778e+01 3.939939e+01 3.319492e+01 3.617517e+01 2.941466e+01 6.922498e-01 1.547511e+00 1.512205e+00 2.924514e+00 2.416409e+00 2.822343e+00 3.051557e+00 2.747742e+00 2.433870e+00 2.616457e+00 2.121864e+00 2.069232e+00 1.183756e-03
<GCONST> 8.965498e+01
<MIXTURE> 40 1.030800e-02
<MEAN> 25
 -8.919833e+00 2.068730e+00 -9.862269e-01 7.873634e+00 3.563982e+00 5.247363e+00 5.097760e+00 4.184494e+00 4.533818e+00 4.159238e+00 5.592967e+00 1.662857e+00 -8.522592e-02 -2.297957e-01 -4.637215e-02 -2.189105e-01 -8.978418e-02 -8.081507e-02 7.996804e-02 8.473262e-02 -3.709776e-02 -1.459385e-02 7.674550e-02 2.677102e-02 3.559040e-03
<VARIANCE> 25
 4.443853e+01 1.995954e+01 2.857350e+01 2.856212e+01 2.637461e+01 1.976855e+01 1.986644e+01 1.793499e+01 1.684068e+01 1.809090e+01 1.848081e+01 1.423359e+01 7.275203e-01 7.221566e-01 8.511291e-01 1.081898e+00 1.104354e+00 1.265423e+00 1.299557e+00 1.275804e+00 1.264465e+00 1.238825e+00 1.173792e+00 1.066435e+00 8.387752e-04
<GCONST> 7.656709e+01
<MIXTURE> 41 6.713375e-03
<MEAN> 25
 1.308348e+00 1.785241e+00 1.047794e+01 -6.963094e+00 -1.047320e+01 -3.857862e+00 -2.486252e+00 -5.044186e+00 -4.655781e+00 2.662852e+00 -1.745117e+00 -9.517991e-01 7.801806e-02 -7.606796e-01 1.697131e+00 -3.559406e+00 -2.461333e+00 -1.131311e-01 -5.064144e-01 -3.569699e-01 -8.270124e-01 1.086999e+00 -1.045849e+00 8.305790e-02 8.629605e-02
<VARIANCE> 25
 1.169628e+01 2.965658e+01 3.259835e+01 4.003817e+01 3.868504e+01 4.015990e+01 3.714159e+01 2.987067e+01 3.309137e+01 2.877503e+01 3.185871e+01 2.719217e+01 3.178216e+00 3.311626e+00 3.824708e+00 3.795631e+00 4.904006e+00 5.875098e+00 4.715798e+00 4.558384e+00 3.976173e+00 4.220173e+00 3.833375e+00 3.223505e+00 2.930503e-03
<GCONST> 9.791251e+01
<MIXTURE> 42 1.106211e-02
<MEAN> 25
 -1.932719e+00 4.540989e+00 4.651957e+00 2.883005e+00 1.872156e-01 -6.296253e+00 -9.886667e-01 -1.887088e+00 -1.525571e+00 -1.226293e+00 -2.278481e+00 1.251721e+00 4.175059e+00 -3.459160e-01 1.525411e+00 1.944137e-01 -2.956593e+00 -1.146684e+00 -2.249651e+00 -8.166159e-01 -7.856775e-01 -7.268762e-01 5.340222e-01 -1.061236e+00 9.411309e-03
<VARIANCE> 25
 3.615135e+01 2.129443e+01 4.660630e+01 2.611407e+01 3.916332e+01 3.891221e+01 3.713924e+01 2.723102e+01 2.856804e+01 2.748197e+01 2.004083e+01 1.792009e+01 3.567701e+00 4.876023e+00 6.128209e+00 4.772799e+00 4.642286e+00 6.004851e+00 5.083873e+00 5.275653e+00 4.959839e+00 4.858803e+00 4.220302e+00 3.402972e+00 4.460998e-03
<GCONST> 9.977827e+01
<MIXTURE> 43 7.108249e-03
<MEAN> 25
 3.114158e+00 -6.264632e+00 -2.225840e+00 -5.116242e+00 -7.345979e+00 -3.409486e+00 4.110125e+00 1.263804e+00 -5.055370e+00 -7.022803e+00 -4.280825e+00 -1.263301e+00 2.455853e-01 2.144814e+00 1.900656e+00 -1.412788e-01 -1.428352e+00 -7.845827e-01 -9.629152e-01 -7.716911e-01 8.152869e-01 1.469393e+00 3.429632e-01 7.822093e-03 -4.498652e-02
<VARIANCE> 25
 9.780010e+00 1.969591e+01 2.711673e+01 3.537809e+01 3.827674e+01 3.630748e+01 3.306495e+01 3.971613e+01 3.927395e+01 3.880653e+01 2.646179e+01 2.928304e+01 6.987513e-01 1.274935e+00 1.572292e+00 2.475091e+00 2.351477e+00 2.375804e+00 2.636644e+00 3.006044e+00 2.588735e+00 2.554935e+00 2.314096e+00 1.923313e+00 9.364405e-04
<GCONST> 8.791549e+01
<MIXTURE> 44 7.328289e-03
<MEAN> 25
 -1.480632e+01 1.509766e+00 3.446738e+00 -3.223677e+00 3.206962e+00 1.922426e+00 -1.011532e-01 2.311786e+00 1.388117e+00 -7.232016e-01 1.781279e+00 1.944857e+00 -1.362213e-01 1.005358e-02 1.784064e-01 2.985105e-01 -1.478882e-01 1.971084e-01 4.801480e-01 1.454013e-01 2.692912e-01 1.496839e-01 1.014091e-01 8.840647e-02 4.612258e-03
<VARIANCE> 25
 4.825282e+01 2.703594e+01 3.394583e+01 2.957559e+01 2.909407e+01 2.980357e+01 2.432846e+01 3.131889e+01 2.740569e+01 2.663923e+01 2.633217e+01 1.901933e+01 1.204842e+00 1.493587e+00 1.360320e+00 1.314563e+00 2.158841e+00 1.620355e+00 1.508642e+00 1.677363e+00 1.595854e+00 1.480889e+00 1.420044e+00 1.205603e+00 1.257625e-03
<GCONST> 8.431126e+01
<MIXTURE> 45 1.364932e-02
<MEAN> 25
 -1.245004e+01 3.421940e+00 -1.253360e+00 2.845982e+00 5.735781e+00 1.088462e-01 4.763680e+00 2.862695e+00 3.300939e+00 2.190664e+00 2.367250e+00 2.590863e+00 -2.940689e+00 5.944271e-01 -4.862983e-01 -5.341212e-01 1.938515e-01 -1.684421e-02 4.603477e-01 6.733197e-02 -6.876993e-02 -6.743443e-02 2.508048e-01 9.416739e-02 1.191182e-01
<VARIANCE> 25
 3.352828e+01 3.030033e+01 3.081857e+01 3.502275e+01 3.140838e+01 2.912558e+01 2.967953e+01 2.655330e+01 2.480682e+01 2.336346e+01 2.804081e+01 1.560309e+01 2.425972e+00 3.065468e+00 2.852018e+00 2.681668e+00 2.501146e+00 2.632607e+00 2.313536e+00 2.268797e+00 2.143722e+00 2.118265e+00 1.973768e+00 1.641893e+00 4.084040e-03
<GCONST> 9.055824e+01
<MIXTURE> 46 9.336259e-03
<MEAN> 25
 -9.464535e+00 2.309430e+00 1.199325e+00 7.569863e+00 5.942907e+00 3.337315e+00 7.069170e+00 4.496336e+00 5.708328e+00 4.693847e+00 5.040912e+00 2.926702e+00 1.061117e+00 -2.405515e-01 4.073368e-02 1.001814e+00 6.036214e-01 9.431105e-01 3.872427e-01 6.748461e-01 4.731235e-01 5.080968e-01 6.409339e-01 5.240096e-01 -1.057022e-01
<VARIANCE> 25
 3.423214e+01 4.384327e+01 3.853480e+01 4.994931e+01 5.084351e+01 4.080779e+01 3.706798e+01 3.537677e+01 3.316819e+01 3.095407e+01 2.823759e+01 2.022979e+01 3.911791e+00 4.144003e+00 3.882756e+00 4.139680e+00 4.176208e+00 3.697893e+00 3.382140e+00 3.115717e+00 2.982493e+00 2.866289e+00 2.309219e+00 1.784150e+00 7.952000e-03
<GCONST> 9.830386e+01
<MIXTURE> 47 7.116147e-03
<MEAN> 25
 7.324763e+00 -7.371173e+00 -7.754341e+00 -6.448687e+00 1.503546e+00 8.377207e-01 -2.390716e+00 1.218459e+00 3.011975e+00 1.447794e-01 -4.258194e+00 -6.710216e+00 -1.837766e-01 -1.256067e+00 -6.918947e-01 -4.200963e-01 6.225780e-01 8.184757e-01 8.765860e-01 2.995747e-01 1.183562e-01 -8.854398e-01 -4.688856e-01 -4.575886e-01 3.009186e-02
<VARIANCE> 25
 1.074310e+01 2.107004e+01 2.053083e+01 3.318147e+01 3.619534e+01 5.272509e+01 4.527041e+01 4.080137e+01 4.340041e+01 4.698364e+01 4.858900e+01 3.353410e+01 5.188302e-01 7.725787e-01 1.123992e+00 1.666667e+00 1.977427e+00 2.201408e+00 2.318555e+00 2.479389e+00 2.192327e+00 2.145188e+00 2.187089e+00 2.009660e+00 5.501494e-04
<GCONST> 8.644137e+01
<MIXTURE> 48 7.116147e-03
<MEAN> 25
 7.324763e+00 -7.371173e+00 -7.754341e+00 -6.448687e+00 1.503546e+00 8.377207e-01 -2.390716e+00 1.218459e+00 3.011975e+00 1.447794e-01 -4.258194e+00 -6.710216e+00 -1.837766e-01 -1.256067e+00 -6.918947e-01 -4.200963e-01 6.225780e-01 8.184757e-01 8.765860e-01 2.995747e-01 1.183562e-01 -8.854398e-01 -4.688856e-01 -4.575886e-01 3.009186e-02
<VARIANCE> 25
 1.074310e+01 2.107004e+01 2.053083e+01 3.318147e+01 3.619534e+01 5.272509e+01 4.527041e+01 4.080137e+01 4.340041e+01 4.698364e+01 4.858900e+01 3.353410e+01 5.188302e-01 7.725787e-01 1.123992e+00 1.666667e+00 1.977427e+00 2.201408e+00 2.318555e+00 2.479389e+00 2.192327e+00 2.145188e+00 2.187089e+00 2.009660e+00 5.501494e-04
<GCONST> 8.644137e+01
<MIXTURE> 49 5.548473e-03
<MEAN> 25
 -5.038085e+00 3.282755e-01 1.678068e-01 8.362948e+00 6.079217e+00 5.556105e+00 6.025418e+00 4.444288e+00 4.987203e+00 3.708407e+00 4.865356e+00 2.833529e+00 3.670494e-01 6.568363e-01 6.988180e-01 3.453845e-01 -1.953911e-01 -6.724196e-01 -1.010014e+00 -1.119187e+00 -9.437950e-01 -6.863736e-01 -5.008729e-01 -2.730133e-01 -7.124715e-05
<VARIANCE> 25
 9.827007e+00 1.006830e+01 1.412944e+01 1.629969e+01 1.604893e+01 1.724835e+01 1.937955e+01 1.939286e+01 1.823565e+01 1.779787e+01 2.081360e+01 1.419562e+01 2.798845e-01 2.619706e-01 3.576274e-01 6.137501e-01 8.605294e-01 9.644316e-01 9.883982e-01 1.042529e+00 1.145344e+00 1.208386e+00 1.295913e+00 1.203065e+00 1.462677e-05
<GCONST> 6.435498e+01
<MIXTURE> 50 6.234641e-03
<MEAN> 25
 -4.221519e+00 -2.798402e-02 -1.371085e+00 5.643466e+00 3.846714e+00 2.091735e+00 3.350585e+00 1.731505e+00 2.310751e+00 1.348010e+00 2.015114e+00 2.676437e+00 7.104804e-02 1.693706e-01 9.116951e-02 -1.566665e-01 -5.634795e-01 -6.494354e-01 -4.070157e-01 -3.332622e-02 4.482321e-01 8.090298e-01 7.379019e-01 5.054914e-01 -3.294666e-05
<VARIANCE> 25
 1.114257e+01 1.027787e+01 1.317163e+01 1.678994e+01 1.496715e+01 1.729352e+01 1.871126e+01 2.072676e+01 2.085141e+01 1.669909e+01 1.992304e+01 1.451608e+01 1.424471e-01 2.325921e-01 3.508446e-01 4.867326e-01 6.293496e-01 7.340794e-01 8.911632e-01 1.048604e+00 1.020281e+00 9.287896e-01 9.411907e-01 9.638079e-01 1.172088e-06
<GCONST> 5.930053e+01
<MIXTURE> 51 6.234641e-03
<MEAN> 25
 -4.221519e+00 -2.798402e-02 -1.371085e+00 5.643466e+00 3.846714e+00 2.091735e+00 3.350585e+00 1.731505e+00 2.310751e+00 1.348010e+00 2.015114e+00 2.676437e+00 7.104804e-02 1.693706e-01 9.116951e-02 -1.566665e-01 -5.634795e-01 -6.494354e-01 -4.070157e-01 -3.332622e-02 4.482321e-01 8.090298e-01 7.379019e-01 5.054914e-01 -3.294666e-05
<VARIANCE> 25
 1.114257e+01 1.027787e+01 1.317163e+01 1.678994e+01 1.496715e+01 1.729352e+01 1.871126e+01 2.072676e+01 2.085141e+01 1.669909e+01 1.992304e+01 1.451608e+01 1.424471e-01 2.325921e-01 3.508446e-01 4.867326e-01 6.293496e-01 7.340794e-01 8.911632e-01 1.048604e+00 1.020281e+00 9.287896e-01 9.411907e-01 9.638079e-01 1.172088e-06
<GCONST> 5.930053e+01
<MIXTURE> 52 6.367945e-03
<MEAN> 25
 1.012409e+01 2.049371e+00 -6.198589e+00 -1.428665e+01 -4.222361e+00 8.537684e+00 -2.752695e+00 -3.061040e+00 -4.408453e+00 -2.132985e+00 3.354725e+00 7.466573e-01 -3.855920e-01 -4.802872e-01 -6.964383e-02 1.140550e+00 1.339759e+00 -4.735020e-01 -6.029696e-01 -6.591303e-01 4.291024e-02 1.246413e+00 3.874820e-01 -5.457838e-01 -1.381981e-02
<VARIANCE> 25
 9.287472e+00 2.048961e+01 2.533449e+01 3.858441e+01 4.573242e+01 3.071616e+01 4.654858e+01 4.894510e+01 4.306497e+01 4.604115e+01 3.995126e+01 3.000907e+01 4.496172e-01 1.480764e+00 1.310601e+00 2.758095e+00 2.328853e+00 2.199865e+00 2.986008e+00 2.799600e+00 3.006294e+00 2.667037e+00 2.520501e+00 2.277603e+00 1.546113e-03
<GCONST> 8.973338e+01
<MIXTURE> 53 6.367945e-03
<MEAN> 25
 1.012409e+01 2.049371e+00 -6.198589e+00 -1.428665e+01 -4.222361e+00 8.537684e+00 -2.752695e+00 -3.061040e+00 -4.408453e+00 -2.132985e+00 3.354725e+00 7.466573e-01 -3.855920e-01 -4.802872e-01 -6.964383e-02 1.140550e+00 1.339759e+00 -4.735020e-01 -6.029696e-01 -6.591303e-01 4.291024e-02 1.246413e+00 3.874820e-01 -5.457838e-01 -1.381981e-02
<VARIANCE> 25
 9.287472e+00 2.048961e+01 2.533449e+01 3.858441e+01 4.573242e+01 3.071616e+01 4.654858e+01 4.894510e+01 4.306497e+01 4.604115e+01 3.995126e+01 3.000907e+01 4.496172e-01 1.480764e+00 1.310601e+00 2.758095e+00 2.328853e+00 2.199865e+00 2.986008e+00 2.799600e+00 3.006294e+00 2.667037e+00 2.520501e+00 2.277603e+00 1.546113e-03
<GCONST> 8.973338e+01
<MIXTURE> 54 7.368620e-03
<MEAN> 25
 -3.555947e+00 9.026684e-02 -6.602903e-01 7.883916e+00 6.419694e+00 4.530232e+00 4.645573e+00 4.573159e+00 4.051810e+00 3.545863e+00 4.334276e+00 2.213575e+00 1.310794e-03 2.362427e-02 3.640683e-02 5.818268e-02 4.449974e-02 4.957899e-02 3.583955e-02 3.280836e-02 5.655992e-02 2.801139e-02 1.943961e-02 1.242912e-02 1.272782e-05
<VARIANCE> 25
 9.246490e+00 1.024784e+01 9.144897e+00 1.895493e+01 1.328286e+01 1.374636e+01 1.178127e+01 1.111903e+01 1.112948e+01 1.340404e+01 1.823452e+01 1.295084e+01 4.074682e-02 8.647716e-02 1.527538e-01 2.292624e-01 3.060040e-01 3.944778e-01 4.551987e-01 5.133799e-01 5.672911e-01 5.146470e-01 5.078827e-01 5.157827e-01 1.052508e-06
<GCONST> 4.730231e+01
<MIXTURE> 55 7.368620e-03
<MEAN> 25
 -3.555947e+00 9.026684e-02 -6.602903e-01 7.883916e+00 6.419694e+00 4.530232e+00 4.645573e+00 4.573159e+00 4.051810e+00 3.545863e+00 4.334276e+00 2.213575e+00 1.310794e-03 2.362427e-02 3.640683e-02 5.818268e-02 4.449974e-02 4.957899e-02 3.583955e-02 3.280836e-02 5.655992e-02 2.801139e-02 1.943961e-02 1.242912e-02 1.272782e-05
<VARIANCE> 25
 9.246490e+00 1.024784e+01 9.144897e+00 1.895493e+01 1.328286e+01 1.374636e+01 1.178127e+01 1.111903e+01 1.112948e+01 1.340404e+01 1.823452e+01 1.295084e+01 4.074682e-02 8.647716e-02 1.527538e-01 2.292624e-01 3.060040e-01 3.944778e-01 4.551987e-01 5.133799e-01 5.672911e-01 5.146470e-01 5.078827e-01 5.157827e-01 1.052508e-06
<GCONST> 4.730231e+01
<MIXTURE> 56 6.132464e-03
<MEAN> 25
 7.484662e+00 -6.720974e+00 -9.096473e+00 -8.611186e+00 3.869603e+00 3.891053e+00 -2.169209e+00 -1.507029e+00 1.941388e+00 6.486909e-01 -2.496467e+00 -7.126224e+00 -1.118283e-02 2.456232e-02 -8.538297e-02 1.261556e-02 2.565089e-01 8.024675e-02 1.170703e-01 -1.379999e-01 -4.340230e-02 -2.246222e-02 -8.582373e-02 1.079280e-02 -7.021577e-03
<VARIANCE> 25
 9.731227e+00 2.331873e+01 2.016465e+01 4.107895e+01 3.366148e+01 5.062849e+01 6.133656e+01 3.656353e+01 3.859204e+01 3.736396e+01 3.986890e+01 3.092202e+01 2.042448e-01 4.282269e-01 4.494988e-01 7.757556e-01 7.930706e-01 1.130928e+00 9.022526e-01 8.999802e-01 9.054700e-01 9.619242e-01 1.029679e+00 7.852411e-01 2.376449e-04
<GCONST> 7.513557e+01
<MIXTURE> 57 6.132464e-03
<MEAN> 25
 7.484662e+00 -6.720974e+00 -9.096473e+00 -8.611186e+00 3.869603e+00 3.891053e+00 -2.169209e+00 -1.507029e+00 1.941388e+00 6.486909e-01 -2.496467e+00 -7.126224e+00 -1.118283e-02 2.456232e-02 -8.538297e-02 1.261556e-02 2.565089e-01 8.024675e-02 1.170703e-01 -1.379999e-01 -4.340230e-02 -2.246222e-02 -8.582373e-02 1.079280e-02 -7.021577e-03
<VARIANCE> 25
 9.731227e+00 2.331873e+01 2.016465e+01 4.107895e+01 3.366148e+01 5.062849e+01 6.133656e+01 3.656353e+01 3.859204e+01 3.736396e+01 3.986890e+01 3.092202e+01 2.042448e-01 4.282269e-01 4.494988e-01 7.757556e-01 7.930706e-01 1.130928e+00 9.022526e-01 8.999802e-01 9.054700e-01 9.619242e-01 1.029679e+00 7.852411e-01 2.376449e-04
<GCONST> 7.513557e+01
<MIXTURE> 58 6.172147e-03
<MEAN> 25
 2.328266e+00 -2.964281e+00 6.676329e+00 -4.770612e+00 -1.255361e+01 -5.228498e+00 1.681235e+00 5.952176e-01 -2.396634e+00 1.826668e+00 4.377287e-01 -1.043604e+00 -1.643985e-02 -1.218122e-01 -7.196148e-02 -1.823295e-01 -3.327242e-02 2.629209e-01 3.558244e-01 2.691690e-01 2.716444e-02 3.153309e-03 -1.081329e-01 -1.731039e-01 -4.074445e-03
<VARIANCE> 25
 7.424131e+00 1.424027e+01 2.277832e+01 2.725877e+01 2.861047e+01 4.352888e+01 3.054504e+01 3.301554e+01 2.993686e+01 3.061335e+01 2.142001e+01 1.944647e+01 2.970218e-01 7.447755e-01 7.410216e-01 9.912140e-01 8.692394e-01 1.165398e+00 1.097619e+00 1.319025e+00 1.047304e+00 1.069341e+00 9.160349e-01 8.490392e-01 7.040384e-04
<GCONST> 7.510383e+01
<MIXTURE> 59 6.172147e-03
<MEAN> 25
 2.328266e+00 -2.964281e+00 6.676329e+00 -4.770612e+00 -1.255361e+01 -5.228498e+00 1.681235e+00 5.952176e-01 -2.396634e+00 1.826668e+00 4.377287e-01 -1.043604e+00 -1.643985e-02 -1.218122e-01 -7.196148e-02 -1.823295e-01 -3.327242e-02 2.629209e-01 3.558244e-01 2.691690e-01 2.716444e-02 3.153309e-03 -1.081329e-01 -1.731039e-01 -4.074445e-03
<VARIANCE> 25
 7.424131e+00 1.424027e+01 2.277832e+01 2.725877e+01 2.861047e+01 4.352888e+01 3.054504e+01 3.301554e+01 2.993686e+01 3.061335e+01 2.142001e+01 1.944647e+01 2.970218e-01 7.447755e-01 7.410216e-01 9.912140e-01 8.692394e-01 1.165398e+00 1.097619e+00 1.319025e+00 1.047304e+00 1.069341e+00 9.160349e-01 8.490392e-01 7.040384e-04
<GCONST> 7.510383e+01
<MIXTURE> 60 4.479129e-03
<MEAN> 25
 -1.650957e+00 -1.126081e-01 -2.740360e-01 1.362139e+00 5.812796e-01 1.170061e+00 9.485136e-01 1.257627e+00 1.579268e+00 1.337052e+00 1.372186e+00 9.355114e-01 -5.268065e-02 7.091612e-03 6.474898e-02 1.195228e-01 1.451706e-01 1.059967e-01 1.687346e-01 3.008481e-01 6.301481e-01 6.840429e-01 6.800409e-01 4.145751e-01 7.944246e-04
<VARIANCE> 25
 5.241973e+00 3.244140e+00 6.110732e+00 8.682472e+00 9.443926e+00 1.068591e+01 9.907358e+00 9.490662e+00 1.117973e+01 1.117461e+01 1.246173e+01 9.261080e+00 8.676310e-02 1.429661e-01 2.491384e-01 4.597343e-01 8.013508e-01 7.247159e-01 7.496504e-01 7.253090e-01 8.123704e-01 1.097811e+00 9.387822e-01 8.262849e-01 3.823155e-05
<GCONST> 5.323631e+01
<MIXTURE> 61 4.479129e-03
<MEAN> 25
 -1.650957e+00 -1.126081e-01 -2.740360e-01 1.362139e+00 5.812796e-01 1.170061e+00 9.485136e-01 1.257627e+00 1.579268e+00 1.337052e+00 1.372186e+00 9.355114e-01 -5.268065e-02 7.091612e-03 6.474898e-02 1.195228e-01 1.451706e-01 1.059967e-01 1.687346e-01 3.008481e-01 6.301481e-01 6.840429e-01 6.800409e-01 4.145751e-01 7.944246e-04
<VARIANCE> 25
 5.241973e+00 3.244140e+00 6.110732e+00 8.682472e+00 9.443926e+00 1.068591e+01 9.907358e+00 9.490662e+00 1.117973e+01 1.117461e+01 1.246173e+01 9.261080e+00 8.676310e-02 1.429661e-01 2.491384e-01 4.597343e-01 8.013508e-01 7.247159e-01 7.496504e-01 7.253090e-01 8.123704e-01 1.097811e+00 9.387822e-01 8.262849e-01 3.823155e-05
<GCONST> 5.323631e+01
<MIXTURE> 62 3.278034e-03
<MEAN> 25
 -5.086773e+00 1.238922e+00 1.026706e+00 8.811336e+00 6.125574e+00 5.048279e+00 5.497014e+00 4.033071e+00 4.983322e+00 3.918128e+00 4.965215e+00 2.948604e+00 -1.002613e+00 -1.165969e+00 -9.526539e-01 -2.767610e-01 4.273598e-01 1.005288e+00 1.384762e+00 1.551878e+00 1.477749e+00 1.242992e+00 1.068742e+00 7.264662e-01 -1.259554e-03
<VARIANCE> 25
 9.882783e+00 9.956460e+00 1.310462e+01 1.677571e+01 1.742789e+01 1.751558e+01 1.969054e+01 1.909688e+01 1.885358e+01 1.872716e+01 2.155917e+01 1.479057e+01 4.018883e-01 4.322261e-01 5.540705e-01 7.786676e-01 1.034428e+00 1.191206e+00 1.251473e+00 1.278569e+00 1.329564e+00 1.363010e+00 1.403806e+00 1.370725e+00 1.635971e-05
<GCONST> 6.752737e+01
<MIXTURE> 63 4.351215e-03
<MEAN> 25
 -2.401235e+00 -1.400205e+00 -2.921139e+00 1.657738e+00 2.197504e+00 -3.540624e-03 1.540563e+00 5.770530e-01 1.357453e+00 -8.719450e-01 -1.053891e+00 1.773130e+00 2.392890e-02 2.725582e-01 4.427365e-01 4.776042e-01 3.947544e-01 5.775969e-01 4.996115e-01 4.144997e-01 3.398344e-01 1.512033e-01 1.885211e-01 1.254170e-01 5.771972e-04
<VARIANCE> 25
 8.731099e+00 1.076765e+01 1.341736e+01 1.312396e+01 1.376765e+01 1.876383e+01 1.967549e+01 1.903323e+01 1.979131e+01 1.761579e+01 1.695348e+01 1.423861e+01 2.315373e-01 3.542190e-01 4.943988e-01 6.758959e-01 8.558831e-01 1.098032e+00 1.232790e+00 1.398481e+00 1.504778e+00 1.600440e+00 1.384581e+00 1.010457e+00 2.212501e-04
<GCONST> 6.816574e+01
<MIXTURE> 64 4.351215e-03
<MEAN> 25
 -2.401235e+00 -1.400205e+00 -2.921139e+00 1.657738e+00 2.197504e+00 -3.540624e-03 1.540563e+00 5.770530e-01 1.357453e+00 -8.719450e-01 -1.053891e+00 1.773130e+00 2.392890e-02 2.725582e-01 4.427365e-01 4.776042e-01 3.947544e-01 5.775969e-01 4.996115e-01 4.144997e-01 3.398344e-01 1.512033e-01 1.885211e-01 1.254170e-01 5.771972e-04
<VARIANCE> 25
 8.731099e+00 1.076765e+01 1.341736e+01 1.312396e+01 1.376765e+01 1.876383e+01 1.967549e+01 1.903323e+01 1.979131e+01 1.761579e+01 1.695348e+01 1.423861e+01 2.315373e-01 3.542190e-01 4.943988e-01 6.758959e-01 8.558831e-01 1.098032e+00 1.232790e+00 1.398481e+00 1.504778e+00 1.600440e+00 1.384581e+00 1.010457e+00 2.212501e-04
<GCONST> 6.816574e+01
<MIXTURE> 65 1.721197e-02
<MEAN> 25
 7.473798e+00 1.904551e+00 1.778384e+00 6.317033e-01 -5.046117e+00 -4.235522e+00 -5.846014e+00 -6.670280e+00 -3.839755e+00 -2.241922e+00 -5.225340e+00 -1.758952e+00 1.926828e-01 1.393998e-01 2.343840e-02 1.162976e-01 -2.126110e-01 2.398992e-01 -4.216090e-02 -1.229211e-01 2.195198e-01 4.361516e-02 3.525069e-03 -1.135246e-01 -3.241133e-03
<VARIANCE> 25
 1.300386e+01 1.858804e+01 2.449037e+01 3.400516e+01 3.739822e+01 5.474705e+01 5.531328e+01 5.646193e+01 5.217857e+01 5.464607e+01 5.400660e+01 4.897240e+01 5.279866e-01 9.033958e-01 1.529897e+00 1.737553e+00 2.008307e+00 2.153433e+00 2.288421e+00 2.940933e+00 2.376675e+00 2.392659e+00 2.459292e+00 2.053251e+00 4.210928e-04
<GCONST> 8.885941e+01
<MIXTURE> 66 1.191532e-02
<MEAN> 25
 6.681680e+00 -4.094204e+00 -5.623550e+00 -4.830950e+00 1.277504e+00 -5.092781e+00 -6.924499e+00 1.192962e+00 6.844047e-01 -2.051296e+00 -6.140821e+00 -3.475420e+00 -4.558614e-02 1.667450e+00 2.240414e+00 2.317943e+00 -1.251130e+00 -1.253504e+00 5.544779e-02 -5.469832e-01 -1.447200e-01 -1.944621e-01 -2.016248e-01 1.044894e+00 -6.380243e-02
<VARIANCE> 25
 8.928694e+00 2.234646e+01 2.706078e+01 3.306570e+01 3.851783e+01 5.342480e+01 5.600177e+01 4.541642e+01 5.411112e+01 6.678324e+01 3.698491e+01 3.644631e+01 1.283683e+00 2.445602e+00 2.352303e+00 2.470423e+00 4.197532e+00 4.308652e+00 4.369092e+00 4.845612e+00 4.249458e+00 4.994403e+00 3.900385e+00 3.262199e+00 1.469082e-03
<GCONST> 9.683597e+01
<MIXTURE> 67 1.559142e-02
<MEAN> 25
 8.985456e+00 2.035448e+00 -5.978737e+00 -8.274504e+00 9.031860e-01 3.083229e+00 -3.325229e+00 -2.242070e+00 -3.773560e+00 7.784979e-01 -5.461008e-02 -1.732939e+00 -1.074132e+00 1.831960e+00 1.062773e+00 3.073161e+00 1.392620e+00 -5.098513e-01 1.302791e+00 1.202588e-01 1.569752e-01 2.512395e-01 -2.766193e-01 6.252995e-01 -1.299931e-01
<VARIANCE> 25
 1.146567e+01 3.885957e+01 3.078913e+01 5.585363e+01 4.915367e+01 5.406945e+01 6.210220e+01 5.280804e+01 6.478790e+01 5.711977e+01 5.578411e+01 4.738020e+01 2.179849e+00 3.465775e+00 3.290490e+00 4.517694e+00 4.523180e+00 4.553678e+00 4.706660e+00 5.071122e+00 5.476764e+00 4.779429e+00 5.135092e+00 3.746339e+00 3.042452e-03
<GCONST> 1.029183e+02
<MIXTURE> 68 1.485092e-02
<MEAN> 25
 -2.018617e+00 -2.311405e+00 -4.104930e+00 1.255376e+00 5.262448e+00 -6.688867e-01 2.130839e+00 1.825149e+00 2.005791e+00 1.690370e+00 4.857426e-01 1.877103e+00 2.768606e+00 5.489815e-01 1.392268e-02 -2.585419e+00 -2.417490e+00 -1.591402e+00 -2.353946e+00 -1.792011e+00 -1.651218e+00 -1.481031e+00 -1.985598e+00 -1.059420e+00 1.032874e-01
<VARIANCE> 25
 2.600241e+01 3.204155e+01 5.876783e+01 5.261407e+01 4.670060e+01 5.511811e+01 4.528094e+01 4.228291e+01 4.044559e+01 4.351472e+01 3.739489e+01 2.576189e+01 1.863599e+00 3.745341e+00 5.939168e+00 5.868310e+00 4.698800e+00 5.611635e+00 5.773418e+00 4.975079e+00 4.979468e+00 5.263103e+00 5.044706e+00 3.421701e+00 6.140011e-03
<GCONST> 1.036083e+02
<MIXTURE> 69 1.204884e-02
<MEAN> 25
 4.672823e+00 -4.231207e+00 -3.568214e+00 -3.630398e+00 -3.506459e+00 -7.880198e+00 -1.110227e+00 2.212917e+00 -3.487613e-01 -4.739947e+00 -5.687393e+00 9.574184e-01 1.677970e+00 -2.235504e+00 -1.338377e+00 -2.244530e+00 -5.301886e-01 -3.490811e-01 -4.726982e-01 6.159256e-01 -6.419972e-01 -1.460187e+00 -2.204545e+00 -1.727953e-01 6.253399e-02
<VARIANCE> 25
 8.862936e+00 2.179438e+01 2.674777e+01 2.593005e+01 4.269971e+01 3.562524e+01 4.895684e+01 3.159717e+01 3.976797e+01 3.790730e+01 3.108539e+01 2.461013e+01 3.548348e+00 2.922817e+00 3.335263e+00 3.700194e+00 5.767375e+00 5.010953e+00 7.117874e+00 6.079271e+00 5.913404e+00 5.867496e+00 4.351882e+00 3.704635e+00 2.447509e-03
<GCONST> 9.867912e+01
<MIXTURE> 70 1.329190e-02
<MEAN> 25
 7.523414e+00 -2.035807e+00 -3.889677e+00 -3.608987e+00 -4.100701e-01 -6.681525e-01 -7.691220e+00 -4.028384e+00 5.700716e-01 2.893294e+00 -1.314817e-01 -4.911279e+00 1.935947e+00 -1.138389e+00 -8.203571e-01 -2.206286e+00 -1.519446e+00 1.178054e+00 -1.337489e+00 -8.783302e-02 3.376727e-01 -2.763852e-02 6.879820e-01 -1.454781e+00 5.868765e-02
<VARIANCE> 25
 9.923653e+00 2.257448e+01 2.833575e+01 4.698531e+01 3.550331e+01 4.451030e+01 4.987959e+01 4.410027e+01 4.708907e+01 3.279107e+01 4.499393e+01 2.729338e+01 3.501720e+00 3.212302e+00 4.742976e+00 4.958335e+00 5.216807e+00 6.447890e+00 6.795890e+00 7.556054e+00 6.175379e+00 5.388454e+00 5.867995e+00 4.306554e+00 2.537443e-03
<GCONST> 1.018596e+02
<MIXTURE> 71 1.406903e-02
<MEAN> 25
 6.384859e+00 5.180001e+00 4.257904e+00 3.111514e+00 -3.459816e+00 -3.426810e+00 -3.437547e+00 -6.653390e+00 -4.674792e+00 -2.512659e+00 -5.234448e+00 -3.234414e+00 -1.571743e+00 -6.954567e-01 -2.514848e-01 -1.776436e+00 1.125672e+00 -1.459941e-01 5.621052e-02 1.538368e+00 3.123255e-01 -1.789342e-01 6.857291e-01 1.845119e-01 4.090298e-02
<VARIANCE> 25
 1.890816e+01 2.574034e+01 2.410226e+01 4.493742e+01 4.069180e+01 4.055175e+01 4.256980e+01 4.147808e+01 3.896431e+01 4.404668e+01 3.650391e+01 3.454074e+01 1.759394e+00 3.043285e+00 5.292176e+00 4.881944e+00 4.709719e+00 4.734998e+00 4.878192e+00 5.384855e+00 4.303928e+00 4.092199e+00 3.636295e+00 3.293718e+00 1.420034e-03
<GCONST> 9.869170e+01
<MIXTURE> 72 8.134747e-03
<MEAN> 25
 3.790659e+00 -3.683974e+00 5.456358e+00 -2.465967e+00 -1.040358e+01 -9.623777e+00 -2.449950e+00 1.923354e+00 -4.944270e+00 -2.201174e+00 -1.887682e+00 6.160656e-01 9.323869e-01 -7.859759e-01 -2.576895e+00 4.627798e-01 2.137208e+00 -6.548190e-01 -1.316925e+00 1.525860e+00 1.814490e+00 -5.969086e-01 -1.289098e+00 4.027103e-01 -6.132259e-03
<VARIANCE> 25
 1.079268e+01 1.948008e+01 3.286712e+01 3.843166e+01 3.232481e+01 3.339291e+01 4.107275e+01 3.621012e+01 4.369260e+01 4.136205e+01 3.879557e+01 2.852384e+01 4.324193e-01 1.026215e+00 2.022215e+00 1.469816e+00 2.183955e+00 2.355700e+00 3.062121e+00 2.731938e+00 2.603967e+00 2.961030e+00 2.025198e+00 2.128447e+00 5.408239e-04
<GCONST> 8.725417e+01
<MIXTURE> 73 1.213625e-02
<MEAN> 25
 -5.640470e+00 -7.917891e-01 -1.304279e+00 4.916953e+00 4.240330e+00 2.343324e+00 5.519110e+00 3.454989e+00 4.368888e+00 3.435246e+00 4.270442e+00 3.028708e+00 8.031697e-01 -1.030972e+00 -9.460151e-01 -2.649082e+00 -1.261620e+00 -1.752326e+00 -9.019893e-01 -5.084529e-01 -9.207150e-01 -7.017944e-01 -1.105262e+00 -2.828021e-01 1.549225e-01
<VARIANCE> 25
 1.284205e+01 1.340040e+01 1.520348e+01 2.263468e+01 2.333806e+01 2.477533e+01 2.038653e+01 2.000575e+01 1.777439e+01 1.906392e+01 2.279680e+01 1.558032e+01 4.047410e+00 3.091388e+00 5.966845e+00 4.675861e+00 6.153816e+00 4.561583e+00 4.304235e+00 4.250834e+00 3.898981e+00 4.232366e+00 3.542175e+00 2.674324e+00 4.296835e-03
<GCONST> 9.270378e+01
<MIXTURE> 74 1.756491e-02
<MEAN> 25
 4.515603e+00 -1.597047e+00 5.270948e+00 -1.151166e+00 -8.768835e+00 -8.325390e+00 -2.705256e+00 7.554361e-01 -4.124455e+00 -2.839699e+00 -1.704357e+00 2.590388e-01 3.123775e-01 2.024219e+00 4.464566e-02 1.718789e+00 1.233685e+00 3.581933e-01 -3.060623e-03 -1.333590e+00 1.743399e-01 1.798641e-01 -2.374734e-01 -1.071066e-01 -7.873401e-02
<VARIANCE> 25
 1.173686e+01 2.201358e+01 3.767046e+01 3.871849e+01 3.719826e+01 3.970975e+01 5.167267e+01 4.673128e+01 4.811782e+01 4.478627e+01 4.119284e+01 3.446465e+01 2.103419e+00 2.053427e+00 3.928626e+00 2.598732e+00 3.935795e+00 3.917510e+00 5.067436e+00 4.288040e+00 4.174284e+00 4.043900e+00 3.657330e+00 3.205211e+00 1.755362e-03
<GCONST> 9.735066e+01
<MIXTURE> 75 9.711651e-03
<MEAN> 25
 2.660527e+00 -1.248710e+00 1.102447e+01 1.729937e+00 -1.183200e+01 -7.672051e+00 -4.584128e+00 -4.914044e-01 -4.513114e+00 -4.621195e+00 3.264650e+00 1.577217e-01 1.752774e+00 -1.765356e+00 2.010539e-01 -2.583582e-01 -2.403508e+00 -5.195498e-01 -1.464228e+00 9.673772e-01 -1.516960e-01 -3.515571e-01 1.084196e+00 -6.302473e-01 3.861330e-02
<VARIANCE> 25
 1.114564e+01 1.781618e+01 3.053002e+01 2.779623e+01 2.699270e+01 3.272821e+01 3.147172e+01 3.118716e+01 3.368580e+01 3.161463e+01 2.043683e+01 2.171760e+01 2.380180e+00 1.907051e+00 4.289210e+00 2.488974e+00 3.875439e+00 4.343815e+00 4.168833e+00 3.517149e+00 3.949038e+00 3.381032e+00 3.103978e+00 2.511519e+00 1.544262e-03
<GCONST> 9.228218e+01
<MIXTURE> 76 1.052359e-02
<MEAN> 25
 -5.765501e+00 -1.436368e+00 -2.279624e+00 3.402119e+00 3.479228e+00 1.449643e+00 3.543418e+00 1.610333e+00 1.935106e+00 2.435928e-01 1.467993e+00 2.097920e+00 1.284165e-02 -4.881599e-01 -2.815413e-01 -7.908693e-01 -6.238981e-01 -7.622443e-01 -5.834923e-01 -3.750654e-01 -5.272310e-01 -3.894747e-01 -3.931380e-01 -3.128406e-01 1.438022e-02
<VARIANCE> 25
 3.527357e+01 2.362017e+01 2.580570e+01 2.460130e+01 2.841699e+01 2.933738e+01 2.629741e+01 2.509305e+01 2.201445e+01 2.211688e+01 2.350522e+01 1.768326e+01 1.043216e+00 1.016785e+00 1.272152e+00 1.133728e+00 1.306497e+00 1.531555e+00 1.464785e+00 1.471273e+00 1.602923e+00 1.474286e+00 1.628415e+00 1.248020e+00 1.237907e-03
<GCONST> 8.132283e+01
<MIXTURE> 77 1.244626e-02
<MEAN> 25
 -4.565063e-01 8.518904e+00 1.235344e+01 -1.153132e+01 -6.943957e+00 9.334101e-01 -9.238201e+00 -7.201855e+00 -3.373931e+00 -1.992087e-01 -4.634311e+00 -1.495665e+00 7.100678e-02 1.392439e-01 7.930121e-02 2.527477e-01 -1.936742e-02 7.932647e-02 -6.598813e-02 -6.445550e-02 8.348192e-02 -4.523874e-02 2.841431e-02 1.211551e-01 -9.701625e-03
<VARIANCE> 25
 1.037222e+01 2.042154e+01 2.863916e+01 4.217070e+01 3.337435e+01 3.359578e+01 3.663219e+01 3.173480e+01 3.496553e+01 3.297646e+01 3.734007e+01 3.470314e+01 2.980924e-01 7.729201e-01 6.454478e-01 1.081557e+00 1.235859e+00 9.853847e-01 1.217187e+00 1.075659e+00 1.040746e+00 1.067701e+00 9.782417e-01 9.248641e-01 5.412395e-04
<GCONST> 7.781959e+01
<MIXTURE> 78 9.702551e-03
<MEAN> 25
 -1.152097e+01 1.044296e+00 -1.621409e+00 2.284460e+00 4.356236e+00 -2.313144e+00 3.769517e+00 2.537265e+00 2.514037e+00 7.306188e-01 -4.710199e-01 2.986955e+00 2.399261e+00 -2.614547e-01 1.969679e-01 5.679101e-01 -4.867558e-02 2.571643e-02 -3.060496e-01 -9.407581e-02 2.068676e-01 1.588539e-01 -3.535352e-01 -4.817175e-01 -6.170061e-02
<VARIANCE> 25
 4.112830e+01 3.261075e+01 3.234479e+01 3.217687e+01 3.979753e+01 3.685173e+01 3.536969e+01 3.341248e+01 2.851967e+01 2.743343e+01 2.680583e+01 2.031314e+01 4.863412e+00 2.562122e+00 2.830004e+00 3.052373e+00 2.837801e+00 3.471725e+00 3.229903e+00 2.802428e+00 2.333639e+00 2.360950e+00 2.254566e+00 2.122918e+00 4.655477e-03
<GCONST> 9.449562e+01
<MIXTURE> 79 1.156824e-02
<MEAN> 25
 2.419138e+00 1.575882e+00 9.191397e+00 -6.606510e+00 -1.207494e+01 -1.820496e+00 -1.916331e+00 -6.478375e+00 -6.580312e+00 3.242321e-01 -3.517522e+00 -3.296011e+00 1.221988e+00 -5.253387e-01 -1.432325e+00 2.353431e+00 3.793414e-01 -1.473395e+00 5.354315e-01 8.882110e-01 -4.355566e-01 -5.422833e-01 3.591780e-01 2.796197e-01 -3.631416e-02
<VARIANCE> 25
 1.424343e+01 2.414904e+01 3.792324e+01 4.980854e+01 3.341979e+01 4.352001e+01 4.288021e+01 3.677754e+01 3.894796e+01 3.981079e+01 4.392498e+01 3.069809e+01 9.432270e-01 2.262679e+00 1.896468e+00 2.090255e+00 2.475800e+00 2.816553e+00 3.197828e+00 3.534895e+00 2.516826e+00 2.736506e+00 2.317837e+00 2.031509e+00 1.233144e-03
<GCONST> 9.181345e+01
<MIXTURE> 80 7.550998e-03
<MEAN> 25
 -1.460866e+01 3.982978e+00 6.888527e-01 2.865978e+00 2.449390e+00 1.410288e+00 6.397008e+00 2.496773e+00 2.719634e+00 2.373497e+00 4.852879e+00 1.186962e+00 4.286331e+00 -1.602020e-02 1.637934e+00 -1.135554e+00 -2.889475e+00 -2.777582e+00 -2.323244e+00 -2.021465e+00 -1.975032e+00 -1.685194e+00 -1.650844e+00 -6.027454e-01 -4.423228e-02
<VARIANCE> 25
 2.094969e+01 1.984664e+01 3.444448e+01 3.470766e+01 3.018093e+01 2.920889e+01 2.828683e+01 2.855507e+01 2.674643e+01 2.881129e+01 2.685423e+01 1.810697e+01 2.357266e+00 2.666195e+00 2.673126e+00 4.119907e+00 3.394136e+00 2.705081e+00 3.025253e+00 3.204086e+00 2.749122e+00 2.701698e+00 2.782157e+00 2.145745e+00 1.512166e-03
<GCONST> 9.139670e+01
<MIXTURE> 81 8.025434e-03
<MEAN> 25
 -1.117958e+00 4.063401e+00 1.017002e+01 -1.479293e+01 -9.073044e+00 -1.423675e+00 -6.766667e+00 -8.424185e+00 -4.150888e+00 -4.174715e-01 -7.571039e+00 -2.245728e+00 1.339746e-01 -5.866193e-01 -2.454441e-03 -5.560747e-01 -4.638687e-01 3.353383e-01 3.200773e-01 1.373261e-01 -1.396652e-01 1.061577e-01 -4.695302e-01 -1.252683e-01 1.151126e-02
<VARIANCE> 25
 1.014444e+01 3.279769e+01 2.654661e+01 2.940740e+01 3.375000e+01 3.050101e+01 4.541814e+01 2.824660e+01 3.796395e+01 3.186737e+01 2.530227e+01 3.103573e+01 7.716756e-01 2.276058e+00 1.544936e+00 2.871065e+00 2.662366e+00 2.125533e+00 3.279001e+00 2.286975e+00 2.354902e+00 2.538565e+00 2.299991e+00 2.077355e+00 1.182519e-03
<GCONST> 8.868517e+01
<MIXTURE> 82 8.213053e-03
<MEAN> 25
 -9.966270e+00 -3.903473e+00 1.640102e+00 -2.971876e+00 3.113833e+00 6.711991e-01 1.994745e+00 9.378460e-01 2.976421e+00 1.729321e+00 1.742751e+00 3.085362e+00 -1.314336e+00 -1.249191e-01 2.896840e-01 -2.604469e+00 -1.105539e+00 -1.265405e+00 -1.013555e+00 -8.702855e-01 -3.166782e-01 -4.782961e-01 -3.166651e-01 -9.515849e-02 1.784501e-01
<VARIANCE> 25
 1.801052e+01 2.493746e+01 3.237104e+01 3.088886e+01 3.302585e+01 3.229260e+01 3.178302e+01 3.298331e+01 3.085983e+01 2.512638e+01 3.079053e+01 1.750380e+01 3.754998e+00 3.049268e+00 3.316931e+00 3.268510e+00 3.562314e+00 3.286661e+00 2.943631e+00 3.016165e+00 2.795074e+00 2.490984e+00 2.449395e+00 1.865945e+00 3.429721e-03
<GCONST> 9.308212e+01
<MIXTURE> 83 1.167529e-02
<MEAN> 25
 -2.004081e+01 5.504238e+00 -1.789702e+00 -4.051103e-01 7.829639e+00 -1.234488e+00 5.460100e+00 3.044532e+00 1.192393e+00 2.190908e+00 7.244872e-01 2.881716e+00 -2.631321e-02 -4.501706e-01 4.872012e-03 -3.655977e-01 -4.974648e-01 -1.258521e-01 -1.343577e-01 -9.942717e-02 -4.144356e-02 -3.920248e-02 -3.058213e-02 -3.465528e-02 4.403248e-03
<VARIANCE> 25
 8.819281e+00 1.645402e+01 2.851271e+01 2.248555e+01 2.127508e+01 2.407955e+01 2.202746e+01 2.336420e+01 2.042958e+01 2.221887e+01 2.319599e+01 1.448780e+01 1.060910e+00 9.362046e-01 1.240790e+00 1.065688e+00 1.359398e+00 1.291389e+00 1.283447e+00 1.388157e+00 1.349015e+00 1.310737e+00 1.220778e+00 1.071650e+00 8.923843e-04
<GCONST> 7.703519e+01
<MIXTURE> 84 1.066614e-02
<MEAN> 25
 1.178394e+00 9.021654e+00 7.243323e+00 7.987083e+00 2.833431e+00 -9.172940e-01 -1.527943e+00 -4.482435e+00 -4.119666e+00 -2.911023e+00 -2.414322e+00 -1.596575e+00 -1.786963e+00 -1.185068e+00 -1.205609e+00 1.288692e+00 2.253504e+00 1.504083e+00 1.453707e+00 1.290234e+00 1.169704e+00 4.030916e-01 4.164141e-01 4.257302e-01 -7.169083e-02
<VARIANCE> 25
 2.349296e+01 1.826044e+01 2.162207e+01 2.413072e+01 2.917338e+01 2.830277e+01 2.794736e+01 2.654190e+01 2.528747e+01 2.524192e+01 2.359438e+01 2.460396e+01 2.103454e+00 2.541434e+00 3.849965e+00 3.301662e+00 3.276489e+00 3.376749e+00 3.290187e+00 3.406884e+00 3.483113e+00 3.251237e+00 3.589106e+00 2.805109e+00 3.528928e-03
<GCONST> 9.254234e+01
<MIXTURE> 85 7.591393e-03
<MEAN> 25
 -3.110720e+00 7.892063e+00 5.724956e+00 1.286184e+00 -3.493864e+00 -5.325586e+00 -2.980210e+00 -6.121614e+00 -3.542549e+00 -3.184547e+00 -4.793334e-01 -1.899563e+00 3.943473e+00 3.248008e-01 1.756012e+00 -2.091520e+00 -3.414622e+00 -2.583233e+00 -2.886045e+00 -2.341527e+00 -2.249122e+00 -1.264073e+00 -2.302847e+00 -6.158685e-01 9.207295e-03
<VARIANCE> 25
 4.247343e+01 2.343356e+01 3.647577e+01 3.822238e+01 3.974737e+01 4.118969e+01 3.216650e+01 2.789500e+01 2.664381e+01 2.611886e+01 2.622675e+01 2.056866e+01 2.704178e+00 4.326198e+00 4.058698e+00 5.182702e+00 4.408376e+00 3.881072e+00 3.853651e+00 3.987223e+00 3.849553e+00 4.040693e+00 3.941732e+00 3.485139e+00 5.446195e-03
<GCONST> 9.835497e+01
<MIXTURE> 86 1.273941e-02
<MEAN> 25
 -3.636308e+00 -9.371890e-01 -6.047077e-01 4.714135e+00 4.154620e+00 3.808805e+00 4.372324e+00 3.889776e+00 4.230670e+00 3.648936e+00 4.359154e+00 2.229280e+00 3.492434e-04 2.738361e-02 -2.273287e-02 -5.439306e-02 -4.620614e-02 -1.686331e-01 -3.451388e-01 -3.345630e-01 -4.131951e-01 -3.926398e-01 -3.270312e-01 -1.670237e-01 -1.444320e-03
<VARIANCE> 25
 9.341952e+00 4.543411e+00 7.877357e+00 1.470972e+01 1.407471e+01 1.342215e+01 1.276173e+01 1.297577e+01 1.137128e+01 1.249416e+01 1.361218e+01 1.180764e+01 8.618695e-02 2.042663e-01 2.781521e-01 4.118260e-01 6.292943e-01 6.220798e-01 7.322359e-01 7.062887e-01 9.014838e-01 8.457397e-01 9.730098e-01 8.557307e-01 7.908326e-05
<GCONST> 5.713155e+01
<MIXTURE> 87 1.100681e-02
<MEAN> 25
 -3.301864e+00 4.543144e+00 3.505170e+00 7.022556e+00 5.569454e+00 8.919650e-01 1.642915e+00 -9.475358e-01 -5.889881e-01 -8.887708e-01 -7.869474e-01 3.037755e-02 -2.151536e+00 -2.786448e+00 -2.102182e+00 -2.225555e+00 -3.775032e-02 -1.822790e-01 6.142150e-01 1.300176e+00 1.404311e+00 1.030934e+00 9.450661e-01 1.003794e+00 1.046988e-01
<VARIANCE> 25
 3.811675e+01 2.954203e+01 2.805886e+01 3.372903e+01 2.872853e+01 3.191577e+01 2.814571e+01 2.730883e+01 2.593894e+01 2.469532e+01 2.481701e+01 2.316053e+01 3.862109e+00 2.717364e+00 3.919268e+00 3.654249e+00 4.793693e+00 4.311462e+00 4.157174e+00 3.898199e+00 3.534884e+00 3.385998e+00 3.383481e+00 2.732518e+00 4.956929e-03
<GCONST> 9.633408e+01
<MIXTURE> 88 1.256585e-02
<MEAN> 25
 -3.803468e+00 -8.706959e-01 -1.171895e+00 4.814277e+00 3.892720e+00 2.947177e+00 4.262447e+00 2.660880e+00 2.962958e+00 1.943597e+00 2.701574e+00 2.363986e+00 1.384139e-01 1.429858e-01 2.372202e-01 3.399211e-01 2.028240e-01 2.251524e-01 -2.082756e-02 -1.967537e-01 -3.750748e-01 -2.686151e-01 -7.805908e-02 -1.423671e-01 -7.386953e-03
<VARIANCE> 25
 1.007341e+01 8.900050e+00 1.337657e+01 1.593094e+01 1.998637e+01 2.066161e+01 1.805855e+01 1.902387e+01 1.751431e+01 1.762071e+01 1.899854e+01 1.397136e+01 1.257386e+00 1.496246e+00 1.850878e+00 1.982132e+00 2.297607e+00 2.415946e+00 2.442013e+00 2.292571e+00 2.296170e+00 2.394644e+00 2.270231e+00 1.923432e+00 1.316037e-03
<GCONST> 8.089439e+01
<MIXTURE> 89 9.333527e-03
<MEAN> 25
 6.069639e+00 -6.823912e+00 -3.555959e+00 -3.166132e+00 -1.611367e+00 -5.588962e+00 -6.119875e+00 4.088385e+00 3.462220e+00 -2.802722e+00 -6.022210e+00 -3.276896e+00 -5.697525e-01 1.570863e-01 1.987941e+00 9.003659e-01 -1.869673e+00 -1.647727e+00 8.845113e-01 1.265407e+00 -7.858549e-01 -1.313595e+00 4.069395e-01 1.534773e+00 -4.854886e-03
<VARIANCE> 25
 9.035483e+00 2.673799e+01 3.103827e+01 3.018030e+01 3.604883e+01 4.160917e+01 5.959439e+01 4.221228e+01 3.913637e+01 4.237630e+01 3.583338e+01 3.242223e+01 3.547122e-01 8.406421e-01 1.475589e+00 1.317183e+00 1.915715e+00 2.125160e+00 2.574136e+00 2.038926e+00 2.252973e+00 2.131355e+00 2.331928e+00 1.470825e+00 3.666244e-04
<GCONST> 8.529817e+01
<MIXTURE> 90 7.114505e-03
<MEAN> 25
 2.376796e+00 -9.439668e+00 -4.632004e+00 -3.861357e+00 -3.341241e+00 -1.884037e+00 3.158808e+00 1.045531e+00 -7.392515e+00 -9.978409e+00 -3.359598e+00 -7.000966e-01 -1.594881e-01 8.839398e-01 1.122248e+00 -8.645342e-01 -1.605962e+00 -2.285298e-01 6.247959e-01 -1.831852e-01 -1.319422e-01 7.397774e-01 1.851272e-01 -5.308982e-01 -1.100758e-02
<VARIANCE> 25
 8.363436e+00 1.954526e+01 1.961601e+01 2.756816e+01 3.569947e+01 3.134799e+01 3.931726e+01 3.654455e+01 3.477007e+01 2.848799e+01 2.634151e+01 2.565707e+01 2.270619e-01 6.170189e-01 8.281038e-01 1.031530e+00 1.437573e+00 1.585747e+00 1.806490e+00 1.655077e+00 1.799565e+00 1.632661e+00 1.511296e+00 1.288533e+00 2.188226e-04
<GCONST> 7.815447e+01
<MIXTURE> 91 7.852945e-03
<MEAN> 25
 6.383797e+00 -7.640144e+00 -8.572226e+00 -5.161036e+00 3.962810e+00 -1.218423e-01 -2.192254e+00 7.239496e-01 7.775533e-01 -2.942454e+00 -4.932539e+00 -5.178451e+00 2.595631e-01 1.002337e+00 1.918513e-01 4.479328e-01 -7.122407e-02 -5.590468e-01 -3.881770e-01 -1.009059e-01 -1.025404e-01 4.576264e-01 -1.172356e-01 2.104378e-01 -3.496911e-02
<VARIANCE> 25
 1.015640e+01 2.267720e+01 1.996973e+01 4.056901e+01 3.519759e+01 5.543918e+01 5.440336e+01 3.966415e+01 5.191873e+01 6.420029e+01 3.825194e+01 4.148632e+01 4.457382e-01 8.872474e-01 1.126775e+00 1.387069e+00 2.195323e+00 2.378564e+00 2.370764e+00 2.389248e+00 2.244637e+00 2.216843e+00 2.013423e+00 1.820763e+00 5.865083e-04
<GCONST> 8.718632e+01
<MIXTURE> 92 7.852945e-03
<MEAN> 25
 6.383797e+00 -7.640144e+00 -8.572226e+00 -5.161036e+00 3.962810e+00 -1.218423e-01 -2.192254e+00 7.239496e-01 7.775533e-01 -2.942454e+00 -4.932539e+00 -5.178451e+00 2.595631e-01 1.002337e+00 1.918513e-01 4.479328e-01 -7.122407e-02 -5.590468e-01 -3.881770e-01 -1.009059e-01 -1.025404e-01 4.576264e-01 -1.172356e-01 2.104378e-01 -3.496911e-02
<VARIANCE> 25
 1.015640e+01 2.267720e+01 1.996973e+01 4.056901e+01 3.519759e+01 5.543918e+01 5.440336e+01 3.966415e+01 5.191873e+01 6.420029e+01 3.825194e+01 4.148632e+01 4.457382e-01 8.872474e-01 1.126775e+00 1.387069e+00 2.195323e+00 2.378564e+00 2.370764e+00 2.389248e+00 2.244637e+00 2.216843e+00 2.013423e+00 1.820763e+00 5.865083e-04
<GCONST> 8.718632e+01
<MIXTURE> 93 6.122769e-03
<MEAN> 25
 -6.808446e+00 -9.603538e-01 -2.395271e+00 5.785104e+00 5.894642e+00 3.915856e+00 6.111614e+00 3.605827e+00 4.115534e+00 2.512073e+00 1.819703e+00 3.697735e+00 -6.046804e-02 -1.531471e-01 -2.572564e-01 -3.317391e-01 -3.353127e-01 -2.852901e-01 -2.185711e-01 -1.736709e-01 -1.647284e-01 -1.485072e-01 -1.060276e-01 -3.452057e-02 -7.361669e-06
<VARIANCE> 25
 9.176546e+00 6.014156e+00 8.181305e+00 1.140848e+01 1.152726e+01 1.596092e+01 1.528746e+01 1.641137e+01 1.472392e+01 1.451742e+01 1.674833e+01 1.344704e+01 8.306481e-02 1.536873e-01 2.630955e-01 3.798006e-01 4.990470e-01 6.410100e-01 7.781838e-01 8.854052e-01 9.166557e-01 8.805493e-01 8.934796e-01 9.166492e-01 1.002753e-06
<GCONST> 5.361240e+01
<MIXTURE> 94 6.122769e-03
<MEAN> 25
 -6.808446e+00 -9.603538e-01 -2.395271e+00 5.785104e+00 5.894642e+00 3.915856e+00 6.111614e+00 3.605827e+00 4.115534e+00 2.512073e+00 1.819703e+00 3.697735e+00 -6.046804e-02 -1.531471e-01 -2.572564e-01 -3.317391e-01 -3.353127e-01 -2.852901e-01 -2.185711e-01 -1.736709e-01 -1.647284e-01 -1.485072e-01 -1.060276e-01 -3.452057e-02 -7.361669e-06
<VARIANCE> 25
 9.176546e+00 6.014156e+00 8.181305e+00 1.140848e+01 1.152726e+01 1.596092e+01 1.528746e+01 1.641137e+01 1.472392e+01 1.451742e+01 1.674833e+01 1.344704e+01 8.306481e-02 1.536873e-01 2.630955e-01 3.798006e-01 4.990470e-01 6.410100e-01 7.781838e-01 8.854052e-01 9.166557e-01 8.805493e-01 8.934796e-01 9.166492e-01 1.002753e-06
<GCONST> 5.361240e+01
<MIXTURE> 95 5.258835e-03
<MEAN> 25
 -2.901551e+00 -4.685364e-01 -1.025574e+00 2.661366e+00 2.889048e+00 1.935332e+00 2.217421e+00 8.774939e-01 1.569142e+00 3.260666e-01 4.052081e-01 1.787763e+00 1.246749e-01 1.719538e-01 9.257019e-02 -1.378639e-01 -3.845569e-01 -8.208188e-01 -1.248223e+00 -1.337583e+00 -1.125274e+00 -1.014261e+00 -7.366331e-01 -4.771626e-01 -3.080612e-03
<VARIANCE> 25
 1.102915e+01 4.989555e+00 7.867551e+00 9.555747e+00 9.664407e+00 1.258880e+01 1.577248e+01 1.358836e+01 1.248984e+01 1.241399e+01 1.511396e+01 1.071543e+01 1.713247e-01 2.713865e-01 3.123882e-01 5.188071e-01 7.607808e-01 8.803784e-01 6.874048e-01 7.751811e-01 8.867671e-01 7.462503e-01 1.227818e+00 8.937711e-01 5.270498e-05
<GCONST> 5.848531e+01
<MIXTURE> 96 7.034694e-03
<MEAN> 25
 -4.546298e+00 -3.258860e-01 -1.983375e+00 4.692535e+00 3.533473e+00 1.690724e+00 3.025149e+00 1.621430e+00 2.149272e+00 9.357757e-01 1.254547e+00 2.578093e+00 -1.998497e-02 1.043472e-01 2.025880e-01 4.408172e-01 5.511974e-01 3.872376e-01 1.800106e-01 -2.183748e-01 -5.311455e-01 -7.269799e-01 -7.137523e-01 -4.049629e-01 -4.524181e-05
<VARIANCE> 25
 1.223908e+01 8.924157e+00 1.250273e+01 1.473907e+01 1.437612e+01 1.874068e+01 1.864397e+01 1.879427e+01 1.827667e+01 1.532943e+01 1.825125e+01 1.405063e+01 1.104193e-01 2.036545e-01 2.954856e-01 4.525964e-01 4.598843e-01 8.312415e-01 8.516114e-01 1.008015e+00 9.607174e-01 8.697304e-01 1.019588e+00 8.931090e-01 1.089027e-06
<GCONST> 5.756995e+01
<MIXTURE> 97 7.034694e-03
<MEAN> 25
 -4.546298e+00 -3.258860e-01 -1.983375e+00 4.692535e+00 3.533473e+00 1.690724e+00 3.025149e+00 1.621430e+00 2.149272e+00 9.357757e-01 1.254547e+00 2.578093e+00 -1.998497e-02 1.043472e-01 2.025880e-01 4.408172e-01 5.511974e-01 3.872376e-01 1.800106e-01 -2.183748e-01 -5.311455e-01 -7.269799e-01 -7.137523e-01 -4.049629e-01 -4.524181e-05
<VARIANCE> 25
 1.223908e+01 8.924157e+00 1.250273e+01 1.473907e+01 1.437612e+01 1.874068e+01 1.864397e+01 1.879427e+01 1.827667e+01 1.532943e+01 1.825125e+01 1.405063e+01 1.104193e-01 2.036545e-01 2.954856e-01 4.525964e-01 4.598843e-01 8.312415e-01 8.516114e-01 1.008015e+00 9.607174e-01 8.697304e-01 1.019588e+00 8.931090e-01 1.089027e-06
<GCONST> 5.756995e+01
<MIXTURE> 98 9.917808e-03
<MEAN> 25
 -1.415412e+00 9.597822e-01 -1.712759e-01 4.444859e+00 3.537004e+00 2.537644e+00 3.093621e+00 1.623903e+00 1.520931e+00 8.689837e-01 7.469370e-01 1.033566e+00 -1.751196e+00 -1.441050e+00 -9.807632e-01 1.462370e-01 6.057933e-01 8.233774e-01 1.303294e+00 1.472200e+00 1.701324e+00 1.132140e+00 1.317583e+00 9.466835e-01 -3.357637e-02
<VARIANCE> 25
 1.406169e+01 1.943630e+01 3.082839e+01 3.260988e+01 4.249788e+01 3.617878e+01 3.190663e+01 2.856603e+01 2.717945e+01 2.956691e+01 2.606311e+01 2.318068e+01 1.442675e+00 1.563241e+00 2.356037e+00 2.382858e+00 2.831917e+00 2.851804e+00 2.871310e+00 2.738823e+00 2.550631e+00 2.939407e+00 2.713986e+00 2.109002e+00 2.392779e-03
<GCONST> 9.013013e+01
<MIXTURE> 99 6.696178e-03
<MEAN> 25
 -6.207061e+00 9.319366e+00 6.431865e+00 3.424795e+00 7.820570e-01 -5.267518e+00 -1.633406e+00 -4.219480e+00 -3.541769e+00 -3.550279e+00 -1.530931e+00 2.415115e-01 6.114495e-01 -6.611888e-01 3.371159e-01 -3.987888e-01 -1.146212e+00 -4.738663e-01 -3.155521e-01 -2.529950e-01 -1.039576e-01 1.908994e-02 2.750582e-01 9.385420e-02 8.444019e-03
<VARIANCE> 25
 3.501973e+01 3.137001e+01 4.666521e+01 3.022241e+01 3.508108e+01 3.341227e+01 2.701554e+01 2.829343e+01 2.547505e+01 2.726505e+01 1.970721e+01 2.817438e+01 2.128574e+00 1.851196e+00 1.379052e+00 1.673147e+00 2.547788e+00 2.037389e+00 1.544530e+00 1.600964e+00 1.508765e+00 1.597588e+00 1.300121e+00 1.358911e+00 1.575594e-03
<GCONST> 8.652402e+01
<MIXTURE> 100 4.498084e-03
<MEAN> 25
 -1.598938e+00 6.344480e+00 1.027662e+01 -7.462344e+00 -1.078175e+01 -5.075294e+00 -4.941426e+00 -9.968683e+00 -4.718245e+00 -8.551043e-01 -2.733179e+00 -2.708290e+00 2.917849e+00 -1.260392e+00 1.299642e+00 -2.185887e+00 -3.419409e+00 -7.840651e-01 -1.218738e+00 -8.197689e-01 -1.475437e+00 3.467441e-01 -1.655522e+00 -2.862982e-01 2.013893e-03
<VARIANCE> 25
 1.362623e+01 2.106145e+01 2.246475e+01 2.643056e+01 2.302007e+01 2.372081e+01 2.911186e+01 2.170671e+01 2.748125e+01 2.265154e+01 2.241093e+01 2.134033e+01 1.799116e+00 3.953719e+00 2.919860e+00 4.286228e+00 4.184442e+00 4.537120e+00 4.015372e+00 4.340210e+00 4.167773e+00 3.895979e+00 3.910483e+00 3.224981e+00 1.674844e-03
<GCONST> 9.256870e+01
<MIXTURE> 101 6.007792e-03
<MEAN> 25
 8.089281e+00 -3.484973e+00 -6.308704e+00 -6.862685e+00 8.431298e-01 -1.259485e+00 -1.058186e+01 -2.058356e+00 1.619783e+00 2.713205e+00 -2.386140e+00 -5.141781e+00 6.730511e-01 6.502739e-01 -1.455761e+00 -1.609604e+00 1.031123e+00 2.317643e+00 1.971360e-01 -1.459586e+00 -1.063723e+00 1.037418e+00 1.372458e+00 -4.148075e-01 -4.796518e-03
<VARIANCE> 25
 9.308033e+00 1.671239e+01 2.983414e+01 4.277723e+01 3.621477e+01 3.578780e+01 3.705382e+01 3.620253e+01 3.784313e+01 4.395084e+01 5.173555e+01 2.421198e+01 2.937633e-01 6.694396e-01 1.173075e+00 1.551568e+00 1.687972e+00 2.095719e+00 2.084387e+00 1.991625e+00 2.348718e+00 2.215677e+00 1.785572e+00 1.936145e+00 3.449233e-04
<GCONST> 8.364081e+01
<MIXTURE> 102 6.007792e-03
<MEAN> 25
 8.089281e+00 -3.484973e+00 -6.308704e+00 -6.862685e+00 8.431298e-01 -1.259485e+00 -1.058186e+01 -2.058356e+00 1.619783e+00 2.713205e+00 -2.386140e+00 -5.141781e+00 6.730511e-01 6.502739e-01 -1.455761e+00 -1.609604e+00 1.031123e+00 2.317643e+00 1.971360e-01 -1.459586e+00 -1.063723e+00 1.037418e+00 1.372458e+00 -4.148075e-01 -4.796518e-03
<VARIANCE> 25
 9.308033e+00 1.671239e+01 2.983414e+01 4.277723e+01 3.621477e+01 3.578780e+01 3.705382e+01 3.620253e+01 3.784313e+01 4.395084e+01 5.173555e+01 2.421198e+01 2.937633e-01 6.694396e-01 1.173075e+00 1.551568e+00 1.687972e+00 2.095719e+00 2.084387e+00 1.991625e+00 2.348718e+00 2.215677e+00 1.785572e+00 1.936145e+00 3.449233e-04
<GCONST> 8.364081e+01
<MIXTURE> 103 5.694618e-03
<MEAN> 25
 3.357649e+00 -9.450656e+00 -6.116877e+00 -3.085063e+00 -1.333833e+00 -1.966433e+00 2.429216e+00 2.501838e+00 -4.606137e+00 -9.241282e+00 -5.055527e+00 3.566687e-01 -1.573932e-01 -1.485078e+00 -9.785319e-01 3.730442e-01 1.210386e+00 1.019253e+00 1.581387e-01 -2.673509e-01 -7.802556e-01 -9.451255e-01 -3.774443e-02 1.175643e-01 2.683926e-02
<VARIANCE> 25
 1.033325e+01 2.052196e+01 2.291410e+01 3.160479e+01 4.790675e+01 3.491317e+01 4.633305e+01 3.666383e+01 4.200940e+01 2.932277e+01 3.000715e+01 2.634571e+01 6.418419e-01 1.252114e+00 1.536810e+00 1.939243e+00 2.924627e+00 2.408355e+00 2.883077e+00 2.575065e+00 2.560438e+00 2.521054e+00 2.095338e+00 2.013772e+00 8.087381e-04
<GCONST> 8.755244e+01
<MIXTURE> 104 5.694618e-03
<MEAN> 25
 3.357649e+00 -9.450656e+00 -6.116877e+00 -3.085063e+00 -1.333833e+00 -1.966433e+00 2.429216e+00 2.501838e+00 -4.606137e+00 -9.241282e+00 -5.055527e+00 3.566687e-01 -1.573932e-01 -1.485078e+00 -9.785319e-01 3.730442e-01 1.210386e+00 1.019253e+00 1.581387e-01 -2.673509e-01 -7.802556e-01 -9.451255e-01 -3.774443e-02 1.175643e-01 2.683926e-02
<VARIANCE> 25
 1.033325e+01 2.052196e+01 2.291410e+01 3.160479e+01 4.790675e+01 3.491317e+01 4.633305e+01 3.666383e+01 4.200940e+01 2.932277e+01 3.000715e+01 2.634571e+01 6.418419e-01 1.252114e+00 1.536810e+00 1.939243e+00 2.924627e+00 2.408355e+00 2.883077e+00 2.575065e+00 2.560438e+00 2.521054e+00 2.095338e+00 2.013772e+00 8.087381e-04
<GCONST> 8.755244e+01
<MIXTURE> 105 4.710235e-03
<MEAN> 25
 2.078190e+00 -1.386899e+00 8.561917e+00 -2.641526e+00 -1.095467e+01 -4.864851e+00 -3.977385e+00 -7.590125e-01 -3.694689e+00 -3.031905e+00 1.257594e+00 -1.171980e+00 1.533887e-02 4.265858e-02 4.601081e-02 -6.260464e-02 -2.238499e-02 3.018461e-02 -3.356412e-02 3.588676e-02 -2.581304e-02 3.862057e-02 4.457644e-02 -2.726976e-02 -2.260112e-03
<VARIANCE> 25
 1.261474e+01 2.668065e+01 4.323232e+01 4.200634e+01 3.989371e+01 5.009376e+01 3.913050e+01 4.042136e+01 3.738900e+01 4.008501e+01 4.033462e+01 2.872553e+01 8.344205e-02 1.800478e-01 3.614819e-01 2.840142e-01 3.719074e-01 4.351279e-01 4.667588e-01 4.986432e-01 4.931411e-01 4.655429e-01 4.450875e-01 4.160624e-01 9.465942e-05
<GCONST> 6.642731e+01
<MIXTURE> 106 4.710235e-03
<MEAN> 25
 2.078190e+00 -1.386899e+00 8.561917e+00 -2.641526e+00 -1.095467e+01 -4.864851e+00 -3.977385e+00 -7.590125e-01 -3.694689e+00 -3.031905e+00 1.257594e+00 -1.171980e+00 1.533887e-02 4.265858e-02 4.601081e-02 -6.260464e-02 -2.238499e-02 3.018461e-02 -3.356412e-02 3.588676e-02 -2.581304e-02 3.862057e-02 4.457644e-02 -2.726976e-02 -2.260112e-03
<VARIANCE> 25
 1.261474e+01 2.668065e+01 4.323232e+01 4.200634e+01 3.989371e+01 5.009376e+01 3.913050e+01 4.042136e+01 3.738900e+01 4.008501e+01 4.033462e+01 2.872553e+01 8.344205e-02 1.800478e-01 3.614819e-01 2.840142e-01 3.719074e-01 4.351279e-01 4.667588e-01 4.986432e-01 4.931411e-01 4.655429e-01 4.450875e-01 4.160624e-01 9.465942e-05
<GCONST> 6.642731e+01
<MIXTURE> 107 5.452374e-03
<MEAN> 25
 8.641611e+00 -2.310600e+00 -8.040846e+00 -9.562015e+00 1.965792e+00 2.958396e+00 -8.642085e+00 -4.554243e+00 -8.843831e-01 3.389073e+00 8.548021e-01 -5.074720e+00 -6.099707e-01 -7.684827e-01 8.360400e-01 1.773354e+00 2.254819e-01 -2.012884e+00 -9.217833e-01 8.486239e-01 1.767479e+00 4.701164e-02 -1.658208e+00 -8.203593e-01 -1.792735e-03
<VARIANCE> 25
 9.247180e+00 2.047019e+01 2.835316e+01 4.281341e+01 3.577189e+01 3.848063e+01 5.117496e+01 3.627425e+01 4.579959e+01 4.174139e+01 5.138122e+01 3.037118e+01 3.557452e-01 9.686303e-01 1.461978e+00 2.414124e+00 2.286794e+00 2.824549e+00 2.614780e+00 2.542106e+00 2.297757e+00 3.031303e+00 1.945397e+00 2.206967e+00 7.029679e-04
<GCONST> 8.804720e+01
<MIXTURE> 108 5.452374e-03
<MEAN> 25
 8.641611e+00 -2.310600e+00 -8.040846e+00 -9.562015e+00 1.965792e+00 2.958396e+00 -8.642085e+00 -4.554243e+00 -8.843831e-01 3.389073e+00 8.548021e-01 -5.074720e+00 -6.099707e-01 -7.684827e-01 8.360400e-01 1.773354e+00 2.254819e-01 -2.012884e+00 -9.217833e-01 8.486239e-01 1.767479e+00 4.701164e-02 -1.658208e+00 -8.203593e-01 -1.792735e-03
<VARIANCE> 25
 9.247180e+00 2.047019e+01 2.835316e+01 4.281341e+01 3.577189e+01 3.848063e+01 5.117496e+01 3.627425e+01 4.579959e+01 4.174139e+01 5.138122e+01 3.037118e+01 3.557452e-01 9.686303e-01 1.461978e+00 2.414124e+00 2.286794e+00 2.824549e+00 2.614780e+00 2.542106e+00 2.297757e+00 3.031303e+00 1.945397e+00 2.206967e+00 7.029679e-04
<GCONST> 8.804720e+01
<MIXTURE> 109 6.661064e-03
<MEAN> 25
 3.996410e+00 -1.033551e+01 -8.147794e+00 -1.375088e+00 2.641190e+00 -6.840035e-02 -1.025963e-01 1.362554e+00 -2.571129e+00 -8.275637e+00 -5.353531e+00 3.814581e-02 -3.279742e-02 -1.335637e-01 -3.618412e-02 2.414469e-01 2.011661e-01 1.118037e-01 -1.209355e-01 -1.039351e-01 -5.523119e-02 -1.437572e-01 2.059518e-01 1.082534e-03 -3.616206e-03
<VARIANCE> 25
 9.202724e+00 1.982181e+01 2.068693e+01 3.091761e+01 4.053723e+01 3.606208e+01 4.591119e+01 3.419055e+01 4.520615e+01 3.502377e+01 2.916826e+01 2.782802e+01 1.897980e-01 4.164677e-01 5.344245e-01 6.369281e-01 1.224490e+00 1.010822e+00 1.240364e+00 1.103472e+00 1.131913e+00 9.712389e-01 8.916165e-01 8.835901e-01 1.826354e-04
<GCONST> 7.448653e+01
<MIXTURE> 110 6.661064e-03
<MEAN> 25
 3.996410e+00 -1.033551e+01 -8.147794e+00 -1.375088e+00 2.641190e+00 -6.840035e-02 -1.025963e-01 1.362554e+00 -2.571129e+00 -8.275637e+00 -5.353531e+00 3.814581e-02 -3.279742e-02 -1.335637e-01 -3.618412e-02 2.414469e-01 2.011661e-01 1.118037e-01 -1.209355e-01 -1.039351e-01 -5.523119e-02 -1.437572e-01 2.059518e-01 1.082534e-03 -3.616206e-03
<VARIANCE> 25
 9.202724e+00 1.982181e+01 2.068693e+01 3.091761e+01 4.053723e+01 3.606208e+01 4.591119e+01 3.419055e+01 4.520615e+01 3.502377e+01 2.916826e+01 2.782802e+01 1.897980e-01 4.164677e-01 5.344245e-01 6.369281e-01 1.224490e+00 1.010822e+00 1.240364e+00 1.103472e+00 1.131913e+00 9.712389e-01 8.916165e-01 8.835901e-01 1.826354e-04
<GCONST> 7.448653e+01
<MIXTURE> 111 4.337247e-03
<MEAN> 25
 -1.186311e+00 -1.125817e-01 -5.552782e-01 2.246769e-01 1.191753e-01 -8.591080e-02 -3.232397e-01 -4.520411e-02 -3.460099e-01 -6.942770e-01 -4.045883e-01 4.482836e-01 -9.169786e-03 8.842988e-04 -8.197712e-02 -7.517590e-02 -1.814032e-02 -3.899975e-02 -1.263364e-01 -1.329435e-01 -2.774104e-01 -3.595601e-01 -2.389061e-01 -1.216709e-01 -9.953917e-04
<VARIANCE> 25
 3.837960e+00 2.799416e+00 4.649264e+00 5.514631e+00 9.434004e+00 1.244571e+01 9.864123e+00 1.070849e+01 1.024455e+01 1.141267e+01 9.265445e+00 8.323486e+00 7.304179e-02 1.505160e-01 2.353031e-01 3.641651e-01 7.311106e-01 7.941344e-01 7.246457e-01 9.315891e-01 9.787754e-01 9.924142e-01 8.500563e-01 7.275451e-01 4.915536e-05
<GCONST> 5.176369e+01
<MIXTURE> 112 4.337247e-03
<MEAN> 25
 -1.186311e+00 -1.125817e-01 -5.552782e-01 2.246769e-01 1.191753e-01 -8.591080e-02 -3.232397e-01 -4.520411e-02 -3.460099e-01 -6.942770e-01 -4.045883e-01 4.482836e-01 -9.169786e-03 8.842988e-04 -8.197712e-02 -7.517590e-02 -1.814032e-02 -3.899975e-02 -1.263364e-01 -1.329435e-01 -2.774104e-01 -3.595601e-01 -2.389061e-01 -1.216709e-01 -9.953917e-04
<VARIANCE> 25
 3.837960e+00 2.799416e+00 4.649264e+00 5.514631e+00 9.434004e+00 1.244571e+01 9.864123e+00 1.070849e+01 1.024455e+01 1.141267e+01 9.265445e+00 8.323486e+00 7.304179e-02 1.505160e-01 2.353031e-01 3.641651e-01 7.311106e-01 7.941344e-01 7.246457e-01 9.315891e-01 9.787754e-01 9.924142e-01 8.500563e-01 7.275451e-01 4.915536e-05
<GCONST> 5.176369e+01
<MIXTURE> 113 5.938666e-03
<MEAN> 25
 9.975937e+00 1.754446e+00 -8.780177e+00 -1.704471e+01 -1.034810e+00 5.657845e+00 -5.280270e+00 -1.466557e+00 -5.694685e+00 -4.938387e-01 2.982732e-01 -1.984774e-01 4.809390e-03 1.378954e-02 -5.950773e-02 -1.134839e-01 1.042933e-01 1.508028e-01 5.933695e-02 3.598499e-02 -5.700984e-02 -5.100608e-02 1.796852e-01 3.517590e-02 -1.410054e-03
<VARIANCE> 25
 8.891575e+00 1.638961e+01 2.967517e+01 3.422900e+01 5.272908e+01 3.387067e+01 3.970229e+01 3.913623e+01 3.737410e+01 4.639586e+01 3.629366e+01 2.844163e+01 1.217707e-01 3.205365e-01 3.161082e-01 6.314384e-01 6.128215e-01 6.540471e-01 7.764196e-01 8.450607e-01 9.594288e-01 9.060464e-01 7.244941e-01 7.137334e-01 1.247703e-04
<GCONST> 7.110682e+01
<MIXTURE> 114 5.938666e-03
<MEAN> 25
 9.975937e+00 1.754446e+00 -8.780177e+00 -1.704471e+01 -1.034810e+00 5.657845e+00 -5.280270e+00 -1.466557e+00 -5.694685e+00 -4.938387e-01 2.982732e-01 -1.984774e-01 4.809390e-03 1.378954e-02 -5.950773e-02 -1.134839e-01 1.042933e-01 1.508028e-01 5.933695e-02 3.598499e-02 -5.700984e-02 -5.100608e-02 1.796852e-01 3.517590e-02 -1.410054e-03
<VARIANCE> 25
 8.891575e+00 1.638961e+01 2.967517e+01 3.422900e+01 5.272908e+01 3.387067e+01 3.970229e+01 3.913623e+01 3.737410e+01 4.639586e+01 3.629366e+01 2.844163e+01 1.217707e-01 3.205365e-01 3.161082e-01 6.314384e-01 6.128215e-01 6.540471e-01 7.764196e-01 8.450607e-01 9.594288e-01 9.060464e-01 7.244941e-01 7.137334e-01 1.247703e-04
<GCONST> 7.110682e+01
<MIXTURE> 115 2.935202e-03
<MEAN> 25
 -3.708847e+00 -7.343566e-01 -2.882163e+00 3.521034e+00 2.337184e+00 -3.280492e-01 1.978541e+00 1.921883e-01 1.215113e+00 9.250368e-03 1.900178e-01 2.414412e+00 4.548158e-02 -3.661606e-02 -2.008570e-01 -3.944294e-01 -5.850049e-01 -6.892403e-01 -6.131397e-01 -5.125915e-01 -4.982196e-01 -4.887216e-01 -3.712367e-01 -1.415010e-01 -2.098072e-05
<VARIANCE> 25
 9.677995e+00 9.198575e+00 1.317696e+01 1.228838e+01 1.265501e+01 1.669539e+01 1.689271e+01 2.101653e+01 1.810831e+01 1.689256e+01 1.823919e+01 1.480216e+01 1.943705e-01 3.407801e-01 4.609971e-01 5.707186e-01 6.523463e-01 8.022099e-01 9.565874e-01 1.118370e+00 1.136830e+00 1.018657e+00 1.060077e+00 1.049854e+00 1.077803e-06
<GCONST> 5.995326e+01
<MIXTURE> 116 2.935202e-03
<MEAN> 25
 -3.708847e+00 -7.343566e-01 -2.882163e+00 3.521034e+00 2.337184e+00 -3.280492e-01 1.978541e+00 1.921883e-01 1.215113e+00 9.250368e-03 1.900178e-01 2.414412e+00 4.548158e-02 -3.661606e-02 -2.008570e-01 -3.944294e-01 -5.850049e-01 -6.892403e-01 -6.131397e-01 -5.125915e-01 -4.982196e-01 -4.887216e-01 -3.712367e-01 -1.415010e-01 -2.098072e-05
<VARIANCE> 25
 9.677995e+00 9.198575e+00 1.317696e+01 1.228838e+01 1.265501e+01 1.669539e+01 1.689271e+01 2.101653e+01 1.810831e+01 1.689256e+01 1.823919e+01 1.480216e+01 1.943705e-01 3.407801e-01 4.609971e-01 5.707186e-01 6.523463e-01 8.022099e-01 9.565874e-01 1.118370e+00 1.136830e+00 1.018657e+00 1.060077e+00 1.049854e+00 1.077803e-06
<GCONST> 5.995326e+01
<MIXTURE> 117 6.506003e-03
<MEAN> 25
 -4.640903e+00 1.116515e+00 1.053904e+00 9.753671e+00 6.256601e+00 6.252836e+00 6.459717e+00 5.041143e+00 6.382649e+00 4.929938e+00 6.365081e+00 2.707097e+00 -7.459614e-02 -2.335561e-01 -3.581354e-01 -4.198433e-01 -3.673700e-01 -3.030557e-01 -2.877947e-01 -3.313738e-01 -3.907758e-01 -3.693323e-01 -2.641902e-01 -1.156299e-01 -1.030314e-05
<VARIANCE> 25
 7.200207e+00 8.749218e+00 9.803308e+00 1.433012e+01 1.562276e+01 1.535639e+01 1.772913e+01 1.796370e+01 1.640306e+01 1.636272e+01 1.673548e+01 1.475393e+01 2.167252e-01 3.077485e-01 4.258853e-01 6.167175e-01 8.531471e-01 1.054761e+00 1.177177e+00 1.232046e+00 1.224973e+00 1.194340e+00 1.168227e+00 1.113354e+00 1.001476e-06
<GCONST> 6.043153e+01
<MIXTURE> 118 6.506003e-03
<MEAN> 25
 -4.640903e+00 1.116515e+00 1.053904e+00 9.753671e+00 6.256601e+00 6.252836e+00 6.459717e+00 5.041143e+00 6.382649e+00 4.929938e+00 6.365081e+00 2.707097e+00 -7.459614e-02 -2.335561e-01 -3.581354e-01 -4.198433e-01 -3.673700e-01 -3.030557e-01 -2.877947e-01 -3.313738e-01 -3.907758e-01 -3.693323e-01 -2.641902e-01 -1.156299e-01 -1.030314e-05
<VARIANCE> 25
 7.200207e+00 8.749218e+00 9.803308e+00 1.433012e+01 1.562276e+01 1.535639e+01 1.772913e+01 1.796370e+01 1.640306e+01 1.636272e+01 1.673548e+01 1.475393e+01 2.167252e-01 3.077485e-01 4.258853e-01 6.167175e-01 8.531471e-01 1.054761e+00 1.177177e+00 1.232046e+00 1.224973e+00 1.194340e+00 1.168227e+00 1.113354e+00 1.001476e-06
<GCONST> 6.043153e+01
<MIXTURE> 119 4.297961e-03
<MEAN> 25
 -4.777620e+00 -7.361471e+00 2.175482e+00 1.962220e+00 2.102880e+00 2.193750e-01 5.127334e+00 5.718274e+00 1.117044e+00 1.028160e+00 6.402483e+00 1.490188e+00 -4.419732e-02 -6.753936e-02 4.097624e-02 -5.418440e-02 -1.115620e-01 -1.603435e-01 -6.800096e-02 -6.962749e-04 -1.001731e-01 -1.425386e-01 -6.104584e-02 -6.805969e-02 6.139993e-04
<VARIANCE> 25
 9.043870e+00 1.109980e+01 1.607824e+01 1.972096e+01 2.255858e+01 2.253742e+01 2.484752e+01 2.679390e+01 2.441793e+01 2.758848e+01 2.090835e+01 2.044827e+01 1.575449e-01 2.834463e-01 4.535735e-01 6.200250e-01 7.988997e-01 1.000589e+00 1.069992e+00 1.273037e+00 1.258651e+00 1.279172e+00 1.184027e+00 1.095915e+00 2.404590e-04
<GCONST> 6.972964e+01
<MIXTURE> 120 4.297961e-03
<MEAN> 25
 -4.777620e+00 -7.361471e+00 2.175482e+00 1.962220e+00 2.102880e+00 2.193750e-01 5.127334e+00 5.718274e+00 1.117044e+00 1.028160e+00 6.402483e+00 1.490188e+00 -4.419732e-02 -6.753936e-02 4.097624e-02 -5.418440e-02 -1.115620e-01 -1.603435e-01 -6.800096e-02 -6.962749e-04 -1.001731e-01 -1.425386e-01 -6.104584e-02 -6.805969e-02 6.139993e-04
<VARIANCE> 25
 9.043870e+00 1.109980e+01 1.607824e+01 1.972096e+01 2.255858e+01 2.253742e+01 2.484752e+01 2.679390e+01 2.441793e+01 2.758848e+01 2.090835e+01 2.044827e+01 1.575449e-01 2.834463e-01 4.535735e-01 6.200250e-01 7.988997e-01 1.000589e+00 1.069992e+00 1.273037e+00 1.258651e+00 1.279172e+00 1.184027e+00 1.095915e+00 2.404590e-04
<GCONST> 6.972964e+01
<MIXTURE> 121 4.567511e-03
<MEAN> 25
 2.201323e-01 -2.449341e+00 4.746058e+00 -1.239538e+01 -1.216640e+01 -1.604479e+00 8.866940e-01 -5.006431e+00 -4.020104e+00 -5.946334e-01 -5.459132e+00 -4.231855e+00 2.222604e-02 1.165209e-01 -4.215522e-02 5.458234e-02 1.702041e-01 9.042194e-02 -6.829841e-02 -1.825668e-01 -2.775604e-01 -2.366200e-01 -1.350901e-01 -3.569398e-02 -7.474666e-03
<VARIANCE> 25
 7.342485e+00 1.494616e+01 1.927682e+01 2.371601e+01 2.709302e+01 2.786267e+01 2.852253e+01 2.367550e+01 3.415676e+01 2.756572e+01 1.896513e+01 2.079560e+01 1.485985e-01 6.169030e-01 6.044759e-01 7.042236e-01 7.487103e-01 1.205902e+00 1.070245e+00 1.104586e+00 1.218980e+00 1.285952e+00 9.379550e-01 8.674969e-01 2.071648e-04
<GCONST> 7.131959e+01
<MIXTURE> 122 4.567511e-03
<MEAN> 25
 2.201323e-01 -2.449341e+00 4.746058e+00 -1.239538e+01 -1.216640e+01 -1.604479e+00 8.866940e-01 -5.006431e+00 -4.020104e+00 -5.946334e-01 -5.459132e+00 -4.231855e+00 2.222604e-02 1.165209e-01 -4.215522e-02 5.458234e-02 1.702041e-01 9.042194e-02 -6.829841e-02 -1.825668e-01 -2.775604e-01 -2.366200e-01 -1.350901e-01 -3.569398e-02 -7.474666e-03
<VARIANCE> 25
 7.342485e+00 1.494616e+01 1.927682e+01 2.371601e+01 2.709302e+01 2.786267e+01 2.852253e+01 2.367550e+01 3.415676e+01 2.756572e+01 1.896513e+01 2.079560e+01 1.485985e-01 6.169030e-01 6.044759e-01 7.042236e-01 7.487103e-01 1.205902e+00 1.070245e+00 1.104586e+00 1.218980e+00 1.285952e+00 9.379550e-01 8.674969e-01 2.071648e-04
<GCONST> 7.131959e+01
<MIXTURE> 123 4.393044e-03
<MEAN> 25
 -2.616361e+00 7.932482e-01 4.752148e-01 4.200236e+00 3.630453e+00 2.287080e+00 2.414371e+00 5.656015e-01 5.587251e-01 -8.361499e-01 1.402894e-01 6.589086e-02 -3.876004e-01 -6.620057e-01 -7.714564e-01 -6.225471e-01 -1.770053e-01 1.133431e-01 3.877447e-01 6.582134e-01 7.622423e-01 8.828127e-01 6.585783e-01 3.959390e-01 -5.976155e-03
<VARIANCE> 25
 9.494746e+00 6.843124e+00 1.164336e+01 1.742137e+01 1.983866e+01 2.139515e+01 1.910562e+01 1.412517e+01 1.972480e+01 1.802464e+01 1.866325e+01 1.436459e+01 2.760063e-01 2.830080e-01 4.439933e-01 5.384467e-01 9.921455e-01 9.044627e-01 9.753724e-01 1.269736e+00 8.791816e-01 9.825619e-01 1.575640e+00 1.084700e+00 1.070656e-04
<GCONST> 6.591952e+01
<MIXTURE> 124 4.069876e-03
<MEAN> 25
 -6.272448e+00 -1.134684e+00 -2.797704e+00 4.892849e+00 4.782185e+00 3.341415e+00 5.297587e+00 2.579984e+00 3.063480e+00 1.114100e+00 1.070750e+00 2.905455e+00 -2.104969e-01 -3.290626e-01 -3.725660e-01 -2.258390e-01 1.466635e-01 5.382572e-01 8.091852e-01 8.623445e-01 6.580213e-01 3.243922e-01 5.629575e-02 -3.769470e-02 -4.621581e-05
<VARIANCE> 25
 1.244143e+01 6.891798e+00 1.110218e+01 1.304117e+01 1.245875e+01 1.922166e+01 1.521753e+01 1.674889e+01 1.549425e+01 1.689811e+01 1.891320e+01 1.444917e+01 1.041610e-01 1.650813e-01 2.718488e-01 4.117414e-01 6.300644e-01 7.074209e-01 7.511647e-01 8.792406e-01 8.889943e-01 9.710650e-01 1.070930e+00 9.836173e-01 1.869201e-05
<GCONST> 5.911262e+01
<MIXTURE> 125 4.069876e-03
<MEAN> 25
 -6.272448e+00 -1.134684e+00 -2.797704e+00 4.892849e+00 4.782185e+00 3.341415e+00 5.297587e+00 2.579984e+00 3.063480e+00 1.114100e+00 1.070750e+00 2.905455e+00 -2.104969e-01 -3.290626e-01 -3.725660e-01 -2.258390e-01 1.466635e-01 5.382572e-01 8.091852e-01 8.623445e-01 6.580213e-01 3.243922e-01 5.629575e-02 -3.769470e-02 -4.621581e-05
<VARIANCE> 25
 1.244143e+01 6.891798e+00 1.110218e+01 1.304117e+01 1.245875e+01 1.922166e+01 1.521753e+01 1.674889e+01 1.549425e+01 1.689811e+01 1.891320e+01 1.444917e+01 1.041610e-01 1.650813e-01 2.718488e-01 4.117414e-01 6.300644e-01 7.074209e-01 7.511647e-01 8.792406e-01 8.889943e-01 9.710650e-01 1.070930e+00 9.836173e-01 1.869201e-05
<GCONST> 5.911262e+01
<MIXTURE> 126 2.402244e-03
<MEAN> 25
 -3.477223e+00 -6.394903e+00 -4.882092e+00 2.083355e+00 3.887037e+00 -3.090378e+00 -7.525069e-02 3.146252e+00 2.962553e+00 -2.557738e+00 -1.433271e+00 2.842601e+00 3.499904e-03 -2.225926e-03 -4.723281e-02 -1.939423e-01 -3.346511e-01 -3.913314e-01 -2.655975e-01 -1.496873e-01 -1.161681e-01 -1.153754e-01 -1.427051e-01 -5.225634e-02 -1.931393e-03
<VARIANCE> 25
 7.845561e+00 1.446535e+01 1.434572e+01 1.477621e+01 2.442267e+01 2.247319e+01 2.240233e+01 2.932576e+01 3.089061e+01 2.508270e+01 2.062617e+01 1.886812e+01 1.680552e-01 3.402716e-01 4.694923e-01 5.659764e-01 7.792670e-01 9.798028e-01 1.121921e+00 1.253726e+00 1.315073e+00 1.295300e+00 1.285847e+00 1.117639e+00 2.146293e-04
<GCONST> 6.978049e+01
<MIXTURE> 127 2.402244e-03
<MEAN> 25
 -3.477223e+00 -6.394903e+00 -4.882092e+00 2.083355e+00 3.887037e+00 -3.090378e+00 -7.525069e-02 3.146252e+00 2.962553e+00 -2.557738e+00 -1.433271e+00 2.842601e+00 3.499904e-03 -2.225926e-03 -4.723281e-02 -1.939423e-01 -3.346511e-01 -3.913314e-01 -2.655975e-01 -1.496873e-01 -1.161681e-01 -1.153754e-01 -1.427051e-01 -5.225634e-02 -1.931393e-03
<VARIANCE> 25
 7.845561e+00 1.446535e+01 1.434572e+01 1.477621e+01 2.442267e+01 2.247319e+01 2.240233e+01 2.932576e+01 3.089061e+01 2.508270e+01 2.062617e+01 1.886812e+01 1.680552e-01 3.402716e-01 4.694923e-01 5.659764e-01 7.792670e-01 9.798028e-01 1.121921e+00 1.253726e+00 1.315073e+00 1.295300e+00 1.285847e+00 1.117639e+00 2.146293e-04
<GCONST> 6.978049e+01
<MIXTURE> 128 3.790457e-03
<MEAN> 25
 -3.896425e+00 1.530865e+00 -3.434847e-01 6.515345e+00 3.590714e+00 1.839037e+00 3.541560e+00 2.357016e+00 3.913785e+00 3.690929e+00 3.756814e+00 3.502460e+00 -3.927756e-01 -1.932762e-01 1.024018e-01 7.353842e-01 1.183598e+00 1.116370e+00 7.093781e-01 1.248254e-01 -4.422264e-01 -7.927569e-01 -6.971248e-01 -3.894079e-01 -3.593631e-05
<VARIANCE> 25
 1.027120e+01 1.162529e+01 1.488262e+01 1.957190e+01 1.997443e+01 2.119136e+01 2.425222e+01 2.452274e+01 2.654169e+01 2.375600e+01 2.662821e+01 1.814335e+01 8.859963e-01 1.138912e+00 1.357123e+00 1.504392e+00 1.568271e+00 1.898722e+00 2.241081e+00 2.321080e+00 2.134493e+00 1.851411e+00 1.753798e+00 1.746066e+00 1.000721e-06
<GCONST> 7.360820e+01
<TRANSP> 3
 0.000000e+00 1.000000e+00 0.000000e+00
 0.000000e+00 9.999990e-01 9.999998e-07
 0.000000e+00 0.000000e+00 0.000000e+00
<ENDHMM>
