~o
<STREAMINFO> 1 25
<VECSIZE> 25<NULLD><MFCC_E_D_N><DIAGC>
~h "jmodel"
<BEGINHMM>
<NUMSTATES> 3
<STATE> 2
<NUMMIXES> 128
<MIXTURE> 1 5.748963e-03
<MEAN> 25
 -2.589566e+00 3.171272e+00 2.293590e+00 8.725300e+00 4.371753e+00 3.436907e+00 4.055706e+00 3.934969e+00 5.825176e+00 5.225308e+00 5.846127e+00 3.076320e+00 -1.998179e+00 -1.633357e+00 -8.553299e-01 1.070202e+00 1.558683e+00 2.230852e+00 2.152761e+00 2.075075e+00 1.686867e+00 1.276062e+00 1.571692e+00 6.108846e-01 -4.645701e-02
<VARIANCE> 25
 1.002030e+01 1.172497e+01 1.494540e+01 1.878554e+01 2.309711e+01 2.207678e+01 2.180256e+01 2.187288e+01 2.090975e+01 2.262144e+01 2.116784e+01 1.704309e+01 1.789223e+00 2.111831e+00 3.027312e+00 3.204476e+00 3.722369e+00 3.341611e+00 3.316876e+00 3.400480e+00 3.513438e+00 3.735506e+00 3.501282e+00 2.822362e+00 3.152350e-03
<GCONST> 8.845049e+01
<MIXTURE> 2 4.549242e-03
<MEAN> 25
 -4.873934e+00 1.312781e+00 9.913807e-01 9.895313e+00 6.694757e+00 7.420198e+00 7.842278e+00 6.957934e+00 8.373410e+00 6.366280e+00 7.617738e+00 3.075197e+00 -6.220855e-02 4.141480e-02 1.423508e-01 2.255981e-01 2.649546e-01 2.808868e-01 2.948221e-01 3.189667e-01 3.491656e-01 3.090560e-01 1.976776e-01 8.082310e-02 9.329854e-07
<VARIANCE> 25
 6.949521e+00 8.898441e+00 1.065219e+01 1.592344e+01 1.723327e+01 1.557713e+01 1.691117e+01 1.846930e+01 1.657950e+01 1.742938e+01 1.814704e+01 1.433379e+01 1.252406e-01 2.267530e-01 3.362556e-01 4.668481e-01 6.497034e-01 8.148307e-01 9.297568e-01 1.003199e+00 1.052214e+00 1.079010e+00 1.074982e+00 1.013896e+00 1.000044e-06
<GCONST> 5.804810e+01
<MIXTURE> 3 4.549242e-03
<MEAN> 25
 -4.873934e+00 1.312781e+00 9.913807e-01 9.895313e+00 6.694757e+00 7.420198e+00 7.842278e+00 6.957934e+00 8.373410e+00 6.366280e+00 7.617738e+00 3.075197e+00 -6.220855e-02 4.141480e-02 1.423508e-01 2.255981e-01 2.649546e-01 2.808868e-01 2.948221e-01 3.189667e-01 3.491656e-01 3.090560e-01 1.976776e-01 8.082310e-02 9.329854e-07
<VARIANCE> 25
 6.949521e+00 8.898441e+00 1.065219e+01 1.592344e+01 1.723327e+01 1.557713e+01 1.691117e+01 1.846930e+01 1.657950e+01 1.742938e+01 1.814704e+01 1.433379e+01 1.252406e-01 2.267530e-01 3.362556e-01 4.668481e-01 6.497034e-01 8.148307e-01 9.297568e-01 1.003199e+00 1.052214e+00 1.079010e+00 1.074982e+00 1.013896e+00 1.000044e-06
<GCONST> 5.804810e+01
<MIXTURE> 4 1.671429e-02
<MEAN> 25
 3.256309e+00 2.675280e+00 -4.114766e+00 7.933946e-01 4.172828e+00 2.134434e-01 1.114268e-01 6.246955e-01 2.494167e+00 2.195601e+00 -1.865014e+00 -3.439105e-01 -2.615367e+00 1.264597e+00 1.732740e+00 2.959116e+00 7.881292e-01 4.313017e-01 1.558510e+00 1.243767e+00 9.258851e-01 1.651820e-01 1.045022e+00 9.347010e-01 -1.015684e-01
<VARIANCE> 25
 1.987312e+01 2.779438e+01 2.836808e+01 3.725474e+01 4.231006e+01 6.541721e+01 6.009338e+01 5.447932e+01 6.109609e+01 6.586761e+01 4.625747e+01 3.631149e+01 2.400073e+00 4.683843e+00 3.454353e+00 4.718428e+00 4.787516e+00 5.805653e+00 5.712551e+00 5.612080e+00 5.642617e+00 6.693731e+00 6.018082e+00 4.154249e+00 5.651626e-03
<GCONST> 1.046479e+02
<MIXTURE> 5 3.206198e-03
<MEAN> 25
 -3.417046e+00 2.181437e+00 6.100439e-01 9.428053e+00 6.697389e+00 6.315538e+00 7.111881e+00 4.723734e+00 5.496446e+00 3.847491e+00 4.658022e+00 2.606889e+00 -3.246459e-01 7.527859e-01 1.224678e+00 1.032538e+00 3.076823e-01 -1.001550e-01 -8.384921e-02 3.346917e-02 4.578772e-01 6.836617e-01 4.039239e-01 8.816936e-02 -2.769668e-05
<VARIANCE> 25
 1.024924e+01 1.394133e+01 2.348480e+01 2.561825e+01 2.021983e+01 1.942600e+01 2.011373e+01 2.035737e+01 2.141890e+01 2.128486e+01 2.409795e+01 1.635909e+01 1.209930e+00 1.244343e+00 1.357155e+00 1.673419e+00 2.284622e+00 2.376082e+00 2.301308e+00 2.275170e+00 2.315576e+00 2.238291e+00 2.085331e+00 1.873854e+00 9.999286e-07
<GCONST> 7.516528e+01
<MIXTURE> 6 5.475854e-03
<MEAN> 25
 9.481059e+00 -7.427518e-01 -6.546678e+00 -1.136593e+01 -2.848560e+00 6.824178e+00 -5.878836e+00 -6.208386e+00 -4.116997e+00 1.791329e+00 4.895506e+00 -6.468166e-01 4.542943e-01 9.315092e-01 -2.937875e-01 -1.584188e+00 -7.087471e-01 1.315014e+00 1.602941e+00 3.183090e-01 -1.183871e+00 -1.279912e+00 5.881478e-02 1.356425e+00 -8.092739e-03
<VARIANCE> 25
 8.564363e+00 1.658182e+01 2.195937e+01 3.692927e+01 3.819779e+01 2.801709e+01 4.053781e+01 4.197173e+01 3.897831e+01 3.630091e+01 3.894339e+01 2.944362e+01 2.992506e-01 7.983145e-01 8.894359e-01 1.950890e+00 1.520337e+00 1.866498e+00 1.798686e+00 1.989353e+00 2.278851e+00 1.831634e+00 2.683475e+00 1.578407e+00 5.467933e-04
<GCONST> 8.311353e+01
<MIXTURE> 7 5.475854e-03
<MEAN> 25
 9.481059e+00 -7.427518e-01 -6.546678e+00 -1.136593e+01 -2.848560e+00 6.824178e+00 -5.878836e+00 -6.208386e+00 -4.116997e+00 1.791329e+00 4.895506e+00 -6.468166e-01 4.542943e-01 9.315092e-01 -2.937875e-01 -1.584188e+00 -7.087471e-01 1.315014e+00 1.602941e+00 3.183090e-01 -1.183871e+00 -1.279912e+00 5.881478e-02 1.356425e+00 -8.092739e-03
<VARIANCE> 25
 8.564363e+00 1.658182e+01 2.195937e+01 3.692927e+01 3.819779e+01 2.801709e+01 4.053781e+01 4.197173e+01 3.897831e+01 3.630091e+01 3.894339e+01 2.944362e+01 2.992506e-01 7.983145e-01 8.894359e-01 1.950890e+00 1.520337e+00 1.866498e+00 1.798686e+00 1.989353e+00 2.278851e+00 1.831634e+00 2.683475e+00 1.578407e+00 5.467933e-04
<GCONST> 8.311353e+01
<MIXTURE> 8 1.165917e-02
<MEAN> 25
 -4.654449e+00 1.386350e+00 1.274138e+00 9.524694e+00 6.570175e+00 6.044031e+00 6.320882e+00 5.835301e+00 6.685157e+00 5.475942e+00 6.422439e+00 3.144049e+00 -5.444223e-01 -1.347754e+00 -1.038450e+00 -1.732012e+00 -2.528147e-01 -8.906600e-01 -1.672266e-01 -3.480958e-01 -3.436440e-01 -2.413161e-01 -2.138505e-01 1.367847e-01 9.809595e-02
<VARIANCE> 25
 9.262913e+00 9.935191e+00 1.133427e+01 1.562130e+01 1.612122e+01 1.657366e+01 1.847068e+01 1.764001e+01 1.660571e+01 1.777640e+01 1.898247e+01 1.361269e+01 2.912894e+00 2.917506e+00 3.818006e+00 3.647086e+00 3.400928e+00 3.399382e+00 3.066431e+00 3.115729e+00 3.048969e+00 2.737271e+00 2.362121e+00 1.961671e+00 6.552216e-03
<GCONST> 8.636725e+01
<MIXTURE> 9 1.199672e-02
<MEAN> 25
 8.658810e+00 3.379248e+00 -5.500082e+00 -9.420512e+00 -1.971500e+00 4.566179e+00 -1.893235e+00 -3.187500e+00 -5.644814e+00 -2.136830e+00 5.954317e-01 6.806051e-01 1.506886e+00 -1.158318e-01 -5.295401e-01 -2.561332e+00 -1.660240e+00 9.804065e-01 -7.576789e-01 -6.635173e-01 -5.590041e-01 -6.908661e-01 3.994687e-01 -2.501226e-02 7.231510e-02
<VARIANCE> 25
 1.254461e+01 2.178516e+01 3.200120e+01 5.514774e+01 4.602235e+01 2.869650e+01 4.101953e+01 5.193000e+01 3.638420e+01 4.749569e+01 3.543723e+01 2.664283e+01 1.881269e+00 2.153863e+00 4.051723e+00 4.353166e+00 4.418528e+00 3.936026e+00 3.934664e+00 6.185687e+00 5.140901e+00 3.624087e+00 3.778449e+00 2.734653e+00 1.955584e-03
<GCONST> 9.752852e+01
<MIXTURE> 10 6.596976e-03
<MEAN> 25
 8.208685e-01 7.630503e+00 5.375980e+00 7.148230e+00 1.581017e+00 -2.117069e+00 -5.168058e-01 -1.687665e+00 8.728047e-01 8.582395e-01 8.323060e-01 6.557597e-01 -1.924389e+00 -6.726182e-01 -4.596080e-01 3.025167e+00 2.462625e+00 2.709419e+00 2.371459e+00 2.276809e+00 1.861495e+00 1.543277e+00 2.334857e+00 5.258552e-01 -1.380825e-01
<VARIANCE> 25
 1.952539e+01 2.068525e+01 2.228586e+01 2.903699e+01 3.832733e+01 3.492104e+01 3.512114e+01 3.381895e+01 2.759204e+01 2.902908e+01 2.699613e+01 2.500487e+01 2.233277e+00 3.423877e+00 5.532058e+00 5.175920e+00 5.548102e+00 4.467011e+00 4.702775e+00 4.841230e+00 4.384868e+00 5.020816e+00 4.439654e+00 3.189500e+00 2.698745e-03
<GCONST> 9.745180e+01
<MIXTURE> 11 1.633820e-02
<MEAN> 25
 6.763243e+00 3.446450e+00 3.271691e+00 4.639778e+00 -4.585906e+00 -2.516793e+00 8.340693e-01 -6.552315e+00 -5.678584e+00 -9.470925e-01 -4.542060e+00 -2.040244e+00 -4.654182e-01 7.005811e-01 1.423166e-01 -7.011036e-02 4.729232e-01 -2.881356e-01 2.554561e-02 4.244202e-02 2.100377e-01 1.819554e-01 -6.336110e-02 3.586563e-02 -1.738919e-02
<VARIANCE> 25
 9.172823e+00 1.959266e+01 2.043563e+01 2.267048e+01 3.821424e+01 3.147758e+01 4.941962e+01 2.982410e+01 3.753146e+01 2.806849e+01 2.844647e+01 2.644259e+01 8.086581e-01 9.449899e-01 1.505481e+00 1.931174e+00 1.602860e+00 1.920522e+00 1.929688e+00 2.168923e+00 2.216211e+00 1.610807e+00 1.643653e+00 1.382431e+00 1.024757e-03
<GCONST> 8.381189e+01
<MIXTURE> 12 5.904134e-03
<MEAN> 25
 1.049453e+01 3.319615e+00 -4.556574e+00 -1.611705e+01 -8.998912e+00 8.545694e+00 -1.029929e+00 -2.641241e+00 -2.093694e+00 -4.571797e+00 1.760620e+00 1.216511e+00 6.309303e-02 2.693440e-01 5.257584e-02 -3.920248e-01 -3.190499e-01 7.158737e-02 3.592193e-01 5.135658e-01 1.217987e-01 -3.384469e-01 -3.797257e-01 4.786584e-02 -4.842779e-03
<VARIANCE> 25
 9.028931e+00 2.143545e+01 2.168601e+01 3.282051e+01 4.006192e+01 2.878800e+01 3.878736e+01 5.088512e+01 4.222833e+01 3.566476e+01 3.555228e+01 2.952829e+01 2.300746e-01 6.815526e-01 6.479558e-01 1.109194e+00 1.151162e+00 1.009124e+00 1.128873e+00 1.330277e+00 1.232349e+00 1.224134e+00 1.212668e+00 8.980061e-01 5.775464e-04
<GCONST> 7.810489e+01
<MIXTURE> 13 5.904134e-03
<MEAN> 25
 1.049453e+01 3.319615e+00 -4.556574e+00 -1.611705e+01 -8.998912e+00 8.545694e+00 -1.029929e+00 -2.641241e+00 -2.093694e+00 -4.571797e+00 1.760620e+00 1.216511e+00 6.309303e-02 2.693440e-01 5.257584e-02 -3.920248e-01 -3.190499e-01 7.158737e-02 3.592193e-01 5.135658e-01 1.217987e-01 -3.384469e-01 -3.797257e-01 4.786584e-02 -4.842779e-03
<VARIANCE> 25
 9.028931e+00 2.143545e+01 2.168601e+01 3.282051e+01 4.006192e+01 2.878800e+01 3.878736e+01 5.088512e+01 4.222833e+01 3.566476e+01 3.555228e+01 2.952829e+01 2.300746e-01 6.815526e-01 6.479558e-01 1.109194e+00 1.151162e+00 1.009124e+00 1.128873e+00 1.330277e+00 1.232349e+00 1.224134e+00 1.212668e+00 8.980061e-01 5.775464e-04
<GCONST> 7.810489e+01
<MIXTURE> 14 6.488954e-03
<MEAN> 25
 -4.317050e+00 -4.198486e-01 -3.439306e-01 8.872765e+00 7.515251e+00 7.251074e+00 7.752667e+00 7.319769e+00 7.271210e+00 5.199784e+00 6.767897e+00 4.052930e+00 -2.672789e-01 1.937579e-01 3.656214e-01 2.998343e-01 -2.678808e-03 5.004791e-02 1.003452e-01 1.804428e-01 2.862035e-01 5.259618e-01 4.975471e-01 7.409165e-02 -9.160589e-03
<VARIANCE> 25
 9.156626e+00 1.396095e+01 1.840535e+01 1.789543e+01 2.076696e+01 2.024448e+01 2.170910e+01 2.044238e+01 1.983944e+01 2.392474e+01 2.171268e+01 1.592898e+01 9.507977e-01 1.618724e+00 1.746380e+00 1.933592e+00 2.288496e+00 2.297685e+00 2.295756e+00 2.230437e+00 2.288293e+00 2.514435e+00 2.178322e+00 1.788869e+00 1.021100e-03
<GCONST> 8.190435e+01
<MIXTURE> 15 2.475190e-03
<MEAN> 25
 -5.366903e+00 -7.589558e-01 -3.670170e-01 7.454932e+00 6.079278e+00 5.523476e+00 5.744552e+00 5.091678e+00 5.289567e+00 3.823574e+00 5.188594e+00 2.457140e+00 -1.053264e-01 -2.748508e-02 9.065913e-02 2.797494e-01 4.843955e-01 7.935751e-01 1.146786e+00 1.178914e+00 1.083303e+00 7.769045e-01 4.203124e-01 1.495483e-01 5.217499e-04
<VARIANCE> 25
 6.637974e+00 6.234720e+00 9.068753e+00 1.251986e+01 1.587649e+01 1.436351e+01 1.568436e+01 1.455013e+01 1.365923e+01 1.522401e+01 1.585190e+01 1.218550e+01 1.230690e-01 1.974671e-01 3.147983e-01 5.073657e-01 6.913367e-01 7.766889e-01 8.924168e-01 7.503527e-01 8.944704e-01 1.031847e+00 1.029958e+00 9.933110e-01 3.469885e-05
<GCONST> 5.896206e+01
<MIXTURE> 16 2.475190e-03
<MEAN> 25
 -5.366903e+00 -7.589558e-01 -3.670170e-01 7.454932e+00 6.079278e+00 5.523476e+00 5.744552e+00 5.091678e+00 5.289567e+00 3.823574e+00 5.188594e+00 2.457140e+00 -1.053264e-01 -2.748508e-02 9.065913e-02 2.797494e-01 4.843955e-01 7.935751e-01 1.146786e+00 1.178914e+00 1.083303e+00 7.769045e-01 4.203124e-01 1.495483e-01 5.217499e-04
<VARIANCE> 25
 6.637974e+00 6.234720e+00 9.068753e+00 1.251986e+01 1.587649e+01 1.436351e+01 1.568436e+01 1.455013e+01 1.365923e+01 1.522401e+01 1.585190e+01 1.218550e+01 1.230690e-01 1.974671e-01 3.147983e-01 5.073657e-01 6.913367e-01 7.766889e-01 8.924168e-01 7.503527e-01 8.944704e-01 1.031847e+00 1.029958e+00 9.933110e-01 3.469885e-05
<GCONST> 5.896206e+01
<MIXTURE> 17 9.518312e-03
<MEAN> 25
 3.495118e+00 -5.478051e-01 6.383831e+00 2.090011e+00 -5.860404e+00 -6.108695e+00 -3.031818e+00 -3.610423e-01 -2.742859e+00 -3.337067e+00 -4.302843e-02 2.318233e-02 -7.531804e-01 -1.211426e+00 1.338153e+00 -2.057364e+00 -2.338048e+00 -1.414552e-01 7.128003e-02 7.164015e-01 -2.662178e-01 -1.537176e-01 1.059590e+00 3.789802e-01 8.049010e-02
<VARIANCE> 25
 1.773333e+01 3.121710e+01 2.962122e+01 3.962416e+01 4.375551e+01 4.940704e+01 4.153370e+01 3.380323e+01 3.467563e+01 2.644689e+01 2.736670e+01 2.693654e+01 1.788246e+00 2.593002e+00 3.881447e+00 3.094658e+00 4.113331e+00 5.491084e+00 5.036096e+00 4.573111e+00 3.909828e+00 3.905516e+00 2.973864e+00 2.638860e+00 2.125378e-03
<GCONST> 9.658742e+01
<MIXTURE> 18 1.221018e-02
<MEAN> 25
 3.900157e+00 4.548346e+00 6.755887e+00 4.780016e+00 -4.714276e+00 -8.349547e+00 -1.683439e+00 -1.270278e+00 -3.341193e+00 -2.418682e+00 -1.122863e+00 4.033945e-01 -7.748029e-01 2.119124e+00 -2.240506e-01 1.961521e+00 3.067778e+00 1.475605e+00 7.585866e-01 -2.077059e-01 6.582857e-01 4.957037e-01 -2.535508e-01 -1.509687e-02 -1.221639e-01
<VARIANCE> 25
 1.575096e+01 2.485535e+01 3.197863e+01 2.551731e+01 3.928548e+01 3.281026e+01 3.781747e+01 3.452403e+01 3.838711e+01 3.368271e+01 3.362774e+01 3.115756e+01 2.502856e+00 3.008255e+00 4.633098e+00 4.102048e+00 4.055298e+00 4.549351e+00 4.615113e+00 4.360201e+00 4.423373e+00 4.217966e+00 4.501946e+00 3.603200e+00 4.086594e-03
<GCONST> 9.816936e+01
<MIXTURE> 19 9.912824e-03
<MEAN> 25
 -9.562786e+00 1.989427e+00 7.521656e-02 9.962210e-01 4.095766e+00 1.514171e+00 3.135898e+00 1.304866e+00 2.247595e+00 1.237217e+00 9.199796e-01 1.659037e+00 1.967314e+00 1.672302e+00 2.111558e+00 7.094013e-01 -1.054535e+00 -1.040634e+00 -1.220699e+00 -1.452928e+00 -1.503401e+00 -1.098296e+00 -7.747267e-01 -7.941319e-01 1.332320e-04
<VARIANCE> 25
 5.599561e+01 2.894178e+01 4.650589e+01 5.095415e+01 3.228654e+01 3.111051e+01 3.100375e+01 2.876670e+01 2.760497e+01 2.581647e+01 2.922092e+01 2.117833e+01 2.534371e+00 2.185137e+00 2.118428e+00 2.249642e+00 2.438010e+00 2.153342e+00 2.900597e+00 2.284754e+00 2.000837e+00 1.994969e+00 2.182346e+00 1.703587e+00 2.342318e-03
<GCONST> 9.127354e+01
<MIXTURE> 20 6.308331e-03
<MEAN> 25
 -1.417707e+01 7.413656e+00 8.445451e-01 6.151169e+00 4.843474e+00 1.636408e+00 5.207962e+00 8.550232e-01 9.237214e-01 7.974542e-01 2.565986e+00 -3.022031e-01 -3.284983e+00 -8.674896e-01 -1.564122e+00 3.325545e-01 1.540864e+00 2.062935e+00 1.978661e+00 2.054909e+00 2.143885e+00 2.040968e+00 1.685069e+00 9.450800e-01 4.732724e-02
<VARIANCE> 25
 1.970182e+01 2.346158e+01 3.094964e+01 3.716505e+01 3.083791e+01 2.788153e+01 2.992517e+01 3.146664e+01 2.795757e+01 2.820732e+01 2.516693e+01 2.091053e+01 2.093437e+00 2.182515e+00 1.911854e+00 2.540566e+00 2.701775e+00 2.312519e+00 2.310384e+00 2.323795e+00 2.235736e+00 2.653008e+00 2.240796e+00 1.865042e+00 1.885768e-03
<GCONST> 8.922070e+01
<MIXTURE> 21 7.928653e-03
<MEAN> 25
 3.972733e+00 -4.459315e+00 5.718213e+00 -1.537962e+00 -1.051661e+01 -8.689102e+00 -2.647370e+00 4.150574e+00 -2.027799e+00 -3.352178e+00 2.532081e-01 3.070498e-01 -7.147605e-01 1.330727e+00 2.577136e+00 -4.707314e-02 -1.556631e+00 3.261055e-01 5.647097e-01 -1.497750e+00 -1.948877e+00 3.136061e-01 1.324345e+00 2.378426e-01 -1.279880e-02
<VARIANCE> 25
 8.962136e+00 1.919479e+01 2.981804e+01 2.819637e+01 2.887914e+01 3.310376e+01 4.277309e+01 3.912583e+01 4.290511e+01 3.177174e+01 3.357528e+01 2.319299e+01 3.759953e-01 9.566184e-01 1.858075e+00 1.281137e+00 2.198218e+00 2.182855e+00 3.685010e+00 2.482933e+00 2.154554e+00 2.573939e+00 2.004297e+00 2.275027e+00 4.254169e-04
<GCONST> 8.508417e+01
<MIXTURE> 22 8.827789e-03
<MEAN> 25
 -1.792091e+01 7.154785e+00 -4.131347e+00 7.392482e+00 4.602546e+00 2.761039e+00 8.399819e+00 1.748462e+00 5.379299e+00 3.301012e+00 5.716434e+00 1.185148e+00 -3.095726e-01 -2.075880e-01 -1.255633e-01 -1.492641e-01 -7.208806e-03 1.369678e-01 1.807591e-01 1.779423e-01 2.484757e-01 2.073076e-01 1.726615e-01 1.924446e-01 8.857626e-03
<VARIANCE> 25
 8.116920e+00 1.682541e+01 1.738343e+01 2.517213e+01 2.289636e+01 2.083704e+01 1.943101e+01 1.871084e+01 1.813996e+01 2.086667e+01 1.924184e+01 1.378720e+01 1.090756e+00 1.357369e+00 1.363971e+00 1.572030e+00 1.408815e+00 1.526971e+00 1.508942e+00 1.532825e+00 1.614233e+00 1.544764e+00 1.357418e+00 1.168007e+00 1.745583e-03
<GCONST> 7.830949e+01
<MIXTURE> 23 6.455497e-03
<MEAN> 25
 7.794518e+00 1.972911e+00 3.059305e+00 2.708361e+00 -5.573174e+00 -2.724937e+00 -2.694750e+00 -6.892380e+00 -4.468467e+00 -9.236898e-01 -4.485474e+00 -2.237267e+00 5.161302e-02 2.620700e-01 3.155407e-02 9.243405e-02 -5.229653e-02 -6.499194e-02 7.825529e-02 -3.504827e-02 8.782251e-02 1.007270e-01 -1.904415e-01 2.794295e-03 -5.145188e-03
<VARIANCE> 25
 9.568682e+00 2.153813e+01 2.275509e+01 3.685891e+01 3.738427e+01 4.943024e+01 7.029422e+01 5.092922e+01 5.028915e+01 4.296385e+01 4.400322e+01 3.598232e+01 1.161084e-01 3.245491e-01 3.722804e-01 4.901534e-01 6.092421e-01 7.400966e-01 7.909058e-01 8.325978e-01 8.329790e-01 8.341097e-01 1.030500e+00 7.386684e-01 8.698260e-05
<GCONST> 7.257673e+01
<MIXTURE> 24 6.455497e-03
<MEAN> 25
 7.794518e+00 1.972911e+00 3.059305e+00 2.708361e+00 -5.573174e+00 -2.724937e+00 -2.694750e+00 -6.892380e+00 -4.468467e+00 -9.236898e-01 -4.485474e+00 -2.237267e+00 5.161302e-02 2.620700e-01 3.155407e-02 9.243405e-02 -5.229653e-02 -6.499194e-02 7.825529e-02 -3.504827e-02 8.782251e-02 1.007270e-01 -1.904415e-01 2.794295e-03 -5.145188e-03
<VARIANCE> 25
 9.568682e+00 2.153813e+01 2.275509e+01 3.685891e+01 3.738427e+01 4.943024e+01 7.029422e+01 5.092922e+01 5.028915e+01 4.296385e+01 4.400322e+01 3.598232e+01 1.161084e-01 3.245491e-01 3.722804e-01 4.901534e-01 6.092421e-01 7.400966e-01 7.909058e-01 8.325978e-01 8.329790e-01 8.341097e-01 1.030500e+00 7.386684e-01 8.698260e-05
<GCONST> 7.257673e+01
<MIXTURE> 25 1.118642e-02
<MEAN> 25
 4.131192e-01 2.506614e+00 1.576064e+01 -2.352401e+00 -1.088606e+01 3.493210e-01 -4.972558e+00 -2.685373e+00 -7.209938e+00 -5.546095e+00 4.231199e+00 -1.835790e+00 -2.850654e-02 1.025561e-01 1.824996e-01 1.263096e-01 2.626652e-01 7.735716e-03 3.872139e-01 -5.810798e-02 -3.651223e-01 1.940350e-01 1.071871e-02 -3.557905e-01 -9.801619e-03
<VARIANCE> 25
 7.470326e+00 2.461488e+01 2.500761e+01 3.065752e+01 3.409763e+01 6.477122e+01 2.380846e+01 2.539310e+01 2.365785e+01 3.332066e+01 1.803120e+01 2.312047e+01 5.631341e-01 1.632291e+00 1.393256e+00 1.236252e+00 1.892947e+00 2.050208e+00 1.798057e+00 1.872146e+00 1.464210e+00 1.553633e+00 1.264600e+00 1.331012e+00 1.102038e-03
<GCONST> 8.217194e+01
<MIXTURE> 26 7.727677e-03
<MEAN> 25
 2.247289e+00 -5.985235e+00 -1.031753e+01 -9.705077e-01 7.677223e+00 5.438278e+00 3.815786e+00 -2.307597e-01 2.876751e+00 1.524055e-01 -2.514006e+00 -1.433155e+00 -6.672837e-01 7.172027e-01 3.718863e-01 7.629626e-01 1.308936e-01 2.497126e-01 3.651711e-01 5.720724e-01 4.068750e-01 2.804489e-02 2.679946e-01 4.231582e-01 -5.355633e-02
<VARIANCE> 25
 2.358477e+01 3.485342e+01 2.418284e+01 5.920997e+01 3.752482e+01 4.020791e+01 4.441770e+01 4.295914e+01 4.214522e+01 6.635492e+01 3.977343e+01 4.679819e+01 1.536553e+00 1.954176e+00 1.843472e+00 1.937143e+00 2.203909e+00 2.225100e+00 2.499783e+00 3.390600e+00 2.433313e+00 2.464952e+00 2.250278e+00 1.900336e+00 3.113949e-03
<GCONST> 9.383581e+01
<MIXTURE> 27 7.727677e-03
<MEAN> 25
 2.247289e+00 -5.985235e+00 -1.031753e+01 -9.705077e-01 7.677223e+00 5.438278e+00 3.815786e+00 -2.307597e-01 2.876751e+00 1.524055e-01 -2.514006e+00 -1.433155e+00 -6.672837e-01 7.172027e-01 3.718863e-01 7.629626e-01 1.308936e-01 2.497126e-01 3.651711e-01 5.720724e-01 4.068750e-01 2.804489e-02 2.679946e-01 4.231582e-01 -5.355633e-02
<VARIANCE> 25
 2.358477e+01 3.485342e+01 2.418284e+01 5.920997e+01 3.752482e+01 4.020791e+01 4.441770e+01 4.295914e+01 4.214522e+01 6.635492e+01 3.977343e+01 4.679819e+01 1.536553e+00 1.954176e+00 1.843472e+00 1.937143e+00 2.203909e+00 2.225100e+00 2.499783e+00 3.390600e+00 2.433313e+00 2.464952e+00 2.250278e+00 1.900336e+00 3.113949e-03
<GCONST> 9.383581e+01
<MIXTURE> 28 5.036674e-03
<MEAN> 25
 -5.396541e+00 6.351238e-02 -1.578559e+00 6.543838e+00 5.244174e+00 3.363435e+00 5.270853e+00 3.222643e+00 3.960681e+00 2.342556e+00 2.591048e+00 3.250498e+00 -1.136937e-01 2.038097e-01 5.099092e-01 7.795277e-01 8.395551e-01 7.178892e-01 5.118452e-01 3.864075e-01 4.334593e-01 4.965528e-01 3.602532e-01 1.836113e-01 2.301951e-05
<VARIANCE> 25
 1.034920e+01 8.484224e+00 1.189575e+01 1.495320e+01 1.453133e+01 1.859888e+01 1.867583e+01 1.902077e+01 1.692532e+01 1.656972e+01 2.037994e+01 1.476117e+01 2.512409e-01 3.476411e-01 4.142887e-01 4.573278e-01 6.316844e-01 8.458710e-01 1.041086e+00 1.127446e+00 1.091858e+00 1.036710e+00 1.026881e+00 1.055287e+00 1.052973e-06
<GCONST> 6.029063e+01
<MIXTURE> 29 5.036674e-03
<MEAN> 25
 -5.396541e+00 6.351238e-02 -1.578559e+00 6.543838e+00 5.244174e+00 3.363435e+00 5.270853e+00 3.222643e+00 3.960681e+00 2.342556e+00 2.591048e+00 3.250498e+00 -1.136937e-01 2.038097e-01 5.099092e-01 7.795277e-01 8.395551e-01 7.178892e-01 5.118452e-01 3.864075e-01 4.334593e-01 4.965528e-01 3.602532e-01 1.836113e-01 2.301951e-05
<VARIANCE> 25
 1.034920e+01 8.484224e+00 1.189575e+01 1.495320e+01 1.453133e+01 1.859888e+01 1.867583e+01 1.902077e+01 1.692532e+01 1.656972e+01 2.037994e+01 1.476117e+01 2.512409e-01 3.476411e-01 4.142887e-01 4.573278e-01 6.316844e-01 8.458710e-01 1.041086e+00 1.127446e+00 1.091858e+00 1.036710e+00 1.026881e+00 1.055287e+00 1.052973e-06
<GCONST> 6.029063e+01
<MIXTURE> 30 8.917812e-03
<MEAN> 25
 -4.475289e+00 1.164835e-01 6.259841e-01 8.659809e+00 7.991099e+00 6.506630e+00 6.913595e+00 6.965959e+00 6.717751e+00 4.392426e+00 6.379536e+00 3.352259e+00 -1.741055e-02 2.223198e-02 2.851322e-02 8.815868e-02 4.570488e-02 -6.971323e-03 -2.827320e-03 9.840235e-02 4.894439e-02 -5.380729e-02 4.665356e-02 -4.835988e-03 -1.329084e-03
<VARIANCE> 25
 6.112281e+00 1.060402e+01 9.030549e+00 1.563254e+01 1.544034e+01 1.982672e+01 1.976305e+01 1.690172e+01 1.474913e+01 1.921768e+01 2.076828e+01 1.407798e+01 8.936596e-02 2.014119e-01 3.332581e-01 4.732515e-01 6.429099e-01 7.082469e-01 7.058317e-01 8.306780e-01 8.212637e-01 9.250225e-01 8.288473e-01 7.744144e-01 5.073642e-05
<GCONST> 6.013665e+01
<MIXTURE> 31 4.136493e-03
<MEAN> 25
 -3.324952e+00 -5.364573e+00 5.429919e-02 4.914338e+00 3.786863e+00 1.519793e+00 5.022316e+00 6.515504e+00 2.965833e+00 1.271771e+00 6.160927e+00 3.024774e+00 2.499734e-01 4.699560e-01 -1.998332e-01 2.919046e-01 1.117479e-01 4.042946e-01 2.047654e-01 5.948428e-04 3.788320e-01 3.479500e-01 9.162963e-02 9.958981e-02 -1.799849e-02
<VARIANCE> 25
 6.837219e+00 1.667064e+01 1.669785e+01 1.727929e+01 2.428517e+01 2.340408e+01 2.330425e+01 2.549827e+01 2.541599e+01 2.821593e+01 2.157377e+01 1.829222e+01 1.825429e-01 4.952493e-01 5.847769e-01 7.462458e-01 9.308449e-01 1.073084e+00 1.228039e+00 1.370093e+00 1.300903e+00 1.297605e+00 1.210213e+00 1.125933e+00 2.537324e-04
<GCONST> 7.147124e+01
<MIXTURE> 32 4.136493e-03
<MEAN> 25
 -3.324952e+00 -5.364573e+00 5.429919e-02 4.914338e+00 3.786863e+00 1.519793e+00 5.022316e+00 6.515504e+00 2.965833e+00 1.271771e+00 6.160927e+00 3.024774e+00 2.499734e-01 4.699560e-01 -1.998332e-01 2.919046e-01 1.117479e-01 4.042946e-01 2.047654e-01 5.948428e-04 3.788320e-01 3.479500e-01 9.162963e-02 9.958981e-02 -1.799849e-02
<VARIANCE> 25
 6.837219e+00 1.667064e+01 1.669785e+01 1.727929e+01 2.428517e+01 2.340408e+01 2.330425e+01 2.549827e+01 2.541599e+01 2.821593e+01 2.157377e+01 1.829222e+01 1.825429e-01 4.952493e-01 5.847769e-01 7.462458e-01 9.308449e-01 1.073084e+00 1.228039e+00 1.370093e+00 1.300903e+00 1.297605e+00 1.210213e+00 1.125933e+00 2.537324e-04
<GCONST> 7.147124e+01
<MIXTURE> 33 1.508826e-02
<MEAN> 25
 6.582382e+00 -4.012533e+00 -2.214003e+00 -2.634844e+00 -1.957381e+00 -5.625906e+00 -7.269733e+00 1.737164e+00 2.312343e+00 -4.656453e-01 -4.716196e+00 -3.004893e+00 6.519277e-01 -1.172993e+00 -2.440633e+00 -1.869980e+00 1.463066e+00 1.417325e+00 -7.533646e-01 6.581721e-01 1.022496e+00 5.602996e-01 -3.050885e-01 -1.332627e+00 3.770741e-02
<VARIANCE> 25
 1.002058e+01 2.116891e+01 2.903525e+01 3.612548e+01 4.066713e+01 4.406028e+01 4.311866e+01 4.668839e+01 4.052417e+01 4.387619e+01 3.493953e+01 2.839788e+01 1.163134e+00 1.941736e+00 2.202796e+00 2.191499e+00 4.212817e+00 3.441766e+00 4.318672e+00 5.623541e+00 3.782062e+00 4.402723e+00 3.381596e+00 2.605313e+00 1.477796e-03
<GCONST> 9.446546e+01
<MIXTURE> 34 1.588179e-02
<MEAN> 25
 8.891010e+00 4.169135e-02 1.377869e-01 1.204283e+00 -2.956897e+00 -1.506791e+00 -6.086222e+00 -4.676980e+00 -1.821813e+00 1.788279e-01 -2.644748e+00 -3.710731e+00 -1.555852e-02 1.341787e+00 1.459244e+00 2.393562e+00 -4.585489e-02 -1.596094e-01 7.955990e-01 -1.632908e+00 -8.939511e-01 2.563626e-01 -5.641457e-01 2.488228e-01 -6.217775e-02
<VARIANCE> 25
 7.809114e+00 3.096251e+01 2.949279e+01 4.974318e+01 4.228663e+01 4.925245e+01 5.542124e+01 5.681860e+01 5.352960e+01 4.330221e+01 4.809069e+01 3.139141e+01 1.260658e+00 1.976526e+00 4.282750e+00 4.032539e+00 5.605807e+00 5.819315e+00 5.489177e+00 6.173942e+00 5.185658e+00 4.977850e+00 5.004616e+00 3.860859e+00 1.154895e-03
<GCONST> 9.970879e+01
<MIXTURE> 35 1.467755e-02
<MEAN> 25
 -2.371217e+00 -5.325896e+00 -9.486081e+00 -7.953776e-02 9.522359e+00 2.188460e-01 1.640455e+00 2.856872e+00 1.546757e+00 4.454150e+00 -1.072982e-01 1.987409e+00 6.254058e-01 -1.147177e+00 -1.461820e+00 -1.425956e+00 3.498243e-01 -7.150170e-01 -7.659886e-01 -2.658699e-01 -2.182316e-01 2.454646e-01 -4.162922e-01 -5.243843e-01 1.084383e-01
<VARIANCE> 25
 1.950326e+01 2.836432e+01 4.596798e+01 6.106611e+01 4.068650e+01 6.089704e+01 4.870814e+01 4.359669e+01 4.808583e+01 3.701964e+01 3.550724e+01 2.992709e+01 3.446536e+00 3.420068e+00 6.486619e+00 5.315534e+00 5.106267e+00 5.465225e+00 4.846008e+00 4.938053e+00 4.877419e+00 4.426383e+00 4.933593e+00 3.638636e+00 5.065534e-03
<GCONST> 1.033174e+02
<MIXTURE> 36 1.093293e-02
<MEAN> 25
 4.780638e+00 -3.577040e+00 7.349224e+00 2.923153e+00 -1.059694e+01 -8.526052e+00 -4.999060e+00 2.623959e+00 -2.987947e+00 -4.483337e+00 1.662270e+00 -6.628696e-01 3.334506e-01 2.669806e-01 -8.994946e-01 1.257740e-01 8.991997e-01 -5.100891e-02 -3.665509e-01 -3.837940e-02 4.767080e-01 5.165982e-01 -5.483313e-01 -3.344632e-01 -1.852729e-02
<VARIANCE> 25
 9.220636e+00 1.609492e+01 2.030126e+01 2.634236e+01 2.876472e+01 2.950375e+01 5.022328e+01 3.602098e+01 3.985131e+01 2.875409e+01 3.419108e+01 2.485783e+01 4.827157e-01 7.475497e-01 1.379924e+00 1.284876e+00 1.458062e+00 1.623551e+00 2.371198e+00 2.024158e+00 1.965699e+00 1.626701e+00 1.349368e+00 1.361368e+00 6.897302e-04
<GCONST> 8.173706e+01
<MIXTURE> 37 1.246826e-02
<MEAN> 25
 5.484006e-01 7.752361e+00 1.203854e+01 -5.523182e+00 -8.025132e+00 -1.064892e+00 -5.057745e+00 -8.313406e+00 -3.710303e+00 -9.093555e-01 -3.685210e+00 -1.304842e+00 1.760094e-01 6.456525e-01 -1.351890e+00 3.567904e+00 1.985357e+00 -2.976935e-01 1.081942e+00 4.341735e-01 5.325553e-01 -3.238263e-01 5.388112e-01 -9.091980e-02 -9.476258e-02
<VARIANCE> 25
 1.588600e+01 2.601492e+01 3.081463e+01 5.117590e+01 3.382230e+01 3.204618e+01 4.396515e+01 3.494891e+01 3.854415e+01 3.585177e+01 3.774309e+01 3.082560e+01 2.961594e+00 3.403478e+00 3.014584e+00 4.144983e+00 4.605539e+00 3.750026e+00 4.236183e+00 3.799345e+00 3.447220e+00 3.613274e+00 3.861167e+00 2.792878e+00 3.923701e-03
<GCONST> 9.777313e+01
<MIXTURE> 38 1.154525e-02
<MEAN> 25
 -4.473573e+00 8.921330e+00 4.626122e+00 3.191150e+00 8.226441e-01 -5.188446e+00 -6.070538e-01 -2.762999e+00 -2.853742e+00 -3.131752e+00 -1.531475e+00 -5.355539e-01 -4.502463e+00 1.239648e+00 -3.003072e-01 1.432967e+00 2.554845e+00 1.376849e+00 2.006053e+00 9.479192e-01 7.914804e-01 6.289146e-01 1.007628e+00 3.340798e-01 4.824707e-02
<VARIANCE> 25
 3.122065e+01 2.970634e+01 3.887118e+01 3.299727e+01 4.863556e+01 3.548924e+01 3.613169e+01 4.140892e+01 3.465974e+01 3.239803e+01 2.429300e+01 2.853900e+01 2.369545e+00 3.931372e+00 3.897969e+00 5.183668e+00 4.228158e+00 5.013115e+00 5.016428e+00 4.616970e+00 4.420877e+00 4.916592e+00 4.357366e+00 3.248003e+00 2.051340e-03
<GCONST> 9.923897e+01
<MIXTURE> 39 9.501865e-03
<MEAN> 25
 1.447411e+00 2.777764e+00 9.216623e+00 -8.542516e+00 -1.020216e+01 7.904260e-01 -2.486444e+00 -5.988934e+00 -5.394582e+00 -6.252534e-01 -3.248748e+00 -1.834344e+00 -7.818676e-01 1.124582e+00 1.644292e+00 -1.409540e+00 8.430652e-02 1.386807e+00 -1.533932e+00 -9.657420e-01 5.063730e-01 2.194663e-01 -2.451696e-01 4.593194e-02 2.693731e-03
<VARIANCE> 25
 8.126577e+00 2.446834e+01 3.013159e+01 3.413043e+01 3.456918e+01 5.302430e+01 3.990401e+01 2.873795e+01 3.569389e+01 3.582877e+01 3.141609e+01 2.545459e+01 8.308449e-01 1.840757e+00 1.243959e+00 2.372509e+00 2.221279e+00 2.762702e+00 3.042478e+00 2.509402e+00 2.191301e+00 2.345969e+00 1.956663e+00 1.887342e+00 1.034850e-03
<GCONST> 8.799578e+01
<MIXTURE> 40 1.030800e-02
<MEAN> 25
 -8.813813e+00 2.141511e+00 -1.279320e+00 7.803579e+00 3.816056e+00 5.102717e+00 5.267871e+00 4.417559e+00 4.845265e+00 4.054786e+00 5.419558e+00 1.631687e+00 -8.092280e-02 -2.209511e-01 -1.711053e-02 -2.269494e-01 -7.206904e-02 -1.560951e-01 5.684166e-02 3.963503e-02 -4.614874e-02 -6.769466e-02 4.966028e-02 1.556744e-02 2.794161e-03
<VARIANCE> 25
 4.296339e+01 1.975838e+01 2.831005e+01 2.822745e+01 2.522865e+01 1.981467e+01 2.000902e+01 1.790100e+01 1.693604e+01 1.870162e+01 1.899292e+01 1.403715e+01 7.054508e-01 7.066553e-01 8.417085e-01 1.037580e+00 1.115383e+00 1.245522e+00 1.276115e+00 1.311944e+00 1.367032e+00 1.335151e+00 1.136956e+00 1.023841e+00 8.470974e-04
<GCONST> 7.650607e+01
<MIXTURE> 41 6.713375e-03
<MEAN> 25
 1.208213e+00 1.812951e+00 1.049137e+01 -6.914945e+00 -1.040683e+01 -3.857574e+00 -2.529205e+00 -5.091631e+00 -4.646885e+00 2.586855e+00 -1.716511e+00 -9.441015e-01 7.942323e-02 -7.759859e-01 1.715183e+00 -3.490972e+00 -2.492208e+00 -1.355062e-01 -5.397803e-01 -3.501982e-01 -8.302136e-01 1.087301e+00 -9.820188e-01 7.953361e-02 8.595010e-02
<VARIANCE> 25
 1.209865e+01 2.919969e+01 3.230329e+01 3.944012e+01 3.851089e+01 3.963328e+01 3.670178e+01 2.952741e+01 3.259686e+01 2.864184e+01 3.141137e+01 2.671886e+01 3.139393e+00 3.272652e+00 3.779764e+00 3.975030e+00 4.928041e+00 5.826545e+00 4.694745e+00 4.489197e+00 3.924571e+00 4.154753e+00 3.984771e+00 3.170719e+00 2.892651e-03
<GCONST> 9.778166e+01
<MIXTURE> 42 1.106211e-02
<MEAN> 25
 -1.786392e+00 4.413251e+00 4.413947e+00 2.596647e+00 3.762214e-01 -6.157429e+00 -1.134374e+00 -1.964166e+00 -1.599386e+00 -1.332129e+00 -2.122423e+00 1.232582e+00 4.099227e+00 -3.377410e-01 1.341781e+00 1.228871e-01 -2.973151e+00 -9.253309e-01 -2.228430e+00 -1.072677e+00 -8.637440e-01 -6.650877e-01 6.891797e-01 -1.003210e+00 1.573972e-02
<VARIANCE> 25
 3.459840e+01 2.049776e+01 4.549448e+01 2.592697e+01 3.800117e+01 3.834948e+01 3.564966e+01 2.638980e+01 2.761827e+01 2.785150e+01 1.949561e+01 1.823139e+01 3.565665e+00 4.622093e+00 6.387811e+00 4.551802e+00 4.454244e+00 6.529796e+00 4.885978e+00 6.041100e+00 4.807516e+00 4.914584e+00 4.853064e+00 3.251168e+00 4.692579e-03
<GCONST> 9.972025e+01
<MIXTURE> 43 7.108249e-03
<MEAN> 25
 3.178133e+00 -6.267307e+00 -2.199610e+00 -5.119637e+00 -7.416723e+00 -3.411304e+00 4.158390e+00 1.264341e+00 -5.096888e+00 -7.059971e+00 -4.352890e+00 -1.271311e+00 2.326605e-01 2.159231e+00 1.904160e+00 -1.356487e-01 -1.417335e+00 -7.974841e-01 -9.711029e-01 -7.747353e-01 8.253966e-01 1.462444e+00 3.375993e-01 1.405296e-02 -4.498159e-02
<VARIANCE> 25
 9.570098e+00 1.984105e+01 2.759346e+01 3.571818e+01 3.828793e+01 3.645927e+01 3.325250e+01 3.991390e+01 3.962805e+01 3.861644e+01 2.652440e+01 2.946782e+01 6.916753e-01 1.247089e+00 1.577890e+00 2.480638e+00 2.387177e+00 2.377487e+00 2.646525e+00 3.022887e+00 2.597278e+00 2.569958e+00 2.326006e+00 1.914128e+00 9.399711e-04
<GCONST> 8.796781e+01
<MIXTURE> 44 7.328289e-03
<MEAN> 25
 -1.522690e+01 1.567303e+00 3.541549e+00 -3.252379e+00 3.356566e+00 2.040101e+00 -3.864995e-02 2.421878e+00 1.490265e+00 -8.009687e-01 1.762518e+00 1.966669e+00 -1.666774e-01 -1.257185e-02 1.715452e-01 2.837964e-01 -1.130000e-01 2.022465e-01 4.516017e-01 1.075077e-01 2.496294e-01 1.449597e-01 7.341443e-02 9.004771e-02 4.820817e-03
<VARIANCE> 25
 4.321418e+01 2.790531e+01 3.468313e+01 3.010432e+01 2.934892e+01 3.020516e+01 2.481270e+01 3.165262e+01 2.843086e+01 2.747274e+01 2.733612e+01 1.934155e+01 1.217500e+00 1.547030e+00 1.391481e+00 1.349122e+00 2.178619e+00 1.673950e+00 1.538857e+00 1.642781e+00 1.561004e+00 1.511824e+00 1.374821e+00 1.218678e+00 1.293229e-03
<GCONST> 8.458581e+01
<MIXTURE> 45 1.364932e-02
<MEAN> 25
 -1.238271e+01 3.391863e+00 -1.228460e+00 2.812203e+00 5.727317e+00 5.601061e-02 4.717831e+00 2.862593e+00 3.294424e+00 2.157884e+00 2.286753e+00 2.559511e+00 -2.920757e+00 5.765651e-01 -4.823994e-01 -5.414429e-01 2.102542e-01 -2.050354e-02 4.562289e-01 7.108662e-02 -6.762697e-02 -4.935595e-02 2.645786e-01 9.594720e-02 1.186963e-01
<VARIANCE> 25
 3.378936e+01 3.018307e+01 3.074227e+01 3.498226e+01 3.120405e+01 2.936893e+01 2.974454e+01 2.635897e+01 2.467510e+01 2.332691e+01 2.866076e+01 1.562512e+01 2.453719e+00 3.082362e+00 2.835321e+00 2.679168e+00 2.518526e+00 2.623765e+00 2.303540e+00 2.263034e+00 2.129211e+00 2.152233e+00 1.981715e+00 1.629200e+00 4.073579e-03
<GCONST> 9.058104e+01
<MIXTURE> 46 9.336259e-03
<MEAN> 25
 -9.451864e+00 2.307006e+00 1.189650e+00 7.560196e+00 5.941353e+00 3.336625e+00 7.057975e+00 4.499618e+00 5.715204e+00 4.700281e+00 5.032210e+00 2.922480e+00 1.058276e+00 -2.391221e-01 4.246802e-02 1.001397e+00 6.028313e-01 9.425513e-01 3.891972e-01 6.759108e-01 4.722147e-01 5.056740e-01 6.398911e-01 5.245118e-01 -1.055477e-01
<VARIANCE> 25
 3.427752e+01 4.381263e+01 3.854947e+01 4.993824e+01 5.076339e+01 4.075478e+01 3.709074e+01 3.533551e+01 3.314024e+01 3.099838e+01 2.827060e+01 2.023012e+01 3.910920e+00 4.142490e+00 3.878183e+00 4.134595e+00 4.171578e+00 3.694121e+00 3.383315e+00 3.122299e+00 2.980399e+00 2.876444e+00 2.308788e+00 1.782056e+00 7.959047e-03
<GCONST> 9.830269e+01
<MIXTURE> 47 7.116147e-03
<MEAN> 25
 7.330204e+00 -7.375141e+00 -7.759260e+00 -6.466200e+00 1.507577e+00 8.525791e-01 -2.390645e+00 1.207828e+00 3.007821e+00 1.720651e-01 -4.229401e+00 -6.710268e+00 -1.838594e-01 -1.254940e+00 -6.925452e-01 -4.173796e-01 6.231928e-01 8.151287e-01 8.741357e-01 3.008156e-01 1.213762e-01 -8.814020e-01 -4.662602e-01 -4.596785e-01 3.002537e-02
<VARIANCE> 25
 1.066981e+01 2.103005e+01 2.046693e+01 3.318906e+01 3.614954e+01 5.272554e+01 4.521992e+01 4.083648e+01 4.343298e+01 4.720290e+01 4.891932e+01 3.350526e+01 5.184311e-01 7.734973e-01 1.122790e+00 1.666479e+00 1.976714e+00 2.202154e+00 2.328370e+00 2.476419e+00 2.195598e+00 2.153141e+00 2.183810e+00 2.008797e+00 5.531723e-04
<GCONST> 8.645052e+01
<MIXTURE> 48 7.116147e-03
<MEAN> 25
 7.330204e+00 -7.375141e+00 -7.759260e+00 -6.466200e+00 1.507577e+00 8.525791e-01 -2.390645e+00 1.207828e+00 3.007821e+00 1.720651e-01 -4.229401e+00 -6.710268e+00 -1.838594e-01 -1.254940e+00 -6.925452e-01 -4.173796e-01 6.231928e-01 8.151287e-01 8.741357e-01 3.008156e-01 1.213762e-01 -8.814020e-01 -4.662602e-01 -4.596785e-01 3.002537e-02
<VARIANCE> 25
 1.066981e+01 2.103005e+01 2.046693e+01 3.318906e+01 3.614954e+01 5.272554e+01 4.521992e+01 4.083648e+01 4.343298e+01 4.720290e+01 4.891932e+01 3.350526e+01 5.184311e-01 7.734973e-01 1.122790e+00 1.666479e+00 1.976714e+00 2.202154e+00 2.328370e+00 2.476419e+00 2.195598e+00 2.153141e+00 2.183810e+00 2.008797e+00 5.531723e-04
<GCONST> 8.645052e+01
<MIXTURE> 49 5.548473e-03
<MEAN> 25
 -4.973801e+00 5.365487e-01 8.755174e-02 7.850555e+00 6.245636e+00 5.153903e+00 5.962104e+00 4.742766e+00 5.144359e+00 3.480004e+00 4.639673e+00 2.667519e+00 3.650416e-01 6.408039e-01 6.877743e-01 3.791277e-01 -1.855220e-01 -6.496273e-01 -9.911149e-01 -1.099144e+00 -9.318777e-01 -6.762835e-01 -4.777495e-01 -2.717154e-01 -2.054535e-04
<VARIANCE> 25
 9.155433e+00 9.641543e+00 1.340761e+01 1.898274e+01 1.481622e+01 1.807852e+01 1.870911e+01 1.907254e+01 1.743148e+01 1.774827e+01 2.025787e+01 1.366409e+01 2.722654e-01 2.471655e-01 3.619745e-01 6.070514e-01 8.250651e-01 9.119378e-01 1.077454e+00 1.066284e+00 1.078836e+00 1.174050e+00 1.197624e+00 1.126974e+00 1.541913e-05
<GCONST> 6.388892e+01
<MIXTURE> 50 6.234641e-03
<MEAN> 25
 -4.474447e+00 3.831125e-01 -1.414756e+00 6.084009e+00 4.404023e+00 2.006886e+00 3.351472e+00 2.370284e+00 3.353049e+00 1.361529e+00 2.222776e+00 2.885751e+00 1.997682e-02 1.452989e-01 6.884994e-02 -1.892713e-01 -5.419943e-01 -6.444549e-01 -3.914763e-01 -2.127499e-02 4.190944e-01 8.208764e-01 7.125890e-01 4.913377e-01 -7.654756e-05
<VARIANCE> 25
 9.755507e+00 1.091723e+01 1.355004e+01 1.401919e+01 1.464861e+01 1.813952e+01 1.831862e+01 1.870179e+01 1.981136e+01 1.729715e+01 2.053511e+01 1.436512e+01 1.586312e-01 2.498124e-01 3.482346e-01 4.731559e-01 5.598724e-01 6.959798e-01 8.761476e-01 1.049393e+00 1.010339e+00 8.625621e-01 8.443196e-01 9.250301e-01 1.030581e-06
<GCONST> 5.857660e+01
<MIXTURE> 51 6.234641e-03
<MEAN> 25
 -4.474447e+00 3.831125e-01 -1.414756e+00 6.084009e+00 4.404023e+00 2.006886e+00 3.351472e+00 2.370284e+00 3.353049e+00 1.361529e+00 2.222776e+00 2.885751e+00 1.997682e-02 1.452989e-01 6.884994e-02 -1.892713e-01 -5.419943e-01 -6.444549e-01 -3.914763e-01 -2.127499e-02 4.190944e-01 8.208764e-01 7.125890e-01 4.913377e-01 -7.654756e-05
<VARIANCE> 25
 9.755507e+00 1.091723e+01 1.355004e+01 1.401919e+01 1.464861e+01 1.813952e+01 1.831862e+01 1.870179e+01 1.981136e+01 1.729715e+01 2.053511e+01 1.436512e+01 1.586312e-01 2.498124e-01 3.482346e-01 4.731559e-01 5.598724e-01 6.959798e-01 8.761476e-01 1.049393e+00 1.010339e+00 8.625621e-01 8.443196e-01 9.250301e-01 1.030581e-06
<GCONST> 5.857660e+01
<MIXTURE> 52 6.367945e-03
<MEAN> 25
 9.440185e+00 7.074547e-01 -6.194907e+00 -1.468873e+01 -4.814153e+00 8.714665e+00 -2.326824e+00 -3.948189e+00 -5.223878e+00 -8.299923e-01 3.874557e+00 1.032279e+00 -3.612947e-01 -5.873855e-01 -8.873875e-02 1.081239e+00 1.531277e+00 -4.460684e-01 -5.356601e-01 -4.181905e-01 8.843935e-02 1.313830e+00 5.874014e-01 -8.129767e-01 -8.333720e-03
<VARIANCE> 25
 9.357419e+00 2.390386e+01 2.090710e+01 3.319762e+01 4.184287e+01 2.566238e+01 3.934074e+01 4.292872e+01 3.825506e+01 4.548065e+01 3.542051e+01 2.779119e+01 3.848801e-01 1.268511e+00 1.085371e+00 2.285306e+00 2.139891e+00 1.911060e+00 2.765031e+00 2.514812e+00 2.715246e+00 2.242684e+00 2.267555e+00 2.228195e+00 1.400297e-03
<GCONST> 8.705853e+01
<MIXTURE> 53 6.367945e-03
<MEAN> 25
 9.440185e+00 7.074547e-01 -6.194907e+00 -1.468873e+01 -4.814153e+00 8.714665e+00 -2.326824e+00 -3.948189e+00 -5.223878e+00 -8.299923e-01 3.874557e+00 1.032279e+00 -3.612947e-01 -5.873855e-01 -8.873875e-02 1.081239e+00 1.531277e+00 -4.460684e-01 -5.356601e-01 -4.181905e-01 8.843935e-02 1.313830e+00 5.874014e-01 -8.129767e-01 -8.333720e-03
<VARIANCE> 25
 9.357419e+00 2.390386e+01 2.090710e+01 3.319762e+01 4.184287e+01 2.566238e+01 3.934074e+01 4.292872e+01 3.825506e+01 4.548065e+01 3.542051e+01 2.779119e+01 3.848801e-01 1.268511e+00 1.085371e+00 2.285306e+00 2.139891e+00 1.911060e+00 2.765031e+00 2.514812e+00 2.715246e+00 2.242684e+00 2.267555e+00 2.228195e+00 1.400297e-03
<GCONST> 8.705853e+01
<MIXTURE> 54 7.368620e-03
<MEAN> 25
 -3.616106e+00 1.123843e-01 -6.844955e-01 7.968573e+00 6.477750e+00 4.568793e+00 4.595095e+00 4.616893e+00 4.104262e+00 3.486744e+00 4.364013e+00 2.327731e+00 -1.085419e-03 2.213416e-02 3.067244e-02 4.328520e-02 5.005521e-02 4.203590e-02 3.773378e-02 1.974726e-02 2.533886e-02 3.685761e-02 1.848773e-02 1.026125e-02 -1.864893e-05
<VARIANCE> 25
 9.004440e+00 1.041645e+01 9.204511e+00 1.815803e+01 1.330923e+01 1.355673e+01 1.224994e+01 1.114559e+01 1.135773e+01 1.403385e+01 1.816383e+01 1.236815e+01 4.094575e-02 9.075654e-02 1.531524e-01 2.267442e-01 3.139955e-01 3.969894e-01 4.566597e-01 5.206482e-01 5.450130e-01 5.397289e-01 5.105559e-01 5.261318e-01 1.018166e-06
<GCONST> 4.739501e+01
<MIXTURE> 55 7.368620e-03
<MEAN> 25
 -3.616106e+00 1.123843e-01 -6.844955e-01 7.968573e+00 6.477750e+00 4.568793e+00 4.595095e+00 4.616893e+00 4.104262e+00 3.486744e+00 4.364013e+00 2.327731e+00 -1.085419e-03 2.213416e-02 3.067244e-02 4.328520e-02 5.005521e-02 4.203590e-02 3.773378e-02 1.974726e-02 2.533886e-02 3.685761e-02 1.848773e-02 1.026125e-02 -1.864893e-05
<VARIANCE> 25
 9.004440e+00 1.041645e+01 9.204511e+00 1.815803e+01 1.330923e+01 1.355673e+01 1.224994e+01 1.114559e+01 1.135773e+01 1.403385e+01 1.816383e+01 1.236815e+01 4.094575e-02 9.075654e-02 1.531524e-01 2.267442e-01 3.139955e-01 3.969894e-01 4.566597e-01 5.206482e-01 5.450130e-01 5.397289e-01 5.105559e-01 5.261318e-01 1.018166e-06
<GCONST> 4.739501e+01
<MIXTURE> 56 6.132464e-03
<MEAN> 25
 7.056255e+00 -6.978740e+00 -8.677182e+00 -9.507616e+00 3.175640e+00 4.095582e+00 -2.910625e+00 -2.679554e+00 1.081718e+00 2.691767e+00 -1.864757e-01 -7.130546e+00 -7.008410e-02 2.748064e-02 -5.483508e-02 1.281855e-01 1.463092e-01 -1.378660e-01 2.086036e-01 -1.933328e-01 1.338763e-01 1.187031e-01 -1.689829e-01 -1.083689e-01 -9.156060e-03
<VARIANCE> 25
 8.136764e+00 1.967826e+01 1.654678e+01 3.472584e+01 2.825732e+01 4.085436e+01 5.203923e+01 3.336946e+01 3.447802e+01 4.168248e+01 4.697875e+01 2.462646e+01 1.959551e-01 3.786251e-01 4.481432e-01 6.720360e-01 7.753192e-01 1.015714e+00 1.325104e+00 8.313683e-01 9.998513e-01 1.108806e+00 8.900334e-01 7.315928e-01 2.293162e-04
<GCONST> 7.356190e+01
<MIXTURE> 57 6.132464e-03
<MEAN> 25
 7.056255e+00 -6.978740e+00 -8.677182e+00 -9.507616e+00 3.175640e+00 4.095582e+00 -2.910625e+00 -2.679554e+00 1.081718e+00 2.691767e+00 -1.864757e-01 -7.130546e+00 -7.008410e-02 2.748064e-02 -5.483508e-02 1.281855e-01 1.463092e-01 -1.378660e-01 2.086036e-01 -1.933328e-01 1.338763e-01 1.187031e-01 -1.689829e-01 -1.083689e-01 -9.156060e-03
<VARIANCE> 25
 8.136764e+00 1.967826e+01 1.654678e+01 3.472584e+01 2.825732e+01 4.085436e+01 5.203923e+01 3.336946e+01 3.447802e+01 4.168248e+01 4.697875e+01 2.462646e+01 1.959551e-01 3.786251e-01 4.481432e-01 6.720360e-01 7.753192e-01 1.015714e+00 1.325104e+00 8.313683e-01 9.998513e-01 1.108806e+00 8.900334e-01 7.315928e-01 2.293162e-04
<GCONST> 7.356190e+01
<MIXTURE> 58 6.172147e-03
<MEAN> 25
 2.502938e+00 -3.145045e+00 7.615910e+00 -5.180640e+00 -1.350834e+01 -5.274091e+00 1.407308e+00 7.336102e-01 -2.742734e+00 1.560515e+00 5.811127e-01 -9.544354e-01 -6.324151e-03 -1.619997e-01 -9.878808e-02 -1.568708e-01 1.660464e-02 2.316797e-01 4.108779e-01 2.702117e-01 1.863653e-02 2.361067e-02 -9.690922e-02 -1.896234e-01 -2.910431e-03
<VARIANCE> 25
 7.395609e+00 1.534215e+01 2.181494e+01 2.754103e+01 2.402482e+01 4.967619e+01 3.422832e+01 3.364238e+01 3.248958e+01 3.195881e+01 2.303405e+01 1.947973e+01 3.099543e-01 8.366712e-01 8.131846e-01 9.857565e-01 8.824427e-01 1.200483e+00 1.191860e+00 1.489908e+00 1.046594e+00 1.037354e+00 9.446982e-01 8.908494e-01 6.981293e-04
<GCONST> 7.596558e+01
<MIXTURE> 59 6.172147e-03
<MEAN> 25
 2.502938e+00 -3.145045e+00 7.615910e+00 -5.180640e+00 -1.350834e+01 -5.274091e+00 1.407308e+00 7.336102e-01 -2.742734e+00 1.560515e+00 5.811127e-01 -9.544354e-01 -6.324151e-03 -1.619997e-01 -9.878808e-02 -1.568708e-01 1.660464e-02 2.316797e-01 4.108779e-01 2.702117e-01 1.863653e-02 2.361067e-02 -9.690922e-02 -1.896234e-01 -2.910431e-03
<VARIANCE> 25
 7.395609e+00 1.534215e+01 2.181494e+01 2.754103e+01 2.402482e+01 4.967619e+01 3.422832e+01 3.364238e+01 3.248958e+01 3.195881e+01 2.303405e+01 1.947973e+01 3.099543e-01 8.366712e-01 8.131846e-01 9.857565e-01 8.824427e-01 1.200483e+00 1.191860e+00 1.489908e+00 1.046594e+00 1.037354e+00 9.446982e-01 8.908494e-01 6.981293e-04
<GCONST> 7.596558e+01
<MIXTURE> 60 4.479129e-03
<MEAN> 25
 -4.089434e+00 -1.687987e-02 -1.145532e+00 3.909027e+00 2.564530e+00 1.438491e+00 1.066846e+00 1.979236e+00 2.824521e+00 7.076505e-01 2.022033e+00 2.137422e+00 -2.582385e-02 3.045933e-02 9.050284e-02 9.154328e-02 9.445558e-02 1.480695e-01 1.971896e-01 3.391219e-01 5.030167e-01 6.803669e-01 5.452355e-01 2.736879e-01 3.964345e-04
<VARIANCE> 25
 5.670997e+00 5.635768e+00 8.456359e+00 1.072838e+01 1.433751e+01 1.582220e+01 1.286442e+01 1.170380e+01 1.285247e+01 1.284007e+01 1.377209e+01 1.133422e+01 9.394480e-02 1.721862e-01 2.483194e-01 3.912151e-01 6.263027e-01 7.835385e-01 7.949911e-01 8.292161e-01 9.154403e-01 9.707441e-01 8.569350e-01 7.848180e-01 3.004317e-05
<GCONST> 5.600256e+01
<MIXTURE> 61 4.479129e-03
<MEAN> 25
 -4.089434e+00 -1.687987e-02 -1.145532e+00 3.909027e+00 2.564530e+00 1.438491e+00 1.066846e+00 1.979236e+00 2.824521e+00 7.076505e-01 2.022033e+00 2.137422e+00 -2.582385e-02 3.045933e-02 9.050284e-02 9.154328e-02 9.445558e-02 1.480695e-01 1.971896e-01 3.391219e-01 5.030167e-01 6.803669e-01 5.452355e-01 2.736879e-01 3.964345e-04
<VARIANCE> 25
 5.670997e+00 5.635768e+00 8.456359e+00 1.072838e+01 1.433751e+01 1.582220e+01 1.286442e+01 1.170380e+01 1.285247e+01 1.284007e+01 1.377209e+01 1.133422e+01 9.394480e-02 1.721862e-01 2.483194e-01 3.912151e-01 6.263027e-01 7.835385e-01 7.949911e-01 8.292161e-01 9.154403e-01 9.707441e-01 8.569350e-01 7.848180e-01 3.004317e-05
<GCONST> 5.600256e+01
<MIXTURE> 62 3.278034e-03
<MEAN> 25
 -5.089662e+00 1.240340e+00 1.022079e+00 8.815927e+00 6.130863e+00 5.042299e+00 5.493401e+00 4.035233e+00 4.987637e+00 3.910667e+00 4.960936e+00 2.949502e+00 -1.002404e+00 -1.166245e+00 -9.530419e-01 -2.762787e-01 4.271264e-01 1.004638e+00 1.383061e+00 1.551023e+00 1.476757e+00 1.243072e+00 1.066796e+00 7.254004e-01 -1.264716e-03
<VARIANCE> 25
 9.862217e+00 9.957179e+00 1.311323e+01 1.672110e+01 1.739642e+01 1.756459e+01 1.971313e+01 1.909450e+01 1.883955e+01 1.876481e+01 2.156684e+01 1.478227e+01 4.018625e-01 4.319833e-01 5.538149e-01 7.785724e-01 1.034453e+00 1.191350e+00 1.253282e+00 1.278847e+00 1.331904e+00 1.364079e+00 1.398823e+00 1.370259e+00 1.633688e-05
<GCONST> 6.752368e+01
<MIXTURE> 63 4.351215e-03
<MEAN> 25
 -3.874705e+00 -9.669766e-01 -3.447494e+00 3.731602e+00 4.068754e+00 -1.163111e+00 1.931911e+00 3.040509e+00 3.822254e+00 -1.011693e+00 -1.594812e+00 1.723242e+00 -5.556566e-02 3.536738e-01 3.610978e-01 3.522368e-01 3.718456e-01 4.266240e-01 3.978559e-01 1.660033e-01 2.279415e-01 8.482575e-02 7.220462e-02 1.293718e-01 -2.173841e-03
<VARIANCE> 25
 6.266159e+00 1.479258e+01 1.304371e+01 1.263396e+01 1.477499e+01 1.997662e+01 2.096055e+01 2.110005e+01 2.091893e+01 1.639990e+01 1.623470e+01 1.415078e+01 2.235138e-01 5.016351e-01 5.028129e-01 5.978109e-01 8.953771e-01 1.038109e+00 1.299236e+00 1.223475e+00 1.340143e+00 1.299674e+00 1.088340e+00 1.104586e+00 2.156723e-04
<GCONST> 6.793263e+01
<MIXTURE> 64 4.351215e-03
<MEAN> 25
 -3.874705e+00 -9.669766e-01 -3.447494e+00 3.731602e+00 4.068754e+00 -1.163111e+00 1.931911e+00 3.040509e+00 3.822254e+00 -1.011693e+00 -1.594812e+00 1.723242e+00 -5.556566e-02 3.536738e-01 3.610978e-01 3.522368e-01 3.718456e-01 4.266240e-01 3.978559e-01 1.660033e-01 2.279415e-01 8.482575e-02 7.220462e-02 1.293718e-01 -2.173841e-03
<VARIANCE> 25
 6.266159e+00 1.479258e+01 1.304371e+01 1.263396e+01 1.477499e+01 1.997662e+01 2.096055e+01 2.110005e+01 2.091893e+01 1.639990e+01 1.623470e+01 1.415078e+01 2.235138e-01 5.016351e-01 5.028129e-01 5.978109e-01 8.953771e-01 1.038109e+00 1.299236e+00 1.223475e+00 1.340143e+00 1.299674e+00 1.088340e+00 1.104586e+00 2.156723e-04
<GCONST> 6.793263e+01
<MIXTURE> 65 1.721197e-02
<MEAN> 25
 7.251323e+00 2.155103e+00 1.772487e+00 7.121862e-01 -5.378723e+00 -3.184933e+00 -3.554247e+00 -6.553540e+00 -5.153392e+00 -2.846493e+00 -5.189508e+00 -1.414870e+00 1.207516e-01 1.286029e-01 4.872300e-02 6.204290e-02 -2.685533e-01 2.327996e-01 -1.214998e-01 -1.838516e-01 2.015126e-01 1.316378e-01 -1.297319e-01 -2.680684e-01 -2.631400e-03
<VARIANCE> 25
 1.047488e+01 1.839621e+01 2.338238e+01 3.209404e+01 3.583857e+01 5.390859e+01 6.427905e+01 4.897256e+01 5.150894e+01 5.024889e+01 4.748899e+01 4.464023e+01 5.329227e-01 9.592767e-01 1.598139e+00 1.768718e+00 1.835628e+00 2.563931e+00 2.272469e+00 2.592068e+00 2.121462e+00 2.176258e+00 2.240846e+00 1.795712e+00 4.570564e-04
<GCONST> 8.788905e+01
<MIXTURE> 66 1.191532e-02
<MEAN> 25
 6.477692e+00 -3.720308e+00 -5.634859e+00 -4.621959e+00 1.284965e+00 -4.772860e+00 -6.631850e+00 1.458831e+00 1.303109e+00 -1.472908e+00 -5.921237e+00 -3.725469e+00 -7.644987e-02 1.649933e+00 2.184473e+00 2.277225e+00 -1.210010e+00 -1.250725e+00 9.177546e-02 -4.074818e-01 -1.442148e-01 -3.019528e-01 -2.438189e-01 1.073542e+00 -6.381973e-02
<VARIANCE> 25
 9.455719e+00 2.497251e+01 2.628262e+01 3.312391e+01 3.688124e+01 5.340695e+01 5.545792e+01 4.675004e+01 6.000580e+01 7.116493e+01 3.683334e+01 3.625453e+01 1.245321e+00 2.358732e+00 2.330701e+00 2.398364e+00 4.047130e+00 4.199820e+00 4.230844e+00 5.108948e+00 4.211384e+00 5.157764e+00 3.773558e+00 3.178152e+00 1.404726e-03
<GCONST> 9.688261e+01
<MIXTURE> 67 1.559142e-02
<MEAN> 25
 8.868888e+00 1.967404e+00 -6.085157e+00 -8.206176e+00 9.638942e-01 3.140665e+00 -3.199052e+00 -2.202612e+00 -3.402655e+00 1.144039e+00 3.792437e-02 -1.921903e+00 -1.069543e+00 1.842640e+00 1.050981e+00 3.049123e+00 1.348899e+00 -4.933006e-01 1.289897e+00 2.166422e-01 2.088690e-01 2.244025e-01 -3.164119e-01 6.154621e-01 -1.285917e-01
<VARIANCE> 25
 1.180159e+01 3.828777e+01 3.066491e+01 5.487426e+01 4.822311e+01 5.319557e+01 6.160626e+01 5.195081e+01 6.937419e+01 6.170761e+01 5.499965e+01 4.794318e+01 2.131857e+00 3.398869e+00 3.227388e+00 4.442883e+00 4.507115e+00 4.470948e+00 4.613740e+00 5.374852e+00 5.486143e+00 4.730375e+00 5.095968e+00 3.673748e+00 3.057412e-03
<GCONST> 1.029017e+02
<MIXTURE> 68 1.485092e-02
<MEAN> 25
 -2.017081e+00 -2.199905e+00 -3.714650e+00 1.075808e+00 5.186921e+00 -1.007515e+00 2.076148e+00 1.971861e+00 1.840540e+00 1.352141e+00 3.175056e-01 2.130247e+00 2.758668e+00 4.795550e-01 -1.051951e-01 -2.516024e+00 -2.330345e+00 -1.345519e+00 -2.261480e+00 -1.935371e+00 -1.716320e+00 -1.390510e+00 -1.664117e+00 -9.784330e-01 1.039202e-01
<VARIANCE> 25
 2.563970e+01 3.255622e+01 5.570231e+01 5.099016e+01 4.335633e+01 5.508386e+01 4.197313e+01 4.424186e+01 3.987761e+01 4.396410e+01 3.491183e+01 2.493589e+01 1.730380e+00 3.656458e+00 5.675947e+00 5.451350e+00 4.446733e+00 5.818443e+00 5.585506e+00 4.835168e+00 4.704850e+00 5.366460e+00 6.319093e+00 3.342012e+00 5.670019e-03
<GCONST> 1.031016e+02
<MIXTURE> 69 1.204884e-02
<MEAN> 25
 4.677226e+00 -4.108824e+00 -3.540164e+00 -3.592502e+00 -3.431266e+00 -7.773863e+00 -1.067890e+00 2.127282e+00 -4.346783e-01 -4.820337e+00 -5.654779e+00 1.021184e+00 1.683039e+00 -2.209040e+00 -1.338836e+00 -2.233401e+00 -5.353423e-01 -3.402469e-01 -4.589191e-01 5.682068e-01 -6.706633e-01 -1.458997e+00 -2.196073e+00 -1.702808e-01 6.267495e-02
<VARIANCE> 25
 8.793627e+00 2.280688e+01 2.654537e+01 2.577878e+01 4.270490e+01 3.619841e+01 4.854618e+01 3.186559e+01 3.994621e+01 3.802653e+01 3.082327e+01 2.468321e+01 3.513228e+00 2.951654e+00 3.299927e+00 3.667957e+00 5.708697e+00 4.963524e+00 7.053186e+00 6.206889e+00 5.915897e+00 5.807273e+00 4.312726e+00 3.663058e+00 2.422104e-03
<GCONST> 9.865319e+01
<MIXTURE> 70 1.329190e-02
<MEAN> 25
 7.109753e+00 -2.473105e+00 -3.986192e+00 -4.044908e+00 -9.257015e-01 -6.967688e-01 -8.063105e+00 -5.155725e+00 2.131040e-01 3.252450e+00 1.246228e+00 -4.808061e+00 2.147668e+00 -9.893920e-01 -9.420459e-01 -2.175635e+00 -1.953393e+00 1.710884e+00 -1.409348e+00 -1.045989e+00 -1.032300e-01 7.776285e-02 1.085793e+00 -1.096206e+00 6.259223e-02
<VARIANCE> 25
 1.113949e+01 2.089766e+01 2.398699e+01 4.068393e+01 3.563852e+01 4.034560e+01 4.380097e+01 4.854274e+01 3.999746e+01 2.867784e+01 4.703612e+01 2.406986e+01 3.225359e+00 2.767295e+00 4.084584e+00 4.260978e+00 5.110749e+00 6.542566e+00 6.063391e+00 1.042562e+01 5.965522e+00 4.673013e+00 6.003964e+00 4.441697e+00 2.241864e-03
<GCONST> 1.005029e+02
<MIXTURE> 71 1.406903e-02
<MEAN> 25
 5.360222e+00 4.856074e+00 4.451223e+00 2.322520e+00 -4.142661e+00 -3.251100e+00 -1.763574e+00 -6.435363e+00 -4.990748e+00 -2.441387e+00 -5.235557e+00 -3.185962e+00 -1.770333e+00 -5.395614e-01 4.197591e-03 -1.777734e+00 1.330243e+00 -1.248695e-01 -5.883124e-01 1.448224e+00 6.413764e-01 -3.897211e-01 7.379683e-01 3.230916e-01 2.951248e-02
<VARIANCE> 25
 2.102110e+01 2.133358e+01 2.236243e+01 3.949992e+01 3.802632e+01 3.377623e+01 4.828270e+01 3.430904e+01 3.572382e+01 3.882867e+01 2.937444e+01 3.055565e+01 1.680069e+00 2.618333e+00 4.561600e+00 3.911506e+00 4.117452e+00 3.891490e+00 5.760339e+00 4.426707e+00 4.035099e+00 3.642870e+00 2.935617e+00 2.762238e+00 1.656556e-03
<GCONST> 9.619500e+01
<MIXTURE> 72 8.134747e-03
<MEAN> 25
 3.334284e+00 -4.298808e+00 6.632016e+00 -2.552083e+00 -1.134827e+01 -9.022799e+00 -2.697363e+00 2.413472e+00 -5.408274e+00 -2.077388e+00 -1.324555e+00 3.437258e-02 9.282146e-01 -6.965037e-01 -2.522766e+00 6.304038e-01 2.094498e+00 -6.766284e-01 -8.542205e-01 1.628759e+00 1.540781e+00 -6.985688e-01 -1.272089e+00 4.438616e-01 -8.989764e-03
<VARIANCE> 25
 1.064800e+01 1.907930e+01 3.673438e+01 3.380078e+01 3.329287e+01 3.103793e+01 3.658856e+01 3.343880e+01 3.907601e+01 3.604509e+01 3.561020e+01 2.695634e+01 3.844659e-01 9.563503e-01 1.782957e+00 1.516035e+00 1.923635e+00 2.089034e+00 3.870161e+00 2.461696e+00 2.694911e+00 2.661272e+00 1.759306e+00 1.905794e+00 5.438268e-04
<GCONST> 8.585425e+01
<MIXTURE> 73 1.213625e-02
<MEAN> 25
 -5.452923e+00 -6.073065e-01 -1.173448e+00 5.050997e+00 4.356755e+00 2.161860e+00 5.261891e+00 3.841453e+00 4.501381e+00 3.245049e+00 4.117542e+00 3.045135e+00 8.886057e-01 -9.191114e-01 -9.026152e-01 -2.602414e+00 -1.226724e+00 -1.582328e+00 -8.373045e-01 -6.174769e-01 -1.049090e+00 -7.903625e-01 -1.038997e+00 -1.606048e-01 1.513347e-01
<VARIANCE> 25
 1.280666e+01 1.381227e+01 1.471151e+01 2.234544e+01 2.228785e+01 2.432863e+01 2.045588e+01 2.138191e+01 1.718111e+01 1.875946e+01 2.199812e+01 1.477573e+01 3.962477e+00 3.159986e+00 5.686695e+00 4.458420e+00 5.863578e+00 4.844742e+00 4.186794e+00 4.233861e+00 3.981543e+00 4.212855e+00 3.486404e+00 2.822874e+00 4.314105e-03
<GCONST> 9.249632e+01
<MIXTURE> 74 1.756491e-02
<MEAN> 25
 4.277886e+00 -2.413919e+00 6.106659e+00 2.364410e-01 -9.460300e+00 -8.195946e+00 -1.510224e+00 1.499026e+00 -5.574575e+00 -3.440458e+00 -1.868789e+00 -2.185880e-01 3.702223e-01 1.872644e+00 -1.783410e-01 1.701497e+00 1.121616e+00 4.749376e-01 4.534956e-01 -1.704417e+00 3.013317e-02 -1.881258e-04 -5.757408e-01 -8.434699e-02 -7.228500e-02
<VARIANCE> 25
 9.264576e+00 2.088542e+01 3.063235e+01 3.537803e+01 2.998934e+01 3.144683e+01 4.514222e+01 4.679745e+01 4.406577e+01 3.603430e+01 3.382985e+01 2.770650e+01 1.712488e+00 1.640088e+00 3.187602e+00 2.196406e+00 3.130976e+00 3.332371e+00 4.734919e+00 4.182405e+00 3.520081e+00 3.305324e+00 3.253577e+00 2.578430e+00 1.458357e-03
<GCONST> 9.327844e+01
<MIXTURE> 75 9.711651e-03
<MEAN> 25
 1.498873e+00 -1.592675e+00 1.260829e+01 8.172914e-01 -1.325377e+01 -7.461322e+00 -5.493516e+00 -1.539675e+00 -4.986079e+00 -3.787417e+00 3.348822e+00 -3.389157e-02 1.612782e+00 -1.984066e+00 4.689131e-01 -2.539317e-01 -2.583481e+00 -4.381230e-01 -1.347703e+00 1.255514e+00 -3.930171e-01 -1.627507e-01 1.160368e+00 -6.779204e-01 4.531020e-02
<VARIANCE> 25
 1.349344e+01 1.749034e+01 3.329116e+01 2.498209e+01 3.197055e+01 2.671824e+01 2.852693e+01 3.039665e+01 2.876580e+01 2.741983e+01 1.684828e+01 1.762701e+01 1.957644e+00 1.721149e+00 4.087358e+00 1.992196e+00 3.860663e+00 3.610694e+00 3.535226e+00 3.287061e+00 3.344941e+00 2.820903e+00 2.652019e+00 2.013075e+00 1.484021e-03
<GCONST> 8.981956e+01
<MIXTURE> 76 1.052359e-02
<MEAN> 25
 -5.720174e+00 -9.500870e-01 -2.965270e+00 3.744966e+00 4.215222e+00 1.227685e+00 3.739842e+00 2.930794e+00 3.432802e+00 9.271207e-01 1.384288e+00 2.023858e+00 -6.703670e-02 -4.559663e-01 -1.554627e-01 -7.796426e-01 -6.919644e-01 -9.696659e-01 -8.065571e-01 -4.957553e-01 -6.585094e-01 -4.642008e-01 -2.225951e-01 -1.642895e-01 1.305411e-02
<VARIANCE> 25
 3.338228e+01 2.669352e+01 2.452630e+01 2.599652e+01 2.645656e+01 2.720326e+01 2.764694e+01 2.613668e+01 2.496910e+01 2.269507e+01 2.322717e+01 1.770827e+01 9.144104e-01 9.777889e-01 1.260248e+00 1.090754e+00 1.665072e+00 1.578549e+00 1.882228e+00 1.632823e+00 1.679982e+00 1.486969e+00 1.379057e+00 1.144805e+00 1.255834e-03
<GCONST> 8.170548e+01
<MIXTURE> 77 1.244626e-02
<MEAN> 25
 -3.619008e-01 8.133671e+00 1.202075e+01 -1.140627e+01 -6.881946e+00 1.992644e+00 -8.949483e+00 -6.877013e+00 -3.691352e+00 -8.577718e-01 -4.112369e+00 -1.412307e+00 5.321138e-02 2.596398e-02 1.770367e-01 1.866991e-01 -9.799892e-03 1.154365e-01 -5.828047e-02 -7.103661e-02 8.493140e-02 -3.285335e-02 1.435424e-01 -1.259084e-03 -8.643771e-03
<VARIANCE> 25
 9.765039e+00 2.093827e+01 2.780499e+01 3.906391e+01 3.087699e+01 4.386559e+01 3.523995e+01 3.082905e+01 3.384515e+01 3.580022e+01 3.801804e+01 3.246021e+01 2.838389e-01 8.648791e-01 7.217420e-01 1.064168e+00 1.159823e+00 9.798636e-01 1.176850e+00 9.990885e-01 9.906063e-01 9.962832e-01 1.057899e+00 1.016080e+00 5.187573e-04
<GCONST> 7.779380e+01
<MIXTURE> 78 9.702551e-03
<MEAN> 25
 -1.158495e+01 1.118498e+00 -1.644294e+00 2.251817e+00 4.451421e+00 -2.271776e+00 3.770311e+00 2.676578e+00 2.638867e+00 7.479461e-01 -5.013672e-01 3.028907e+00 2.391313e+00 -2.753466e-01 1.888056e-01 5.795824e-01 -3.132533e-02 1.545879e-02 -3.207675e-01 -9.601275e-02 2.123715e-01 1.448285e-01 -3.680947e-01 -4.592201e-01 -6.164659e-02
<VARIANCE> 25
 4.112744e+01 3.278393e+01 3.271749e+01 3.255073e+01 3.965756e+01 3.720103e+01 3.581219e+01 3.284938e+01 2.824508e+01 2.770294e+01 2.718195e+01 2.031174e+01 4.957540e+00 2.583704e+00 2.855496e+00 3.074660e+00 2.864608e+00 3.515563e+00 3.313990e+00 2.843282e+00 2.357720e+00 2.379949e+00 2.257912e+00 2.124809e+00 4.738600e-03
<GCONST> 9.468350e+01
<MIXTURE> 79 1.156824e-02
<MEAN> 25
 2.681576e+00 1.790739e-01 8.766171e+00 -5.885249e+00 -1.065345e+01 1.015241e-01 -5.377058e-01 -5.985351e+00 -8.472287e+00 -2.471632e-01 -2.057846e+00 -3.686200e+00 1.160500e+00 -4.513848e-01 -1.524675e+00 2.425077e+00 7.492254e-02 -1.780785e+00 1.164464e+00 2.876084e-01 -5.771234e-01 5.931290e-02 -3.274597e-01 3.073303e-01 -2.903549e-02
<VARIANCE> 25
 1.099691e+01 2.199692e+01 3.131119e+01 4.000132e+01 3.317345e+01 4.622789e+01 3.998568e+01 3.435528e+01 3.558583e+01 3.174603e+01 3.722371e+01 2.325886e+01 6.851524e-01 1.658412e+00 1.494796e+00 1.625274e+00 2.421371e+00 2.452882e+00 3.067889e+00 3.761718e+00 2.040178e+00 3.219227e+00 2.635683e+00 1.547428e+00 1.005066e-03
<GCONST> 8.855037e+01
<MIXTURE> 80 7.550998e-03
<MEAN> 25
 -1.460765e+01 3.982213e+00 6.885294e-01 2.866531e+00 2.449764e+00 1.409989e+00 6.396867e+00 2.497367e+00 2.720332e+00 2.373807e+00 4.852519e+00 1.186803e+00 4.285957e+00 -1.598339e-02 1.637797e+00 -1.135587e+00 -2.889485e+00 -2.777578e+00 -2.323245e+00 -2.021328e+00 -1.975012e+00 -1.685094e+00 -1.650739e+00 -6.027008e-01 -4.422989e-02
<VARIANCE> 25
 2.095867e+01 1.985198e+01 3.444230e+01 3.470890e+01 3.017950e+01 2.920711e+01 2.828499e+01 2.855638e+01 2.674933e+01 2.880969e+01 2.685323e+01 1.810586e+01 2.358508e+00 2.665954e+00 2.673087e+00 4.119564e+00 3.393866e+00 2.704844e+00 3.025043e+00 3.204004e+00 2.748864e+00 2.701547e+00 2.782014e+00 2.145568e+00 1.512082e-03
<GCONST> 9.139691e+01
<MIXTURE> 81 8.025434e-03
<MEAN> 25
 -1.108751e+00 4.057096e+00 1.014530e+01 -1.472998e+01 -9.041105e+00 -1.351156e+00 -6.730622e+00 -8.380814e+00 -4.177037e+00 -4.674173e-01 -7.506599e+00 -2.226961e+00 1.295082e-01 -5.914685e-01 1.085982e-02 -5.570104e-01 -4.672681e-01 3.391380e-01 3.047398e-01 1.347283e-01 -1.381847e-01 1.068894e-01 -4.553077e-01 -1.305471e-01 1.160747e-02
<VARIANCE> 25
 1.014717e+01 3.260295e+01 2.651567e+01 2.968315e+01 3.368937e+01 3.137459e+01 4.531934e+01 2.826666e+01 3.785537e+01 3.200610e+01 2.568206e+01 3.085377e+01 7.727979e-01 2.260772e+00 1.559768e+00 2.854151e+00 2.659272e+00 2.145940e+00 3.302173e+00 2.273888e+00 2.339664e+00 2.522867e+00 2.307211e+00 2.070824e+00 1.177617e-03
<GCONST> 8.871429e+01
<MIXTURE> 82 8.213053e-03
<MEAN> 25
 -9.901922e+00 -3.924350e+00 1.642474e+00 -3.015155e+00 3.162409e+00 4.724672e-01 1.969550e+00 1.040043e+00 2.961037e+00 1.713001e+00 1.619195e+00 3.065912e+00 -1.268468e+00 -1.508857e-01 2.556987e-01 -2.597579e+00 -1.079926e+00 -1.239331e+00 -1.027406e+00 -8.828324e-01 -3.279189e-01 -4.381562e-01 -2.501422e-01 -1.040236e-01 1.772133e-01
<VARIANCE> 25
 1.791810e+01 2.469414e+01 3.191990e+01 3.047324e+01 3.259968e+01 3.391489e+01 3.140582e+01 3.326123e+01 3.036107e+01 2.477706e+01 3.131269e+01 1.744394e+01 3.841675e+00 3.033628e+00 3.336147e+00 3.214886e+00 3.604271e+00 3.289832e+00 2.928252e+00 3.055214e+00 2.761035e+00 2.537494e+00 2.673719e+00 1.848981e+00 3.462616e-03
<GCONST> 9.317664e+01
<MIXTURE> 83 1.167529e-02
<MEAN> 25
 -2.004081e+01 5.504238e+00 -1.789702e+00 -4.051103e-01 7.829639e+00 -1.234488e+00 5.460100e+00 3.044532e+00 1.192393e+00 2.190908e+00 7.244872e-01 2.881716e+00 -2.631321e-02 -4.501706e-01 4.872012e-03 -3.655977e-01 -4.974648e-01 -1.258521e-01 -1.343577e-01 -9.942717e-02 -4.144356e-02 -3.920248e-02 -3.058213e-02 -3.465528e-02 4.403248e-03
<VARIANCE> 25
 8.819281e+00 1.645402e+01 2.851271e+01 2.248555e+01 2.127508e+01 2.407955e+01 2.202746e+01 2.336420e+01 2.042958e+01 2.221887e+01 2.319599e+01 1.448780e+01 1.060910e+00 9.362046e-01 1.240790e+00 1.065688e+00 1.359398e+00 1.291389e+00 1.283447e+00 1.388157e+00 1.349015e+00 1.310737e+00 1.220778e+00 1.071650e+00 8.923843e-04
<GCONST> 7.703519e+01
<MIXTURE> 84 1.066614e-02
<MEAN> 25
 1.128967e+00 8.525702e+00 7.079697e+00 7.825552e+00 2.114744e+00 -1.234857e+00 -1.347403e+00 -4.476496e+00 -3.853276e+00 -2.779060e+00 -2.819807e+00 -1.602893e+00 -1.750281e+00 -1.077042e+00 -1.233116e+00 1.128690e+00 2.213144e+00 1.490719e+00 1.285339e+00 1.263535e+00 1.209947e+00 3.184586e-01 4.760527e-01 5.238254e-01 -7.112022e-02
<VARIANCE> 25
 2.165481e+01 1.926755e+01 2.029461e+01 2.253251e+01 3.204459e+01 2.758753e+01 2.631501e+01 2.443421e+01 2.396467e+01 2.360442e+01 2.409946e+01 2.342306e+01 1.945690e+00 2.460430e+00 3.557160e+00 3.306962e+00 3.034236e+00 3.127033e+00 3.324441e+00 3.185357e+00 3.217107e+00 3.058101e+00 3.336988e+00 2.681927e+00 3.260295e-03
<GCONST> 9.142322e+01
<MIXTURE> 85 7.591393e-03
<MEAN> 25
 -3.007671e+00 7.853193e+00 5.680334e+00 1.302426e+00 -3.429445e+00 -5.205313e+00 -2.916225e+00 -6.139839e+00 -3.601076e+00 -3.294486e+00 -5.157772e-01 -1.753934e+00 3.924396e+00 3.366262e-01 1.721124e+00 -2.078996e+00 -3.385323e+00 -2.525365e+00 -2.839015e+00 -2.360537e+00 -2.268754e+00 -1.288142e+00 -2.283856e+00 -5.968492e-01 1.060737e-02
<VARIANCE> 25
 4.251613e+01 2.316337e+01 3.609618e+01 3.767907e+01 3.942727e+01 4.147972e+01 3.194966e+01 2.748985e+01 2.645410e+01 2.652353e+01 2.590832e+01 2.161216e+01 2.688693e+00 4.273323e+00 4.078806e+00 5.113327e+00 4.401039e+00 4.034904e+00 3.935574e+00 3.955303e+00 3.816602e+00 4.026319e+00 3.911614e+00 3.453998e+00 5.484223e-03
<GCONST> 9.834444e+01
<MIXTURE> 86 1.273941e-02
<MEAN> 25
 -4.586781e+00 -2.817945e-01 -7.406245e-01 6.041272e+00 6.003810e+00 3.126486e+00 4.056764e+00 4.955383e+00 5.436166e+00 2.665101e+00 4.082374e+00 2.739973e+00 2.780764e-02 -8.208165e-02 -5.338412e-02 -9.162459e-03 -1.612528e-01 -3.024801e-01 -2.170265e-01 -2.981047e-01 -3.779140e-01 -3.565420e-01 -2.919536e-01 -3.005299e-01 -3.414079e-03
<VARIANCE> 25
 5.643786e+00 7.786756e+00 7.621479e+00 1.224993e+01 1.374766e+01 1.308319e+01 1.209287e+01 1.327093e+01 1.090259e+01 1.590953e+01 1.195369e+01 1.068953e+01 9.772680e-02 2.399917e-01 2.836384e-01 4.572138e-01 6.166544e-01 7.701716e-01 7.097634e-01 7.982678e-01 8.185123e-01 7.421523e-01 8.298682e-01 9.353210e-01 6.409030e-05
<GCONST> 5.702787e+01
<MIXTURE> 87 1.100681e-02
<MEAN> 25
 -3.365647e+00 4.059899e+00 3.489840e+00 6.204989e+00 5.117850e+00 -3.814723e-02 1.210868e+00 -4.803596e-01 1.020556e-02 -1.004367e+00 -1.757584e+00 -1.898545e-01 -2.029343e+00 -2.676151e+00 -1.880983e+00 -2.288567e+00 3.959937e-01 -3.776815e-01 5.069118e-01 1.410582e+00 1.277056e+00 1.120358e+00 9.417520e-01 9.306040e-01 9.960242e-02
<VARIANCE> 25
 3.321653e+01 2.729265e+01 2.448406e+01 3.552053e+01 2.755848e+01 3.372911e+01 2.546352e+01 2.477773e+01 2.521802e+01 2.140644e+01 2.674799e+01 2.026966e+01 3.462791e+00 2.446563e+00 3.654143e+00 3.292274e+00 5.153277e+00 4.029873e+00 3.662974e+00 3.678823e+00 3.168142e+00 3.033305e+00 3.045165e+00 2.379448e+00 4.427810e-03
<GCONST> 9.447523e+01
<MIXTURE> 88 1.256585e-02
<MEAN> 25
 -3.900201e+00 -2.933398e-02 -1.623961e+00 4.860356e+00 4.913737e+00 1.970857e+00 3.813406e+00 3.805582e+00 4.459285e+00 1.756961e+00 1.623970e+00 2.235707e+00 1.235792e-01 3.146723e-01 3.037953e-01 3.454320e-01 3.448639e-01 1.321254e-01 1.991638e-01 8.707676e-02 -3.042909e-01 -6.678740e-01 3.622253e-03 1.757030e-01 1.487504e-04
<VARIANCE> 25
 6.736736e+00 8.388161e+00 1.087550e+01 1.288894e+01 1.429253e+01 1.595615e+01 1.497132e+01 1.378971e+01 1.274926e+01 1.374847e+01 1.670212e+01 1.176830e+01 9.787477e-01 1.557134e+00 1.413065e+00 1.780352e+00 2.009549e+00 2.580043e+00 2.991397e+00 3.072075e+00 2.123024e+00 3.648278e+00 2.171426e+00 1.562416e+00 1.452658e-03
<GCONST> 7.807328e+01
<MIXTURE> 89 9.333527e-03
<MEAN> 25
 5.902672e+00 -6.314948e+00 -3.562554e+00 -2.958001e+00 -1.538558e+00 -5.344776e+00 -5.917348e+00 4.376623e+00 3.954606e+00 -2.395838e+00 -5.941120e+00 -3.518218e+00 -5.745433e-01 1.843624e-01 1.969276e+00 9.127628e-01 -1.811983e+00 -1.668748e+00 8.798589e-01 1.278822e+00 -8.139331e-01 -1.406390e+00 3.563600e-01 1.566489e+00 -7.057993e-03
<VARIANCE> 25
 9.434198e+00 3.241497e+01 2.992165e+01 3.020367e+01 3.490157e+01 4.165039e+01 5.851216e+01 4.251060e+01 4.348442e+01 4.505080e+01 3.472151e+01 3.254111e+01 3.409730e-01 8.300916e-01 1.428907e+00 1.273316e+00 1.931876e+00 2.057868e+00 2.491965e+00 1.979494e+00 2.180246e+00 2.261883e+00 2.304938e+00 1.446542e+00 4.721695e-04
<GCONST> 8.564146e+01
<MIXTURE> 90 7.114505e-03
<MEAN> 25
 2.452683e+00 -9.685123e+00 -4.739215e+00 -3.964915e+00 -3.386379e+00 -1.810318e+00 3.371320e+00 1.163080e+00 -7.541026e+00 -1.019830e+01 -3.431962e+00 -7.302063e-01 -1.648816e-01 9.083962e-01 1.167561e+00 -8.541436e-01 -1.610335e+00 -2.108775e-01 6.419961e-01 -2.079243e-01 -1.684126e-01 7.361919e-01 1.837960e-01 -5.504887e-01 -1.111012e-02
<VARIANCE> 25
 8.493052e+00 1.829353e+01 1.986826e+01 2.804169e+01 3.684939e+01 3.210389e+01 3.848669e+01 3.646348e+01 3.518996e+01 2.777154e+01 2.697098e+01 2.614067e+01 2.246149e-01 6.132867e-01 7.858785e-01 1.040983e+00 1.470053e+00 1.593235e+00 1.780493e+00 1.656887e+00 1.807045e+00 1.675184e+00 1.495329e+00 1.305315e+00 2.158522e-04
<GCONST> 7.816631e+01
<MIXTURE> 91 7.852945e-03
<MEAN> 25
 6.201489e+00 -7.199645e+00 -8.357244e+00 -5.831371e+00 3.306723e+00 1.006844e-01 -2.525460e+00 -5.417686e-01 6.560111e-01 -8.004568e-01 -3.284740e+00 -5.634929e+00 1.812147e-01 1.054798e+00 9.335455e-02 5.549476e-01 1.213181e-01 -4.316135e-01 -3.297195e-01 9.831743e-02 2.169446e-01 3.804054e-01 -2.526052e-01 1.967916e-01 -3.682980e-02
<VARIANCE> 25
 8.619038e+00 2.087288e+01 1.685163e+01 3.586932e+01 3.182984e+01 4.631810e+01 4.590133e+01 3.986860e+01 4.636332e+01 7.114710e+01 4.197559e+01 3.509459e+01 4.242669e-01 7.838050e-01 1.016821e+00 1.190500e+00 2.125637e+00 2.137300e+00 2.257129e+00 2.451246e+00 2.494548e+00 2.331968e+00 1.799362e+00 1.545052e+00 5.070277e-04
<GCONST> 8.525883e+01
<MIXTURE> 92 7.852945e-03
<MEAN> 25
 6.201489e+00 -7.199645e+00 -8.357244e+00 -5.831371e+00 3.306723e+00 1.006844e-01 -2.525460e+00 -5.417686e-01 6.560111e-01 -8.004568e-01 -3.284740e+00 -5.634929e+00 1.812147e-01 1.054798e+00 9.335455e-02 5.549476e-01 1.213181e-01 -4.316135e-01 -3.297195e-01 9.831743e-02 2.169446e-01 3.804054e-01 -2.526052e-01 1.967916e-01 -3.682980e-02
<VARIANCE> 25
 8.619038e+00 2.087288e+01 1.685163e+01 3.586932e+01 3.182984e+01 4.631810e+01 4.590133e+01 3.986860e+01 4.636332e+01 7.114710e+01 4.197559e+01 3.509459e+01 4.242669e-01 7.838050e-01 1.016821e+00 1.190500e+00 2.125637e+00 2.137300e+00 2.257129e+00 2.451246e+00 2.494548e+00 2.331968e+00 1.799362e+00 1.545052e+00 5.070277e-04
<GCONST> 8.525883e+01
<MIXTURE> 93 6.122769e-03
<MEAN> 25
 -6.724736e+00 -8.764715e-01 -2.381972e+00 5.794759e+00 5.986026e+00 3.863508e+00 6.009852e+00 3.675304e+00 4.191555e+00 2.379305e+00 1.748982e+00 3.657282e+00 -6.533203e-02 -1.636298e-01 -2.577972e-01 -3.215151e-01 -3.267541e-01 -2.801862e-01 -2.188279e-01 -1.816746e-01 -1.667229e-01 -1.306118e-01 -8.766459e-02 -2.226319e-02 -2.197088e-05
<VARIANCE> 25
 9.210694e+00 6.208714e+00 8.023596e+00 1.117898e+01 1.156606e+01 1.606765e+01 1.548584e+01 1.623873e+01 1.473088e+01 1.490841e+01 1.659950e+01 1.337619e+01 8.258919e-02 1.599796e-01 2.605276e-01 3.771596e-01 5.040344e-01 6.397848e-01 7.738733e-01 8.768506e-01 9.136988e-01 9.230000e-01 8.908902e-01 9.162946e-01 1.007893e-06
<GCONST> 5.368940e+01
<MIXTURE> 94 6.122769e-03
<MEAN> 25
 -6.724736e+00 -8.764715e-01 -2.381972e+00 5.794759e+00 5.986026e+00 3.863508e+00 6.009852e+00 3.675304e+00 4.191555e+00 2.379305e+00 1.748982e+00 3.657282e+00 -6.533203e-02 -1.636298e-01 -2.577972e-01 -3.215151e-01 -3.267541e-01 -2.801862e-01 -2.188279e-01 -1.816746e-01 -1.667229e-01 -1.306118e-01 -8.766459e-02 -2.226319e-02 -2.197088e-05
<VARIANCE> 25
 9.210694e+00 6.208714e+00 8.023596e+00 1.117898e+01 1.156606e+01 1.606765e+01 1.548584e+01 1.623873e+01 1.473088e+01 1.490841e+01 1.659950e+01 1.337619e+01 8.258919e-02 1.599796e-01 2.605276e-01 3.771596e-01 5.040344e-01 6.397848e-01 7.738733e-01 8.768506e-01 9.136988e-01 9.230000e-01 8.908902e-01 9.162946e-01 1.007893e-06
<GCONST> 5.368940e+01
<MIXTURE> 95 5.258835e-03
<MEAN> 25
 -4.998308e+00 4.463452e-01 -1.633907e+00 4.899068e+00 4.882397e+00 1.556936e+00 3.258487e+00 2.620553e+00 3.037108e+00 -2.217542e-01 6.100507e-01 2.737721e+00 1.811485e-01 1.358103e-01 7.329569e-02 6.462646e-02 -3.464643e-01 -5.816764e-01 -1.128236e+00 -1.262720e+00 -1.110034e+00 -7.830569e-01 -4.745858e-01 -2.552257e-01 -1.737497e-03
<VARIANCE> 25
 8.159089e+00 7.833368e+00 9.394811e+00 1.027800e+01 1.146453e+01 1.621350e+01 1.567675e+01 1.556155e+01 1.423383e+01 1.422518e+01 1.650377e+01 1.141178e+01 2.212693e-01 3.011243e-01 4.704213e-01 6.672729e-01 6.643600e-01 8.981724e-01 1.277310e+00 7.205300e-01 8.781937e-01 8.853671e-01 1.028542e+00 9.968680e-01 5.596119e-05
<GCONST> 6.146147e+01
<MIXTURE> 96 7.034694e-03
<MEAN> 25
 -4.915861e+00 -8.058531e-02 -2.204047e+00 4.995552e+00 4.094528e+00 1.523712e+00 3.293630e+00 2.106297e+00 2.872066e+00 7.927140e-01 8.545625e-01 2.916642e+00 -3.293776e-02 5.998438e-02 1.973398e-01 4.051972e-01 5.725620e-01 5.052220e-01 1.991617e-01 -1.961458e-01 -4.984150e-01 -6.067607e-01 -5.570405e-01 -3.172453e-01 2.939204e-05
<VARIANCE> 25
 1.029298e+01 1.004149e+01 1.167576e+01 1.338821e+01 1.481763e+01 1.969143e+01 1.706521e+01 1.885651e+01 1.834847e+01 1.543643e+01 1.891049e+01 1.356358e+01 1.130176e-01 2.339136e-01 3.387205e-01 3.703751e-01 5.049993e-01 6.308532e-01 8.324146e-01 9.720539e-01 9.437900e-01 8.785560e-01 8.457671e-01 9.677525e-01 1.180826e-06
<GCONST> 5.717889e+01
<MIXTURE> 97 7.034694e-03
<MEAN> 25
 -4.915861e+00 -8.058531e-02 -2.204047e+00 4.995552e+00 4.094528e+00 1.523712e+00 3.293630e+00 2.106297e+00 2.872066e+00 7.927140e-01 8.545625e-01 2.916642e+00 -3.293776e-02 5.998438e-02 1.973398e-01 4.051972e-01 5.725620e-01 5.052220e-01 1.991617e-01 -1.961458e-01 -4.984150e-01 -6.067607e-01 -5.570405e-01 -3.172453e-01 2.939204e-05
<VARIANCE> 25
 1.029298e+01 1.004149e+01 1.167576e+01 1.338821e+01 1.481763e+01 1.969143e+01 1.706521e+01 1.885651e+01 1.834847e+01 1.543643e+01 1.891049e+01 1.356358e+01 1.130176e-01 2.339136e-01 3.387205e-01 3.703751e-01 5.049993e-01 6.308532e-01 8.324146e-01 9.720539e-01 9.437900e-01 8.785560e-01 8.457671e-01 9.677525e-01 1.180826e-06
<GCONST> 5.717889e+01
<MIXTURE> 98 9.917808e-03
<MEAN> 25
 -1.571366e+00 1.116390e+00 -9.834264e-02 4.470885e+00 3.065284e+00 1.835098e+00 2.879016e+00 1.586847e+00 1.799367e+00 2.775620e-01 -1.554291e-01 8.329201e-01 -1.698726e+00 -1.509300e+00 -8.319224e-01 6.784350e-02 8.037216e-01 8.127428e-01 1.044248e+00 1.233347e+00 1.556336e+00 1.287443e+00 1.379070e+00 9.085185e-01 -2.577395e-02
<VARIANCE> 25
 1.239608e+01 1.687309e+01 2.809116e+01 2.787368e+01 4.074054e+01 3.412945e+01 2.779612e+01 2.647360e+01 2.468801e+01 2.753541e+01 2.586261e+01 2.017763e+01 1.199031e+00 1.465562e+00 2.315758e+00 2.259977e+00 2.600255e+00 2.620300e+00 2.674331e+00 2.912602e+00 2.286017e+00 3.305912e+00 2.452744e+00 1.847837e+00 2.827775e-03
<GCONST> 8.842672e+01
<MIXTURE> 99 6.696178e-03
<MEAN> 25
 -4.773685e+00 8.963180e+00 5.371218e+00 1.817011e+00 4.830377e-01 -4.061482e+00 -9.020754e-01 -3.963309e+00 -4.576733e+00 -4.086205e+00 -1.803488e+00 1.038989e+00 1.995773e-01 -6.404172e-01 5.651590e-01 -4.987815e-01 -1.188087e+00 -2.069221e-01 -6.337141e-01 -1.156422e-01 1.032428e-02 -5.834645e-02 5.274564e-01 6.266730e-02 1.320811e-02
<VARIANCE> 25
 3.467096e+01 2.246198e+01 4.527437e+01 2.946696e+01 2.871702e+01 3.092240e+01 2.644867e+01 2.317642e+01 2.926113e+01 2.315290e+01 1.693392e+01 2.453252e+01 2.119338e+00 1.574576e+00 1.316490e+00 1.427347e+00 2.494447e+00 2.573695e+00 1.857275e+00 1.495033e+00 1.381255e+00 1.314568e+00 1.256718e+00 1.181965e+00 1.261371e-03
<GCONST> 8.458884e+01
<MIXTURE> 100 4.498084e-03
<MEAN> 25
 -1.780524e+00 6.197199e+00 1.041746e+01 -7.320610e+00 -1.064660e+01 -5.079421e+00 -4.985300e+00 -9.932168e+00 -4.748140e+00 -8.319250e-01 -2.540063e+00 -2.621971e+00 2.812713e+00 -1.297164e+00 1.388596e+00 -2.061679e+00 -3.526673e+00 -8.343624e-01 -1.268604e+00 -7.648203e-01 -1.490386e+00 4.095095e-01 -1.427990e+00 -2.908095e-01 6.042444e-03
<VARIANCE> 25
 1.353116e+01 2.039034e+01 2.171284e+01 2.545841e+01 2.224123e+01 2.253179e+01 2.768103e+01 2.064850e+01 2.613309e+01 2.152220e+01 2.196455e+01 2.039906e+01 1.909739e+00 3.780139e+00 2.914388e+00 4.346150e+00 4.185972e+00 4.354239e+00 3.857635e+00 4.177271e+00 3.964921e+00 3.770674e+00 4.639695e+00 3.063494e+00 1.880931e-03
<GCONST> 9.216563e+01
<MIXTURE> 101 6.007792e-03
<MEAN> 25
 8.093239e+00 -3.487692e+00 -6.312877e+00 -6.867290e+00 8.493257e-01 -1.254728e+00 -1.058241e+01 -2.062261e+00 1.624115e+00 2.721292e+00 -2.381653e+00 -5.143999e+00 6.727892e-01 6.508880e-01 -1.456778e+00 -1.609002e+00 1.031894e+00 2.317285e+00 1.977923e-01 -1.458869e+00 -1.062010e+00 1.037788e+00 1.372760e+00 -4.160066e-01 -4.823107e-03
<VARIANCE> 25
 9.276351e+00 1.670449e+01 2.982168e+01 4.276634e+01 3.621076e+01 3.581728e+01 3.706899e+01 3.621615e+01 3.784908e+01 4.402874e+01 5.179343e+01 2.421470e+01 2.942491e-01 6.689859e-01 1.171795e+00 1.554458e+00 1.686989e+00 2.097768e+00 2.086628e+00 1.995135e+00 2.356808e+00 2.216561e+00 1.784947e+00 1.934341e+00 3.450413e-04
<GCONST> 8.364881e+01
<MIXTURE> 102 6.007792e-03
<MEAN> 25
 8.093239e+00 -3.487692e+00 -6.312877e+00 -6.867290e+00 8.493257e-01 -1.254728e+00 -1.058241e+01 -2.062261e+00 1.624115e+00 2.721292e+00 -2.381653e+00 -5.143999e+00 6.727892e-01 6.508880e-01 -1.456778e+00 -1.609002e+00 1.031894e+00 2.317285e+00 1.977923e-01 -1.458869e+00 -1.062010e+00 1.037788e+00 1.372760e+00 -4.160066e-01 -4.823107e-03
<VARIANCE> 25
 9.276351e+00 1.670449e+01 2.982168e+01 4.276634e+01 3.621076e+01 3.581728e+01 3.706899e+01 3.621615e+01 3.784908e+01 4.402874e+01 5.179343e+01 2.421470e+01 2.942491e-01 6.689859e-01 1.171795e+00 1.554458e+00 1.686989e+00 2.097768e+00 2.086628e+00 1.995135e+00 2.356808e+00 2.216561e+00 1.784947e+00 1.934341e+00 3.450413e-04
<GCONST> 8.364881e+01
<MIXTURE> 103 5.694618e-03
<MEAN> 25
 3.365824e+00 -9.451244e+00 -6.121384e+00 -3.088000e+00 -1.335374e+00 -1.961439e+00 2.442205e+00 2.504048e+00 -4.617781e+00 -9.255917e+00 -5.055229e+00 3.670035e-01 -1.573262e-01 -1.487942e+00 -9.771384e-01 3.725345e-01 1.209855e+00 1.022259e+00 1.569091e-01 -2.670385e-01 -7.793086e-01 -9.447505e-01 -3.462316e-02 1.183870e-01 2.694258e-02
<VARIANCE> 25
 1.033209e+01 2.070561e+01 2.293178e+01 3.163620e+01 4.797726e+01 3.501654e+01 4.633068e+01 3.670459e+01 4.207775e+01 2.927495e+01 3.004343e+01 2.636799e+01 6.435382e-01 1.250715e+00 1.545022e+00 1.941207e+00 2.933004e+00 2.415015e+00 2.889698e+00 2.573642e+00 2.561183e+00 2.523368e+00 2.094296e+00 2.014950e+00 8.063867e-04
<GCONST> 8.758413e+01
<MIXTURE> 104 5.694618e-03
<MEAN> 25
 3.365824e+00 -9.451244e+00 -6.121384e+00 -3.088000e+00 -1.335374e+00 -1.961439e+00 2.442205e+00 2.504048e+00 -4.617781e+00 -9.255917e+00 -5.055229e+00 3.670035e-01 -1.573262e-01 -1.487942e+00 -9.771384e-01 3.725345e-01 1.209855e+00 1.022259e+00 1.569091e-01 -2.670385e-01 -7.793086e-01 -9.447505e-01 -3.462316e-02 1.183870e-01 2.694258e-02
<VARIANCE> 25
 1.033209e+01 2.070561e+01 2.293178e+01 3.163620e+01 4.797726e+01 3.501654e+01 4.633068e+01 3.670459e+01 4.207775e+01 2.927495e+01 3.004343e+01 2.636799e+01 6.435382e-01 1.250715e+00 1.545022e+00 1.941207e+00 2.933004e+00 2.415015e+00 2.889698e+00 2.573642e+00 2.561183e+00 2.523368e+00 2.094296e+00 2.014950e+00 8.063867e-04
<GCONST> 8.758413e+01
<MIXTURE> 105 4.710235e-03
<MEAN> 25
 2.226519e+00 -1.492468e+00 9.243891e+00 -2.703083e+00 -1.159879e+01 -4.998980e+00 -4.173001e+00 -7.772870e-01 -3.825571e+00 -3.205170e+00 1.515226e+00 -1.154768e+00 9.177029e-03 2.892886e-02 5.053884e-02 -4.661379e-02 4.659589e-03 4.814838e-02 -1.168012e-02 5.060538e-02 -3.682900e-02 2.711049e-02 3.058018e-02 -3.012997e-02 -2.178710e-03
<VARIANCE> 25
 1.331983e+01 2.858838e+01 4.083896e+01 4.489866e+01 3.776316e+01 5.407199e+01 4.114328e+01 4.332468e+01 3.971407e+01 4.199857e+01 4.188195e+01 3.072025e+01 8.368523e-02 1.882211e-01 3.442693e-01 2.912901e-01 3.725960e-01 4.293972e-01 4.702290e-01 4.908032e-01 4.932078e-01 4.404640e-01 4.236964e-01 4.001801e-01 8.934312e-05
<GCONST> 6.671594e+01
<MIXTURE> 106 4.710235e-03
<MEAN> 25
 2.226519e+00 -1.492468e+00 9.243891e+00 -2.703083e+00 -1.159879e+01 -4.998980e+00 -4.173001e+00 -7.772870e-01 -3.825571e+00 -3.205170e+00 1.515226e+00 -1.154768e+00 9.177029e-03 2.892886e-02 5.053884e-02 -4.661379e-02 4.659589e-03 4.814838e-02 -1.168012e-02 5.060538e-02 -3.682900e-02 2.711049e-02 3.058018e-02 -3.012997e-02 -2.178710e-03
<VARIANCE> 25
 1.331983e+01 2.858838e+01 4.083896e+01 4.489866e+01 3.776316e+01 5.407199e+01 4.114328e+01 4.332468e+01 3.971407e+01 4.199857e+01 4.188195e+01 3.072025e+01 8.368523e-02 1.882211e-01 3.442693e-01 2.912901e-01 3.725960e-01 4.293972e-01 4.702290e-01 4.908032e-01 4.932078e-01 4.404640e-01 4.236964e-01 4.001801e-01 8.934312e-05
<GCONST> 6.671594e+01
<MIXTURE> 107 5.452374e-03
<MEAN> 25
 8.433525e+00 -2.595648e+00 -7.949961e+00 -9.730586e+00 1.908002e+00 3.102943e+00 -8.289361e+00 -4.708372e+00 -9.781777e-01 3.863407e+00 1.378468e+00 -5.076164e+00 -5.723531e-01 -7.168076e-01 7.458876e-01 1.698284e+00 2.791363e-01 -1.890856e+00 -9.203936e-01 8.475015e-01 1.746830e+00 1.012042e-01 -1.537270e+00 -8.370674e-01 -2.745069e-03
<VARIANCE> 25
 9.190992e+00 2.046617e+01 2.651652e+01 4.099366e+01 3.359242e+01 3.658254e+01 4.943869e+01 3.427137e+01 4.447231e+01 4.191323e+01 5.172181e+01 2.862099e+01 3.583993e-01 9.720385e-01 1.475675e+00 2.319029e+00 2.235630e+00 2.833418e+00 2.688730e+00 2.443135e+00 2.185779e+00 2.938368e+00 2.039119e+00 2.113599e+00 6.871775e-04
<GCONST> 8.749648e+01
<MIXTURE> 108 5.452374e-03
<MEAN> 25
 8.433525e+00 -2.595648e+00 -7.949961e+00 -9.730586e+00 1.908002e+00 3.102943e+00 -8.289361e+00 -4.708372e+00 -9.781777e-01 3.863407e+00 1.378468e+00 -5.076164e+00 -5.723531e-01 -7.168076e-01 7.458876e-01 1.698284e+00 2.791363e-01 -1.890856e+00 -9.203936e-01 8.475015e-01 1.746830e+00 1.012042e-01 -1.537270e+00 -8.370674e-01 -2.745069e-03
<VARIANCE> 25
 9.190992e+00 2.046617e+01 2.651652e+01 4.099366e+01 3.359242e+01 3.658254e+01 4.943869e+01 3.427137e+01 4.447231e+01 4.191323e+01 5.172181e+01 2.862099e+01 3.583993e-01 9.720385e-01 1.475675e+00 2.319029e+00 2.235630e+00 2.833418e+00 2.688730e+00 2.443135e+00 2.185779e+00 2.938368e+00 2.039119e+00 2.113599e+00 6.871775e-04
<GCONST> 8.749648e+01
<MIXTURE> 109 6.661064e-03
<MEAN> 25
 4.082226e+00 -1.054616e+01 -8.303786e+00 -1.358249e+00 2.753890e+00 -4.470446e-02 -7.029249e-02 1.453523e+00 -2.573369e+00 -8.372701e+00 -5.383872e+00 6.593620e-02 -3.357929e-02 -1.320972e-01 -3.270626e-02 2.502404e-01 1.967242e-01 1.180653e-01 -1.251913e-01 -1.053048e-01 -4.082661e-02 -1.303590e-01 2.190694e-01 1.185848e-02 -3.507217e-03
<VARIANCE> 25
 9.092009e+00 1.827767e+01 1.999915e+01 3.143525e+01 4.080025e+01 3.675933e+01 4.662604e+01 3.439257e+01 4.606710e+01 3.527639e+01 2.959303e+01 2.817459e+01 1.932132e-01 4.229132e-01 5.383277e-01 6.344033e-01 1.230966e+00 9.946612e-01 1.258420e+00 1.092582e+00 1.117630e+00 9.535022e-01 8.772768e-01 8.852438e-01 1.822835e-04
<GCONST> 7.445874e+01
<MIXTURE> 110 6.661064e-03
<MEAN> 25
 4.082226e+00 -1.054616e+01 -8.303786e+00 -1.358249e+00 2.753890e+00 -4.470446e-02 -7.029249e-02 1.453523e+00 -2.573369e+00 -8.372701e+00 -5.383872e+00 6.593620e-02 -3.357929e-02 -1.320972e-01 -3.270626e-02 2.502404e-01 1.967242e-01 1.180653e-01 -1.251913e-01 -1.053048e-01 -4.082661e-02 -1.303590e-01 2.190694e-01 1.185848e-02 -3.507217e-03
<VARIANCE> 25
 9.092009e+00 1.827767e+01 1.999915e+01 3.143525e+01 4.080025e+01 3.675933e+01 4.662604e+01 3.439257e+01 4.606710e+01 3.527639e+01 2.959303e+01 2.817459e+01 1.932132e-01 4.229132e-01 5.383277e-01 6.344033e-01 1.230966e+00 9.946612e-01 1.258420e+00 1.092582e+00 1.117630e+00 9.535022e-01 8.772768e-01 8.852438e-01 1.822835e-04
<GCONST> 7.445874e+01
<MIXTURE> 111 4.337247e-03
<MEAN> 25
 -4.138425e+00 -6.558862e-02 -1.741148e+00 2.124058e+00 1.589372e+00 3.028883e-01 -1.271838e-01 7.291467e-01 7.657894e-01 -1.024839e+00 -7.974218e-01 2.194332e+00 -2.478776e-02 -9.069130e-02 -1.013707e-01 -1.142026e-01 -1.080995e-01 -5.873496e-02 -2.172712e-02 -2.445599e-02 -5.141760e-02 -1.764224e-01 -2.311586e-01 -1.545041e-01 -6.411351e-04
<VARIANCE> 25
 5.889204e+00 6.186128e+00 8.153544e+00 8.452618e+00 1.321597e+01 2.174286e+01 1.332959e+01 1.143279e+01 1.166009e+01 1.145042e+01 1.156590e+01 1.048495e+01 8.145795e-02 1.703051e-01 2.821911e-01 4.033417e-01 5.395873e-01 7.405949e-01 7.111631e-01 7.947531e-01 9.520290e-01 7.377961e-01 8.085262e-01 7.892995e-01 2.595239e-05
<GCONST> 5.485423e+01
<MIXTURE> 112 4.337247e-03
<MEAN> 25
 -4.138425e+00 -6.558862e-02 -1.741148e+00 2.124058e+00 1.589372e+00 3.028883e-01 -1.271838e-01 7.291467e-01 7.657894e-01 -1.024839e+00 -7.974218e-01 2.194332e+00 -2.478776e-02 -9.069130e-02 -1.013707e-01 -1.142026e-01 -1.080995e-01 -5.873496e-02 -2.172712e-02 -2.445599e-02 -5.141760e-02 -1.764224e-01 -2.311586e-01 -1.545041e-01 -6.411351e-04
<VARIANCE> 25
 5.889204e+00 6.186128e+00 8.153544e+00 8.452618e+00 1.321597e+01 2.174286e+01 1.332959e+01 1.143279e+01 1.166009e+01 1.145042e+01 1.156590e+01 1.048495e+01 8.145795e-02 1.703051e-01 2.821911e-01 4.033417e-01 5.395873e-01 7.405949e-01 7.111631e-01 7.947531e-01 9.520290e-01 7.377961e-01 8.085262e-01 7.892995e-01 2.595239e-05
<GCONST> 5.485423e+01
<MIXTURE> 113 5.938666e-03
<MEAN> 25
 9.836344e+00 1.512275e+00 -8.548220e+00 -1.706516e+01 -1.617090e+00 5.773858e+00 -5.099166e+00 -1.984969e+00 -5.634719e+00 -4.042468e-01 4.743695e-01 7.777570e-02 2.588564e-03 -4.819629e-03 -8.195477e-02 -1.232565e-01 8.265932e-02 1.719467e-01 6.335090e-02 1.000037e-01 -5.314072e-02 -2.000638e-02 1.644595e-01 1.424514e-02 -5.470329e-04
<VARIANCE> 25
 8.647006e+00 1.667903e+01 2.873501e+01 3.231025e+01 5.580938e+01 3.202003e+01 3.803268e+01 4.085342e+01 3.525076e+01 4.439706e+01 3.513431e+01 2.885169e+01 1.161707e-01 3.158981e-01 3.067302e-01 6.039540e-01 6.110247e-01 6.366614e-01 7.870353e-01 8.617243e-01 9.350472e-01 8.851712e-01 7.068751e-01 6.919066e-01 1.361958e-04
<GCONST> 7.073628e+01
<MIXTURE> 114 5.938666e-03
<MEAN> 25
 9.836344e+00 1.512275e+00 -8.548220e+00 -1.706516e+01 -1.617090e+00 5.773858e+00 -5.099166e+00 -1.984969e+00 -5.634719e+00 -4.042468e-01 4.743695e-01 7.777570e-02 2.588564e-03 -4.819629e-03 -8.195477e-02 -1.232565e-01 8.265932e-02 1.719467e-01 6.335090e-02 1.000037e-01 -5.314072e-02 -2.000638e-02 1.644595e-01 1.424514e-02 -5.470329e-04
<VARIANCE> 25
 8.647006e+00 1.667903e+01 2.873501e+01 3.231025e+01 5.580938e+01 3.202003e+01 3.803268e+01 4.085342e+01 3.525076e+01 4.439706e+01 3.513431e+01 2.885169e+01 1.161707e-01 3.158981e-01 3.067302e-01 6.039540e-01 6.110247e-01 6.366614e-01 7.870353e-01 8.617243e-01 9.350472e-01 8.851712e-01 7.068751e-01 6.919066e-01 1.361958e-04
<GCONST> 7.073628e+01
<MIXTURE> 115 2.935202e-03
<MEAN> 25
 -3.992826e+00 -6.901158e-01 -2.849742e+00 3.967528e+00 2.840898e+00 -9.357358e-01 1.807258e+00 7.045488e-01 1.736072e+00 -1.009079e-01 -7.401001e-02 2.274793e+00 -4.812110e-03 -9.876820e-02 -2.372653e-01 -4.261671e-01 -6.190017e-01 -7.290199e-01 -6.686510e-01 -5.194601e-01 -4.581423e-01 -5.139677e-01 -4.067439e-01 -1.868202e-01 6.201641e-06
<VARIANCE> 25
 8.490715e+00 9.263452e+00 1.312733e+01 1.278664e+01 1.438238e+01 1.882202e+01 1.795082e+01 1.985712e+01 1.757531e+01 1.590242e+01 1.781332e+01 1.625452e+01 2.014145e-01 3.360023e-01 4.626277e-01 5.279347e-01 6.130514e-01 8.045253e-01 1.070832e+00 1.056918e+00 1.008917e+00 9.754026e-01 9.966623e-01 9.883884e-01 9.839595e-07
<GCONST> 5.966519e+01
<MIXTURE> 116 2.935202e-03
<MEAN> 25
 -3.992826e+00 -6.901158e-01 -2.849742e+00 3.967528e+00 2.840898e+00 -9.357358e-01 1.807258e+00 7.045488e-01 1.736072e+00 -1.009079e-01 -7.401001e-02 2.274793e+00 -4.812110e-03 -9.876820e-02 -2.372653e-01 -4.261671e-01 -6.190017e-01 -7.290199e-01 -6.686510e-01 -5.194601e-01 -4.581423e-01 -5.139677e-01 -4.067439e-01 -1.868202e-01 6.201641e-06
<VARIANCE> 25
 8.490715e+00 9.263452e+00 1.312733e+01 1.278664e+01 1.438238e+01 1.882202e+01 1.795082e+01 1.985712e+01 1.757531e+01 1.590242e+01 1.781332e+01 1.625452e+01 2.014145e-01 3.360023e-01 4.626277e-01 5.279347e-01 6.130514e-01 8.045253e-01 1.070832e+00 1.056918e+00 1.008917e+00 9.754026e-01 9.966623e-01 9.883884e-01 9.839595e-07
<GCONST> 5.966519e+01
<MIXTURE> 117 6.506003e-03
<MEAN> 25
 -4.642947e+00 1.080085e+00 1.043491e+00 9.755567e+00 6.365419e+00 6.203288e+00 6.385831e+00 5.073663e+00 6.445852e+00 4.878875e+00 6.299062e+00 2.663732e+00 -7.375159e-02 -2.376323e-01 -3.542061e-01 -4.251535e-01 -3.828301e-01 -3.152432e-01 -2.871145e-01 -3.247954e-01 -3.933607e-01 -3.621948e-01 -2.548806e-01 -1.098544e-01 -4.219734e-05
<VARIANCE> 25
 7.098808e+00 8.870096e+00 9.705822e+00 1.426641e+01 1.633568e+01 1.539385e+01 1.788453e+01 1.776056e+01 1.644772e+01 1.633985e+01 1.682455e+01 1.478192e+01 2.142105e-01 3.053074e-01 4.212910e-01 6.124122e-01 8.699377e-01 1.055179e+00 1.163361e+00 1.222074e+00 1.209579e+00 1.187992e+00 1.155770e+00 1.104960e+00 1.079659e-06
<GCONST> 6.047091e+01
<MIXTURE> 118 6.506003e-03
<MEAN> 25
 -4.642947e+00 1.080085e+00 1.043491e+00 9.755567e+00 6.365419e+00 6.203288e+00 6.385831e+00 5.073663e+00 6.445852e+00 4.878875e+00 6.299062e+00 2.663732e+00 -7.375159e-02 -2.376323e-01 -3.542061e-01 -4.251535e-01 -3.828301e-01 -3.152432e-01 -2.871145e-01 -3.247954e-01 -3.933607e-01 -3.621948e-01 -2.548806e-01 -1.098544e-01 -4.219734e-05
<VARIANCE> 25
 7.098808e+00 8.870096e+00 9.705822e+00 1.426641e+01 1.633568e+01 1.539385e+01 1.788453e+01 1.776056e+01 1.644772e+01 1.633985e+01 1.682455e+01 1.478192e+01 2.142105e-01 3.053074e-01 4.212910e-01 6.124122e-01 8.699377e-01 1.055179e+00 1.163361e+00 1.222074e+00 1.209579e+00 1.187992e+00 1.155770e+00 1.104960e+00 1.079659e-06
<GCONST> 6.047091e+01
<MIXTURE> 119 4.297961e-03
<MEAN> 25
 -5.018462e+00 -7.653786e+00 2.149727e+00 2.028470e+00 2.399336e+00 1.736934e-01 4.892074e+00 5.649115e+00 1.369564e+00 1.599158e+00 6.705583e+00 1.757694e+00 -7.404502e-02 -1.078695e-01 8.454149e-02 -1.876846e-02 -7.929772e-02 -1.140889e-01 -8.252633e-02 -6.382138e-02 -9.027074e-02 -2.610486e-02 -1.186649e-02 -5.930681e-02 2.057732e-03
<VARIANCE> 25
 8.166295e+00 9.629456e+00 1.594523e+01 1.935185e+01 2.229952e+01 2.221666e+01 2.677419e+01 2.704552e+01 2.467287e+01 3.523526e+01 1.999381e+01 2.033607e+01 1.678171e-01 2.941999e-01 4.898654e-01 6.348363e-01 8.158010e-01 1.054287e+00 1.056114e+00 1.276577e+00 1.228605e+00 1.358960e+00 1.179115e+00 1.062502e+00 2.447203e-04
<GCONST> 7.000391e+01
<MIXTURE> 120 4.297961e-03
<MEAN> 25
 -5.018462e+00 -7.653786e+00 2.149727e+00 2.028470e+00 2.399336e+00 1.736934e-01 4.892074e+00 5.649115e+00 1.369564e+00 1.599158e+00 6.705583e+00 1.757694e+00 -7.404502e-02 -1.078695e-01 8.454149e-02 -1.876846e-02 -7.929772e-02 -1.140889e-01 -8.252633e-02 -6.382138e-02 -9.027074e-02 -2.610486e-02 -1.186649e-02 -5.930681e-02 2.057732e-03
<VARIANCE> 25
 8.166295e+00 9.629456e+00 1.594523e+01 1.935185e+01 2.229952e+01 2.221666e+01 2.677419e+01 2.704552e+01 2.467287e+01 3.523526e+01 1.999381e+01 2.033607e+01 1.678171e-01 2.941999e-01 4.898654e-01 6.348363e-01 8.158010e-01 1.054287e+00 1.056114e+00 1.276577e+00 1.228605e+00 1.358960e+00 1.179115e+00 1.062502e+00 2.447203e-04
<GCONST> 7.000391e+01
<MIXTURE> 121 4.567511e-03
<MEAN> 25
 2.160963e-01 -2.498036e+00 5.167548e+00 -1.287137e+01 -1.259803e+01 -1.552895e+00 9.628282e-01 -5.096127e+00 -4.225362e+00 -5.511898e-01 -5.447952e+00 -4.295651e+00 2.498582e-02 1.212294e-01 -3.387089e-02 7.841484e-02 1.590337e-01 7.607505e-02 -7.448321e-02 -1.846150e-01 -2.694250e-01 -2.524425e-01 -1.058236e-01 -1.153166e-02 -7.379561e-03
<VARIANCE> 25
 7.694885e+00 1.561707e+01 1.722244e+01 2.045020e+01 2.456273e+01 3.087304e+01 2.956460e+01 2.443017e+01 3.512233e+01 2.875959e+01 2.012778e+01 2.108441e+01 1.543234e-01 6.593574e-01 6.281261e-01 7.013761e-01 7.656655e-01 1.147357e+00 1.116982e+00 1.114092e+00 1.211159e+00 1.189652e+00 9.506106e-01 8.865179e-01 2.104376e-04
<GCONST> 7.149400e+01
<MIXTURE> 122 4.567511e-03
<MEAN> 25
 2.160963e-01 -2.498036e+00 5.167548e+00 -1.287137e+01 -1.259803e+01 -1.552895e+00 9.628282e-01 -5.096127e+00 -4.225362e+00 -5.511898e-01 -5.447952e+00 -4.295651e+00 2.498582e-02 1.212294e-01 -3.387089e-02 7.841484e-02 1.590337e-01 7.607505e-02 -7.448321e-02 -1.846150e-01 -2.694250e-01 -2.524425e-01 -1.058236e-01 -1.153166e-02 -7.379561e-03
<VARIANCE> 25
 7.694885e+00 1.561707e+01 1.722244e+01 2.045020e+01 2.456273e+01 3.087304e+01 2.956460e+01 2.443017e+01 3.512233e+01 2.875959e+01 2.012778e+01 2.108441e+01 1.543234e-01 6.593574e-01 6.281261e-01 7.013761e-01 7.656655e-01 1.147357e+00 1.116982e+00 1.114092e+00 1.211159e+00 1.189652e+00 9.506106e-01 8.865179e-01 2.104376e-04
<GCONST> 7.149400e+01
<MIXTURE> 123 4.393044e-03
<MEAN> 25
 -4.033015e+00 1.358524e+00 -1.784446e-01 5.862859e+00 5.339073e+00 2.417457e+00 2.530772e+00 9.323896e-01 1.304106e+00 -8.495199e-01 -5.878409e-01 1.018880e+00 -4.613616e-01 -7.119985e-01 -7.588998e-01 -5.796868e-01 -2.651708e-01 3.776906e-02 2.371997e-01 5.343825e-01 6.953311e-01 8.486055e-01 6.428087e-01 4.271871e-01 -3.996365e-03
<VARIANCE> 25
 8.762607e+00 9.536176e+00 1.318025e+01 1.486457e+01 1.850143e+01 2.712388e+01 2.017887e+01 1.717896e+01 2.045117e+01 1.498932e+01 2.199121e+01 1.722956e+01 3.396413e-01 3.534637e-01 5.069488e-01 6.199155e-01 9.043341e-01 1.037694e+00 1.154119e+00 1.100753e+00 1.102720e+00 1.184694e+00 1.265099e+00 1.144659e+00 9.841586e-05
<GCONST> 6.768909e+01
<MIXTURE> 124 4.069876e-03
<MEAN> 25
 -6.308919e+00 -1.014236e+00 -2.816992e+00 5.154490e+00 5.105421e+00 2.836956e+00 4.656596e+00 2.876540e+00 3.549720e+00 1.079226e+00 1.069587e+00 3.082623e+00 -1.972870e-01 -3.515542e-01 -3.606721e-01 -1.871127e-01 1.577004e-01 5.643736e-01 7.825177e-01 8.223446e-01 5.567182e-01 3.719838e-01 1.268455e-01 -1.235026e-02 2.122864e-04
<VARIANCE> 25
 1.029261e+01 7.145894e+00 1.010559e+01 1.189119e+01 1.137191e+01 2.041790e+01 1.858029e+01 1.609760e+01 1.498231e+01 1.629476e+01 1.775134e+01 1.331110e+01 1.007682e-01 1.770467e-01 2.713844e-01 4.017664e-01 6.033335e-01 7.075213e-01 7.610196e-01 7.518927e-01 9.539788e-01 9.975038e-01 9.857731e-01 9.496381e-01 1.895431e-05
<GCONST> 5.850387e+01
<MIXTURE> 125 4.069876e-03
<MEAN> 25
 -6.308919e+00 -1.014236e+00 -2.816992e+00 5.154490e+00 5.105421e+00 2.836956e+00 4.656596e+00 2.876540e+00 3.549720e+00 1.079226e+00 1.069587e+00 3.082623e+00 -1.972870e-01 -3.515542e-01 -3.606721e-01 -1.871127e-01 1.577004e-01 5.643736e-01 7.825177e-01 8.223446e-01 5.567182e-01 3.719838e-01 1.268455e-01 -1.235026e-02 2.122864e-04
<VARIANCE> 25
 1.029261e+01 7.145894e+00 1.010559e+01 1.189119e+01 1.137191e+01 2.041790e+01 1.858029e+01 1.609760e+01 1.498231e+01 1.629476e+01 1.775134e+01 1.331110e+01 1.007682e-01 1.770467e-01 2.713844e-01 4.017664e-01 6.033335e-01 7.075213e-01 7.610196e-01 7.518927e-01 9.539788e-01 9.975038e-01 9.857731e-01 9.496381e-01 1.895431e-05
<GCONST> 5.850387e+01
<MIXTURE> 126 2.402244e-03
<MEAN> 25
 -3.726483e+00 -6.070023e+00 -4.842416e+00 2.624558e+00 4.354648e+00 -3.395525e+00 -4.285408e-01 3.827873e+00 3.585730e+00 -2.634651e+00 -1.481017e+00 2.882550e+00 6.642633e-03 4.505973e-02 -6.259814e-02 -2.064952e-01 -3.848448e-01 -4.241389e-01 -2.735194e-01 -1.806036e-01 -1.855167e-01 -1.731581e-01 -1.569314e-01 -7.278842e-02 -2.863891e-03
<VARIANCE> 25
 6.560248e+00 1.624570e+01 1.313121e+01 1.397534e+01 2.171881e+01 2.133385e+01 2.226295e+01 2.547073e+01 2.806934e+01 2.343265e+01 1.923819e+01 1.770642e+01 1.648608e-01 4.267311e-01 4.595453e-01 5.436727e-01 8.279442e-01 1.083717e+00 1.028598e+00 1.163458e+00 1.320766e+00 1.193993e+00 1.191188e+00 1.100348e+00 2.090757e-04
<GCONST> 6.890990e+01
<MIXTURE> 127 2.402244e-03
<MEAN> 25
 -3.726483e+00 -6.070023e+00 -4.842416e+00 2.624558e+00 4.354648e+00 -3.395525e+00 -4.285408e-01 3.827873e+00 3.585730e+00 -2.634651e+00 -1.481017e+00 2.882550e+00 6.642633e-03 4.505973e-02 -6.259814e-02 -2.064952e-01 -3.848448e-01 -4.241389e-01 -2.735194e-01 -1.806036e-01 -1.855167e-01 -1.731581e-01 -1.569314e-01 -7.278842e-02 -2.863891e-03
<VARIANCE> 25
 6.560248e+00 1.624570e+01 1.313121e+01 1.397534e+01 2.171881e+01 2.133385e+01 2.226295e+01 2.547073e+01 2.806934e+01 2.343265e+01 1.923819e+01 1.770642e+01 1.648608e-01 4.267311e-01 4.595453e-01 5.436727e-01 8.279442e-01 1.083717e+00 1.028598e+00 1.163458e+00 1.320766e+00 1.193993e+00 1.191188e+00 1.100348e+00 2.090757e-04
<GCONST> 6.890990e+01
<MIXTURE> 128 3.790457e-03
<MEAN> 25
 -3.921192e+00 1.559523e+00 -3.497483e-01 6.537613e+00 3.625134e+00 1.806132e+00 3.548120e+00 2.414393e+00 3.972229e+00 3.682882e+00 3.737747e+00 3.538597e+00 -3.932573e-01 -2.011718e-01 9.537259e-02 7.267768e-01 1.189613e+00 1.138179e+00 7.122675e-01 1.307470e-01 -4.349496e-01 -7.759153e-01 -7.009563e-01 -3.902659e-01 -2.335312e-05
<VARIANCE> 25
 1.015436e+01 1.167188e+01 1.489221e+01 1.938372e+01 1.991809e+01 2.141737e+01 2.425322e+01 2.474697e+01 2.624115e+01 2.375107e+01 2.675469e+01 1.810245e+01 8.870220e-01 1.140742e+00 1.357698e+00 1.491996e+00 1.574081e+00 1.852754e+00 2.238044e+00 2.309283e+00 2.136098e+00 1.866557e+00 1.733009e+00 1.738235e+00 1.019098e-06
<GCONST> 7.357788e+01
<TRANSP> 3
 0.000000e+00 1.000000e+00 0.000000e+00
 0.000000e+00 9.999990e-01 9.999998e-07
 0.000000e+00 0.000000e+00 0.000000e+00
<ENDHMM>
