~o
<STREAMINFO> 1 25
<VECSIZE> 25<NULLD><MFCC_E_D_N><DIAGC>
~h "jmodel"
<BEGINHMM>
<NUMSTATES> 3
<STATE> 2
<NUMMIXES> 128
<MIXTURE> 1 5.748963e-03
<MEAN> 25
 -2.582998e+00 3.180982e+00 2.311050e+00 8.753647e+00 4.371233e+00 3.449351e+00 4.062102e+00 3.935084e+00 5.831553e+00 5.252541e+00 5.884509e+00 3.079980e+00 -2.004334e+00 -1.634691e+00 -8.643214e-01 1.075987e+00 1.560624e+00 2.232158e+00 2.154249e+00 2.084817e+00 1.693901e+00 1.270176e+00 1.567648e+00 6.132621e-01 -4.691508e-02
<VARIANCE> 25
 1.006633e+01 1.175893e+01 1.494762e+01 1.868950e+01 2.318963e+01 2.214611e+01 2.189272e+01 2.197403e+01 2.099720e+01 2.253498e+01 2.094324e+01 1.707923e+01 1.789194e+00 2.111327e+00 3.025510e+00 3.209268e+00 3.739077e+00 3.356716e+00 3.318814e+00 3.379932e+00 3.521146e+00 3.727047e+00 3.513303e+00 2.833996e+00 3.121621e-03
<GCONST> 8.846246e+01
<MIXTURE> 2 4.549242e-03
<MEAN> 25
 -4.875573e+00 1.311679e+00 9.942963e-01 9.899635e+00 6.692161e+00 7.424490e+00 7.846978e+00 6.957970e+00 8.373200e+00 6.373027e+00 7.624315e+00 3.074667e+00 -6.200995e-02 4.162459e-02 1.425405e-01 2.258460e-01 2.652931e-01 2.813663e-01 2.954397e-01 3.195402e-01 3.497196e-01 3.089068e-01 1.971698e-01 8.006853e-02 1.243196e-06
<VARIANCE> 25
 6.952584e+00 8.901779e+00 1.065117e+01 1.591200e+01 1.723604e+01 1.556392e+01 1.689916e+01 1.848589e+01 1.658653e+01 1.738582e+01 1.811025e+01 1.433975e+01 1.252502e-01 2.266242e-01 3.364689e-01 4.671240e-01 6.492645e-01 8.148698e-01 9.298626e-01 1.003164e+00 1.051705e+00 1.077755e+00 1.075637e+00 1.013912e+00 9.999885e-07
<GCONST> 5.804302e+01
<MIXTURE> 3 4.549242e-03
<MEAN> 25
 -4.875573e+00 1.311679e+00 9.942963e-01 9.899635e+00 6.692161e+00 7.424490e+00 7.846978e+00 6.957970e+00 8.373200e+00 6.373027e+00 7.624315e+00 3.074667e+00 -6.200995e-02 4.162459e-02 1.425405e-01 2.258460e-01 2.652931e-01 2.813663e-01 2.954397e-01 3.195402e-01 3.497196e-01 3.089068e-01 1.971698e-01 8.006853e-02 1.243196e-06
<VARIANCE> 25
 6.952584e+00 8.901779e+00 1.065117e+01 1.591200e+01 1.723604e+01 1.556392e+01 1.689916e+01 1.848589e+01 1.658653e+01 1.738582e+01 1.811025e+01 1.433975e+01 1.252502e-01 2.266242e-01 3.364689e-01 4.671240e-01 6.492645e-01 8.148698e-01 9.298626e-01 1.003164e+00 1.051705e+00 1.077755e+00 1.075637e+00 1.013912e+00 9.999885e-07
<GCONST> 5.804302e+01
<MIXTURE> 4 1.671429e-02
<MEAN> 25
 3.440204e+00 2.550883e+00 -3.801062e+00 9.378627e-01 4.324136e+00 -2.126014e-01 7.105978e-02 7.756619e-03 1.503532e+00 1.302242e+00 -1.887175e+00 1.038766e-01 -2.771263e+00 1.217932e+00 1.777619e+00 3.090699e+00 9.218500e-01 5.020922e-01 1.518245e+00 1.045150e+00 9.775173e-01 4.325844e-01 1.241394e+00 8.996137e-01 -1.040587e-01
<VARIANCE> 25
 2.117299e+01 2.951653e+01 2.920932e+01 3.981347e+01 4.572749e+01 6.878649e+01 6.533995e+01 5.378215e+01 5.545044e+01 6.219766e+01 4.978933e+01 3.593030e+01 2.349784e+00 5.055608e+00 3.735801e+00 4.950541e+00 5.020174e+00 6.162463e+00 6.103025e+00 5.576364e+00 5.970232e+00 6.435302e+00 6.119818e+00 4.464773e+00 6.094799e-03
<GCONST> 1.055043e+02
<MIXTURE> 5 3.206198e-03
<MEAN> 25
 -3.417075e+00 2.181262e+00 6.104639e-01 9.428741e+00 6.697047e+00 6.316058e+00 7.112435e+00 4.723454e+00 5.495955e+00 3.848046e+00 4.658563e+00 2.606561e+00 -3.246590e-01 7.529009e-01 1.224832e+00 1.032656e+00 3.076738e-01 -1.001861e-01 -8.379472e-02 3.355507e-02 4.580182e-01 6.837327e-01 4.038759e-01 8.803292e-02 -2.767536e-05
<VARIANCE> 25
 1.025068e+01 1.394287e+01 2.348637e+01 2.561724e+01 2.022121e+01 1.942504e+01 2.011355e+01 2.035920e+01 2.141916e+01 2.128393e+01 2.409811e+01 1.636023e+01 1.210085e+00 1.244367e+00 1.357128e+00 1.673514e+00 2.284791e+00 2.376327e+00 2.301521e+00 2.275332e+00 2.315542e+00 2.238201e+00 2.085575e+00 1.873927e+00 1.000134e-06
<GCONST> 7.516654e+01
<MIXTURE> 6 5.475854e-03
<MEAN> 25
 9.695670e+00 -4.196445e-01 -6.686738e+00 -1.103695e+01 -2.113891e+00 6.732349e+00 -5.900332e+00 -5.299321e+00 -3.662635e+00 1.825083e+00 4.640625e+00 -1.250654e+00 4.849216e-01 8.952857e-01 -3.515652e-01 -1.469064e+00 -6.386934e-01 1.313938e+00 1.535253e+00 2.478354e-01 -1.218606e+00 -1.218299e+00 3.230885e-01 1.228195e+00 -8.161834e-03
<VARIANCE> 25
 9.018574e+00 1.707344e+01 2.397417e+01 3.919757e+01 3.676976e+01 3.063940e+01 4.404374e+01 3.805365e+01 4.076447e+01 3.947163e+01 4.209317e+01 2.840155e+01 3.114164e-01 8.579422e-01 9.452801e-01 1.976789e+00 1.604827e+00 2.015968e+00 1.921135e+00 2.051030e+00 2.397589e+00 1.962634e+00 2.244641e+00 1.437595e+00 5.856119e-04
<GCONST> 8.387833e+01
<MIXTURE> 7 5.475854e-03
<MEAN> 25
 9.695670e+00 -4.196445e-01 -6.686738e+00 -1.103695e+01 -2.113891e+00 6.732349e+00 -5.900332e+00 -5.299321e+00 -3.662635e+00 1.825083e+00 4.640625e+00 -1.250654e+00 4.849216e-01 8.952857e-01 -3.515652e-01 -1.469064e+00 -6.386934e-01 1.313938e+00 1.535253e+00 2.478354e-01 -1.218606e+00 -1.218299e+00 3.230885e-01 1.228195e+00 -8.161834e-03
<VARIANCE> 25
 9.018574e+00 1.707344e+01 2.397417e+01 3.919757e+01 3.676976e+01 3.063940e+01 4.404374e+01 3.805365e+01 4.076447e+01 3.947163e+01 4.209317e+01 2.840155e+01 3.114164e-01 8.579422e-01 9.452801e-01 1.976789e+00 1.604827e+00 2.015968e+00 1.921135e+00 2.051030e+00 2.397589e+00 1.962634e+00 2.244641e+00 1.437595e+00 5.856119e-04
<GCONST> 8.387833e+01
<MIXTURE> 8 1.165917e-02
<MEAN> 25
 -4.730141e+00 1.362782e+00 1.292768e+00 9.559625e+00 6.575252e+00 6.255008e+00 6.479972e+00 5.688699e+00 6.659242e+00 5.632491e+00 6.573618e+00 3.153000e+00 -6.298149e-01 -1.425786e+00 -1.071346e+00 -1.731219e+00 -2.312223e-01 -9.455519e-01 -1.777801e-01 -2.896308e-01 -2.530031e-01 -1.740665e-01 -2.134618e-01 8.122534e-02 9.889197e-02
<VARIANCE> 25
 9.340579e+00 9.846959e+00 1.161074e+01 1.605454e+01 1.663585e+01 1.570653e+01 1.812857e+01 1.751123e+01 1.704165e+01 1.737461e+01 1.887468e+01 1.399749e+01 2.757190e+00 2.815351e+00 3.906922e+00 3.761827e+00 3.455916e+00 3.315960e+00 3.128890e+00 3.080716e+00 2.872004e+00 2.655842e+00 2.434881e+00 1.902124e+00 6.682205e-03
<GCONST> 8.628768e+01
<MIXTURE> 9 1.199672e-02
<MEAN> 25
 9.300287e+00 3.394014e+00 -6.209112e+00 -1.067465e+01 -2.212818e+00 4.967953e+00 -2.209315e+00 -2.305115e+00 -5.395417e+00 -1.256888e+00 5.693891e-01 -1.023065e-02 1.440933e+00 -1.285952e-01 -4.913428e-01 -2.704525e+00 -1.646468e+00 8.551632e-01 -9.723929e-01 -2.305465e-01 -1.803333e-01 -5.769737e-01 6.149173e-01 -1.526086e-01 7.333487e-02
<VARIANCE> 25
 1.223057e+01 2.140422e+01 3.355302e+01 5.350741e+01 5.017167e+01 3.229162e+01 4.319680e+01 5.216121e+01 4.207222e+01 4.159077e+01 3.611375e+01 2.691968e+01 2.088303e+00 2.450631e+00 4.572778e+00 4.876043e+00 5.009992e+00 4.095760e+00 4.237524e+00 6.042506e+00 5.039989e+00 4.079862e+00 4.015578e+00 2.804252e+00 2.213426e-03
<GCONST> 9.879746e+01
<MIXTURE> 10 6.596976e-03
<MEAN> 25
 8.210018e-01 7.634318e+00 5.375884e+00 7.148919e+00 1.587372e+00 -2.115158e+00 -5.182358e-01 -1.685400e+00 8.743010e-01 8.599359e-01 8.390197e-01 6.573889e-01 -1.924929e+00 -6.733287e-01 -4.585916e-01 3.028182e+00 2.463261e+00 2.710461e+00 2.373903e+00 2.277898e+00 1.861651e+00 1.545139e+00 2.335861e+00 5.248692e-01 -1.381419e-01
<VARIANCE> 25
 1.954171e+01 2.068578e+01 2.230492e+01 2.906160e+01 3.831292e+01 3.494053e+01 3.514586e+01 3.384105e+01 2.761298e+01 2.904930e+01 2.695883e+01 2.501433e+01 2.234841e+00 3.426163e+00 5.535562e+00 5.169647e+00 5.552335e+00 4.469503e+00 4.699786e+00 4.843542e+00 4.388584e+00 5.021061e+00 4.442205e+00 3.191069e+00 2.696950e-03
<GCONST> 9.745959e+01
<MIXTURE> 11 1.633820e-02
<MEAN> 25
 7.707581e+00 4.269811e+00 3.467617e+00 5.069524e+00 -3.226473e+00 -2.021055e+00 -2.465609e+00 -6.513179e+00 -3.601223e+00 7.307937e-02 -2.597470e+00 -2.170808e+00 -2.573618e-01 5.249544e-01 1.644721e-01 2.712135e-01 5.014502e-01 -7.709358e-02 2.358270e-01 -1.531679e-01 -1.919625e-01 -6.055992e-02 -1.679102e-01 1.458166e-01 -1.663520e-02
<VARIANCE> 25
 1.170026e+01 2.411212e+01 2.044664e+01 3.217146e+01 3.865925e+01 3.876277e+01 4.809458e+01 4.329012e+01 4.312380e+01 3.530092e+01 3.470876e+01 2.913770e+01 9.279408e-01 1.227669e+00 1.690110e+00 2.213112e+00 2.063267e+00 2.144349e+00 2.118382e+00 2.778457e+00 2.202614e+00 1.992837e+00 1.905561e+00 1.622002e+00 9.665866e-04
<GCONST> 8.765359e+01
<MIXTURE> 12 5.904134e-03
<MEAN> 25
 1.076513e+01 3.743603e+00 -4.502435e+00 -1.599323e+01 -8.696050e+00 8.642394e+00 -8.970222e-01 -1.922183e+00 -1.723065e+00 -4.886453e+00 1.774609e+00 7.166757e-01 6.775072e-02 2.937696e-01 7.959285e-02 -3.682893e-01 -3.102942e-01 2.954225e-02 3.054914e-01 4.477746e-01 1.410027e-01 -3.847155e-01 -3.856001e-01 5.390154e-02 -6.303274e-03
<VARIANCE> 25
 8.887301e+00 2.100177e+01 2.335644e+01 3.503797e+01 4.206131e+01 3.096142e+01 4.179680e+01 4.898094e+01 4.406319e+01 3.738902e+01 3.799728e+01 2.892682e+01 2.468020e-01 6.883224e-01 6.860598e-01 1.169905e+00 1.186441e+00 1.053857e+00 1.171071e+00 1.386230e+00 1.240637e+00 1.222268e+00 1.221521e+00 9.564786e-01 5.786333e-04
<GCONST> 7.892134e+01
<MIXTURE> 13 5.904134e-03
<MEAN> 25
 1.076513e+01 3.743603e+00 -4.502435e+00 -1.599323e+01 -8.696050e+00 8.642394e+00 -8.970222e-01 -1.922183e+00 -1.723065e+00 -4.886453e+00 1.774609e+00 7.166757e-01 6.775072e-02 2.937696e-01 7.959285e-02 -3.682893e-01 -3.102942e-01 2.954225e-02 3.054914e-01 4.477746e-01 1.410027e-01 -3.847155e-01 -3.856001e-01 5.390154e-02 -6.303274e-03
<VARIANCE> 25
 8.887301e+00 2.100177e+01 2.335644e+01 3.503797e+01 4.206131e+01 3.096142e+01 4.179680e+01 4.898094e+01 4.406319e+01 3.738902e+01 3.799728e+01 2.892682e+01 2.468020e-01 6.883224e-01 6.860598e-01 1.169905e+00 1.186441e+00 1.053857e+00 1.171071e+00 1.386230e+00 1.240637e+00 1.222268e+00 1.221521e+00 9.564786e-01 5.786333e-04
<GCONST> 7.892134e+01
<MIXTURE> 14 6.488954e-03
<MEAN> 25
 -4.316787e+00 -3.791191e-01 -3.104414e-01 8.908891e+00 7.512058e+00 7.377880e+00 7.830063e+00 7.327816e+00 7.252298e+00 5.226397e+00 6.865414e+00 4.100986e+00 -2.744654e-01 1.932238e-01 3.652240e-01 3.104113e-01 6.248462e-03 6.054241e-02 9.687544e-02 1.772625e-01 2.966759e-01 5.400235e-01 5.057864e-01 7.492051e-02 -9.339467e-03
<VARIANCE> 25
 9.297154e+00 1.385435e+01 1.862524e+01 1.785229e+01 2.092527e+01 1.959569e+01 2.149812e+01 2.061738e+01 2.007495e+01 2.390763e+01 2.138997e+01 1.597984e+01 9.618082e-01 1.640309e+00 1.773521e+00 1.934816e+00 2.245811e+00 2.257828e+00 2.255489e+00 2.240201e+00 2.286171e+00 2.507761e+00 2.198511e+00 1.814842e+00 1.029613e-03
<GCONST> 8.191398e+01
<MIXTURE> 15 2.475190e-03
<MEAN> 25
 -5.400796e+00 -6.339533e-01 -2.057675e-01 7.314961e+00 5.694007e+00 5.678729e+00 6.041180e+00 4.978925e+00 5.160576e+00 4.139608e+00 5.487046e+00 2.534727e+00 -1.223903e-01 -3.088985e-02 7.321981e-02 2.434776e-01 4.867463e-01 7.812924e-01 1.073434e+00 1.184031e+00 1.058683e+00 7.532767e-01 4.158016e-01 1.547114e-01 -7.253408e-05
<VARIANCE> 25
 7.053244e+00 5.611417e+00 9.001566e+00 1.324408e+01 1.410766e+01 1.430836e+01 1.493785e+01 1.485777e+01 1.408349e+01 1.417172e+01 1.509853e+01 1.252989e+01 1.245649e-01 2.057222e-01 3.207465e-01 5.012898e-01 7.000280e-01 7.970790e-01 7.611880e-01 7.900946e-01 9.145778e-01 1.024268e+00 1.070721e+00 1.037541e+00 2.801682e-05
<GCONST> 5.862852e+01
<MIXTURE> 16 2.475190e-03
<MEAN> 25
 -5.400796e+00 -6.339533e-01 -2.057675e-01 7.314961e+00 5.694007e+00 5.678729e+00 6.041180e+00 4.978925e+00 5.160576e+00 4.139608e+00 5.487046e+00 2.534727e+00 -1.223903e-01 -3.088985e-02 7.321981e-02 2.434776e-01 4.867463e-01 7.812924e-01 1.073434e+00 1.184031e+00 1.058683e+00 7.532767e-01 4.158016e-01 1.547114e-01 -7.253408e-05
<VARIANCE> 25
 7.053244e+00 5.611417e+00 9.001566e+00 1.324408e+01 1.410766e+01 1.430836e+01 1.493785e+01 1.485777e+01 1.408349e+01 1.417172e+01 1.509853e+01 1.252989e+01 1.245649e-01 2.057222e-01 3.207465e-01 5.012898e-01 7.000280e-01 7.970790e-01 7.611880e-01 7.900946e-01 9.145778e-01 1.024268e+00 1.070721e+00 1.037541e+00 2.801682e-05
<GCONST> 5.862852e+01
<MIXTURE> 17 9.518312e-03
<MEAN> 25
 3.767043e+00 -7.749251e-01 6.419330e+00 2.399680e+00 -5.997385e+00 -6.392362e+00 -3.141871e+00 -1.463089e-01 -2.678305e+00 -3.275867e+00 6.738228e-02 -1.573533e-02 -7.662122e-01 -1.220036e+00 1.309636e+00 -2.135366e+00 -2.365762e+00 -1.554201e-01 1.859726e-01 7.677079e-01 -2.791038e-01 -1.796532e-01 1.035934e+00 4.024497e-01 8.242555e-02
<VARIANCE> 25
 1.654343e+01 3.164781e+01 3.010483e+01 3.969950e+01 4.503428e+01 4.893879e+01 4.233491e+01 3.431027e+01 3.556614e+01 2.700946e+01 2.810465e+01 2.804918e+01 1.833151e+00 2.707145e+00 4.015654e+00 3.084216e+00 4.106601e+00 5.483703e+00 4.997417e+00 4.724548e+00 4.084119e+00 4.040057e+00 3.063726e+00 2.734686e+00 2.128344e-03
<GCONST> 9.698124e+01
<MIXTURE> 18 1.221018e-02
<MEAN> 25
 3.953879e+00 4.622080e+00 6.746512e+00 4.742002e+00 -4.614551e+00 -8.359462e+00 -1.743522e+00 -1.171799e+00 -3.371552e+00 -2.455272e+00 -8.809685e-01 5.777251e-01 -7.618724e-01 2.161438e+00 -1.998747e-01 2.032561e+00 3.117593e+00 1.484818e+00 8.038955e-01 -2.109771e-01 6.188968e-01 5.193693e-01 -2.901032e-01 -6.148339e-02 -1.239069e-01
<VARIANCE> 25
 1.609106e+01 2.532983e+01 3.289227e+01 2.617028e+01 4.005161e+01 3.366513e+01 3.867907e+01 3.512740e+01 3.920367e+01 3.453630e+01 3.253878e+01 3.097464e+01 2.563246e+00 3.033567e+00 4.736504e+00 4.050021e+00 4.091950e+00 4.671864e+00 4.657587e+00 4.455476e+00 4.489666e+00 4.314411e+00 4.570866e+00 3.627971e+00 4.106536e-03
<GCONST> 9.852750e+01
<MIXTURE> 19 9.912824e-03
<MEAN> 25
 -1.013046e+01 1.826281e+00 3.033749e-01 1.065781e+00 3.975932e+00 1.581019e+00 3.389919e+00 1.126278e+00 2.062426e+00 1.171714e+00 1.103021e+00 2.024125e+00 2.087700e+00 1.748853e+00 2.157448e+00 7.492844e-01 -1.052188e+00 -1.023240e+00 -1.048659e+00 -1.420596e+00 -1.496816e+00 -1.143835e+00 -8.385538e-01 -8.056734e-01 1.346746e-03
<VARIANCE> 25
 5.362564e+01 3.012720e+01 4.816726e+01 5.355720e+01 3.387843e+01 3.273667e+01 3.129058e+01 2.974197e+01 2.858161e+01 2.705114e+01 3.025878e+01 1.980276e+01 2.404752e+00 2.205545e+00 2.201800e+00 2.342174e+00 2.565446e+00 2.240586e+00 2.447579e+00 2.394067e+00 2.100228e+00 2.046805e+00 2.246160e+00 1.771104e+00 2.399749e-03
<GCONST> 9.171556e+01
<MIXTURE> 20 6.308331e-03
<MEAN> 25
 -1.418010e+01 7.415657e+00 8.448147e-01 6.151578e+00 4.843404e+00 1.636815e+00 5.208293e+00 8.531748e-01 9.216769e-01 7.987870e-01 2.568439e+00 -3.024552e-01 -3.285695e+00 -8.667397e-01 -1.564997e+00 3.324627e-01 1.540965e+00 2.063058e+00 1.979191e+00 2.056290e+00 2.144709e+00 2.040239e+00 1.684653e+00 9.452356e-01 4.731941e-02
<VARIANCE> 25
 1.968118e+01 2.345653e+01 3.095963e+01 3.717819e+01 3.084716e+01 2.788855e+01 2.994064e+01 3.147525e+01 2.796586e+01 2.821132e+01 2.515766e+01 2.091581e+01 2.092521e+00 2.182284e+00 1.910082e+00 2.541278e+00 2.702558e+00 2.312954e+00 2.309921e+00 2.319877e+00 2.235367e+00 2.651997e+00 2.241310e+00 1.865548e+00 1.886285e-03
<GCONST> 8.921939e+01
<MIXTURE> 21 7.928653e-03
<MEAN> 25
 4.001501e+00 -4.524720e+00 5.766729e+00 -1.549187e+00 -1.057237e+01 -8.718754e+00 -2.615658e+00 4.169560e+00 -2.073764e+00 -3.408612e+00 2.451512e-01 3.432367e-01 -7.186300e-01 1.340046e+00 2.586665e+00 -4.518265e-02 -1.550560e+00 3.345521e-01 5.871351e-01 -1.498318e+00 -1.958372e+00 3.128110e-01 1.325689e+00 2.464760e-01 -1.278554e-02
<VARIANCE> 25
 8.906592e+00 1.874260e+01 2.968515e+01 2.838162e+01 2.863616e+01 3.323187e+01 4.290485e+01 3.937551e+01 4.289737e+01 3.157518e+01 3.379402e+01 2.323486e+01 3.765343e-01 9.509693e-01 1.859778e+00 1.289542e+00 2.211679e+00 2.187257e+00 3.642416e+00 2.499417e+00 2.160129e+00 2.596846e+00 2.018627e+00 2.282822e+00 4.281982e-04
<GCONST> 8.509753e+01
<MIXTURE> 22 8.827789e-03
<MEAN> 25
 -1.792091e+01 7.154785e+00 -4.131347e+00 7.392482e+00 4.602546e+00 2.761039e+00 8.399819e+00 1.748462e+00 5.379299e+00 3.301012e+00 5.716434e+00 1.185148e+00 -3.095726e-01 -2.075880e-01 -1.255633e-01 -1.492641e-01 -7.208806e-03 1.369678e-01 1.807591e-01 1.779423e-01 2.484757e-01 2.073076e-01 1.726615e-01 1.924446e-01 8.857626e-03
<VARIANCE> 25
 8.116920e+00 1.682541e+01 1.738343e+01 2.517213e+01 2.289636e+01 2.083704e+01 1.943101e+01 1.871084e+01 1.813996e+01 2.086667e+01 1.924184e+01 1.378720e+01 1.090756e+00 1.357369e+00 1.363971e+00 1.572030e+00 1.408815e+00 1.526971e+00 1.508942e+00 1.532825e+00 1.614233e+00 1.544764e+00 1.357418e+00 1.168007e+00 1.745583e-03
<GCONST> 7.830949e+01
<MIXTURE> 23 6.455497e-03
<MEAN> 25
 7.432221e+00 2.281796e+00 2.890499e+00 2.266805e+00 -4.612831e+00 -2.907287e+00 -4.045593e+00 -6.212647e+00 -3.434717e+00 -1.119630e+00 -3.986923e+00 -2.179992e+00 4.365198e-02 1.676944e-01 -5.529697e-03 3.064204e-02 -1.160055e-02 5.614690e-02 1.471361e-02 -3.242549e-02 -6.846966e-03 1.334102e-02 -2.959733e-02 5.236314e-02 -4.014754e-03
<VARIANCE> 25
 1.305823e+01 2.132675e+01 2.333407e+01 3.856340e+01 3.658332e+01 5.122816e+01 5.648383e+01 5.305055e+01 4.605515e+01 4.483543e+01 4.568876e+01 3.870662e+01 1.152194e-01 2.836280e-01 3.782574e-01 5.160791e-01 6.194177e-01 6.877823e-01 7.489084e-01 8.688605e-01 8.656359e-01 8.876280e-01 8.744783e-01 7.697388e-01 9.699110e-05
<GCONST> 7.279245e+01
<MIXTURE> 24 6.455497e-03
<MEAN> 25
 7.432221e+00 2.281796e+00 2.890499e+00 2.266805e+00 -4.612831e+00 -2.907287e+00 -4.045593e+00 -6.212647e+00 -3.434717e+00 -1.119630e+00 -3.986923e+00 -2.179992e+00 4.365198e-02 1.676944e-01 -5.529697e-03 3.064204e-02 -1.160055e-02 5.614690e-02 1.471361e-02 -3.242549e-02 -6.846966e-03 1.334102e-02 -2.959733e-02 5.236314e-02 -4.014754e-03
<VARIANCE> 25
 1.305823e+01 2.132675e+01 2.333407e+01 3.856340e+01 3.658332e+01 5.122816e+01 5.648383e+01 5.305055e+01 4.605515e+01 4.483543e+01 4.568876e+01 3.870662e+01 1.152194e-01 2.836280e-01 3.782574e-01 5.160791e-01 6.194177e-01 6.877823e-01 7.489084e-01 8.688605e-01 8.656359e-01 8.876280e-01 8.744783e-01 7.697388e-01 9.699110e-05
<GCONST> 7.279245e+01
<MIXTURE> 25 1.118642e-02
<MEAN> 25
 2.952112e-01 3.480662e+00 1.678730e+01 -1.035216e+00 -1.133060e+01 -1.759505e+00 -4.993368e+00 -2.947661e+00 -6.940340e+00 -5.448640e+00 4.102489e+00 -1.645305e+00 -1.350138e-01 4.403565e-01 1.689161e-01 1.513284e-01 2.168988e-01 1.100306e-01 1.931476e-01 -1.691269e-01 -2.490628e-01 7.440342e-02 -7.359938e-02 -1.075072e-01 -1.293541e-02
<VARIANCE> 25
 8.847150e+00 2.222796e+01 2.088585e+01 2.867537e+01 3.164574e+01 4.109328e+01 2.735782e+01 2.998765e+01 2.836980e+01 3.660980e+01 2.095513e+01 2.760184e+01 5.958800e-01 1.445017e+00 1.405163e+00 1.383035e+00 2.276004e+00 2.037256e+00 1.747960e+00 1.630269e+00 1.536504e+00 1.650248e+00 1.349201e+00 1.297863e+00 1.282233e-03
<GCONST> 8.273720e+01
<MIXTURE> 26 7.727677e-03
<MEAN> 25
 2.176413e+00 -6.445012e+00 -1.039459e+01 -7.033475e-01 8.006147e+00 5.487520e+00 4.056288e+00 -2.825085e-01 2.269318e+00 -9.601799e-01 -2.896715e+00 -9.918727e-01 -6.541935e-01 6.283880e-01 3.661170e-01 6.951510e-01 1.745808e-01 2.422454e-01 2.886412e-01 3.374217e-01 2.908259e-01 8.507014e-02 3.874593e-01 4.277166e-01 -5.275552e-02
<VARIANCE> 25
 2.510206e+01 3.406022e+01 2.566230e+01 6.235279e+01 3.896061e+01 4.245412e+01 4.618394e+01 4.401130e+01 3.937314e+01 5.440223e+01 4.008374e+01 4.672535e+01 1.650348e+00 1.957402e+00 1.927985e+00 2.003315e+00 2.319932e+00 2.366553e+00 2.519961e+00 2.741735e+00 2.340454e+00 2.338820e+00 2.162673e+00 2.000202e+00 3.322685e-03
<GCONST> 9.392591e+01
<MIXTURE> 27 7.727677e-03
<MEAN> 25
 2.176413e+00 -6.445012e+00 -1.039459e+01 -7.033475e-01 8.006147e+00 5.487520e+00 4.056288e+00 -2.825085e-01 2.269318e+00 -9.601799e-01 -2.896715e+00 -9.918727e-01 -6.541935e-01 6.283880e-01 3.661170e-01 6.951510e-01 1.745808e-01 2.422454e-01 2.886412e-01 3.374217e-01 2.908259e-01 8.507014e-02 3.874593e-01 4.277166e-01 -5.275552e-02
<VARIANCE> 25
 2.510206e+01 3.406022e+01 2.566230e+01 6.235279e+01 3.896061e+01 4.245412e+01 4.618394e+01 4.401130e+01 3.937314e+01 5.440223e+01 4.008374e+01 4.672535e+01 1.650348e+00 1.957402e+00 1.927985e+00 2.003315e+00 2.319932e+00 2.366553e+00 2.519961e+00 2.741735e+00 2.340454e+00 2.338820e+00 2.162673e+00 2.000202e+00 3.322685e-03
<GCONST> 9.392591e+01
<MIXTURE> 28 5.036674e-03
<MEAN> 25
 -5.424005e+00 1.357090e-02 -1.560847e+00 6.592911e+00 5.216492e+00 3.500441e+00 5.389150e+00 3.125270e+00 3.906690e+00 2.388515e+00 2.633126e+00 3.207464e+00 -1.163171e-01 2.210363e-01 5.275585e-01 7.829404e-01 8.209015e-01 7.017450e-01 5.240321e-01 3.888916e-01 4.402929e-01 4.807004e-01 3.690085e-01 1.897489e-01 -1.460673e-05
<VARIANCE> 25
 1.056197e+01 8.319393e+00 1.214363e+01 1.492006e+01 1.472687e+01 1.773544e+01 1.816804e+01 1.897054e+01 1.722508e+01 1.669971e+01 2.056027e+01 1.499177e+01 2.561150e-01 3.378793e-01 4.057433e-01 4.643418e-01 6.201292e-01 8.458325e-01 1.053128e+00 1.148252e+00 1.109355e+00 1.031136e+00 1.034878e+00 1.064546e+00 1.008458e-06
<GCONST> 6.027526e+01
<MIXTURE> 29 5.036674e-03
<MEAN> 25
 -5.424005e+00 1.357090e-02 -1.560847e+00 6.592911e+00 5.216492e+00 3.500441e+00 5.389150e+00 3.125270e+00 3.906690e+00 2.388515e+00 2.633126e+00 3.207464e+00 -1.163171e-01 2.210363e-01 5.275585e-01 7.829404e-01 8.209015e-01 7.017450e-01 5.240321e-01 3.888916e-01 4.402929e-01 4.807004e-01 3.690085e-01 1.897489e-01 -1.460673e-05
<VARIANCE> 25
 1.056197e+01 8.319393e+00 1.214363e+01 1.492006e+01 1.472687e+01 1.773544e+01 1.816804e+01 1.897054e+01 1.722508e+01 1.669971e+01 2.056027e+01 1.499177e+01 2.561150e-01 3.378793e-01 4.057433e-01 4.643418e-01 6.201292e-01 8.458325e-01 1.053128e+00 1.148252e+00 1.109355e+00 1.031136e+00 1.034878e+00 1.064546e+00 1.008458e-06
<GCONST> 6.027526e+01
<MIXTURE> 30 8.917812e-03
<MEAN> 25
 -4.490191e+00 -1.947985e-01 6.540270e-01 9.077838e+00 7.769073e+00 7.503804e+00 7.579049e+00 6.877265e+00 6.529881e+00 4.894568e+00 7.008996e+00 3.500475e+00 -2.392790e-02 3.013451e-02 5.644868e-02 8.884741e-02 8.139966e-02 4.404208e-02 1.320754e-02 -2.965079e-03 1.722050e-02 5.094207e-02 6.148156e-02 3.491431e-02 -5.580930e-04
<VARIANCE> 25
 6.949764e+00 9.855814e+00 1.038871e+01 1.384255e+01 1.577993e+01 1.644711e+01 1.913302e+01 1.818133e+01 1.629180e+01 1.835871e+01 2.124532e+01 1.435968e+01 9.739876e-02 1.995115e-01 3.248109e-01 4.815173e-01 6.195248e-01 7.239519e-01 7.734512e-01 8.129345e-01 8.768822e-01 9.380546e-01 9.207346e-01 8.627404e-01 5.104420e-05
<GCONST> 6.060383e+01
<MIXTURE> 31 4.136493e-03
<MEAN> 25
 -3.113319e+00 -5.397797e+00 6.391010e-02 4.642820e+00 3.443110e+00 1.640712e+00 4.988103e+00 6.409704e+00 2.610037e+00 1.247785e+00 6.355577e+00 3.069998e+00 2.488457e-01 4.367152e-01 -2.093207e-01 2.665365e-01 6.632463e-02 3.982159e-01 1.466328e-01 -2.712166e-02 3.691140e-01 3.857810e-01 8.441829e-02 8.169528e-02 -1.823269e-02
<VARIANCE> 25
 7.420222e+00 1.595508e+01 1.666829e+01 1.815332e+01 2.519215e+01 2.272614e+01 2.405597e+01 2.578387e+01 2.532077e+01 2.705263e+01 2.021697e+01 1.811996e+01 1.875905e-01 4.994306e-01 5.770471e-01 7.812104e-01 9.974816e-01 1.066588e+00 1.226017e+00 1.495767e+00 1.348770e+00 1.310722e+00 1.253642e+00 1.156693e+00 2.528056e-04
<GCONST> 7.180872e+01
<MIXTURE> 32 4.136493e-03
<MEAN> 25
 -3.113319e+00 -5.397797e+00 6.391010e-02 4.642820e+00 3.443110e+00 1.640712e+00 4.988103e+00 6.409704e+00 2.610037e+00 1.247785e+00 6.355577e+00 3.069998e+00 2.488457e-01 4.367152e-01 -2.093207e-01 2.665365e-01 6.632463e-02 3.982159e-01 1.466328e-01 -2.712166e-02 3.691140e-01 3.857810e-01 8.441829e-02 8.169528e-02 -1.823269e-02
<VARIANCE> 25
 7.420222e+00 1.595508e+01 1.666829e+01 1.815332e+01 2.519215e+01 2.272614e+01 2.405597e+01 2.578387e+01 2.532077e+01 2.705263e+01 2.021697e+01 1.811996e+01 1.875905e-01 4.994306e-01 5.770471e-01 7.812104e-01 9.974816e-01 1.066588e+00 1.226017e+00 1.495767e+00 1.348770e+00 1.310722e+00 1.253642e+00 1.156693e+00 2.528056e-04
<GCONST> 7.180872e+01
<MIXTURE> 33 1.508826e-02
<MEAN> 25
 6.585522e+00 -4.011919e+00 -2.221127e+00 -2.634482e+00 -1.957786e+00 -5.619369e+00 -7.275006e+00 1.732216e+00 2.306476e+00 -4.607979e-01 -4.705516e+00 -3.002752e+00 6.521775e-01 -1.170716e+00 -2.439618e+00 -1.868443e+00 1.460441e+00 1.419308e+00 -7.521005e-01 6.595426e-01 1.025758e+00 5.609305e-01 -3.058802e-01 -1.333027e+00 3.766124e-02
<VARIANCE> 25
 9.942785e+00 2.116250e+01 2.899753e+01 3.610360e+01 4.063209e+01 4.404604e+01 4.307195e+01 4.672034e+01 4.057655e+01 4.382057e+01 3.495348e+01 2.839964e+01 1.161247e+00 1.945631e+00 2.206855e+00 2.191604e+00 4.210864e+00 3.435270e+00 4.322351e+00 5.626834e+00 3.786283e+00 4.403612e+00 3.379670e+00 2.604410e+00 1.475790e-03
<GCONST> 9.445477e+01
<MIXTURE> 34 1.588179e-02
<MEAN> 25
 8.926007e+00 4.713002e-02 1.342848e-01 1.214680e+00 -2.945072e+00 -1.522955e+00 -6.153832e+00 -4.691808e+00 -1.807169e+00 1.532851e-01 -2.652737e+00 -3.698678e+00 -1.726978e-02 1.346714e+00 1.474633e+00 2.397158e+00 -4.150818e-02 -1.530877e-01 7.906057e-01 -1.642202e+00 -9.016031e-01 2.589211e-01 -5.560917e-01 2.446683e-01 -6.237582e-02
<VARIANCE> 25
 7.679865e+00 3.104716e+01 2.944723e+01 4.993359e+01 4.238276e+01 4.946355e+01 5.500786e+01 5.671380e+01 5.267543e+01 4.326867e+01 4.834700e+01 3.153892e+01 1.263851e+00 1.983946e+00 4.268348e+00 4.051407e+00 5.634306e+00 5.835178e+00 5.513005e+00 6.165513e+00 5.201616e+00 4.982154e+00 5.025374e+00 3.879774e+00 1.153880e-03
<GCONST> 9.971789e+01
<MIXTURE> 35 1.467755e-02
<MEAN> 25
 -2.155962e+00 -5.252215e+00 -9.991014e+00 2.179278e-01 9.714327e+00 7.985049e-01 1.606611e+00 2.538852e+00 1.471110e+00 4.582598e+00 4.669887e-02 1.883590e+00 5.478381e-01 -1.117564e+00 -1.428959e+00 -1.387568e+00 4.083351e-01 -7.984081e-01 -6.814496e-01 -1.318056e-01 -1.595812e-01 1.644065e-01 -6.520491e-01 -4.975162e-01 1.077474e-01
<VARIANCE> 25
 1.959157e+01 2.946205e+01 4.335275e+01 6.241286e+01 4.209888e+01 5.749812e+01 5.103967e+01 4.364127e+01 5.043316e+01 3.853384e+01 3.659762e+01 3.096772e+01 3.466041e+00 3.575508e+00 6.785023e+00 5.559585e+00 5.223197e+00 5.584171e+00 4.926570e+00 4.749436e+00 5.057044e+00 4.519620e+00 4.079902e+00 3.798241e+00 5.301583e-03
<GCONST> 1.036169e+02
<MIXTURE> 36 1.093293e-02
<MEAN> 25
 4.918668e+00 -3.437248e+00 6.832190e+00 2.595694e+00 -9.977525e+00 -8.798488e+00 -6.254575e+00 2.940274e+00 -1.929770e+00 -4.579452e+00 2.787137e+00 -8.601537e-02 3.596759e-01 1.576194e-01 -9.155884e-01 6.662005e-03 8.473576e-01 3.168502e-02 -4.920721e-01 -2.475503e-03 3.825571e-01 5.385371e-01 -4.528683e-01 -3.369268e-01 -1.608012e-02
<VARIANCE> 25
 1.014150e+01 1.685789e+01 2.394739e+01 2.787466e+01 3.224292e+01 3.227985e+01 4.539033e+01 3.575253e+01 3.868977e+01 3.217598e+01 2.724004e+01 2.659892e+01 4.562468e-01 7.264382e-01 1.503406e+00 1.224645e+00 1.632592e+00 1.607151e+00 2.127649e+00 1.768125e+00 2.069183e+00 1.722103e+00 1.432422e+00 1.433547e+00 7.154983e-04
<GCONST> 8.218729e+01
<MIXTURE> 37 1.246826e-02
<MEAN> 25
 5.455182e-01 7.774319e+00 1.205816e+01 -5.555076e+00 -8.031259e+00 -1.052801e+00 -5.080685e+00 -8.324353e+00 -3.710791e+00 -9.074205e-01 -3.669997e+00 -1.292348e+00 1.826189e-01 6.471817e-01 -1.353993e+00 3.583890e+00 1.988053e+00 -3.008129e-01 1.091348e+00 4.360487e-01 5.280362e-01 -3.233317e-01 5.374780e-01 -9.753819e-02 -9.494574e-02
<VARIANCE> 25
 1.593186e+01 2.598301e+01 3.083489e+01 5.101360e+01 3.393698e+01 3.201502e+01 4.398096e+01 3.505304e+01 3.861337e+01 3.596984e+01 3.775293e+01 3.089115e+01 2.956471e+00 3.416040e+00 3.018445e+00 4.092030e+00 4.617869e+00 3.753011e+00 4.208346e+00 3.810905e+00 3.449735e+00 3.621743e+00 3.870281e+00 2.792119e+00 3.927835e-03
<GCONST> 9.778198e+01
<MIXTURE> 38 1.154525e-02
<MEAN> 25
 -4.474722e+00 8.972621e+00 4.598077e+00 3.230280e+00 8.482020e-01 -5.218925e+00 -6.095163e-01 -2.746077e+00 -2.857720e+00 -3.101457e+00 -1.490900e+00 -5.423386e-01 -4.517216e+00 1.251763e+00 -3.113460e-01 1.453927e+00 2.562552e+00 1.392543e+00 2.051315e+00 9.546342e-01 7.870288e-01 6.383845e-01 1.004709e+00 3.257562e-01 4.856274e-02
<VARIANCE> 25
 3.139814e+01 2.957085e+01 3.903027e+01 3.300906e+01 4.884673e+01 3.558298e+01 3.636053e+01 4.163745e+01 3.486909e+01 3.249908e+01 2.428317e+01 2.871901e+01 2.357632e+00 3.940043e+00 3.908211e+00 5.163892e+00 4.247766e+00 5.018978e+00 4.780414e+00 4.644033e+00 4.448047e+00 4.937593e+00 4.388560e+00 3.262805e+00 2.048790e-03
<GCONST> 9.925856e+01
<MIXTURE> 39 9.501865e-03
<MEAN> 25
 1.333848e+00 2.595277e+00 1.017313e+01 -9.203108e+00 -1.126683e+01 -9.892880e-01 -2.965211e+00 -6.557861e+00 -4.510886e+00 8.727658e-01 -3.664428e+00 -2.274655e+00 -7.252349e-01 1.519004e+00 1.621653e+00 -1.388761e+00 7.862563e-02 1.219994e+00 -1.201899e+00 -1.258191e+00 4.263331e-01 4.462219e-01 -5.093703e-01 1.205490e-01 1.278537e-03
<VARIANCE> 25
 8.887535e+00 3.002227e+01 3.206436e+01 3.820014e+01 3.727625e+01 4.256015e+01 4.428263e+01 3.347673e+01 3.938339e+01 3.312446e+01 3.617770e+01 2.953036e+01 6.929712e-01 1.546183e+00 1.513385e+00 2.917027e+00 2.409962e+00 2.817358e+00 3.044741e+00 2.755276e+00 2.435436e+00 2.614868e+00 2.120597e+00 2.066498e+00 1.181421e-03
<GCONST> 8.964645e+01
<MIXTURE> 40 1.030800e-02
<MEAN> 25
 -9.046844e+00 2.075291e+00 -1.052656e+00 7.953439e+00 3.645873e+00 5.355659e+00 5.153061e+00 4.222472e+00 4.534670e+00 4.124770e+00 5.585413e+00 1.691973e+00 -9.267777e-02 -2.318938e-01 -3.277186e-02 -2.301743e-01 -1.220092e-01 -1.121858e-01 5.658867e-02 7.909261e-02 1.657399e-02 9.824852e-03 5.179219e-02 1.194725e-02 3.567033e-03
<VARIANCE> 25
 4.369470e+01 2.017533e+01 2.872665e+01 2.836872e+01 2.616441e+01 1.910544e+01 1.956661e+01 1.840166e+01 1.721155e+01 1.852303e+01 1.908576e+01 1.426025e+01 7.286562e-01 7.216024e-01 8.513312e-01 1.082603e+00 1.133213e+00 1.228167e+00 1.307770e+00 1.326721e+00 1.268891e+00 1.213663e+00 1.185690e+00 1.111760e+00 8.401545e-04
<GCONST> 7.668670e+01
<MIXTURE> 41 6.713375e-03
<MEAN> 25
 1.308472e+00 1.785435e+00 1.047825e+01 -6.963561e+00 -1.047348e+01 -3.857708e+00 -2.486331e+00 -5.044104e+00 -4.655716e+00 2.662991e+00 -1.745143e+00 -9.517235e-01 7.795975e-02 -7.607194e-01 1.697176e+00 -3.559518e+00 -2.461307e+00 -1.131239e-01 -5.065284e-01 -3.570971e-01 -8.270990e-01 1.086970e+00 -1.045991e+00 8.309884e-02 8.629958e-02
<VARIANCE> 25
 1.169610e+01 2.965662e+01 3.259686e+01 4.003476e+01 3.868453e+01 4.016147e+01 3.714139e+01 2.987125e+01 3.309307e+01 2.877562e+01 3.185981e+01 2.719327e+01 3.178239e+00 3.311687e+00 3.824748e+00 3.795372e+00 4.904330e+00 5.875271e+00 4.715820e+00 4.558659e+00 3.976271e+00 4.220436e+00 3.833164e+00 3.223507e+00 2.930197e-03
<GCONST> 9.791261e+01
<MIXTURE> 42 1.106211e-02
<MEAN> 25
 -1.926509e+00 4.568794e+00 4.666995e+00 2.878157e+00 1.969517e-01 -6.299344e+00 -1.000223e+00 -1.873604e+00 -1.514358e+00 -1.234333e+00 -2.287943e+00 1.267446e+00 4.183393e+00 -3.489496e-01 1.527157e+00 1.974787e-01 -2.962393e+00 -1.153192e+00 -2.258086e+00 -8.185826e-01 -7.878917e-01 -7.360905e-01 5.314935e-01 -1.058292e+00 9.584131e-03
<VARIANCE> 25
 3.627479e+01 2.116687e+01 4.671887e+01 2.622324e+01 3.927517e+01 3.905861e+01 3.724820e+01 2.727610e+01 2.863664e+01 2.757059e+01 2.009067e+01 1.791534e+01 3.562686e+00 4.891278e+00 6.151099e+00 4.787555e+00 4.649978e+00 6.015775e+00 5.083280e+00 5.294245e+00 4.977656e+00 4.857049e+00 4.235935e+00 3.413280e+00 4.468461e-03
<GCONST> 9.982830e+01
<MIXTURE> 43 7.108249e-03
<MEAN> 25
 3.159486e+00 -6.297789e+00 -2.251144e+00 -5.185069e+00 -7.392447e+00 -3.400582e+00 4.128409e+00 1.307554e+00 -5.054751e+00 -7.082014e+00 -4.314033e+00 -1.240816e+00 2.381289e-01 2.161474e+00 1.910782e+00 -1.346343e-01 -1.428681e+00 -7.928566e-01 -9.703107e-01 -7.813821e-01 8.196892e-01 1.467676e+00 3.405594e-01 1.931901e-02 -4.504520e-02
<VARIANCE> 25
 9.605677e+00 1.971499e+01 2.729143e+01 3.515325e+01 3.837213e+01 3.657890e+01 3.331196e+01 3.974436e+01 3.963631e+01 3.867479e+01 2.654661e+01 2.956260e+01 6.894639e-01 1.253911e+00 1.573439e+00 2.488059e+00 2.373436e+00 2.381176e+00 2.650751e+00 3.031284e+00 2.605469e+00 2.575062e+00 2.332275e+00 1.917261e+00 9.434299e-04
<GCONST> 8.796269e+01
<MIXTURE> 44 7.328289e-03
<MEAN> 25
 -1.506399e+01 1.527954e+00 3.483955e+00 -3.253967e+00 3.295986e+00 2.024316e+00 -7.278828e-02 2.340516e+00 1.478415e+00 -7.668092e-01 1.768994e+00 1.924479e+00 -1.520511e-01 -2.023640e-03 1.595554e-01 2.903534e-01 -1.185377e-01 1.849944e-01 4.571585e-01 1.183002e-01 2.498497e-01 1.444399e-01 6.415392e-02 9.564164e-02 4.372498e-03
<VARIANCE> 25
 4.542111e+01 2.736732e+01 3.461418e+01 2.967720e+01 2.925481e+01 2.973299e+01 2.456656e+01 3.181949e+01 2.761459e+01 2.690899e+01 2.689436e+01 1.931619e+01 1.208911e+00 1.515670e+00 1.376840e+00 1.329791e+00 2.146792e+00 1.637150e+00 1.501292e+00 1.678059e+00 1.573076e+00 1.496687e+00 1.367016e+00 1.218337e+00 1.270923e-03
<GCONST> 8.438999e+01
<MIXTURE> 45 1.364932e-02
<MEAN> 25
 -1.245023e+01 3.422055e+00 -1.253408e+00 2.846187e+00 5.736159e+00 1.090506e-01 4.763519e+00 2.862509e+00 3.300854e+00 2.190550e+00 2.366972e+00 2.590577e+00 -2.940795e+00 5.944167e-01 -4.863494e-01 -5.342087e-01 1.939763e-01 -1.697246e-02 4.601232e-01 6.713899e-02 -6.878600e-02 -6.731881e-02 2.507093e-01 9.414756e-02 1.191172e-01
<VARIANCE> 25
 3.352358e+01 3.029988e+01 3.081912e+01 3.502096e+01 3.140470e+01 2.912510e+01 2.968172e+01 2.655577e+01 2.480915e+01 2.336341e+01 2.804241e+01 1.560406e+01 2.425331e+00 3.065487e+00 2.851974e+00 2.681713e+00 2.501038e+00 2.632617e+00 2.313279e+00 2.269077e+00 2.143808e+00 2.118477e+00 1.973660e+00 1.641937e+00 4.084235e-03
<GCONST> 9.055817e+01
<MIXTURE> 46 9.336259e-03
<MEAN> 25
 -9.465820e+00 2.309917e+00 1.199471e+00 7.570987e+00 5.944107e+00 3.338084e+00 7.069878e+00 4.497106e+00 5.709462e+00 4.694441e+00 5.041423e+00 2.926993e+00 1.061147e+00 -2.406465e-01 4.066222e-02 1.001972e+00 6.038186e-01 9.430706e-01 3.870889e-01 6.747742e-01 4.731558e-01 5.081416e-01 6.408424e-01 5.241225e-01 -1.057169e-01
<VARIANCE> 25
 3.422533e+01 4.384752e+01 3.854043e+01 4.994691e+01 5.084131e+01 4.080849e+01 3.706968e+01 3.537663e+01 3.316315e+01 3.095525e+01 2.823975e+01 2.023110e+01 3.912309e+00 4.144539e+00 3.883259e+00 4.140085e+00 4.176505e+00 3.698291e+00 3.382123e+00 3.115911e+00 2.982733e+00 2.866472e+00 2.309526e+00 1.784122e+00 7.951593e-03
<GCONST> 9.830486e+01
<MIXTURE> 47 7.116147e-03
<MEAN> 25
 7.330653e+00 -7.376012e+00 -7.757577e+00 -6.452248e+00 1.506928e+00 8.396195e-01 -2.388491e+00 1.225335e+00 3.017931e+00 1.479774e-01 -4.260073e+00 -6.712753e+00 -1.837270e-01 -1.256852e+00 -6.924449e-01 -4.194328e-01 6.230587e-01 8.169931e-01 8.767737e-01 3.003860e-01 1.178378e-01 -8.864363e-01 -4.678725e-01 -4.574330e-01 3.011412e-02
<VARIANCE> 25
 1.070597e+01 2.105781e+01 2.053620e+01 3.318048e+01 3.619974e+01 5.275951e+01 4.529048e+01 4.077655e+01 4.341525e+01 4.700839e+01 4.862568e+01 3.354783e+01 5.193632e-01 7.723589e-01 1.124094e+00 1.668011e+00 1.978215e+00 2.203045e+00 2.319695e+00 2.481238e+00 2.194242e+00 2.143701e+00 2.186139e+00 2.010760e+00 5.499081e-04
<GCONST> 8.644405e+01
<MIXTURE> 48 7.116147e-03
<MEAN> 25
 7.330653e+00 -7.376012e+00 -7.757577e+00 -6.452248e+00 1.506928e+00 8.396195e-01 -2.388491e+00 1.225335e+00 3.017931e+00 1.479774e-01 -4.260073e+00 -6.712753e+00 -1.837270e-01 -1.256852e+00 -6.924449e-01 -4.194328e-01 6.230587e-01 8.169931e-01 8.767737e-01 3.003860e-01 1.178378e-01 -8.864363e-01 -4.678725e-01 -4.574330e-01 3.011412e-02
<VARIANCE> 25
 1.070597e+01 2.105781e+01 2.053620e+01 3.318048e+01 3.619974e+01 5.275951e+01 4.529048e+01 4.077655e+01 4.341525e+01 4.700839e+01 4.862568e+01 3.354783e+01 5.193632e-01 7.723589e-01 1.124094e+00 1.668011e+00 1.978215e+00 2.203045e+00 2.319695e+00 2.481238e+00 2.194242e+00 2.143701e+00 2.186139e+00 2.010760e+00 5.499081e-04
<GCONST> 8.644405e+01
<MIXTURE> 49 5.548473e-03
<MEAN> 25
 -5.065466e+00 3.542022e-01 1.679663e-01 8.423058e+00 6.136343e+00 5.610163e+00 6.054613e+00 4.485937e+00 5.019070e+00 3.707327e+00 4.915844e+00 2.848202e+00 3.633008e-01 6.547883e-01 7.011861e-01 3.519003e-01 -1.951739e-01 -6.679933e-01 -1.007404e+00 -1.118382e+00 -9.564084e-01 -6.849006e-01 -4.916565e-01 -2.703228e-01 -2.991004e-05
<VARIANCE> 25
 9.677102e+00 1.000205e+01 1.420715e+01 1.605991e+01 1.587015e+01 1.712083e+01 1.943528e+01 1.938257e+01 1.821779e+01 1.797151e+01 2.067648e+01 1.430098e+01 2.826355e-01 2.631858e-01 3.591855e-01 6.105142e-01 8.678732e-01 9.724497e-01 9.906021e-01 1.054323e+00 1.137273e+00 1.225326e+00 1.277961e+00 1.205315e+00 1.445546e-05
<GCONST> 6.434361e+01
<MIXTURE> 50 6.234641e-03
<MEAN> 25
 -4.369637e+00 1.186908e-01 -1.327429e+00 5.885368e+00 3.941959e+00 2.128103e+00 3.509575e+00 1.847529e+00 2.610892e+00 1.325292e+00 2.070959e+00 2.664165e+00 5.438731e-02 1.760364e-01 1.058952e-01 -1.814495e-01 -5.286438e-01 -6.112810e-01 -3.934646e-01 -4.271746e-02 4.351710e-01 7.597378e-01 7.350642e-01 4.302798e-01 -1.908880e-05
<VARIANCE> 25
 1.124312e+01 1.067822e+01 1.384777e+01 1.617352e+01 1.586994e+01 1.799338e+01 1.864077e+01 1.903894e+01 1.820226e+01 1.707609e+01 2.092159e+01 1.506890e+01 1.397684e-01 2.284555e-01 3.756689e-01 5.056109e-01 5.983306e-01 7.290461e-01 9.767976e-01 1.095175e+00 1.045884e+00 8.923004e-01 9.044715e-01 9.537755e-01 1.121780e-06
<GCONST> 5.938047e+01
<MIXTURE> 51 6.234641e-03
<MEAN> 25
 -4.369637e+00 1.186908e-01 -1.327429e+00 5.885368e+00 3.941959e+00 2.128103e+00 3.509575e+00 1.847529e+00 2.610892e+00 1.325292e+00 2.070959e+00 2.664165e+00 5.438731e-02 1.760364e-01 1.058952e-01 -1.814495e-01 -5.286438e-01 -6.112810e-01 -3.934646e-01 -4.271746e-02 4.351710e-01 7.597378e-01 7.350642e-01 4.302798e-01 -1.908880e-05
<VARIANCE> 25
 1.124312e+01 1.067822e+01 1.384777e+01 1.617352e+01 1.586994e+01 1.799338e+01 1.864077e+01 1.903894e+01 1.820226e+01 1.707609e+01 2.092159e+01 1.506890e+01 1.397684e-01 2.284555e-01 3.756689e-01 5.056109e-01 5.983306e-01 7.290461e-01 9.767976e-01 1.095175e+00 1.045884e+00 8.923004e-01 9.044715e-01 9.537755e-01 1.121780e-06
<GCONST> 5.938047e+01
<MIXTURE> 52 6.367945e-03
<MEAN> 25
 1.012349e+01 2.049314e+00 -6.198355e+00 -1.428596e+01 -4.222143e+00 8.537111e+00 -2.752788e+00 -3.061132e+00 -4.408463e+00 -2.133025e+00 3.354600e+00 7.467228e-01 -3.855714e-01 -4.802465e-01 -6.966043e-02 1.140453e+00 1.339680e+00 -4.734946e-01 -6.029887e-01 -6.591290e-01 4.284998e-02 1.246312e+00 3.874424e-01 -5.457575e-01 -1.381956e-02
<VARIANCE> 25
 9.292791e+00 2.048845e+01 2.533401e+01 3.858994e+01 4.573075e+01 3.072011e+01 4.654651e+01 4.894247e+01 4.306264e+01 4.603901e+01 3.994913e+01 3.000784e+01 4.496018e-01 1.480710e+00 1.310565e+00 2.758096e+00 2.328833e+00 2.199778e+00 2.985925e+00 2.799647e+00 3.006454e+00 2.667245e+00 2.520530e+00 2.277526e+00 1.546048e-03
<GCONST> 8.973375e+01
<MIXTURE> 53 6.367945e-03
<MEAN> 25
 1.012349e+01 2.049314e+00 -6.198355e+00 -1.428596e+01 -4.222143e+00 8.537111e+00 -2.752788e+00 -3.061132e+00 -4.408463e+00 -2.133025e+00 3.354600e+00 7.467228e-01 -3.855714e-01 -4.802465e-01 -6.966043e-02 1.140453e+00 1.339680e+00 -4.734946e-01 -6.029887e-01 -6.591290e-01 4.284998e-02 1.246312e+00 3.874424e-01 -5.457575e-01 -1.381956e-02
<VARIANCE> 25
 9.292791e+00 2.048845e+01 2.533401e+01 3.858994e+01 4.573075e+01 3.072011e+01 4.654651e+01 4.894247e+01 4.306264e+01 4.603901e+01 3.994913e+01 3.000784e+01 4.496018e-01 1.480710e+00 1.310565e+00 2.758096e+00 2.328833e+00 2.199778e+00 2.985925e+00 2.799647e+00 3.006454e+00 2.667245e+00 2.520530e+00 2.277526e+00 1.546048e-03
<GCONST> 8.973375e+01
<MIXTURE> 54 7.368620e-03
<MEAN> 25
 -3.543115e+00 2.434093e-02 -6.758965e-01 7.865210e+00 6.372659e+00 4.520573e+00 4.601278e+00 4.509551e+00 4.044195e+00 3.591332e+00 4.361098e+00 2.293847e+00 -1.037132e-02 3.074342e-02 3.794699e-02 3.307112e-02 5.451712e-02 5.596860e-02 4.577527e-02 2.164698e-02 7.033770e-03 1.705006e-02 4.754309e-03 4.325699e-03 -2.350247e-06
<VARIANCE> 25
 9.128159e+00 1.007045e+01 9.067311e+00 1.857158e+01 1.351137e+01 1.359600e+01 1.180262e+01 1.120447e+01 1.108398e+01 1.358963e+01 1.780438e+01 1.228133e+01 4.307869e-02 8.730368e-02 1.626415e-01 2.289865e-01 3.027149e-01 3.918516e-01 4.617273e-01 5.121834e-01 5.664148e-01 5.104389e-01 5.094048e-01 5.047595e-01 9.935483e-07
<GCONST> 4.722631e+01
<MIXTURE> 55 7.368620e-03
<MEAN> 25
 -3.543115e+00 2.434093e-02 -6.758965e-01 7.865210e+00 6.372659e+00 4.520573e+00 4.601278e+00 4.509551e+00 4.044195e+00 3.591332e+00 4.361098e+00 2.293847e+00 -1.037132e-02 3.074342e-02 3.794699e-02 3.307112e-02 5.451712e-02 5.596860e-02 4.577527e-02 2.164698e-02 7.033770e-03 1.705006e-02 4.754309e-03 4.325699e-03 -2.350247e-06
<VARIANCE> 25
 9.128159e+00 1.007045e+01 9.067311e+00 1.857158e+01 1.351137e+01 1.359600e+01 1.180262e+01 1.120447e+01 1.108398e+01 1.358963e+01 1.780438e+01 1.228133e+01 4.307869e-02 8.730368e-02 1.626415e-01 2.289865e-01 3.027149e-01 3.918516e-01 4.617273e-01 5.121834e-01 5.664148e-01 5.104389e-01 5.094048e-01 5.047595e-01 9.935483e-07
<GCONST> 4.722631e+01
<MIXTURE> 56 6.132464e-03
<MEAN> 25
 7.526189e+00 -6.746058e+00 -9.122869e+00 -8.633163e+00 3.939053e+00 3.909837e+00 -2.171774e+00 -1.481625e+00 1.946940e+00 6.514137e-01 -2.484015e+00 -7.127784e+00 -9.390666e-03 2.487659e-02 -8.741311e-02 2.114450e-02 2.565678e-01 6.438904e-02 1.134501e-01 -1.370941e-01 -4.771407e-02 -3.884774e-02 -8.285529e-02 1.737842e-02 -7.064443e-03
<VARIANCE> 25
 9.536958e+00 2.339820e+01 2.021078e+01 4.128880e+01 3.314259e+01 5.091855e+01 6.171476e+01 3.671070e+01 3.888144e+01 3.757225e+01 4.012675e+01 3.112849e+01 2.067679e-01 4.309140e-01 4.536272e-01 7.725413e-01 7.985455e-01 1.111604e+00 9.084356e-01 9.086677e-01 9.077317e-01 9.278422e-01 1.034809e+00 7.846357e-01 2.394713e-04
<GCONST> 7.516053e+01
<MIXTURE> 57 6.132464e-03
<MEAN> 25
 7.526189e+00 -6.746058e+00 -9.122869e+00 -8.633163e+00 3.939053e+00 3.909837e+00 -2.171774e+00 -1.481625e+00 1.946940e+00 6.514137e-01 -2.484015e+00 -7.127784e+00 -9.390666e-03 2.487659e-02 -8.741311e-02 2.114450e-02 2.565678e-01 6.438904e-02 1.134501e-01 -1.370941e-01 -4.771407e-02 -3.884774e-02 -8.285529e-02 1.737842e-02 -7.064443e-03
<VARIANCE> 25
 9.536958e+00 2.339820e+01 2.021078e+01 4.128880e+01 3.314259e+01 5.091855e+01 6.171476e+01 3.671070e+01 3.888144e+01 3.757225e+01 4.012675e+01 3.112849e+01 2.067679e-01 4.309140e-01 4.536272e-01 7.725413e-01 7.985455e-01 1.111604e+00 9.084356e-01 9.086677e-01 9.077317e-01 9.278422e-01 1.034809e+00 7.846357e-01 2.394713e-04
<GCONST> 7.516053e+01
<MIXTURE> 58 6.172147e-03
<MEAN> 25
 2.460216e+00 -2.882582e+00 6.983253e+00 -5.101569e+00 -1.292300e+01 -5.336643e+00 1.564273e+00 7.111289e-01 -2.236762e+00 1.784529e+00 5.268931e-01 -8.027074e-01 -1.104897e-02 -1.218609e-01 -6.814272e-02 -1.755177e-01 -1.137201e-02 2.320404e-01 3.623947e-01 2.648180e-01 1.618033e-02 2.290993e-02 -7.640677e-02 -1.190198e-01 -2.544901e-03
<VARIANCE> 25
 7.233149e+00 1.511844e+01 2.171128e+01 2.622138e+01 2.696152e+01 4.529156e+01 3.123399e+01 3.331403e+01 3.177681e+01 3.052145e+01 2.207631e+01 1.999637e+01 3.043944e-01 7.698782e-01 7.270789e-01 9.809245e-01 8.777459e-01 1.167129e+00 1.114848e+00 1.373964e+00 1.034703e+00 1.035466e+00 9.398944e-01 8.718128e-01 7.031618e-04
<GCONST> 7.527968e+01
<MIXTURE> 59 6.172147e-03
<MEAN> 25
 2.460216e+00 -2.882582e+00 6.983253e+00 -5.101569e+00 -1.292300e+01 -5.336643e+00 1.564273e+00 7.111289e-01 -2.236762e+00 1.784529e+00 5.268931e-01 -8.027074e-01 -1.104897e-02 -1.218609e-01 -6.814272e-02 -1.755177e-01 -1.137201e-02 2.320404e-01 3.623947e-01 2.648180e-01 1.618033e-02 2.290993e-02 -7.640677e-02 -1.190198e-01 -2.544901e-03
<VARIANCE> 25
 7.233149e+00 1.511844e+01 2.171128e+01 2.622138e+01 2.696152e+01 4.529156e+01 3.123399e+01 3.331403e+01 3.177681e+01 3.052145e+01 2.207631e+01 1.999637e+01 3.043944e-01 7.698782e-01 7.270789e-01 9.809245e-01 8.777459e-01 1.167129e+00 1.114848e+00 1.373964e+00 1.034703e+00 1.035466e+00 9.398944e-01 8.718128e-01 7.031618e-04
<GCONST> 7.527968e+01
<MIXTURE> 60 4.479129e-03
<MEAN> 25
 -1.665674e+00 -1.869235e-01 -3.966381e-01 1.581212e+00 7.418689e-01 1.147992e+00 1.067385e+00 1.039413e+00 1.221093e+00 1.202902e+00 1.704438e+00 9.611239e-01 -6.293032e-02 7.123320e-03 8.583724e-02 8.155415e-02 5.460802e-02 8.142521e-02 2.348119e-01 3.453723e-01 5.472884e-01 6.404818e-01 5.409914e-01 1.788463e-01 1.117169e-03
<VARIANCE> 25
 5.637754e+00 3.383571e+00 6.299223e+00 8.386894e+00 9.147738e+00 1.067555e+01 1.051998e+01 1.114752e+01 1.187602e+01 1.022532e+01 1.252335e+01 1.130714e+01 8.190081e-02 1.262685e-01 2.402733e-01 3.819543e-01 5.580636e-01 5.653496e-01 9.213703e-01 9.447234e-01 1.027261e+00 8.848140e-01 1.048591e+00 7.079449e-01 4.820043e-05
<GCONST> 5.337487e+01
<MIXTURE> 61 4.479129e-03
<MEAN> 25
 -1.665674e+00 -1.869235e-01 -3.966381e-01 1.581212e+00 7.418689e-01 1.147992e+00 1.067385e+00 1.039413e+00 1.221093e+00 1.202902e+00 1.704438e+00 9.611239e-01 -6.293032e-02 7.123320e-03 8.583724e-02 8.155415e-02 5.460802e-02 8.142521e-02 2.348119e-01 3.453723e-01 5.472884e-01 6.404818e-01 5.409914e-01 1.788463e-01 1.117169e-03
<VARIANCE> 25
 5.637754e+00 3.383571e+00 6.299223e+00 8.386894e+00 9.147738e+00 1.067555e+01 1.051998e+01 1.114752e+01 1.187602e+01 1.022532e+01 1.252335e+01 1.130714e+01 8.190081e-02 1.262685e-01 2.402733e-01 3.819543e-01 5.580636e-01 5.653496e-01 9.213703e-01 9.447234e-01 1.027261e+00 8.848140e-01 1.048591e+00 7.079449e-01 4.820043e-05
<GCONST> 5.337487e+01
<MIXTURE> 62 3.278034e-03
<MEAN> 25
 -5.090196e+00 1.241206e+00 1.025704e+00 8.815912e+00 6.129651e+00 5.049886e+00 5.498994e+00 4.034276e+00 4.986074e+00 3.917155e+00 4.965920e+00 2.950745e+00 -1.003142e+00 -1.166484e+00 -9.530984e-01 -2.766671e-01 4.274898e-01 1.004851e+00 1.384641e+00 1.552300e+00 1.478703e+00 1.243266e+00 1.066813e+00 7.260397e-01 -1.264069e-03
<VARIANCE> 25
 9.873842e+00 9.957284e+00 1.311434e+01 1.676040e+01 1.741563e+01 1.752316e+01 1.969970e+01 1.911067e+01 1.885700e+01 1.872604e+01 2.155967e+01 1.479651e+01 4.017543e-01 4.321193e-01 5.542054e-01 7.792282e-01 1.034946e+00 1.192423e+00 1.252136e+00 1.278745e+00 1.329876e+00 1.363968e+00 1.400294e+00 1.371066e+00 1.633198e-05
<GCONST> 6.752742e+01
<MIXTURE> 63 4.351215e-03
<MEAN> 25
 -2.446964e+00 -1.298269e+00 -2.928560e+00 1.605203e+00 1.945536e+00 -3.707126e-01 1.778156e+00 8.442920e-01 1.414734e+00 -8.814846e-01 -1.038852e+00 1.612789e+00 -3.902923e-02 2.432196e-01 3.789117e-01 4.469433e-01 3.274249e-01 1.920150e-01 2.927813e-01 1.730096e-01 1.489097e-01 2.696821e-01 2.216303e-01 2.097864e-01 3.164231e-04
<VARIANCE> 25
 8.234858e+00 1.085718e+01 1.388049e+01 1.293508e+01 1.532641e+01 1.915315e+01 1.904592e+01 1.937988e+01 2.158877e+01 1.673751e+01 1.578975e+01 1.423571e+01 2.609918e-01 3.534814e-01 5.312441e-01 6.065538e-01 8.863801e-01 1.017648e+00 1.066043e+00 1.473673e+00 1.312602e+00 1.371501e+00 1.389528e+00 1.273394e+00 2.173053e-04
<GCONST> 6.808589e+01
<MIXTURE> 64 4.351215e-03
<MEAN> 25
 -2.446964e+00 -1.298269e+00 -2.928560e+00 1.605203e+00 1.945536e+00 -3.707126e-01 1.778156e+00 8.442920e-01 1.414734e+00 -8.814846e-01 -1.038852e+00 1.612789e+00 -3.902923e-02 2.432196e-01 3.789117e-01 4.469433e-01 3.274249e-01 1.920150e-01 2.927813e-01 1.730096e-01 1.489097e-01 2.696821e-01 2.216303e-01 2.097864e-01 3.164231e-04
<VARIANCE> 25
 8.234858e+00 1.085718e+01 1.388049e+01 1.293508e+01 1.532641e+01 1.915315e+01 1.904592e+01 1.937988e+01 2.158877e+01 1.673751e+01 1.578975e+01 1.423571e+01 2.609918e-01 3.534814e-01 5.312441e-01 6.065538e-01 8.863801e-01 1.017648e+00 1.066043e+00 1.473673e+00 1.312602e+00 1.371501e+00 1.389528e+00 1.273394e+00 2.173053e-04
<GCONST> 6.808589e+01
<MIXTURE> 65 1.721197e-02
<MEAN> 25
 7.486972e+00 1.997862e+00 1.693076e+00 4.737912e-01 -5.080474e+00 -4.115113e+00 -5.785155e+00 -6.665002e+00 -3.886502e+00 -2.384953e+00 -5.165010e+00 -1.703323e+00 1.793512e-01 1.219580e-01 -2.953127e-02 1.015553e-01 -1.845000e-01 2.127192e-01 -1.667568e-01 -2.048751e-01 9.309942e-02 -6.070300e-02 -1.064492e-01 -1.787891e-01 -5.145722e-03
<VARIANCE> 25
 1.291426e+01 1.824058e+01 2.518975e+01 3.444231e+01 3.725508e+01 5.551165e+01 5.514378e+01 5.594873e+01 5.286554e+01 5.515072e+01 5.482048e+01 4.929242e+01 5.226159e-01 8.966866e-01 1.580865e+00 1.765980e+00 1.912123e+00 2.120691e+00 2.244214e+00 2.922134e+00 2.555242e+00 2.482405e+00 2.420662e+00 2.063119e+00 4.200003e-04
<GCONST> 8.895277e+01
<MIXTURE> 66 1.191532e-02
<MEAN> 25
 6.681234e+00 -4.093879e+00 -5.623361e+00 -4.830919e+00 1.277401e+00 -5.092484e+00 -6.924232e+00 1.192602e+00 6.841668e-01 -2.051420e+00 -6.140549e+00 -3.475396e+00 -4.557355e-02 1.667308e+00 2.240255e+00 2.317784e+00 -1.251097e+00 -1.253493e+00 5.529249e-02 -5.470133e-01 -1.448764e-01 -1.946400e-01 -2.017046e-01 1.044779e+00 -6.380078e-02
<VARIANCE> 25
 8.931219e+00 2.234667e+01 2.705955e+01 3.306330e+01 3.851553e+01 5.342270e+01 5.599941e+01 4.541548e+01 5.410942e+01 6.677990e+01 3.698433e+01 3.644410e+01 1.283614e+00 2.445743e+00 2.352568e+00 2.470689e+00 4.197287e+00 4.308380e+00 4.369011e+00 4.845367e+00 4.249582e+00 4.994308e+00 3.900126e+00 3.262178e+00 1.468969e-03
<GCONST> 9.683572e+01
<MIXTURE> 67 1.559142e-02
<MEAN> 25
 8.985456e+00 2.035448e+00 -5.978737e+00 -8.274504e+00 9.031860e-01 3.083229e+00 -3.325229e+00 -2.242070e+00 -3.773560e+00 7.784979e-01 -5.461008e-02 -1.732939e+00 -1.074132e+00 1.831960e+00 1.062773e+00 3.073161e+00 1.392620e+00 -5.098513e-01 1.302791e+00 1.202588e-01 1.569752e-01 2.512395e-01 -2.766193e-01 6.252995e-01 -1.299931e-01
<VARIANCE> 25
 1.146567e+01 3.885957e+01 3.078913e+01 5.585363e+01 4.915367e+01 5.406945e+01 6.210220e+01 5.280804e+01 6.478790e+01 5.711977e+01 5.578411e+01 4.738020e+01 2.179849e+00 3.465775e+00 3.290490e+00 4.517694e+00 4.523180e+00 4.553678e+00 4.706660e+00 5.071122e+00 5.476764e+00 4.779429e+00 5.135092e+00 3.746339e+00 3.042452e-03
<GCONST> 1.029183e+02
<MIXTURE> 68 1.485092e-02
<MEAN> 25
 -2.018187e+00 -2.311005e+00 -4.105187e+00 1.254475e+00 5.261793e+00 -6.688031e-01 2.129833e+00 1.825038e+00 2.005713e+00 1.689983e+00 4.859392e-01 1.877894e+00 2.768330e+00 5.489857e-01 1.378297e-02 -2.585326e+00 -2.417273e+00 -1.591359e+00 -2.354047e+00 -1.792215e+00 -1.651270e+00 -1.481078e+00 -1.985768e+00 -1.059318e+00 1.032815e-01
<VARIANCE> 25
 2.600135e+01 3.204091e+01 5.876293e+01 5.261398e+01 4.670495e+01 5.511353e+01 4.528550e+01 4.228110e+01 4.044381e+01 4.351599e+01 3.739300e+01 2.576047e+01 1.864336e+00 3.745096e+00 5.938902e+00 5.868137e+00 4.699117e+00 5.611377e+00 5.772706e+00 4.974854e+00 4.979212e+00 5.262691e+00 5.043807e+00 3.421516e+00 6.140235e-03
<GCONST> 1.036079e+02
<MIXTURE> 69 1.204884e-02
<MEAN> 25
 4.672365e+00 -4.230410e+00 -3.568889e+00 -3.630619e+00 -3.506196e+00 -7.879602e+00 -1.112398e+00 2.211035e+00 -3.493315e-01 -4.740180e+00 -5.685880e+00 9.586371e-01 1.677903e+00 -2.235166e+00 -1.338547e+00 -2.244131e+00 -5.299458e-01 -3.493621e-01 -4.733318e-01 6.152427e-01 -6.429018e-01 -1.460687e+00 -2.204758e+00 -1.730182e-01 6.251998e-02
<VARIANCE> 25
 8.864400e+00 2.179825e+01 2.674397e+01 2.592648e+01 4.269727e+01 3.562613e+01 4.895868e+01 3.161069e+01 3.977009e+01 3.790548e+01 3.109653e+01 2.461209e+01 3.547989e+00 2.923611e+00 3.334813e+00 3.700752e+00 5.766712e+00 5.009994e+00 7.116604e+00 6.080163e+00 5.912912e+00 5.866138e+00 4.350753e+00 3.704474e+00 2.448904e-03
<GCONST> 9.867987e+01
<MIXTURE> 70 1.329190e-02
<MEAN> 25
 7.522032e+00 -2.034923e+00 -3.889879e+00 -3.608905e+00 -4.089774e-01 -6.678021e-01 -7.690871e+00 -4.028640e+00 5.686612e-01 2.892900e+00 -1.312037e-01 -4.910625e+00 1.935389e+00 -1.138064e+00 -8.201605e-01 -2.206120e+00 -1.518894e+00 1.178054e+00 -1.337190e+00 -8.726726e-02 3.382330e-01 -2.731865e-02 6.878476e-01 -1.454559e+00 5.867951e-02
<VARIANCE> 25
 9.931675e+00 2.257336e+01 2.832942e+01 4.697536e+01 3.549992e+01 4.450090e+01 4.986799e+01 4.408989e+01 4.709122e+01 3.278679e+01 4.498591e+01 2.728932e+01 3.502558e+00 3.212267e+00 4.742318e+00 4.957492e+00 5.216947e+00 6.446618e+00 6.795209e+00 7.556684e+00 6.176637e+00 5.388559e+00 5.866871e+00 4.305919e+00 2.537415e-03
<GCONST> 1.018583e+02
<MIXTURE> 71 1.406903e-02
<MEAN> 25
 6.355114e+00 5.166443e+00 4.212979e+00 3.082879e+00 -3.418400e+00 -3.410904e+00 -3.448496e+00 -6.641963e+00 -4.687966e+00 -2.488410e+00 -5.197145e+00 -3.224222e+00 -1.568652e+00 -6.881901e-01 -2.490330e-01 -1.773653e+00 1.126288e+00 -1.384403e-01 6.052035e-02 1.548122e+00 3.301084e-01 -1.649133e-01 6.870658e-01 1.840317e-01 4.083752e-02
<VARIANCE> 25
 1.898308e+01 2.562947e+01 2.436023e+01 4.485185e+01 4.077262e+01 4.038326e+01 4.233908e+01 4.125576e+01 3.878186e+01 4.392324e+01 3.655310e+01 3.434945e+01 1.749705e+00 3.038335e+00 5.266892e+00 4.857515e+00 4.677703e+00 4.719695e+00 4.856371e+00 5.369656e+00 4.346537e+00 4.103493e+00 3.606493e+00 3.278303e+00 1.413878e-03
<GCONST> 9.863639e+01
<MIXTURE> 72 8.134747e-03
<MEAN> 25
 3.790890e+00 -3.682574e+00 5.454828e+00 -2.467016e+00 -1.040259e+01 -9.623438e+00 -2.451873e+00 1.921947e+00 -4.943348e+00 -2.201151e+00 -1.886323e+00 6.182747e-01 9.324483e-01 -7.858660e-01 -2.576946e+00 4.629676e-01 2.136873e+00 -6.549981e-01 -1.317442e+00 1.524917e+00 1.813844e+00 -5.969145e-01 -1.289709e+00 4.024594e-01 -6.132826e-03
<VARIANCE> 25
 1.078948e+01 1.948723e+01 3.288396e+01 3.842368e+01 3.233667e+01 3.339427e+01 4.106815e+01 3.621999e+01 4.369519e+01 4.136273e+01 3.879617e+01 2.851611e+01 4.322635e-01 1.026316e+00 2.021916e+00 1.469481e+00 2.184670e+00 2.355345e+00 3.060632e+00 2.733924e+00 2.606960e+00 2.960994e+00 2.024184e+00 2.129238e+00 5.408947e-04
<GCONST> 8.725585e+01
<MIXTURE> 73 1.213625e-02
<MEAN> 25
 -5.640381e+00 -7.917240e-01 -1.304265e+00 4.916827e+00 4.240170e+00 2.343096e+00 5.518903e+00 3.455092e+00 4.368886e+00 3.435277e+00 4.270383e+00 3.028800e+00 8.031323e-01 -1.030915e+00 -9.460025e-01 -2.649059e+00 -1.261625e+00 -1.752257e+00 -9.020094e-01 -5.085132e-01 -9.206213e-01 -7.017253e-01 -1.105211e+00 -2.827897e-01 1.549192e-01
<VARIANCE> 25
 1.284228e+01 1.340036e+01 1.520331e+01 2.263527e+01 2.333917e+01 2.477512e+01 2.038744e+01 2.000529e+01 1.777435e+01 1.906338e+01 2.279702e+01 1.557981e+01 4.047370e+00 3.091396e+00 5.966741e+00 4.675802e+00 6.153690e+00 4.561687e+00 4.304168e+00 4.250971e+00 3.898971e+00 4.232390e+00 3.542107e+00 2.674307e+00 4.297254e-03
<GCONST> 9.270388e+01
<MIXTURE> 74 1.756491e-02
<MEAN> 25
 4.512971e+00 -1.591311e+00 5.257503e+00 -1.157273e+00 -8.761930e+00 -8.317318e+00 -2.713857e+00 7.497870e-01 -4.122045e+00 -2.844783e+00 -1.698888e+00 2.698589e-01 3.111418e-01 2.022298e+00 4.183945e-02 1.716332e+00 1.232852e+00 3.565234e-01 -6.312343e-03 -1.335615e+00 1.706609e-01 1.765309e-01 -2.419142e-01 -1.079821e-01 -7.867369e-02
<VARIANCE> 25
 1.171737e+01 2.200027e+01 3.776317e+01 3.866520e+01 3.720098e+01 3.971624e+01 5.162334e+01 4.671231e+01 4.807313e+01 4.474435e+01 4.116866e+01 3.445603e+01 2.099730e+00 2.054272e+00 3.927301e+00 2.601169e+00 3.930033e+00 3.914476e+00 5.065137e+00 4.282512e+00 4.177422e+00 4.042190e+00 3.657570e+00 3.201555e+00 1.756015e-03
<GCONST> 9.734056e+01
<MIXTURE> 75 9.711651e-03
<MEAN> 25
 2.665212e+00 -1.247082e+00 1.104071e+01 1.730458e+00 -1.184549e+01 -7.675746e+00 -4.582231e+00 -4.825417e-01 -4.512528e+00 -4.626468e+00 3.268560e+00 1.544651e-01 1.754115e+00 -1.768588e+00 2.012248e-01 -2.581880e-01 -2.404197e+00 -5.194165e-01 -1.468261e+00 9.667866e-01 -1.532745e-01 -3.533992e-01 1.083317e+00 -6.310357e-01 3.865972e-02
<VARIANCE> 25
 1.114233e+01 1.783561e+01 3.037708e+01 2.782952e+01 2.689586e+01 3.276406e+01 3.148200e+01 3.115839e+01 3.373001e+01 3.163533e+01 2.045334e+01 2.172721e+01 2.381753e+00 1.901947e+00 4.294724e+00 2.492174e+00 3.880125e+00 4.348659e+00 4.162005e+00 3.520655e+00 3.952326e+00 3.383509e+00 3.107378e+00 2.513368e+00 1.544105e-03
<GCONST> 9.228477e+01
<MIXTURE> 76 1.052359e-02
<MEAN> 25
 -5.557658e+00 -1.122348e+00 -2.369445e+00 2.966476e+00 3.279517e+00 1.486916e+00 3.186369e+00 1.783243e+00 1.860929e+00 8.087935e-02 1.398039e+00 2.100421e+00 -4.458129e-02 -4.658354e-01 -3.504624e-01 -8.196696e-01 -6.263312e-01 -8.039911e-01 -7.027829e-01 -5.928519e-01 -5.211381e-01 -3.326263e-01 -2.323627e-01 -1.813737e-01 1.322249e-02
<VARIANCE> 25
 3.408961e+01 2.363592e+01 2.488223e+01 2.546171e+01 2.895918e+01 2.658078e+01 2.633310e+01 2.575044e+01 2.272482e+01 2.129093e+01 2.452346e+01 1.791718e+01 9.141788e-01 9.423616e-01 1.191943e+00 1.101428e+00 1.275561e+00 1.426657e+00 1.438245e+00 2.036443e+00 1.429536e+00 1.566463e+00 1.365997e+00 1.214457e+00 1.191671e-03
<GCONST> 8.089890e+01
<MIXTURE> 77 1.244626e-02
<MEAN> 25
 -4.590200e-01 8.515434e+00 1.233588e+01 -1.152941e+01 -6.947616e+00 9.485730e-01 -9.204259e+00 -7.197813e+00 -3.369434e+00 -2.038906e-01 -4.634406e+00 -1.494627e+00 7.058773e-02 1.356315e-01 7.193765e-02 2.496212e-01 -2.241415e-02 7.561445e-02 -6.644014e-02 -6.078949e-02 7.872462e-02 -5.121096e-02 1.949562e-02 1.136550e-01 -9.852479e-03
<VARIANCE> 25
 1.034849e+01 2.040249e+01 2.889699e+01 4.202785e+01 3.323906e+01 3.352008e+01 3.698600e+01 3.167656e+01 3.498394e+01 3.301799e+01 3.733073e+01 3.467899e+01 2.982825e-01 7.721559e-01 6.434591e-01 1.084112e+00 1.236322e+00 9.824238e-01 1.216144e+00 1.072724e+00 1.044687e+00 1.070805e+00 9.835623e-01 9.258479e-01 5.380405e-04
<GCONST> 7.782420e+01
<MIXTURE> 78 9.702551e-03
<MEAN> 25
 -1.162832e+01 1.103533e+00 -1.645355e+00 2.253212e+00 4.434376e+00 -2.271227e+00 3.785971e+00 2.658025e+00 2.618217e+00 7.531242e-01 -4.795150e-01 3.058510e+00 2.406290e+00 -2.743071e-01 1.844759e-01 5.841113e-01 -3.350982e-02 1.975428e-02 -3.095274e-01 -9.321203e-02 2.184200e-01 1.456032e-01 -3.787023e-01 -4.635378e-01 -6.208735e-02
<VARIANCE> 25
 4.094178e+01 3.286258e+01 3.278782e+01 3.265236e+01 3.990850e+01 3.728729e+01 3.587917e+01 3.297824e+01 2.825828e+01 2.773610e+01 2.720124e+01 2.022075e+01 4.935308e+00 2.588207e+00 2.863563e+00 3.079549e+00 2.862741e+00 3.519058e+00 3.272731e+00 2.851911e+00 2.357235e+00 2.373137e+00 2.255303e+00 2.132234e+00 4.711274e-03
<GCONST> 9.468491e+01
<MIXTURE> 79 1.156824e-02
<MEAN> 25
 2.418789e+00 1.578310e+00 9.184780e+00 -6.608147e+00 -1.206870e+01 -1.818412e+00 -1.916750e+00 -6.476851e+00 -6.577332e+00 3.229718e-01 -3.517093e+00 -3.295942e+00 1.221419e+00 -5.254394e-01 -1.432149e+00 2.352870e+00 3.793602e-01 -1.473388e+00 5.336831e-01 8.864816e-01 -4.367639e-01 -5.440050e-01 3.571585e-01 2.789816e-01 -3.630758e-02
<VARIANCE> 25
 1.423402e+01 2.412685e+01 3.799829e+01 4.975194e+01 3.348596e+01 4.350083e+01 4.284908e+01 3.675868e+01 3.894973e+01 3.980587e+01 4.391219e+01 3.068278e+01 9.431827e-01 2.261389e+00 1.895814e+00 2.089940e+00 2.473950e+00 2.814399e+00 3.198414e+00 3.535890e+00 2.517014e+00 2.734637e+00 2.319294e+00 2.031292e+00 1.232410e-03
<GCONST> 9.180930e+01
<MIXTURE> 80 7.550998e-03
<MEAN> 25
 -1.460866e+01 3.982978e+00 6.888527e-01 2.865978e+00 2.449390e+00 1.410288e+00 6.397008e+00 2.496773e+00 2.719634e+00 2.373497e+00 4.852879e+00 1.186962e+00 4.286331e+00 -1.602020e-02 1.637934e+00 -1.135554e+00 -2.889475e+00 -2.777582e+00 -2.323244e+00 -2.021465e+00 -1.975032e+00 -1.685194e+00 -1.650844e+00 -6.027454e-01 -4.423228e-02
<VARIANCE> 25
 2.094969e+01 1.984664e+01 3.444448e+01 3.470766e+01 3.018093e+01 2.920889e+01 2.828683e+01 2.855507e+01 2.674643e+01 2.881129e+01 2.685423e+01 1.810697e+01 2.357266e+00 2.666195e+00 2.673126e+00 4.119907e+00 3.394136e+00 2.705081e+00 3.025253e+00 3.204086e+00 2.749122e+00 2.701698e+00 2.782157e+00 2.145745e+00 1.512166e-03
<GCONST> 9.139670e+01
<MIXTURE> 81 8.025434e-03
<MEAN> 25
 -1.117177e+00 4.064581e+00 1.016901e+01 -1.479261e+01 -9.072049e+00 -1.420907e+00 -6.763159e+00 -8.421805e+00 -4.151111e+00 -4.166236e-01 -7.569818e+00 -2.247182e+00 1.340892e-01 -5.865654e-01 -2.555920e-03 -5.556572e-01 -4.636229e-01 3.341530e-01 3.188880e-01 1.362477e-01 -1.411610e-01 1.050985e-01 -4.699971e-01 -1.257768e-01 1.149616e-02
<VARIANCE> 25
 1.014398e+01 3.278301e+01 2.654725e+01 2.937901e+01 3.374796e+01 3.049903e+01 4.542792e+01 2.825204e+01 3.796573e+01 3.187403e+01 2.531068e+01 3.102863e+01 7.715670e-01 2.275673e+00 1.544823e+00 2.871467e+00 2.661514e+00 2.125401e+00 3.279552e+00 2.287468e+00 2.356037e+00 2.539871e+00 2.298537e+00 2.077713e+00 1.182689e-03
<GCONST> 8.868479e+01
<MIXTURE> 82 8.213053e-03
<MEAN> 25
 -9.966154e+00 -3.903408e+00 1.640062e+00 -2.971874e+00 3.113755e+00 6.711840e-01 1.994697e+00 9.378258e-01 2.976375e+00 1.729304e+00 1.742733e+00 3.085377e+00 -1.314314e+00 -1.249137e-01 2.896780e-01 -2.604449e+00 -1.105526e+00 -1.265385e+00 -1.013565e+00 -8.703216e-01 -3.166821e-01 -4.782733e-01 -3.166765e-01 -9.516654e-02 1.784473e-01
<VARIANCE> 25
 1.801126e+01 2.493747e+01 3.237074e+01 3.088848e+01 3.302607e+01 3.229218e+01 3.178274e+01 3.298288e+01 3.085958e+01 2.512614e+01 3.079016e+01 1.750369e+01 3.754978e+00 3.049228e+00 3.316891e+00 3.268492e+00 3.562276e+00 3.286653e+00 2.943596e+00 3.016214e+00 2.795037e+00 2.490985e+00 2.449381e+00 1.865923e+00 3.430215e-03
<GCONST> 9.308215e+01
<MIXTURE> 83 1.167529e-02
<MEAN> 25
 -2.004081e+01 5.504238e+00 -1.789702e+00 -4.051103e-01 7.829639e+00 -1.234488e+00 5.460100e+00 3.044532e+00 1.192393e+00 2.190908e+00 7.244872e-01 2.881716e+00 -2.631321e-02 -4.501706e-01 4.872012e-03 -3.655977e-01 -4.974648e-01 -1.258521e-01 -1.343577e-01 -9.942717e-02 -4.144356e-02 -3.920248e-02 -3.058213e-02 -3.465528e-02 4.403248e-03
<VARIANCE> 25
 8.819281e+00 1.645402e+01 2.851271e+01 2.248555e+01 2.127508e+01 2.407955e+01 2.202746e+01 2.336420e+01 2.042958e+01 2.221887e+01 2.319599e+01 1.448780e+01 1.060910e+00 9.362046e-01 1.240790e+00 1.065688e+00 1.359398e+00 1.291389e+00 1.283447e+00 1.388157e+00 1.349015e+00 1.310737e+00 1.220778e+00 1.071650e+00 8.923843e-04
<GCONST> 7.703519e+01
<MIXTURE> 84 1.066614e-02
<MEAN> 25
 1.177967e+00 9.020205e+00 7.239377e+00 7.983244e+00 2.834010e+00 -9.182784e-01 -1.529857e+00 -4.482167e+00 -4.122091e+00 -2.908974e+00 -2.411870e+00 -1.595724e+00 -1.787104e+00 -1.184459e+00 -1.205587e+00 1.287791e+00 2.253413e+00 1.504094e+00 1.453404e+00 1.291441e+00 1.170897e+00 4.042562e-01 4.171523e-01 4.255245e-01 -7.166594e-02
<VARIANCE> 25
 2.348787e+01 1.826578e+01 2.167288e+01 2.417142e+01 2.916411e+01 2.829328e+01 2.794607e+01 2.653193e+01 2.528076e+01 2.524613e+01 2.359435e+01 2.459707e+01 2.102039e+00 2.542353e+00 3.848692e+00 3.303357e+00 3.275352e+00 3.375987e+00 3.289333e+00 3.407546e+00 3.485199e+00 3.251148e+00 3.586673e+00 2.804684e+00 3.531041e-03
<GCONST> 9.254455e+01
<MIXTURE> 85 7.591393e-03
<MEAN> 25
 -3.110106e+00 7.891195e+00 5.723747e+00 1.285259e+00 -3.493337e+00 -5.324922e+00 -2.980781e+00 -6.121531e+00 -3.542906e+00 -3.185027e+00 -4.791229e-01 -1.899097e+00 3.942849e+00 3.247556e-01 1.755658e+00 -2.091278e+00 -3.414141e+00 -2.583054e+00 -2.885926e+00 -2.341444e+00 -2.249231e+00 -1.264281e+00 -2.302622e+00 -6.157386e-01 9.203515e-03
<VARIANCE> 25
 4.246931e+01 2.343469e+01 3.648048e+01 3.822112e+01 3.974345e+01 4.118643e+01 3.216246e+01 2.789094e+01 2.664099e+01 2.611526e+01 2.622331e+01 2.056809e+01 2.706325e+00 4.325580e+00 4.059004e+00 5.182335e+00 4.409260e+00 3.880646e+00 3.853103e+00 3.986650e+00 3.848925e+00 4.039971e+00 3.941636e+00 3.484743e+00 5.445485e-03
<GCONST> 9.835403e+01
<MIXTURE> 86 1.273941e-02
<MEAN> 25
 -3.909480e+00 -9.078142e-01 -5.576547e-01 4.856536e+00 4.340094e+00 4.123032e+00 4.802222e+00 4.000963e+00 4.069262e+00 3.708083e+00 5.023074e+00 2.492214e+00 -1.380219e-02 -9.921612e-03 -5.709209e-02 -7.719999e-02 -1.469283e-01 -1.914905e-01 -4.147908e-01 -4.441994e-01 -3.752798e-01 -4.413694e-01 -2.216906e-01 -1.243463e-01 -2.361686e-03
<VARIANCE> 25
 9.111259e+00 4.826508e+00 8.344007e+00 1.557361e+01 1.449478e+01 1.369074e+01 1.237781e+01 1.252078e+01 1.266857e+01 1.274328e+01 1.428106e+01 1.183396e+01 8.786084e-02 1.662701e-01 2.862384e-01 5.121355e-01 5.884809e-01 6.808725e-01 8.639085e-01 7.689942e-01 8.642989e-01 1.028114e+00 8.769727e-01 9.452515e-01 7.180253e-05
<GCONST> 5.782844e+01
<MIXTURE> 87 1.100681e-02
<MEAN> 25
 -3.298337e+00 4.540144e+00 3.497299e+00 7.013412e+00 5.567795e+00 8.900054e-01 1.634526e+00 -9.518937e-01 -5.957747e-01 -8.866696e-01 -7.848328e-01 2.931165e-02 -2.150094e+00 -2.782863e+00 -2.099993e+00 -2.224329e+00 -3.663662e-02 -1.809135e-01 6.143168e-01 1.301754e+00 1.406477e+00 1.032339e+00 9.449478e-01 1.003024e+00 1.046172e-01
<VARIANCE> 25
 3.808845e+01 2.951905e+01 2.808799e+01 3.377111e+01 2.869510e+01 3.188403e+01 2.817586e+01 2.729470e+01 2.594958e+01 2.467672e+01 2.479449e+01 2.313382e+01 3.859708e+00 2.726780e+00 3.919799e+00 3.651726e+00 4.789120e+00 4.308715e+00 4.151959e+00 3.897257e+00 3.535961e+00 3.383690e+00 3.379774e+00 2.730583e+00 4.957988e-03
<GCONST> 9.632808e+01
<MIXTURE> 88 1.256585e-02
<MEAN> 25
 -3.797631e+00 -7.252627e-01 -1.155427e+00 4.909109e+00 4.071641e+00 3.153973e+00 4.293956e+00 3.236413e+00 3.406838e+00 2.127181e+00 2.686480e+00 2.422564e+00 1.389203e-02 1.324502e-01 1.905089e-01 3.499952e-01 1.828227e-01 1.686718e-01 -1.180044e-01 -2.839800e-01 -2.425728e-01 -2.222215e-01 -1.787103e-01 -7.790010e-02 -6.615546e-03
<VARIANCE> 25
 1.006668e+01 9.166346e+00 1.418874e+01 1.611762e+01 2.033541e+01 1.910853e+01 1.899538e+01 1.767658e+01 1.670663e+01 1.740241e+01 2.101955e+01 1.424675e+01 1.180005e+00 1.495632e+00 1.907125e+00 2.071463e+00 2.502006e+00 2.421113e+00 2.412519e+00 2.522064e+00 2.414919e+00 2.514815e+00 2.228920e+00 2.082621e+00 1.337433e-03
<GCONST> 8.132838e+01
<MIXTURE> 89 9.333527e-03
<MEAN> 25
 6.069699e+00 -6.824410e+00 -3.554861e+00 -3.164012e+00 -1.609279e+00 -5.583812e+00 -6.111787e+00 4.095336e+00 3.468717e+00 -2.804724e+00 -6.028562e+00 -3.289022e+00 -5.700789e-01 1.558562e-01 1.988443e+00 9.008373e-01 -1.867352e+00 -1.647475e+00 8.804874e-01 1.262838e+00 -7.896364e-01 -1.316829e+00 4.037420e-01 1.535686e+00 -4.890522e-03
<VARIANCE> 25
 9.036996e+00 2.673035e+01 3.104962e+01 3.018460e+01 3.605936e+01 4.164679e+01 5.964026e+01 4.210938e+01 3.907845e+01 4.237240e+01 3.578946e+01 3.236784e+01 3.543357e-01 8.413222e-01 1.473948e+00 1.316136e+00 1.919990e+00 2.125761e+00 2.582176e+00 2.042822e+00 2.249577e+00 2.126524e+00 2.328631e+00 1.470528e+00 3.663896e-04
<GCONST> 8.529295e+01
<MIXTURE> 90 7.114505e-03
<MEAN> 25
 2.368480e+00 -9.444101e+00 -4.666315e+00 -3.918859e+00 -3.340373e+00 -1.871879e+00 3.196508e+00 1.148343e+00 -7.465611e+00 -1.004303e+01 -3.352161e+00 -7.568703e-01 -1.404764e-01 8.871611e-01 1.120815e+00 -8.382142e-01 -1.596321e+00 -2.005466e-01 6.723607e-01 -1.957916e-01 -1.593805e-01 7.582647e-01 2.175363e-01 -5.575588e-01 -1.079230e-02
<VARIANCE> 25
 8.402188e+00 1.947419e+01 1.941904e+01 2.724841e+01 3.575008e+01 3.145250e+01 3.818686e+01 3.543106e+01 3.457950e+01 2.774282e+01 2.633978e+01 2.539760e+01 2.332664e-01 6.083851e-01 8.297736e-01 1.024550e+00 1.435451e+00 1.552968e+00 1.825525e+00 1.624624e+00 1.776000e+00 1.676065e+00 1.498640e+00 1.276097e+00 2.160107e-04
<GCONST> 7.799576e+01
<MIXTURE> 91 7.852945e-03
<MEAN> 25
 6.360157e+00 -7.608920e+00 -8.552102e+00 -5.152057e+00 3.944371e+00 -1.279653e-01 -2.202892e+00 7.066569e-01 7.676553e-01 -2.943902e+00 -4.911625e+00 -5.155107e+00 2.599217e-01 9.984670e-01 1.883356e-01 4.453064e-01 -7.430162e-02 -5.603272e-01 -3.929183e-01 -1.042255e-01 -1.078759e-01 4.510055e-01 -1.197651e-01 2.069595e-01 -3.493804e-02
<VARIANCE> 25
 1.026589e+01 2.285099e+01 2.000321e+01 4.043589e+01 3.516339e+01 5.524569e+01 5.422552e+01 3.961868e+01 5.179568e+01 6.398443e+01 3.823663e+01 4.153480e+01 4.444308e-01 8.883022e-01 1.127999e+00 1.385013e+00 2.191606e+00 2.368519e+00 2.365215e+00 2.389627e+00 2.249207e+00 2.221888e+00 2.012667e+00 1.818252e+00 5.839876e-04
<GCONST> 8.717716e+01
<MIXTURE> 92 7.852945e-03
<MEAN> 25
 6.360157e+00 -7.608920e+00 -8.552102e+00 -5.152057e+00 3.944371e+00 -1.279653e-01 -2.202892e+00 7.066569e-01 7.676553e-01 -2.943902e+00 -4.911625e+00 -5.155107e+00 2.599217e-01 9.984670e-01 1.883356e-01 4.453064e-01 -7.430162e-02 -5.603272e-01 -3.929183e-01 -1.042255e-01 -1.078759e-01 4.510055e-01 -1.197651e-01 2.069595e-01 -3.493804e-02
<VARIANCE> 25
 1.026589e+01 2.285099e+01 2.000321e+01 4.043589e+01 3.516339e+01 5.524569e+01 5.422552e+01 3.961868e+01 5.179568e+01 6.398443e+01 3.823663e+01 4.153480e+01 4.444308e-01 8.883022e-01 1.127999e+00 1.385013e+00 2.191606e+00 2.368519e+00 2.365215e+00 2.389627e+00 2.249207e+00 2.221888e+00 2.012667e+00 1.818252e+00 5.839876e-04
<GCONST> 8.717716e+01
<MIXTURE> 93 6.122769e-03
<MEAN> 25
 -6.680505e+00 -9.682025e-01 -2.283453e+00 5.766402e+00 5.945061e+00 3.945695e+00 6.013800e+00 3.539902e+00 4.046628e+00 2.391683e+00 1.708130e+00 3.666082e+00 -6.583437e-02 -1.567512e-01 -2.734002e-01 -3.481715e-01 -3.250681e-01 -2.529897e-01 -2.253039e-01 -1.746046e-01 -1.492026e-01 -1.548224e-01 -1.324010e-01 -3.539621e-02 -8.509713e-06
<VARIANCE> 25
 9.450540e+00 5.844572e+00 8.362143e+00 1.106957e+01 1.124452e+01 1.555068e+01 1.517085e+01 1.608939e+01 1.447180e+01 1.457844e+01 1.666662e+01 1.309793e+01 8.093803e-02 1.493862e-01 2.660240e-01 3.777748e-01 4.851689e-01 6.532601e-01 7.594841e-01 8.611739e-01 9.026698e-01 8.500144e-01 8.915904e-01 8.903425e-01 9.736679e-07
<GCONST> 5.326104e+01
<MIXTURE> 94 6.122769e-03
<MEAN> 25
 -6.680505e+00 -9.682025e-01 -2.283453e+00 5.766402e+00 5.945061e+00 3.945695e+00 6.013800e+00 3.539902e+00 4.046628e+00 2.391683e+00 1.708130e+00 3.666082e+00 -6.583437e-02 -1.567512e-01 -2.734002e-01 -3.481715e-01 -3.250681e-01 -2.529897e-01 -2.253039e-01 -1.746046e-01 -1.492026e-01 -1.548224e-01 -1.324010e-01 -3.539621e-02 -8.509713e-06
<VARIANCE> 25
 9.450540e+00 5.844572e+00 8.362143e+00 1.106957e+01 1.124452e+01 1.555068e+01 1.517085e+01 1.608939e+01 1.447180e+01 1.457844e+01 1.666662e+01 1.309793e+01 8.093803e-02 1.493862e-01 2.660240e-01 3.777748e-01 4.851689e-01 6.532601e-01 7.594841e-01 8.611739e-01 9.026698e-01 8.500144e-01 8.915904e-01 8.903425e-01 9.736679e-07
<GCONST> 5.326104e+01
<MIXTURE> 95 5.258835e-03
<MEAN> 25
 -3.741423e+00 -2.835179e-01 -1.374463e+00 2.996158e+00 3.234472e+00 2.009817e+00 3.095903e+00 1.688942e+00 1.635747e+00 8.404835e-01 9.470405e-01 1.787609e+00 1.215713e-01 8.455537e-02 1.156585e-01 -5.303803e-02 -3.151689e-01 -5.247460e-01 -1.095681e+00 -1.353517e+00 -1.376893e+00 -1.081131e+00 -6.025084e-01 -2.008277e-01 -3.589652e-03
<VARIANCE> 25
 1.084851e+01 5.519490e+00 8.559334e+00 1.240296e+01 1.113520e+01 1.512498e+01 1.480534e+01 1.446804e+01 1.619226e+01 1.272268e+01 1.773507e+01 1.460336e+01 1.703026e-01 2.535867e-01 4.519189e-01 6.885176e-01 5.962770e-01 7.347575e-01 7.235712e-01 8.832926e-01 9.329333e-01 1.308132e+00 1.075215e+00 1.028359e+00 6.907634e-05
<GCONST> 6.121905e+01
<MIXTURE> 96 7.034694e-03
<MEAN> 25
 -4.158917e+00 -3.783864e-01 -1.746518e+00 4.377883e+00 3.321173e+00 1.480651e+00 2.783725e+00 1.410193e+00 2.191525e+00 9.911546e-01 1.085509e+00 2.158833e+00 -3.547994e-02 1.143992e-01 2.321111e-01 3.418345e-01 5.237280e-01 4.849904e-01 2.996435e-01 -1.906402e-01 -5.487889e-01 -6.643252e-01 -6.215981e-01 -3.807959e-01 -4.359283e-05
<VARIANCE> 25
 1.223382e+01 8.058331e+00 1.234303e+01 1.542784e+01 1.489485e+01 1.663872e+01 1.777414e+01 1.863452e+01 1.643401e+01 1.524778e+01 1.719391e+01 1.478259e+01 1.137908e-01 2.178065e-01 2.826450e-01 3.913449e-01 4.599000e-01 6.618098e-01 8.685752e-01 9.453726e-01 1.206102e+00 9.688687e-01 1.044221e+00 9.141446e-01 1.050545e-06
<GCONST> 5.722161e+01
<MIXTURE> 97 7.034694e-03
<MEAN> 25
 -4.158917e+00 -3.783864e-01 -1.746518e+00 4.377883e+00 3.321173e+00 1.480651e+00 2.783725e+00 1.410193e+00 2.191525e+00 9.911546e-01 1.085509e+00 2.158833e+00 -3.547994e-02 1.143992e-01 2.321111e-01 3.418345e-01 5.237280e-01 4.849904e-01 2.996435e-01 -1.906402e-01 -5.487889e-01 -6.643252e-01 -6.215981e-01 -3.807959e-01 -4.359283e-05
<VARIANCE> 25
 1.223382e+01 8.058331e+00 1.234303e+01 1.542784e+01 1.489485e+01 1.663872e+01 1.777414e+01 1.863452e+01 1.643401e+01 1.524778e+01 1.719391e+01 1.478259e+01 1.137908e-01 2.178065e-01 2.826450e-01 3.913449e-01 4.599000e-01 6.618098e-01 8.685752e-01 9.453726e-01 1.206102e+00 9.688687e-01 1.044221e+00 9.141446e-01 1.050545e-06
<GCONST> 5.722161e+01
<MIXTURE> 98 9.917808e-03
<MEAN> 25
 -1.316863e+00 9.980186e-01 -3.939623e-01 4.148711e+00 3.578531e+00 2.435680e+00 2.635125e+00 1.299494e+00 1.173305e+00 9.270440e-01 8.130085e-01 9.421870e-01 -1.705271e+00 -1.348753e+00 -9.405558e-01 9.474754e-02 6.360098e-01 8.193316e-01 1.253332e+00 1.521222e+00 1.797043e+00 1.229364e+00 1.312731e+00 9.166541e-01 -3.051732e-02
<VARIANCE> 25
 1.351419e+01 1.842546e+01 2.989350e+01 3.241276e+01 3.980814e+01 3.459315e+01 3.367878e+01 2.895739e+01 2.845167e+01 2.792584e+01 2.476604e+01 2.203917e+01 1.375958e+00 1.640055e+00 2.268800e+00 2.316302e+00 2.651481e+00 2.705962e+00 2.667950e+00 2.683442e+00 2.575922e+00 2.865793e+00 2.604102e+00 2.017290e+00 2.421441e-03
<GCONST> 8.947765e+01
<MIXTURE> 99 6.696178e-03
<MEAN> 25
 -6.296016e+00 9.743374e+00 6.559714e+00 3.306739e+00 9.252236e-01 -5.197208e+00 -1.746517e+00 -4.185395e+00 -3.504725e+00 -3.724837e+00 -1.594653e+00 3.415264e-01 5.648555e-01 -7.144839e-01 2.899662e-01 -3.888706e-01 -1.140348e+00 -5.210276e-01 -3.471348e-01 -2.702703e-01 -1.237375e-01 -6.867093e-02 2.395343e-01 1.600036e-01 9.676390e-03
<VARIANCE> 25
 3.574140e+01 2.701199e+01 4.800035e+01 3.200461e+01 3.570127e+01 3.487024e+01 2.711612e+01 2.881096e+01 2.630963e+01 2.733796e+01 2.020272e+01 2.847566e+01 2.139748e+00 1.841254e+00 1.435380e+00 1.717950e+00 2.610459e+00 2.050652e+00 1.578318e+00 1.697528e+00 1.583266e+00 1.581092e+00 1.289362e+00 1.256187e+00 1.546740e-03
<GCONST> 8.674253e+01
<MIXTURE> 100 4.498084e-03
<MEAN> 25
 -1.598865e+00 6.344790e+00 1.027692e+01 -7.462738e+00 -1.078198e+01 -5.075263e+00 -4.941667e+00 -9.968815e+00 -4.718254e+00 -8.552000e-01 -2.733279e+00 -2.708259e+00 2.917874e+00 -1.260447e+00 1.299651e+00 -2.185933e+00 -3.419467e+00 -7.841195e-01 -1.218783e+00 -8.197863e-01 -1.475489e+00 3.466764e-01 -1.655606e+00 -2.862337e-01 2.015395e-03
<VARIANCE> 25
 1.362659e+01 2.105917e+01 2.246253e+01 2.642697e+01 2.301922e+01 2.372169e+01 2.911125e+01 2.170684e+01 2.748214e+01 2.265227e+01 2.241131e+01 2.134100e+01 1.799178e+00 3.953749e+00 2.919953e+00 4.286294e+00 4.184471e+00 4.537196e+00 4.015459e+00 4.340348e+00 4.167871e+00 3.896089e+00 3.910381e+00 3.224996e+00 1.674830e-03
<GCONST> 9.256866e+01
<MIXTURE> 101 6.007792e-03
<MEAN> 25
 8.094146e+00 -3.487673e+00 -6.311643e+00 -6.866172e+00 8.464153e-01 -1.258831e+00 -1.058763e+01 -2.059363e+00 1.621440e+00 2.713158e+00 -2.386772e+00 -5.141231e+00 6.734407e-01 6.509398e-01 -1.456854e+00 -1.610549e+00 1.031993e+00 2.318155e+00 1.967444e-01 -1.460511e+00 -1.064536e+00 1.036657e+00 1.373010e+00 -4.156809e-01 -4.811676e-03
<VARIANCE> 25
 9.284776e+00 1.671303e+01 2.984042e+01 4.278945e+01 3.622375e+01 3.581111e+01 3.703274e+01 3.622321e+01 3.786571e+01 4.398773e+01 5.177133e+01 2.423956e+01 2.936768e-01 6.692475e-01 1.172454e+00 1.551332e+00 1.688022e+00 2.097332e+00 2.086437e+00 1.992596e+00 2.348811e+00 2.216730e+00 1.786368e+00 1.935052e+00 3.449403e-04
<GCONST> 8.364449e+01
<MIXTURE> 102 6.007792e-03
<MEAN> 25
 8.094146e+00 -3.487673e+00 -6.311643e+00 -6.866172e+00 8.464153e-01 -1.258831e+00 -1.058763e+01 -2.059363e+00 1.621440e+00 2.713158e+00 -2.386772e+00 -5.141231e+00 6.734407e-01 6.509398e-01 -1.456854e+00 -1.610549e+00 1.031993e+00 2.318155e+00 1.967444e-01 -1.460511e+00 -1.064536e+00 1.036657e+00 1.373010e+00 -4.156809e-01 -4.811676e-03
<VARIANCE> 25
 9.284776e+00 1.671303e+01 2.984042e+01 4.278945e+01 3.622375e+01 3.581111e+01 3.703274e+01 3.622321e+01 3.786571e+01 4.398773e+01 5.177133e+01 2.423956e+01 2.936768e-01 6.692475e-01 1.172454e+00 1.551332e+00 1.688022e+00 2.097332e+00 2.086437e+00 1.992596e+00 2.348811e+00 2.216730e+00 1.786368e+00 1.935052e+00 3.449403e-04
<GCONST> 8.364449e+01
<MIXTURE> 103 5.694618e-03
<MEAN> 25
 3.359440e+00 -9.458354e+00 -6.119380e+00 -3.085104e+00 -1.328807e+00 -1.966754e+00 2.423747e+00 2.500011e+00 -4.613462e+00 -9.244849e+00 -5.054026e+00 3.603149e-01 -1.568090e-01 -1.485382e+00 -9.797983e-01 3.730840e-01 1.209775e+00 1.016702e+00 1.563170e-01 -2.674146e-01 -7.827068e-01 -9.475269e-01 -3.547958e-02 1.206922e-01 2.685679e-02
<VARIANCE> 25
 1.033737e+01 2.047570e+01 2.293005e+01 3.162798e+01 4.794738e+01 3.495028e+01 4.642334e+01 3.675256e+01 4.209391e+01 2.933349e+01 3.004520e+01 2.637109e+01 6.426668e-01 1.253715e+00 1.535580e+00 1.939915e+00 2.927530e+00 2.410883e+00 2.888960e+00 2.574139e+00 2.560641e+00 2.520327e+00 2.094675e+00 2.014047e+00 8.090246e-04
<GCONST> 8.756867e+01
<MIXTURE> 104 5.694618e-03
<MEAN> 25
 3.359440e+00 -9.458354e+00 -6.119380e+00 -3.085104e+00 -1.328807e+00 -1.966754e+00 2.423747e+00 2.500011e+00 -4.613462e+00 -9.244849e+00 -5.054026e+00 3.603149e-01 -1.568090e-01 -1.485382e+00 -9.797983e-01 3.730840e-01 1.209775e+00 1.016702e+00 1.563170e-01 -2.674146e-01 -7.827068e-01 -9.475269e-01 -3.547958e-02 1.206922e-01 2.685679e-02
<VARIANCE> 25
 1.033737e+01 2.047570e+01 2.293005e+01 3.162798e+01 4.794738e+01 3.495028e+01 4.642334e+01 3.675256e+01 4.209391e+01 2.933349e+01 3.004520e+01 2.637109e+01 6.426668e-01 1.253715e+00 1.535580e+00 1.939915e+00 2.927530e+00 2.410883e+00 2.888960e+00 2.574139e+00 2.560641e+00 2.520327e+00 2.094675e+00 2.014047e+00 8.090246e-04
<GCONST> 8.756867e+01
<MIXTURE> 105 4.710235e-03
<MEAN> 25
 2.105656e+00 -1.376009e+00 8.648350e+00 -2.489722e+00 -1.091542e+01 -4.693691e+00 -3.892192e+00 -7.762004e-01 -3.691856e+00 -3.080906e+00 1.276521e+00 -1.287107e+00 2.033846e-02 3.372828e-02 4.622312e-02 -4.307336e-02 1.579363e-02 7.497232e-02 -8.064446e-03 6.240871e-02 -4.073411e-02 4.832395e-03 -1.832639e-02 5.161253e-03 -1.609708e-03
<VARIANCE> 25
 1.257079e+01 2.687836e+01 4.244988e+01 4.257568e+01 4.104125e+01 5.139429e+01 3.973740e+01 4.074306e+01 3.796071e+01 3.990246e+01 4.006029e+01 3.030633e+01 8.378537e-02 1.811178e-01 3.345841e-01 2.900551e-01 4.145767e-01 4.218602e-01 4.549162e-01 4.874358e-01 4.819510e-01 4.418189e-01 4.681224e-01 4.237463e-01 1.006918e-04
<GCONST> 6.659929e+01
<MIXTURE> 106 4.710235e-03
<MEAN> 25
 2.105656e+00 -1.376009e+00 8.648350e+00 -2.489722e+00 -1.091542e+01 -4.693691e+00 -3.892192e+00 -7.762004e-01 -3.691856e+00 -3.080906e+00 1.276521e+00 -1.287107e+00 2.033846e-02 3.372828e-02 4.622312e-02 -4.307336e-02 1.579363e-02 7.497232e-02 -8.064446e-03 6.240871e-02 -4.073411e-02 4.832395e-03 -1.832639e-02 5.161253e-03 -1.609708e-03
<VARIANCE> 25
 1.257079e+01 2.687836e+01 4.244988e+01 4.257568e+01 4.104125e+01 5.139429e+01 3.973740e+01 4.074306e+01 3.796071e+01 3.990246e+01 4.006029e+01 3.030633e+01 8.378537e-02 1.811178e-01 3.345841e-01 2.900551e-01 4.145767e-01 4.218602e-01 4.549162e-01 4.874358e-01 4.819510e-01 4.418189e-01 4.681224e-01 4.237463e-01 1.006918e-04
<GCONST> 6.659929e+01
<MIXTURE> 107 5.452374e-03
<MEAN> 25
 8.640155e+00 -2.309798e+00 -8.039627e+00 -9.560658e+00 1.965609e+00 2.957901e+00 -8.640994e+00 -4.553861e+00 -8.847426e-01 3.388891e+00 8.542225e-01 -5.074317e+00 -6.098630e-01 -7.682415e-01 8.359812e-01 1.773097e+00 2.255428e-01 -2.012568e+00 -9.215448e-01 8.487138e-01 1.767480e+00 4.707670e-02 -1.658047e+00 -8.203507e-01 -1.789552e-03
<VARIANCE> 25
 9.257360e+00 2.047034e+01 2.835726e+01 4.281590e+01 3.576630e+01 3.847565e+01 5.117434e+01 3.626828e+01 4.579342e+01 4.173449e+01 5.137584e+01 3.036736e+01 3.558032e-01 9.687822e-01 1.461743e+00 2.414279e+00 2.286468e+00 2.824769e+00 2.614884e+00 2.542139e+00 2.297808e+00 3.031247e+00 1.945559e+00 2.206702e+00 7.029236e-04
<GCONST> 8.804766e+01
<MIXTURE> 108 5.452374e-03
<MEAN> 25
 8.640155e+00 -2.309798e+00 -8.039627e+00 -9.560658e+00 1.965609e+00 2.957901e+00 -8.640994e+00 -4.553861e+00 -8.847426e-01 3.388891e+00 8.542225e-01 -5.074317e+00 -6.098630e-01 -7.682415e-01 8.359812e-01 1.773097e+00 2.255428e-01 -2.012568e+00 -9.215448e-01 8.487138e-01 1.767480e+00 4.707670e-02 -1.658047e+00 -8.203507e-01 -1.789552e-03
<VARIANCE> 25
 9.257360e+00 2.047034e+01 2.835726e+01 4.281590e+01 3.576630e+01 3.847565e+01 5.117434e+01 3.626828e+01 4.579342e+01 4.173449e+01 5.137584e+01 3.036736e+01 3.558032e-01 9.687822e-01 1.461743e+00 2.414279e+00 2.286468e+00 2.824769e+00 2.614884e+00 2.542139e+00 2.297808e+00 3.031247e+00 1.945559e+00 2.206702e+00 7.029236e-04
<GCONST> 8.804766e+01
<MIXTURE> 109 6.661064e-03
<MEAN> 25
 3.981893e+00 -1.031722e+01 -8.119220e+00 -1.343848e+00 2.690496e+00 -5.383860e-02 -1.373696e-01 1.329178e+00 -2.615607e+00 -8.246015e+00 -5.301920e+00 3.331551e-02 -2.429677e-02 -1.337758e-01 -4.275174e-02 2.331964e-01 1.761879e-01 1.095368e-01 -1.277674e-01 -1.009621e-01 -5.283788e-02 -1.458327e-01 2.204946e-01 1.815454e-02 -3.535663e-03
<VARIANCE> 25
 9.257900e+00 1.996176e+01 2.094160e+01 3.079826e+01 4.007476e+01 3.609273e+01 4.598000e+01 3.457994e+01 4.576770e+01 3.523205e+01 2.929729e+01 2.771148e+01 1.950151e-01 4.167293e-01 5.400463e-01 6.575888e-01 1.237211e+00 9.837967e-01 1.253414e+00 1.095084e+00 1.119292e+00 9.664904e-01 8.696681e-01 8.829039e-01 1.822676e-04
<GCONST> 7.454095e+01
<MIXTURE> 110 6.661064e-03
<MEAN> 25
 3.981893e+00 -1.031722e+01 -8.119220e+00 -1.343848e+00 2.690496e+00 -5.383860e-02 -1.373696e-01 1.329178e+00 -2.615607e+00 -8.246015e+00 -5.301920e+00 3.331551e-02 -2.429677e-02 -1.337758e-01 -4.275174e-02 2.331964e-01 1.761879e-01 1.095368e-01 -1.277674e-01 -1.009621e-01 -5.283788e-02 -1.458327e-01 2.204946e-01 1.815454e-02 -3.535663e-03
<VARIANCE> 25
 9.257900e+00 1.996176e+01 2.094160e+01 3.079826e+01 4.007476e+01 3.609273e+01 4.598000e+01 3.457994e+01 4.576770e+01 3.523205e+01 2.929729e+01 2.771148e+01 1.950151e-01 4.167293e-01 5.400463e-01 6.575888e-01 1.237211e+00 9.837967e-01 1.253414e+00 1.095084e+00 1.119292e+00 9.664904e-01 8.696681e-01 8.829039e-01 1.822676e-04
<GCONST> 7.454095e+01
<MIXTURE> 111 4.337247e-03
<MEAN> 25
 -1.105868e+00 -4.540959e-01 -2.983353e-01 5.081710e-01 4.650585e-02 -5.471052e-02 -2.682720e-01 -3.045220e-01 -1.785864e-01 -3.188392e-01 -6.128522e-01 3.585115e-01 -1.067704e-02 -3.455918e-03 -6.845224e-03 2.315371e-02 4.641337e-02 4.219426e-02 4.553627e-02 -8.349190e-02 -1.497121e-01 -2.518089e-01 -1.835405e-01 -1.407643e-01 -2.675593e-05
<VARIANCE> 25
 3.392677e+00 3.401976e+00 4.598737e+00 5.314517e+00 7.560479e+00 1.119973e+01 1.109090e+01 1.049675e+01 9.510960e+00 1.021870e+01 1.053495e+01 9.146931e+00 8.160479e-02 1.409164e-01 2.748625e-01 3.201251e-01 5.528353e-01 6.234550e-01 9.043381e-01 1.010971e+00 1.152184e+00 8.998008e-01 9.246044e-01 1.020102e+00 4.605011e-05
<GCONST> 5.187094e+01
<MIXTURE> 112 4.337247e-03
<MEAN> 25
 -1.105868e+00 -4.540959e-01 -2.983353e-01 5.081710e-01 4.650585e-02 -5.471052e-02 -2.682720e-01 -3.045220e-01 -1.785864e-01 -3.188392e-01 -6.128522e-01 3.585115e-01 -1.067704e-02 -3.455918e-03 -6.845224e-03 2.315371e-02 4.641337e-02 4.219426e-02 4.553627e-02 -8.349190e-02 -1.497121e-01 -2.518089e-01 -1.835405e-01 -1.407643e-01 -2.675593e-05
<VARIANCE> 25
 3.392677e+00 3.401976e+00 4.598737e+00 5.314517e+00 7.560479e+00 1.119973e+01 1.109090e+01 1.049675e+01 9.510960e+00 1.021870e+01 1.053495e+01 9.146931e+00 8.160479e-02 1.409164e-01 2.748625e-01 3.201251e-01 5.528353e-01 6.234550e-01 9.043381e-01 1.010971e+00 1.152184e+00 8.998008e-01 9.246044e-01 1.020102e+00 4.605011e-05
<GCONST> 5.187094e+01
<MIXTURE> 113 5.938666e-03
<MEAN> 25
 9.976250e+00 1.754904e+00 -8.779744e+00 -1.704476e+01 -1.034032e+00 5.658321e+00 -5.280447e+00 -1.466658e+00 -5.695673e+00 -4.942118e-01 2.987786e-01 -1.977872e-01 4.827203e-03 1.377102e-02 -5.960624e-02 -1.135200e-01 1.042990e-01 1.506454e-01 5.924206e-02 3.609715e-02 -5.710284e-02 -5.134361e-02 1.796862e-01 3.530032e-02 -1.411009e-03
<VARIANCE> 25
 8.889277e+00 1.638890e+01 2.968383e+01 3.423643e+01 5.272848e+01 3.386688e+01 3.970247e+01 3.913831e+01 3.737142e+01 4.639771e+01 3.629156e+01 2.843709e+01 1.218019e-01 3.205556e-01 3.161574e-01 6.314692e-01 6.129266e-01 6.536773e-01 7.765605e-01 8.452138e-01 9.595601e-01 9.054356e-01 7.244448e-01 7.135525e-01 1.248199e-04
<GCONST> 7.110670e+01
<MIXTURE> 114 5.938666e-03
<MEAN> 25
 9.976250e+00 1.754904e+00 -8.779744e+00 -1.704476e+01 -1.034032e+00 5.658321e+00 -5.280447e+00 -1.466658e+00 -5.695673e+00 -4.942118e-01 2.987786e-01 -1.977872e-01 4.827203e-03 1.377102e-02 -5.960624e-02 -1.135200e-01 1.042990e-01 1.506454e-01 5.924206e-02 3.609715e-02 -5.710284e-02 -5.134361e-02 1.796862e-01 3.530032e-02 -1.411009e-03
<VARIANCE> 25
 8.889277e+00 1.638890e+01 2.968383e+01 3.423643e+01 5.272848e+01 3.386688e+01 3.970247e+01 3.913831e+01 3.737142e+01 4.639771e+01 3.629156e+01 2.843709e+01 1.218019e-01 3.205556e-01 3.161574e-01 6.314692e-01 6.129266e-01 6.536773e-01 7.765605e-01 8.452138e-01 9.595601e-01 9.054356e-01 7.244448e-01 7.135525e-01 1.248199e-04
<GCONST> 7.110670e+01
<MIXTURE> 115 2.935202e-03
<MEAN> 25
 -3.449679e+00 -6.067565e-01 -2.588341e+00 3.138565e+00 2.145595e+00 -4.411954e-01 1.530151e+00 2.794746e-01 1.069236e+00 -3.205355e-01 -1.007057e-01 2.260777e+00 3.595150e-02 -2.855713e-02 -2.576696e-01 -4.715785e-01 -5.679131e-01 -6.647782e-01 -6.210568e-01 -4.721949e-01 -4.874102e-01 -4.606199e-01 -2.761408e-01 -1.172659e-01 -4.864594e-05
<VARIANCE> 25
 9.821232e+00 9.381390e+00 1.311823e+01 1.261851e+01 1.238883e+01 1.576844e+01 1.945753e+01 2.012416e+01 1.941346e+01 1.808096e+01 1.826376e+01 1.387476e+01 1.964952e-01 3.235896e-01 4.810570e-01 5.841013e-01 6.013709e-01 7.809076e-01 1.041613e+00 1.133042e+00 1.058485e+00 9.440090e-01 1.003548e+00 1.044036e+00 1.347361e-06
<GCONST> 6.013363e+01
<MIXTURE> 116 2.935202e-03
<MEAN> 25
 -3.449679e+00 -6.067565e-01 -2.588341e+00 3.138565e+00 2.145595e+00 -4.411954e-01 1.530151e+00 2.794746e-01 1.069236e+00 -3.205355e-01 -1.007057e-01 2.260777e+00 3.595150e-02 -2.855713e-02 -2.576696e-01 -4.715785e-01 -5.679131e-01 -6.647782e-01 -6.210568e-01 -4.721949e-01 -4.874102e-01 -4.606199e-01 -2.761408e-01 -1.172659e-01 -4.864594e-05
<VARIANCE> 25
 9.821232e+00 9.381390e+00 1.311823e+01 1.261851e+01 1.238883e+01 1.576844e+01 1.945753e+01 2.012416e+01 1.941346e+01 1.808096e+01 1.826376e+01 1.387476e+01 1.964952e-01 3.235896e-01 4.810570e-01 5.841013e-01 6.013709e-01 7.809076e-01 1.041613e+00 1.133042e+00 1.058485e+00 9.440090e-01 1.003548e+00 1.044036e+00 1.347361e-06
<GCONST> 6.013363e+01
<MIXTURE> 117 6.506003e-03
<MEAN> 25
 -4.643028e+00 1.116726e+00 1.054604e+00 9.755605e+00 6.259868e+00 6.254993e+00 6.460780e+00 5.042429e+00 6.383446e+00 4.926620e+00 6.363727e+00 2.709297e+00 -7.507230e-02 -2.340710e-01 -3.583938e-01 -4.201025e-01 -3.673772e-01 -3.022105e-01 -2.872645e-01 -3.313810e-01 -3.916359e-01 -3.689653e-01 -2.632951e-01 -1.159564e-01 -9.201938e-06
<VARIANCE> 25
 7.188895e+00 8.751080e+00 9.805017e+00 1.431777e+01 1.561352e+01 1.534860e+01 1.772883e+01 1.796224e+01 1.640478e+01 1.638014e+01 1.675899e+01 1.474874e+01 2.165226e-01 3.073867e-01 4.261271e-01 6.169495e-01 8.533447e-01 1.055381e+00 1.177155e+00 1.232356e+00 1.223903e+00 1.194314e+00 1.166991e+00 1.113167e+00 9.998910e-07
<GCONST> 6.042666e+01
<MIXTURE> 118 6.506003e-03
<MEAN> 25
 -4.643028e+00 1.116726e+00 1.054604e+00 9.755605e+00 6.259868e+00 6.254993e+00 6.460780e+00 5.042429e+00 6.383446e+00 4.926620e+00 6.363727e+00 2.709297e+00 -7.507230e-02 -2.340710e-01 -3.583938e-01 -4.201025e-01 -3.673772e-01 -3.022105e-01 -2.872645e-01 -3.313810e-01 -3.916359e-01 -3.689653e-01 -2.632951e-01 -1.159564e-01 -9.201938e-06
<VARIANCE> 25
 7.188895e+00 8.751080e+00 9.805017e+00 1.431777e+01 1.561352e+01 1.534860e+01 1.772883e+01 1.796224e+01 1.640478e+01 1.638014e+01 1.675899e+01 1.474874e+01 2.165226e-01 3.073867e-01 4.261271e-01 6.169495e-01 8.533447e-01 1.055381e+00 1.177155e+00 1.232356e+00 1.223903e+00 1.194314e+00 1.166991e+00 1.113167e+00 9.998910e-07
<GCONST> 6.042666e+01
<MIXTURE> 119 4.297961e-03
<MEAN> 25
 -4.764597e+00 -7.320715e+00 2.147705e+00 1.929701e+00 2.128070e+00 2.248871e-01 5.114712e+00 5.745846e+00 1.140085e+00 1.001252e+00 6.409129e+00 1.535114e+00 -4.383300e-02 -8.102120e-02 3.461840e-02 -6.321692e-02 -1.346716e-01 -1.885914e-01 -8.239801e-02 -2.344549e-02 -8.091372e-02 -1.099634e-01 -4.703256e-02 -4.909556e-02 8.549493e-04
<VARIANCE> 25
 9.055122e+00 1.144217e+01 1.606294e+01 1.954706e+01 2.228908e+01 2.233854e+01 2.506388e+01 2.673488e+01 2.426944e+01 2.736127e+01 2.092544e+01 1.992184e+01 1.601444e-01 2.774733e-01 4.468786e-01 6.262380e-01 7.998584e-01 9.779188e-01 1.092128e+00 1.300711e+00 1.291267e+00 1.246206e+00 1.190711e+00 1.132439e+00 2.345433e-04
<GCONST> 6.972079e+01
<MIXTURE> 120 4.297961e-03
<MEAN> 25
 -4.764597e+00 -7.320715e+00 2.147705e+00 1.929701e+00 2.128070e+00 2.248871e-01 5.114712e+00 5.745846e+00 1.140085e+00 1.001252e+00 6.409129e+00 1.535114e+00 -4.383300e-02 -8.102120e-02 3.461840e-02 -6.321692e-02 -1.346716e-01 -1.885914e-01 -8.239801e-02 -2.344549e-02 -8.091372e-02 -1.099634e-01 -4.703256e-02 -4.909556e-02 8.549493e-04
<VARIANCE> 25
 9.055122e+00 1.144217e+01 1.606294e+01 1.954706e+01 2.228908e+01 2.233854e+01 2.506388e+01 2.673488e+01 2.426944e+01 2.736127e+01 2.092544e+01 1.992184e+01 1.601444e-01 2.774733e-01 4.468786e-01 6.262380e-01 7.998584e-01 9.779188e-01 1.092128e+00 1.300711e+00 1.291267e+00 1.246206e+00 1.190711e+00 1.132439e+00 2.345433e-04
<GCONST> 6.972079e+01
<MIXTURE> 121 4.567511e-03
<MEAN> 25
 2.053271e-01 -2.402868e+00 4.941936e+00 -1.252317e+01 -1.223979e+01 -1.622256e+00 9.069335e-01 -5.008217e+00 -4.129740e+00 -5.453531e-01 -5.383741e+00 -4.272533e+00 2.696332e-02 1.257183e-01 -4.891330e-02 6.615105e-02 1.481222e-01 5.563667e-02 -1.052483e-01 -2.046163e-01 -2.990345e-01 -2.910943e-01 -1.313764e-01 -7.255105e-03 -7.517235e-03
<VARIANCE> 25
 7.459580e+00 1.548440e+01 1.793165e+01 2.325803e+01 2.771824e+01 2.835783e+01 2.887475e+01 2.414053e+01 3.463169e+01 2.772633e+01 1.961773e+01 2.067881e+01 1.548371e-01 6.231614e-01 6.157676e-01 7.073785e-01 7.669684e-01 1.150640e+00 1.124723e+00 1.122516e+00 1.247028e+00 1.211073e+00 9.633705e-01 8.687611e-01 2.107125e-04
<GCONST> 7.152399e+01
<MIXTURE> 122 4.567511e-03
<MEAN> 25
 2.053271e-01 -2.402868e+00 4.941936e+00 -1.252317e+01 -1.223979e+01 -1.622256e+00 9.069335e-01 -5.008217e+00 -4.129740e+00 -5.453531e-01 -5.383741e+00 -4.272533e+00 2.696332e-02 1.257183e-01 -4.891330e-02 6.615105e-02 1.481222e-01 5.563667e-02 -1.052483e-01 -2.046163e-01 -2.990345e-01 -2.910943e-01 -1.313764e-01 -7.255105e-03 -7.517235e-03
<VARIANCE> 25
 7.459580e+00 1.548440e+01 1.793165e+01 2.325803e+01 2.771824e+01 2.835783e+01 2.887475e+01 2.414053e+01 3.463169e+01 2.772633e+01 1.961773e+01 2.067881e+01 1.548371e-01 6.231614e-01 6.157676e-01 7.073785e-01 7.669684e-01 1.150640e+00 1.124723e+00 1.122516e+00 1.247028e+00 1.211073e+00 9.633705e-01 8.687611e-01 2.107125e-04
<GCONST> 7.152399e+01
<MIXTURE> 123 4.393044e-03
<MEAN> 25
 -2.712817e+00 8.503099e-01 8.702309e-02 4.095460e+00 3.586475e+00 2.811563e+00 2.368530e+00 4.782967e-02 -1.827259e-01 -4.492375e-01 1.418002e-01 6.150948e-01 -3.674709e-01 -6.369885e-01 -7.764353e-01 -5.119897e-01 -1.299522e-01 8.317870e-02 3.827265e-01 7.173543e-01 7.984710e-01 1.041978e+00 9.340683e-01 4.703369e-01 -2.735531e-03
<VARIANCE> 25
 1.045276e+01 7.229753e+00 1.105660e+01 1.856481e+01 1.877546e+01 2.016611e+01 1.941687e+01 1.579544e+01 1.722965e+01 1.517427e+01 1.683464e+01 1.454089e+01 3.266770e-01 2.994280e-01 4.322318e-01 5.994535e-01 8.268248e-01 9.254869e-01 9.254954e-01 1.015624e+00 1.412028e+00 1.229190e+00 1.203138e+00 1.089107e+00 1.801388e-04
<GCONST> 6.652054e+01
<MIXTURE> 124 4.069876e-03
<MEAN> 25
 -6.097177e+00 -1.074414e+00 -2.656332e+00 4.590174e+00 4.644708e+00 3.232215e+00 5.288460e+00 2.875613e+00 3.202958e+00 1.140119e+00 1.092512e+00 2.781777e+00 -2.102514e-01 -3.105798e-01 -3.861880e-01 -2.067955e-01 1.399718e-01 4.731929e-01 8.240042e-01 9.262279e-01 7.379599e-01 3.196496e-01 1.709810e-02 -1.958309e-03 1.686257e-04
<VARIANCE> 25
 1.204687e+01 6.815855e+00 1.090069e+01 1.405974e+01 1.203510e+01 1.835874e+01 1.533592e+01 1.778074e+01 1.467379e+01 1.543761e+01 1.818806e+01 1.503317e+01 1.001691e-01 1.570016e-01 2.872074e-01 3.977477e-01 5.999205e-01 7.040952e-01 7.186297e-01 8.036929e-01 1.035321e+00 9.127612e-01 9.697741e-01 9.266532e-01 1.859710e-05
<GCONST> 5.863869e+01
<MIXTURE> 125 4.069876e-03
<MEAN> 25
 -6.097177e+00 -1.074414e+00 -2.656332e+00 4.590174e+00 4.644708e+00 3.232215e+00 5.288460e+00 2.875613e+00 3.202958e+00 1.140119e+00 1.092512e+00 2.781777e+00 -2.102514e-01 -3.105798e-01 -3.861880e-01 -2.067955e-01 1.399718e-01 4.731929e-01 8.240042e-01 9.262279e-01 7.379599e-01 3.196496e-01 1.709810e-02 -1.958309e-03 1.686257e-04
<VARIANCE> 25
 1.204687e+01 6.815855e+00 1.090069e+01 1.405974e+01 1.203510e+01 1.835874e+01 1.533592e+01 1.778074e+01 1.467379e+01 1.543761e+01 1.818806e+01 1.503317e+01 1.001691e-01 1.570016e-01 2.872074e-01 3.977477e-01 5.999205e-01 7.040952e-01 7.186297e-01 8.036929e-01 1.035321e+00 9.127612e-01 9.697741e-01 9.266532e-01 1.859710e-05
<GCONST> 5.863869e+01
<MIXTURE> 126 2.402244e-03
<MEAN> 25
 -3.264751e+00 -6.073045e+00 -4.713847e+00 1.761052e+00 3.398468e+00 -2.942558e+00 -1.208616e-01 2.933721e+00 2.954368e+00 -2.409422e+00 -1.431673e+00 2.477030e+00 3.496294e-02 -2.378439e-02 -7.554121e-02 -2.018816e-01 -3.550098e-01 -4.187800e-01 -3.298137e-01 -2.330821e-01 -1.877455e-01 -1.088906e-01 -5.686388e-02 -5.208085e-02 -2.839754e-03
<VARIANCE> 25
 7.651196e+00 1.458212e+01 1.360307e+01 1.482011e+01 2.514681e+01 2.117149e+01 2.105696e+01 2.775772e+01 2.944817e+01 2.370945e+01 1.979672e+01 2.020700e+01 1.814246e-01 3.233085e-01 4.828072e-01 5.652089e-01 7.470476e-01 9.333490e-01 1.159113e+00 1.349979e+00 1.293918e+00 1.404570e+00 1.190471e+00 1.145571e+00 2.238787e-04
<GCONST> 6.961167e+01
<MIXTURE> 127 2.402244e-03
<MEAN> 25
 -3.264751e+00 -6.073045e+00 -4.713847e+00 1.761052e+00 3.398468e+00 -2.942558e+00 -1.208616e-01 2.933721e+00 2.954368e+00 -2.409422e+00 -1.431673e+00 2.477030e+00 3.496294e-02 -2.378439e-02 -7.554121e-02 -2.018816e-01 -3.550098e-01 -4.187800e-01 -3.298137e-01 -2.330821e-01 -1.877455e-01 -1.088906e-01 -5.686388e-02 -5.208085e-02 -2.839754e-03
<VARIANCE> 25
 7.651196e+00 1.458212e+01 1.360307e+01 1.482011e+01 2.514681e+01 2.117149e+01 2.105696e+01 2.775772e+01 2.944817e+01 2.370945e+01 1.979672e+01 2.020700e+01 1.814246e-01 3.233085e-01 4.828072e-01 5.652089e-01 7.470476e-01 9.333490e-01 1.159113e+00 1.349979e+00 1.293918e+00 1.404570e+00 1.190471e+00 1.145571e+00 2.238787e-04
<GCONST> 6.961167e+01
<MIXTURE> 128 3.790457e-03
<MEAN> 25
 -3.899696e+00 1.534953e+00 -3.340749e-01 6.518345e+00 3.585308e+00 1.845836e+00 3.536011e+00 2.328739e+00 3.915748e+00 3.675934e+00 3.751214e+00 3.487839e+00 -3.930060e-01 -1.956274e-01 1.011097e-01 7.216139e-01 1.182625e+00 1.130563e+00 7.177879e-01 1.230384e-01 -4.336337e-01 -7.795014e-01 -7.110028e-01 -3.970472e-01 -3.621715e-05
<VARIANCE> 25
 1.026904e+01 1.161163e+01 1.489294e+01 1.959472e+01 2.014882e+01 2.104351e+01 2.435702e+01 2.489009e+01 2.651751e+01 2.378034e+01 2.665921e+01 1.824327e+01 8.870752e-01 1.141071e+00 1.356565e+00 1.495650e+00 1.569565e+00 1.854093e+00 2.232512e+00 2.318813e+00 2.155439e+00 1.855989e+00 1.764136e+00 1.750814e+00 1.004459e-06
<GCONST> 7.362996e+01
<TRANSP> 3
 0.000000e+00 1.000000e+00 0.000000e+00
 0.000000e+00 9.999990e-01 9.999998e-07
 0.000000e+00 0.000000e+00 0.000000e+00
<ENDHMM>
