~o
<STREAMINFO> 1 25
<VECSIZE> 25<NULLD><MFCC_E_D_N><DIAGC>
~h "jmodel"
<BEGINHMM>
<NUMSTATES> 3
<STATE> 2
<NUMMIXES> 128
<MIXTURE> 1 5.748963e-03
<MEAN> 25
 -2.540053e+00 3.198727e+00 2.264941e+00 8.666307e+00 4.336212e+00 3.359102e+00 4.005402e+00 3.906008e+00 5.799070e+00 5.128056e+00 5.754734e+00 3.019678e+00 -1.975400e+00 -1.581725e+00 -8.609373e-01 1.073903e+00 1.579396e+00 2.189279e+00 2.124800e+00 2.061663e+00 1.701236e+00 1.232822e+00 1.510467e+00 6.123342e-01 -4.697726e-02
<VARIANCE> 25
 9.983980e+00 1.160906e+01 1.497091e+01 1.884604e+01 2.332469e+01 2.280666e+01 2.166291e+01 2.159262e+01 2.064870e+01 2.270389e+01 2.133817e+01 1.715740e+01 1.790109e+00 2.198981e+00 3.004407e+00 3.170360e+00 3.772458e+00 3.382348e+00 3.283806e+00 3.367470e+00 3.517004e+00 3.721524e+00 3.576564e+00 2.805999e+00 3.091451e-03
<GCONST> 8.849220e+01
<MIXTURE> 2 4.549242e-03
<MEAN> 25
 -4.861708e+00 1.343414e+00 9.720191e-01 9.849451e+00 6.698134e+00 7.404004e+00 7.816552e+00 6.959513e+00 8.383251e+00 6.330843e+00 7.582695e+00 3.076541e+00 -6.133277e-02 4.039042e-02 1.406353e-01 2.259140e-01 2.675479e-01 2.787019e-01 2.915405e-01 3.165068e-01 3.435874e-01 3.003472e-01 1.907759e-01 7.776813e-02 1.159736e-05
<VARIANCE> 25
 6.927247e+00 8.981414e+00 1.064169e+01 1.612893e+01 1.715526e+01 1.552347e+01 1.691796e+01 1.840395e+01 1.654961e+01 1.751273e+01 1.824762e+01 1.426526e+01 1.249022e-01 2.262288e-01 3.384900e-01 4.645676e-01 6.471559e-01 8.111622e-01 9.298668e-01 9.996573e-01 1.053871e+00 1.084210e+00 1.077101e+00 1.014560e+00 1.015644e-06
<GCONST> 5.806791e+01
<MIXTURE> 3 4.549242e-03
<MEAN> 25
 -4.861708e+00 1.343414e+00 9.720191e-01 9.849451e+00 6.698134e+00 7.404004e+00 7.816552e+00 6.959513e+00 8.383251e+00 6.330843e+00 7.582695e+00 3.076541e+00 -6.133277e-02 4.039042e-02 1.406353e-01 2.259140e-01 2.675479e-01 2.787019e-01 2.915405e-01 3.165068e-01 3.435874e-01 3.003472e-01 1.907759e-01 7.776813e-02 1.159736e-05
<VARIANCE> 25
 6.927247e+00 8.981414e+00 1.064169e+01 1.612893e+01 1.715526e+01 1.552347e+01 1.691796e+01 1.840395e+01 1.654961e+01 1.751273e+01 1.824762e+01 1.426526e+01 1.249022e-01 2.262288e-01 3.384900e-01 4.645676e-01 6.471559e-01 8.111622e-01 9.298668e-01 9.996573e-01 1.053871e+00 1.084210e+00 1.077101e+00 1.014560e+00 1.015644e-06
<GCONST> 5.806791e+01
<MIXTURE> 4 1.671429e-02
<MEAN> 25
 2.918705e+00 2.911426e+00 -3.911104e+00 3.120260e-02 3.952612e+00 1.050711e-01 1.553423e-01 7.490215e-01 2.335024e+00 2.038945e+00 -9.638019e-01 -4.665521e-01 -2.425357e+00 1.408155e+00 1.747824e+00 2.512703e+00 1.202006e+00 2.230900e-01 9.165547e-01 1.274922e+00 1.175394e+00 -4.915504e-01 2.140403e-01 8.971825e-01 -9.479732e-02
<VARIANCE> 25
 1.545265e+01 2.300065e+01 2.390509e+01 2.904993e+01 3.739062e+01 5.597283e+01 5.255409e+01 4.005452e+01 5.350030e+01 4.658169e+01 3.792898e+01 3.574035e+01 1.982135e+00 4.216823e+00 2.676542e+00 4.155052e+00 4.199947e+00 4.510034e+00 4.969059e+00 4.453228e+00 5.048165e+00 6.414493e+00 6.398978e+00 3.902712e+00 4.300476e-03
<GCONST> 1.005113e+02
<MIXTURE> 5 3.206198e-03
<MEAN> 25
 -3.413071e+00 2.186983e+00 6.056007e-01 9.405422e+00 6.699070e+00 6.311067e+00 7.103208e+00 4.722563e+00 5.497506e+00 3.835420e+00 4.645213e+00 2.605609e+00 -3.228083e-01 7.507116e-01 1.221204e+00 1.029352e+00 3.071059e-01 -1.012239e-01 -8.496610e-02 3.193954e-02 4.545470e-01 6.814368e-01 4.034046e-01 8.732285e-02 -2.666431e-05
<VARIANCE> 25
 1.023707e+01 1.395522e+01 2.343121e+01 2.574900e+01 2.017456e+01 1.940472e+01 2.009274e+01 2.034536e+01 2.138622e+01 2.129317e+01 2.410190e+01 1.632209e+01 1.209040e+00 1.243834e+00 1.359501e+00 1.673307e+00 2.279688e+00 2.373596e+00 2.297709e+00 2.276139e+00 2.315504e+00 2.235468e+00 2.082232e+00 1.869863e+00 1.005698e-06
<GCONST> 7.515668e+01
<MIXTURE> 6 5.475854e-03
<MEAN> 25
 9.067003e+00 -1.509130e+00 -6.857219e+00 -1.009219e+01 -2.665656e+00 7.633353e+00 -3.877545e+00 -6.693959e+00 -4.398361e+00 1.994958e+00 4.767908e+00 -1.724208e+00 3.730704e-01 8.990352e-01 -2.457543e-01 -1.112024e+00 -5.755730e-01 1.072125e+00 1.637740e+00 1.973567e-01 -1.103993e+00 -9.295546e-01 1.783652e-01 1.080267e+00 -1.234865e-02
<VARIANCE> 25
 7.652096e+00 2.040111e+01 1.884752e+01 3.144144e+01 3.201616e+01 2.898807e+01 4.588548e+01 3.052764e+01 3.090396e+01 3.350956e+01 3.670336e+01 2.523022e+01 3.343930e-01 7.023609e-01 8.930041e-01 2.055497e+00 1.552149e+00 1.775952e+00 1.930097e+00 2.053455e+00 2.377295e+00 1.620212e+00 2.135348e+00 1.252252e+00 6.575260e-04
<GCONST> 8.178829e+01
<MIXTURE> 7 5.475854e-03
<MEAN> 25
 9.067003e+00 -1.509130e+00 -6.857219e+00 -1.009219e+01 -2.665656e+00 7.633353e+00 -3.877545e+00 -6.693959e+00 -4.398361e+00 1.994958e+00 4.767908e+00 -1.724208e+00 3.730704e-01 8.990352e-01 -2.457543e-01 -1.112024e+00 -5.755730e-01 1.072125e+00 1.637740e+00 1.973567e-01 -1.103993e+00 -9.295546e-01 1.783652e-01 1.080267e+00 -1.234865e-02
<VARIANCE> 25
 7.652096e+00 2.040111e+01 1.884752e+01 3.144144e+01 3.201616e+01 2.898807e+01 4.588548e+01 3.052764e+01 3.090396e+01 3.350956e+01 3.670336e+01 2.523022e+01 3.343930e-01 7.023609e-01 8.930041e-01 2.055497e+00 1.552149e+00 1.775952e+00 1.930097e+00 2.053455e+00 2.377295e+00 1.620212e+00 2.135348e+00 1.252252e+00 6.575260e-04
<GCONST> 8.178829e+01
<MIXTURE> 8 1.165917e-02
<MEAN> 25
 -4.481947e+00 2.603885e+00 1.089173e+00 7.957676e+00 7.180335e+00 6.315073e+00 6.111965e+00 5.731382e+00 6.844317e+00 4.411786e+00 5.143126e+00 2.854593e+00 -7.241247e-01 -1.637046e+00 -4.658758e-01 -1.647800e+00 -4.227216e-01 -1.239747e+00 1.015766e-01 -6.763440e-01 -8.299598e-01 1.626433e-01 -1.438447e-02 2.042771e-01 1.004104e-01
<VARIANCE> 25
 7.478917e+00 1.081803e+01 8.932846e+00 1.776486e+01 1.420347e+01 1.334409e+01 1.540879e+01 1.378308e+01 1.746112e+01 2.008404e+01 1.936885e+01 1.136267e+01 2.446465e+00 2.596664e+00 3.906929e+00 2.990496e+00 3.702205e+00 3.130661e+00 2.853486e+00 3.326799e+00 3.259117e+00 3.644760e+00 2.426440e+00 1.766993e+00 5.288410e-03
<GCONST> 8.496004e+01
<MIXTURE> 9 1.199672e-02
<MEAN> 25
 8.779762e+00 3.584760e+00 -5.891667e+00 -9.810331e+00 -2.240562e+00 5.106397e+00 -1.322306e+00 -2.511306e+00 -4.896851e+00 -1.211062e+00 5.672883e-01 5.620436e-02 1.399821e+00 -1.220658e-01 -7.088181e-01 -2.660135e+00 -1.258247e+00 9.078279e-01 -9.384722e-01 -3.867871e-01 -5.488898e-01 -4.257320e-01 1.007264e+00 -1.196493e-01 7.131387e-02
<VARIANCE> 25
 1.079987e+01 2.296827e+01 2.708110e+01 4.551415e+01 5.249911e+01 2.610371e+01 3.976817e+01 4.448051e+01 3.815261e+01 3.488841e+01 3.322957e+01 2.857439e+01 1.845314e+00 2.243206e+00 3.747504e+00 4.045974e+00 4.832525e+00 3.383472e+00 3.575691e+00 5.386189e+00 4.595019e+00 3.293912e+00 3.717010e+00 3.260988e+00 1.904673e-03
<GCONST> 9.616832e+01
<MIXTURE> 10 6.596976e-03
<MEAN> 25
 7.990502e-01 7.504210e+00 5.334803e+00 7.017583e+00 1.535878e+00 -2.205028e+00 -5.388652e-01 -1.620560e+00 9.756235e-01 9.249460e-01 8.087000e-01 5.884536e-01 -1.883753e+00 -5.973989e-01 -4.813133e-01 2.964373e+00 2.464755e+00 2.651240e+00 2.352396e+00 2.259632e+00 1.904772e+00 1.476857e+00 2.214578e+00 5.312905e-01 -1.363704e-01
<VARIANCE> 25
 1.918826e+01 2.055140e+01 2.220840e+01 2.915622e+01 3.743131e+01 3.454725e+01 3.475197e+01 3.347004e+01 2.756534e+01 2.868762e+01 2.628350e+01 2.497859e+01 2.242269e+00 3.521092e+00 5.411794e+00 5.138557e+00 5.446052e+00 4.426848e+00 4.589035e+00 4.770240e+00 4.317200e+00 4.986372e+00 4.711031e+00 3.114701e+00 2.695369e-03
<GCONST> 9.728040e+01
<MIXTURE> 11 1.633820e-02
<MEAN> 25
 6.770191e+00 2.781401e+00 2.163186e+00 4.081643e+00 -4.980574e+00 -5.947984e-01 6.703054e-01 -6.584671e+00 -3.918022e+00 -1.310050e+00 -2.972025e+00 -1.316239e+00 -4.206349e-01 6.859128e-01 6.688140e-02 1.612374e-01 5.199175e-01 -3.005592e-01 1.762332e-01 9.585982e-03 -2.811313e-01 1.395308e-02 -1.569697e-01 -3.905425e-02 -1.595701e-02
<VARIANCE> 25
 8.237728e+00 2.722642e+01 1.847394e+01 2.626919e+01 3.438746e+01 4.106146e+01 5.715415e+01 3.034923e+01 3.261145e+01 4.001398e+01 2.619312e+01 2.767946e+01 8.053773e-01 1.461552e+00 1.739676e+00 1.809086e+00 1.944240e+00 1.929988e+00 2.113310e+00 2.338694e+00 1.733258e+00 1.861861e+00 1.820272e+00 1.957032e+00 7.564570e-04
<GCONST> 8.550091e+01
<MIXTURE> 12 5.904134e-03
<MEAN> 25
 1.009516e+01 2.683662e+00 -4.985293e+00 -1.421187e+01 -8.311716e+00 8.520041e+00 5.860852e-01 -4.407601e+00 -2.862016e+00 -2.962666e+00 1.837789e+00 -2.694587e-01 6.049905e-03 3.724296e-01 7.632190e-02 -3.953221e-01 -3.854031e-01 -1.392262e-01 3.952566e-01 4.432805e-01 1.700689e-01 -3.093168e-01 -4.312180e-01 4.923293e-02 -8.530549e-03
<VARIANCE> 25
 8.242947e+00 2.232824e+01 2.008147e+01 3.874067e+01 3.457437e+01 2.656049e+01 3.827448e+01 5.400967e+01 3.761372e+01 4.203031e+01 3.695662e+01 2.945507e+01 2.296046e-01 6.184995e-01 6.889361e-01 1.243149e+00 1.052502e+00 1.089864e+00 1.106535e+00 1.391425e+00 1.241875e+00 1.019995e+00 1.145804e+00 8.657456e-01 5.852672e-04
<GCONST> 7.788056e+01
<MIXTURE> 13 5.904134e-03
<MEAN> 25
 1.009516e+01 2.683662e+00 -4.985293e+00 -1.421187e+01 -8.311716e+00 8.520041e+00 5.860852e-01 -4.407601e+00 -2.862016e+00 -2.962666e+00 1.837789e+00 -2.694587e-01 6.049905e-03 3.724296e-01 7.632190e-02 -3.953221e-01 -3.854031e-01 -1.392262e-01 3.952566e-01 4.432805e-01 1.700689e-01 -3.093168e-01 -4.312180e-01 4.923293e-02 -8.530549e-03
<VARIANCE> 25
 8.242947e+00 2.232824e+01 2.008147e+01 3.874067e+01 3.457437e+01 2.656049e+01 3.827448e+01 5.400967e+01 3.761372e+01 4.203031e+01 3.695662e+01 2.945507e+01 2.296046e-01 6.184995e-01 6.889361e-01 1.243149e+00 1.052502e+00 1.089864e+00 1.106535e+00 1.391425e+00 1.241875e+00 1.019995e+00 1.145804e+00 8.657456e-01 5.852672e-04
<GCONST> 7.788056e+01
<MIXTURE> 14 6.488954e-03
<MEAN> 25
 -4.138374e+00 2.171003e-01 -5.352992e-01 8.231037e+00 7.776272e+00 7.369286e+00 7.371940e+00 7.065068e+00 7.044831e+00 4.646048e+00 6.233575e+00 3.751094e+00 -3.070270e-01 1.758948e-01 4.181000e-01 3.109502e-01 -3.226501e-02 4.399346e-02 1.616462e-01 3.203381e-01 4.187930e-01 4.942429e-01 4.055285e-01 4.953969e-02 -9.881411e-03
<VARIANCE> 25
 8.811490e+00 1.532066e+01 1.718966e+01 1.931573e+01 1.980797e+01 1.870012e+01 2.213069e+01 1.996387e+01 1.886384e+01 2.394665e+01 2.286396e+01 1.538498e+01 8.976444e-01 1.509734e+00 1.683159e+00 1.800874e+00 2.174075e+00 2.183717e+00 2.110572e+00 2.520076e+00 2.302518e+00 2.332128e+00 2.078373e+00 1.873920e+00 9.772305e-04
<GCONST> 8.139034e+01
<MIXTURE> 15 2.475190e-03
<MEAN> 25
 -5.047827e+00 3.398758e-01 -3.869365e-01 6.729668e+00 5.956203e+00 5.402654e+00 5.981988e+00 5.125648e+00 5.509562e+00 3.938426e+00 5.056215e+00 2.418834e+00 -1.285031e-01 -8.189437e-06 1.339258e-01 2.615913e-01 4.424138e-01 7.772652e-01 1.010139e+00 1.169445e+00 1.120697e+00 8.201113e-01 3.602269e-01 -2.004860e-02 6.640686e-04
<VARIANCE> 25
 6.551389e+00 8.860108e+00 8.078621e+00 1.300710e+01 1.249129e+01 1.261864e+01 1.421990e+01 1.488807e+01 1.392334e+01 1.256770e+01 1.452864e+01 1.224605e+01 1.168853e-01 2.018594e-01 3.205006e-01 4.604743e-01 6.130071e-01 7.638267e-01 7.176107e-01 6.905124e-01 8.301902e-01 9.457533e-01 1.094144e+00 1.162216e+00 3.089620e-05
<GCONST> 5.791681e+01
<MIXTURE> 16 2.475190e-03
<MEAN> 25
 -5.047827e+00 3.398758e-01 -3.869365e-01 6.729668e+00 5.956203e+00 5.402654e+00 5.981988e+00 5.125648e+00 5.509562e+00 3.938426e+00 5.056215e+00 2.418834e+00 -1.285031e-01 -8.189437e-06 1.339258e-01 2.615913e-01 4.424138e-01 7.772652e-01 1.010139e+00 1.169445e+00 1.120697e+00 8.201113e-01 3.602269e-01 -2.004860e-02 6.640686e-04
<VARIANCE> 25
 6.551389e+00 8.860108e+00 8.078621e+00 1.300710e+01 1.249129e+01 1.261864e+01 1.421990e+01 1.488807e+01 1.392334e+01 1.256770e+01 1.452864e+01 1.224605e+01 1.168853e-01 2.018594e-01 3.205006e-01 4.604743e-01 6.130071e-01 7.638267e-01 7.176107e-01 6.905124e-01 8.301902e-01 9.457533e-01 1.094144e+00 1.162216e+00 3.089620e-05
<GCONST> 5.791681e+01
<MIXTURE> 17 9.518312e-03
<MEAN> 25
 3.907824e+00 -3.036150e+00 5.520931e+00 2.927990e+00 -6.644868e+00 -7.410748e+00 -3.707547e+00 -6.194249e-01 -2.765586e+00 -2.170269e+00 -8.723729e-01 1.342917e+00 -5.265503e-01 -1.397757e+00 1.388244e+00 -1.324568e+00 -2.605401e+00 -4.812874e-01 -2.348254e-01 1.029855e+00 -6.790971e-01 2.019840e-01 1.121744e+00 6.929864e-01 7.140188e-02
<VARIANCE> 25
 1.336605e+01 3.649865e+01 2.162326e+01 2.328555e+01 3.956065e+01 3.455631e+01 2.942270e+01 2.356736e+01 2.273262e+01 2.058831e+01 1.687117e+01 1.802662e+01 1.147514e+00 1.997754e+00 2.406701e+00 2.966950e+00 4.368020e+00 3.456083e+00 3.492486e+00 4.060792e+00 2.987265e+00 2.661172e+00 1.981880e+00 2.045338e+00 1.253808e-03
<GCONST> 8.893956e+01
<MIXTURE> 18 1.221018e-02
<MEAN> 25
 2.311831e+00 3.222079e+00 5.682625e+00 3.317405e+00 -3.749086e+00 -8.689793e+00 -2.622427e+00 -1.612634e-01 -2.725349e+00 -9.971333e-01 -7.122377e-01 2.169076e+00 -1.305937e+00 2.627198e+00 -3.788631e-01 9.977096e-01 3.323247e+00 1.097404e+00 1.195668e+00 1.759901e-01 1.352900e+00 -2.738323e-02 -5.088451e-01 -3.588212e-01 -1.030946e-01
<VARIANCE> 25
 1.205310e+01 1.816376e+01 2.478858e+01 1.850091e+01 2.951998e+01 2.495886e+01 3.118091e+01 2.672490e+01 3.581083e+01 2.319254e+01 2.724595e+01 2.759379e+01 1.999836e+00 2.282773e+00 3.031819e+00 3.732785e+00 3.135869e+00 2.771912e+00 3.102656e+00 2.582011e+00 2.908536e+00 2.595941e+00 2.944264e+00 2.640985e+00 2.302237e-03
<GCONST> 9.032292e+01
<MIXTURE> 19 9.912824e-03
<MEAN> 25
 -1.028937e+01 2.434763e+00 9.365991e-01 4.717030e-01 3.620394e+00 1.843037e+00 3.409417e+00 5.688044e-01 2.674604e+00 1.341703e+00 8.124725e-01 2.442022e+00 1.971915e+00 1.284132e+00 2.025667e+00 8.159984e-01 -1.238652e+00 -1.010180e+00 -1.026513e+00 -1.396282e+00 -1.704183e+00 -1.081565e+00 -6.957238e-01 -7.265484e-01 7.701439e-03
<VARIANCE> 25
 4.954214e+01 3.035654e+01 4.644405e+01 5.038752e+01 3.246131e+01 3.103403e+01 2.744026e+01 3.144677e+01 2.850490e+01 2.569808e+01 2.705580e+01 2.231779e+01 2.307521e+00 3.233475e+00 2.123815e+00 2.194295e+00 2.628630e+00 2.127484e+00 2.225662e+00 2.135500e+00 2.326889e+00 1.833550e+00 2.214389e+00 1.763232e+00 2.548421e-03
<GCONST> 9.136555e+01
<MIXTURE> 20 6.308331e-03
<MEAN> 25
 -1.393509e+01 7.566690e+00 8.762376e-01 5.415103e+00 4.879348e+00 1.311365e+00 5.027430e+00 5.808641e-01 1.119886e+00 8.480684e-01 2.370579e+00 -1.954103e-01 -3.207481e+00 -7.007125e-01 -1.475978e+00 2.833417e-01 1.467434e+00 2.106150e+00 1.943176e+00 1.880786e+00 2.171626e+00 1.952651e+00 1.600433e+00 9.817185e-01 4.545312e-02
<VARIANCE> 25
 1.931555e+01 2.218999e+01 2.925018e+01 4.189903e+01 2.951796e+01 2.873182e+01 2.835279e+01 3.372993e+01 2.908795e+01 2.666698e+01 2.426455e+01 2.071367e+01 2.084845e+00 2.386972e+00 2.024065e+00 2.505242e+00 2.847267e+00 2.204366e+00 2.249698e+00 2.582471e+00 2.097350e+00 2.569205e+00 2.199757e+00 1.806211e+00 1.854013e-03
<GCONST> 8.919630e+01
<MIXTURE> 21 7.928653e-03
<MEAN> 25
 3.615861e+00 -6.849986e+00 5.387072e+00 4.595490e-01 -1.125260e+01 -7.055741e+00 -1.949803e+00 3.347703e+00 -2.760470e+00 -1.679057e+00 -2.124740e-01 1.611282e+00 -5.901214e-01 1.230551e+00 2.030563e+00 -8.771490e-02 -1.285194e+00 2.652216e-01 1.483894e-01 -1.294969e+00 -1.645823e+00 1.529853e-01 1.057887e+00 3.092218e-01 -1.214640e-02
<VARIANCE> 25
 5.473615e+00 1.729581e+01 1.995590e+01 2.364256e+01 2.625974e+01 2.579500e+01 3.057044e+01 2.827996e+01 2.703233e+01 1.999831e+01 2.084067e+01 1.472529e+01 2.524690e-01 6.514985e-01 1.343317e+00 1.069709e+00 2.298517e+00 1.732919e+00 2.530447e+00 2.340989e+00 1.463759e+00 2.099313e+00 1.375032e+00 1.794864e+00 6.461188e-04
<GCONST> 7.835358e+01
<MIXTURE> 22 8.827789e-03
<MEAN> 25
 -1.764854e+01 7.320211e+00 -4.043575e+00 7.026700e+00 4.933934e+00 2.493321e+00 8.222257e+00 1.899705e+00 5.672014e+00 3.323199e+00 5.192857e+00 1.411619e+00 -3.223676e-01 -1.887565e-01 -1.357124e-01 -1.075485e-01 -1.625523e-03 2.426745e-01 2.186779e-01 8.913715e-02 2.479379e-01 2.059912e-01 8.499990e-02 1.763137e-01 8.849201e-03
<VARIANCE> 25
 8.826187e+00 1.647300e+01 1.675167e+01 2.579399e+01 2.339282e+01 2.130889e+01 1.885550e+01 1.835603e+01 1.868603e+01 1.974553e+01 2.233450e+01 1.413964e+01 1.039025e+00 1.323940e+00 1.297690e+00 1.515864e+00 1.343166e+00 1.648678e+00 1.490887e+00 1.596886e+00 1.647299e+00 1.468405e+00 1.463927e+00 1.140012e+00 1.653118e-03
<GCONST> 7.836741e+01
<MIXTURE> 23 6.455497e-03
<MEAN> 25
 7.524301e+00 1.245555e+00 1.874184e+00 1.593888e+00 -5.557146e+00 -5.909946e-02 -1.649025e-01 -7.741076e+00 -3.576379e+00 -1.283554e+00 -3.827823e+00 -1.967072e+00 -3.577616e-03 3.347497e-01 4.394992e-02 -7.143704e-03 -1.171279e-01 -1.224338e-01 1.205746e-01 9.059177e-02 6.414016e-02 1.155607e-01 -1.502126e-01 3.606449e-02 -4.723938e-03
<VARIANCE> 25
 8.336108e+00 2.070082e+01 2.128247e+01 3.156346e+01 3.111508e+01 5.480330e+01 7.344073e+01 4.480135e+01 3.539514e+01 4.655669e+01 3.455235e+01 3.404863e+01 1.160088e-01 3.626197e-01 3.559943e-01 4.782111e-01 7.005855e-01 6.583726e-01 6.543810e-01 8.174313e-01 7.928913e-01 6.899854e-01 7.116166e-01 8.706172e-01 8.651119e-05
<GCONST> 7.084956e+01
<MIXTURE> 24 6.455497e-03
<MEAN> 25
 7.524301e+00 1.245555e+00 1.874184e+00 1.593888e+00 -5.557146e+00 -5.909946e-02 -1.649025e-01 -7.741076e+00 -3.576379e+00 -1.283554e+00 -3.827823e+00 -1.967072e+00 -3.577616e-03 3.347497e-01 4.394992e-02 -7.143704e-03 -1.171279e-01 -1.224338e-01 1.205746e-01 9.059177e-02 6.414016e-02 1.155607e-01 -1.502126e-01 3.606449e-02 -4.723938e-03
<VARIANCE> 25
 8.336108e+00 2.070082e+01 2.128247e+01 3.156346e+01 3.111508e+01 5.480330e+01 7.344073e+01 4.480135e+01 3.539514e+01 4.655669e+01 3.455235e+01 3.404863e+01 1.160088e-01 3.626197e-01 3.559943e-01 4.782111e-01 7.005855e-01 6.583726e-01 6.543810e-01 8.174313e-01 7.928913e-01 6.899854e-01 7.116166e-01 8.706172e-01 8.651119e-05
<GCONST> 7.084956e+01
<MIXTURE> 25 1.118642e-02
<MEAN> 25
 9.185376e-01 4.492337e-01 1.392601e+01 -5.246547e-02 -1.319983e+01 -3.667292e+00 -5.707253e+00 -2.669040e+00 -8.317837e+00 -5.556541e+00 3.892456e+00 6.928735e-01 3.232736e-02 6.376628e-01 -2.433119e-02 3.486265e-01 2.365652e-01 2.199136e-01 3.284861e-01 -7.528593e-02 9.540744e-02 2.183982e-02 -1.964483e-01 -5.267838e-02 -1.914880e-02
<VARIANCE> 25
 5.210318e+00 3.216171e+01 1.575203e+01 2.245355e+01 2.117146e+01 3.556427e+01 2.032788e+01 1.692409e+01 2.005199e+01 2.130380e+01 1.641519e+01 1.885050e+01 4.979511e-01 1.603875e+00 8.246995e-01 1.697730e+00 1.668504e+00 2.304005e+00 1.441439e+00 1.262306e+00 1.019471e+00 1.376272e+00 9.337559e-01 9.702154e-01 7.681366e-04
<GCONST> 7.631868e+01
<MIXTURE> 26 7.727677e-03
<MEAN> 25
 2.361267e+00 -4.650604e+00 -9.400764e+00 -5.262464e-01 7.440958e+00 4.988429e+00 3.197154e+00 -2.216484e-01 2.563141e+00 1.051572e-01 -2.942820e+00 -2.521430e+00 -6.899350e-01 7.022240e-01 4.677975e-01 7.030717e-01 3.203709e-01 3.523366e-01 3.287432e-01 3.182321e-01 4.629354e-01 -4.543447e-02 1.994328e-01 4.751063e-01 -5.282286e-02
<VARIANCE> 25
 2.026824e+01 3.651306e+01 2.342700e+01 4.997104e+01 3.371753e+01 3.631410e+01 3.960664e+01 3.779165e+01 3.611011e+01 4.618779e+01 3.845680e+01 4.899443e+01 1.293561e+00 1.745365e+00 1.688606e+00 1.886533e+00 2.168128e+00 2.587730e+00 2.331079e+00 2.587202e+00 2.257142e+00 2.231745e+00 2.399636e+00 1.930833e+00 2.867091e-03
<GCONST> 9.179108e+01
<MIXTURE> 27 7.727677e-03
<MEAN> 25
 2.361267e+00 -4.650604e+00 -9.400764e+00 -5.262464e-01 7.440958e+00 4.988429e+00 3.197154e+00 -2.216484e-01 2.563141e+00 1.051572e-01 -2.942820e+00 -2.521430e+00 -6.899350e-01 7.022240e-01 4.677975e-01 7.030717e-01 3.203709e-01 3.523366e-01 3.287432e-01 3.182321e-01 4.629354e-01 -4.543447e-02 1.994328e-01 4.751063e-01 -5.282286e-02
<VARIANCE> 25
 2.026824e+01 3.651306e+01 2.342700e+01 4.997104e+01 3.371753e+01 3.631410e+01 3.960664e+01 3.779165e+01 3.611011e+01 4.618779e+01 3.845680e+01 4.899443e+01 1.293561e+00 1.745365e+00 1.688606e+00 1.886533e+00 2.168128e+00 2.587730e+00 2.331079e+00 2.587202e+00 2.257142e+00 2.231745e+00 2.399636e+00 1.930833e+00 2.867091e-03
<GCONST> 9.179108e+01
<MIXTURE> 28 5.036674e-03
<MEAN> 25
 -5.396935e+00 1.797841e-01 -1.494681e+00 6.388696e+00 5.394362e+00 3.276178e+00 5.488460e+00 3.134092e+00 3.811675e+00 2.232263e+00 2.447037e+00 3.271822e+00 -1.201148e-01 2.121343e-01 5.229130e-01 7.685714e-01 8.170984e-01 6.969258e-01 5.508624e-01 4.430755e-01 4.086263e-01 4.496502e-01 3.587816e-01 1.732522e-01 1.751218e-05
<VARIANCE> 25
 1.015772e+01 8.641299e+00 1.199482e+01 1.512729e+01 1.445594e+01 2.011181e+01 1.819259e+01 1.908827e+01 1.748891e+01 1.636707e+01 2.016527e+01 1.487812e+01 2.498658e-01 3.374704e-01 3.967417e-01 4.526044e-01 6.041491e-01 8.242401e-01 1.078547e+00 1.221235e+00 1.101771e+00 1.071418e+00 1.003870e+00 1.085657e+00 1.084392e-06
<GCONST> 6.041125e+01
<MIXTURE> 29 5.036674e-03
<MEAN> 25
 -5.396935e+00 1.797841e-01 -1.494681e+00 6.388696e+00 5.394362e+00 3.276178e+00 5.488460e+00 3.134092e+00 3.811675e+00 2.232263e+00 2.447037e+00 3.271822e+00 -1.201148e-01 2.121343e-01 5.229130e-01 7.685714e-01 8.170984e-01 6.969258e-01 5.508624e-01 4.430755e-01 4.086263e-01 4.496502e-01 3.587816e-01 1.732522e-01 1.751218e-05
<VARIANCE> 25
 1.015772e+01 8.641299e+00 1.199482e+01 1.512729e+01 1.445594e+01 2.011181e+01 1.819259e+01 1.908827e+01 1.748891e+01 1.636707e+01 2.016527e+01 1.487812e+01 2.498658e-01 3.374704e-01 3.967417e-01 4.526044e-01 6.041491e-01 8.242401e-01 1.078547e+00 1.221235e+00 1.101771e+00 1.071418e+00 1.003870e+00 1.085657e+00 1.084392e-06
<GCONST> 6.041125e+01
<MIXTURE> 30 8.917812e-03
<MEAN> 25
 -3.937247e+00 2.790462e+00 -2.633029e-01 6.463280e+00 8.343423e+00 6.906432e+00 6.063744e+00 5.919987e+00 7.339069e+00 2.564449e+00 3.476771e+00 2.363701e+00 3.506697e-03 1.037454e-01 7.394066e-02 2.434935e-02 1.810885e-01 9.133598e-02 -6.301163e-02 7.765787e-02 -3.461016e-03 -2.905192e-02 -8.571509e-02 6.287982e-02 3.441710e-04
<VARIANCE> 25
 4.206513e+00 9.026224e+00 6.548771e+00 1.162517e+01 1.190841e+01 1.107121e+01 1.356263e+01 1.480249e+01 1.255478e+01 1.641439e+01 2.224717e+01 1.197605e+01 8.766556e-02 1.815704e-01 2.727974e-01 4.028802e-01 6.014742e-01 5.154710e-01 5.973958e-01 8.203896e-01 9.376579e-01 9.178898e-01 9.574422e-01 1.017601e+00 7.056099e-05
<GCONST> 5.704544e+01
<MIXTURE> 31 4.136493e-03
<MEAN> 25
 -3.263742e+00 -4.806692e+00 -1.295495e-01 4.598138e+00 4.043018e+00 1.845667e+00 5.090927e+00 6.606027e+00 2.845421e+00 1.133094e+00 6.092721e+00 3.015980e+00 2.633849e-01 4.619734e-01 -2.939242e-01 3.026857e-01 1.396383e-01 4.504945e-01 1.601125e-01 -1.503156e-02 4.510564e-01 4.675765e-01 8.065688e-02 5.200547e-02 -1.776444e-02
<VARIANCE> 25
 6.911022e+00 2.105910e+01 1.685354e+01 1.736185e+01 2.470330e+01 2.207986e+01 2.232144e+01 2.404092e+01 2.447064e+01 2.724667e+01 2.053033e+01 1.794452e+01 1.841317e-01 4.650664e-01 6.462871e-01 7.191285e-01 9.185407e-01 1.073552e+00 1.200418e+00 1.323889e+00 1.337552e+00 1.420427e+00 1.219173e+00 1.098521e+00 2.570655e-04
<GCONST> 7.149782e+01
<MIXTURE> 32 4.136493e-03
<MEAN> 25
 -3.263742e+00 -4.806692e+00 -1.295495e-01 4.598138e+00 4.043018e+00 1.845667e+00 5.090927e+00 6.606027e+00 2.845421e+00 1.133094e+00 6.092721e+00 3.015980e+00 2.633849e-01 4.619734e-01 -2.939242e-01 3.026857e-01 1.396383e-01 4.504945e-01 1.601125e-01 -1.503156e-02 4.510564e-01 4.675765e-01 8.065688e-02 5.200547e-02 -1.776444e-02
<VARIANCE> 25
 6.911022e+00 2.105910e+01 1.685354e+01 1.736185e+01 2.470330e+01 2.207986e+01 2.232144e+01 2.404092e+01 2.447064e+01 2.724667e+01 2.053033e+01 1.794452e+01 1.841317e-01 4.650664e-01 6.462871e-01 7.191285e-01 9.185407e-01 1.073552e+00 1.200418e+00 1.323889e+00 1.337552e+00 1.420427e+00 1.219173e+00 1.098521e+00 2.570655e-04
<GCONST> 7.149782e+01
<MIXTURE> 33 1.508826e-02
<MEAN> 25
 5.829591e+00 -5.664684e+00 -1.527971e+00 -2.803043e+00 -3.488795e+00 -5.455616e+00 -7.421068e+00 1.730009e+00 2.569885e+00 -2.247606e-01 -3.841199e+00 -2.671124e+00 7.970496e-01 -1.259644e+00 -2.331496e+00 -1.649381e+00 1.207806e+00 1.414050e+00 -5.137721e-01 4.833304e-01 8.016129e-01 6.418802e-01 -2.511607e-01 -1.488061e+00 3.371198e-02
<VARIANCE> 25
 8.586851e+00 2.754381e+01 2.720733e+01 3.098898e+01 3.974377e+01 3.568562e+01 3.444975e+01 3.768289e+01 3.345173e+01 3.409092e+01 2.917197e+01 2.484169e+01 1.040058e+00 1.955675e+00 1.934202e+00 1.873059e+00 3.849539e+00 2.912676e+00 3.514849e+00 5.103319e+00 3.116807e+00 3.368973e+00 2.713421e+00 2.135606e+00 1.702295e-03
<GCONST> 9.123461e+01
<MIXTURE> 34 1.588179e-02
<MEAN> 25
 8.014609e+00 -1.406695e+00 -1.778736e+00 8.440248e-01 -3.527622e+00 2.208046e-01 -4.044636e+00 -5.070342e+00 -2.810605e+00 1.060567e+00 -1.010588e+00 -5.075340e+00 6.339738e-02 1.310981e+00 1.195032e+00 1.927814e+00 -1.489835e-01 1.471688e-01 1.520876e+00 -1.773264e+00 -6.937398e-01 3.659882e-02 -1.002304e+00 6.542667e-01 -5.874773e-02
<VARIANCE> 25
 6.132627e+00 2.785566e+01 2.659985e+01 3.972769e+01 3.459352e+01 4.652052e+01 5.754148e+01 4.043276e+01 4.010641e+01 3.509613e+01 3.801070e+01 3.739339e+01 1.039782e+00 1.893873e+00 3.462515e+00 3.393234e+00 6.196716e+00 4.935902e+00 4.632313e+00 5.385922e+00 3.643446e+00 3.680800e+00 3.542496e+00 3.266085e+00 9.906644e-04
<GCONST> 9.560141e+01
<MIXTURE> 35 1.467755e-02
<MEAN> 25
 -2.827905e+00 -4.512077e+00 -7.353326e+00 9.766206e-01 1.077989e+01 -6.494879e-01 8.443207e-01 2.904441e+00 9.515933e-01 4.367208e+00 -5.635317e-01 5.888327e-01 2.937063e-01 -1.202316e+00 -1.142942e+00 -1.560642e+00 7.497446e-01 -5.948381e-01 -7.807961e-01 -3.102448e-01 -9.052234e-01 4.438464e-01 -2.832271e-01 -6.662109e-01 9.270567e-02
<VARIANCE> 25
 1.505656e+01 2.462597e+01 3.793281e+01 4.909785e+01 3.690532e+01 5.567324e+01 3.698865e+01 3.815091e+01 3.653727e+01 3.226802e+01 2.783596e+01 2.635917e+01 3.878232e+00 2.819953e+00 4.929134e+00 4.352869e+00 6.080488e+00 4.439809e+00 3.609146e+00 4.113047e+00 4.752344e+00 4.288547e+00 3.250138e+00 3.322155e+00 4.033790e-03
<GCONST> 9.927502e+01
<MIXTURE> 36 1.093293e-02
<MEAN> 25
 3.675213e+00 -4.722456e+00 6.058882e+00 2.735270e+00 -1.094342e+01 -9.268645e+00 -6.537633e+00 2.063507e+00 -4.287122e+00 -2.869905e+00 2.387591e+00 2.676640e+00 2.921926e-01 2.127807e-01 -7.690056e-01 -2.267023e-01 1.052346e+00 9.492561e-02 -2.134084e-01 1.081175e-01 2.950938e-01 3.527309e-01 -3.829281e-01 -3.010862e-01 -2.003016e-02
<VARIANCE> 25
 4.450331e+00 2.309013e+01 1.920860e+01 2.036445e+01 1.929491e+01 2.100056e+01 2.233742e+01 2.072388e+01 2.742931e+01 1.665666e+01 1.677147e+01 2.416744e+01 3.586935e-01 6.573623e-01 1.898317e+00 9.346203e-01 1.776220e+00 1.658843e+00 1.583490e+00 1.982510e+00 1.522434e+00 1.219630e+00 1.045300e+00 1.705850e+00 6.248703e-04
<GCONST> 7.599193e+01
<MIXTURE> 37 1.246826e-02
<MEAN> 25
 2.591066e-02 7.457130e+00 1.202674e+01 -4.963164e+00 -7.597278e+00 -1.561868e+00 -4.342718e+00 -8.408612e+00 -3.934629e+00 -1.736560e-01 -3.072756e+00 -1.615230e+00 1.727497e-01 6.648268e-01 -1.370264e+00 3.131502e+00 2.113212e+00 -1.834367e-01 1.127932e+00 7.248568e-01 9.927963e-01 -2.834520e-01 1.508820e-01 -8.101257e-02 -9.599738e-02
<VARIANCE> 25
 1.625842e+01 2.415952e+01 2.751063e+01 4.648351e+01 3.349721e+01 3.141524e+01 4.154548e+01 3.307480e+01 3.777673e+01 3.862191e+01 3.557966e+01 2.863139e+01 2.621122e+00 3.038975e+00 2.737516e+00 4.714608e+00 4.180243e+00 3.378957e+00 3.707726e+00 4.247309e+00 4.397191e+00 3.308272e+00 4.249519e+00 2.532484e+00 3.458631e-03
<GCONST> 9.689397e+01
<MIXTURE> 38 1.154525e-02
<MEAN> 25
 -5.436249e+00 8.661943e+00 5.214202e+00 2.168768e-01 3.985620e+00 -5.030925e+00 -1.699291e+00 -4.259474e-01 -2.361614e+00 -2.950260e+00 -1.934304e+00 -1.824099e-01 -4.015501e+00 1.828373e+00 -1.856403e-01 7.248980e-02 2.542707e+00 1.717094e+00 1.196410e+00 3.673357e-01 1.287326e+00 -2.823483e-02 1.051374e+00 -4.336319e-01 2.113556e-02
<VARIANCE> 25
 2.186928e+01 1.804141e+01 2.750114e+01 2.584341e+01 4.129740e+01 3.332846e+01 3.209584e+01 3.772882e+01 3.015079e+01 2.411588e+01 1.568481e+01 2.397977e+01 1.575593e+00 3.013398e+00 2.928840e+00 3.896962e+00 3.819520e+00 3.148600e+00 4.263448e+00 3.224978e+00 2.917246e+00 3.497637e+00 2.610317e+00 2.821419e+00 2.157222e-03
<GCONST> 9.261741e+01
<MIXTURE> 39 9.501865e-03
<MEAN> 25
 1.212062e+00 2.234059e+00 1.020368e+01 -7.830913e+00 -1.166698e+01 -1.668335e+00 -2.439596e+00 -7.014462e+00 -5.345990e+00 8.472941e-01 -2.370127e+00 -2.355145e+00 -8.455881e-01 1.592068e+00 1.653726e+00 -1.409179e+00 2.551724e-01 1.281630e+00 -1.087489e+00 -1.312927e+00 3.299041e-01 6.098158e-01 -4.247082e-01 -1.241176e-01 -4.879578e-03
<VARIANCE> 25
 8.182662e+00 2.880019e+01 2.803055e+01 4.305110e+01 3.373257e+01 4.178070e+01 4.096728e+01 3.409010e+01 3.770148e+01 3.040010e+01 4.245760e+01 2.666630e+01 7.058407e-01 1.399282e+00 1.478703e+00 2.537232e+00 2.518785e+00 2.499008e+00 2.812073e+00 2.577564e+00 2.524871e+00 2.606272e+00 1.992756e+00 2.222499e+00 1.295781e-03
<GCONST> 8.892764e+01
<MIXTURE> 40 1.030800e-02
<MEAN> 25
 -6.101789e+00 4.200171e+00 -1.593450e+00 4.682384e+00 5.178847e+00 4.778568e+00 4.749007e+00 4.162902e+00 5.743692e+00 2.796928e+00 3.079524e+00 1.291781e+00 -1.954232e-01 -1.607462e-01 8.042648e-02 -1.239522e-01 -4.481673e-02 -3.509786e-02 1.312219e-01 1.348307e-02 7.209234e-03 5.830740e-02 -1.197473e-01 -3.468132e-02 3.585807e-03
<VARIANCE> 25
 2.711226e+01 1.343869e+01 1.543756e+01 1.932300e+01 1.804957e+01 1.547674e+01 1.381122e+01 1.496474e+01 1.574504e+01 1.536438e+01 1.502830e+01 1.022479e+01 5.996120e-01 5.725811e-01 6.505486e-01 7.949010e-01 1.028608e+00 1.136322e+00 1.194668e+00 1.381632e+00 1.194625e+00 1.096738e+00 1.000669e+00 1.104985e+00 6.258797e-04
<GCONST> 7.095303e+01
<MIXTURE> 41 6.713375e-03
<MEAN> 25
 1.276696e+00 1.685855e+00 1.043438e+01 -6.820964e+00 -1.039935e+01 -3.906013e+00 -2.527984e+00 -4.996620e+00 -4.703884e+00 2.635298e+00 -1.674039e+00 -8.871412e-01 8.605648e-02 -7.772384e-01 1.697715e+00 -3.507872e+00 -2.478691e+00 -1.524479e-01 -5.297763e-01 -3.649162e-01 -8.488974e-01 1.075997e+00 -1.010778e+00 7.721409e-02 8.631131e-02
<VARIANCE> 25
 1.189407e+01 3.012776e+01 3.228921e+01 4.047771e+01 3.897138e+01 4.002188e+01 3.700360e+01 2.970902e+01 3.287860e+01 2.885797e+01 3.173364e+01 2.714768e+01 3.165604e+00 3.308336e+00 3.792429e+00 3.882154e+00 4.982639e+00 5.923491e+00 4.676704e+00 4.618344e+00 3.987181e+00 4.227789e+00 3.852369e+00 3.190911e+00 2.897173e-03
<GCONST> 9.795793e+01
<MIXTURE> 42 1.106211e-02
<MEAN> 25
 -3.654623e+00 3.350578e+00 4.961042e+00 1.431854e+00 -4.063835e-02 -5.271719e+00 -1.020143e+00 -2.417057e+00 -1.178576e+00 -1.401603e+00 -8.667912e-01 1.795958e+00 4.177962e+00 -1.592566e+00 6.192760e-01 7.924822e-01 -3.579667e+00 -1.703699e+00 -2.167643e+00 -1.125863e+00 -1.136666e+00 -4.647297e-01 4.025719e-01 -3.653234e-01 3.571717e-02
<VARIANCE> 25
 3.054348e+01 1.559243e+01 3.335805e+01 2.118347e+01 2.862132e+01 3.214128e+01 3.149234e+01 2.406404e+01 2.404827e+01 2.532261e+01 1.961941e+01 1.381098e+01 2.576004e+00 4.704378e+00 5.002312e+00 3.597264e+00 3.854954e+00 5.012106e+00 5.107935e+00 3.922058e+00 6.377671e+00 3.898796e+00 3.239898e+00 3.738320e+00 3.429388e-03
<GCONST> 9.551759e+01
<MIXTURE> 43 7.108249e-03
<MEAN> 25
 3.198305e+00 -6.500873e+00 -1.951424e+00 -4.915375e+00 -7.547303e+00 -3.427669e+00 3.867027e+00 1.433768e+00 -4.868546e+00 -6.639453e+00 -4.255749e+00 -1.076715e+00 2.055502e-01 2.139554e+00 1.859541e+00 -8.146703e-02 -1.356944e+00 -7.658668e-01 -9.012728e-01 -8.082718e-01 7.482259e-01 1.405758e+00 3.177778e-01 5.754086e-02 -4.489464e-02
<VARIANCE> 25
 9.352325e+00 2.022756e+01 2.801482e+01 3.499943e+01 3.787806e+01 3.605712e+01 3.365095e+01 3.924304e+01 3.870574e+01 4.037482e+01 2.558807e+01 2.870464e+01 6.734941e-01 1.231085e+00 1.592807e+00 2.505022e+00 2.438822e+00 2.304693e+00 2.640835e+00 2.919631e+00 2.608014e+00 2.555162e+00 2.262888e+00 1.877455e+00 9.076099e-04
<GCONST> 8.774034e+01
<MIXTURE> 44 7.328289e-03
<MEAN> 25
 -1.390001e+01 5.460911e+00 5.006276e+00 -3.646483e+00 4.352368e+00 2.342431e+00 -2.923119e-01 1.690752e+00 2.856791e+00 -1.660601e+00 3.439414e-01 1.517699e-01 -4.781372e-01 -2.891172e-01 2.934186e-01 3.494125e-01 -6.162924e-01 5.252806e-01 6.126375e-01 -4.996376e-02 4.662062e-01 1.190016e-01 2.302135e-01 3.445305e-01 9.754641e-03
<VARIANCE> 25
 3.051040e+01 2.309846e+01 3.270308e+01 2.087920e+01 2.147979e+01 3.069441e+01 1.828885e+01 2.418716e+01 1.985028e+01 2.004388e+01 1.811239e+01 1.605274e+01 1.156728e+00 1.319838e+00 9.355825e-01 1.275555e+00 1.879362e+00 1.604888e+00 1.733189e+00 1.430899e+00 1.420604e+00 1.117192e+00 1.041169e+00 1.333204e+00 9.263973e-04
<GCONST> 7.969069e+01
<MIXTURE> 45 1.364932e-02
<MEAN> 25
 -1.055870e+01 4.065368e+00 -7.417251e-01 9.238513e-01 7.882779e+00 -2.138180e+00 4.067604e+00 2.438641e+00 2.770766e+00 2.557033e+00 6.212772e-01 2.807265e+00 -2.682824e+00 7.196806e-01 -2.399211e-01 -6.442045e-01 4.295525e-01 -5.006951e-02 5.555263e-01 -1.653504e-01 7.546130e-02 1.484765e-01 2.186867e-01 3.448976e-01 7.846829e-02
<VARIANCE> 25
 2.626316e+01 2.478628e+01 2.114751e+01 2.509138e+01 3.685646e+01 3.275004e+01 3.285362e+01 2.361754e+01 1.858185e+01 1.945945e+01 2.396491e+01 1.941512e+01 1.813413e+00 2.872248e+00 1.986940e+00 2.208070e+00 2.779407e+00 3.324329e+00 1.957039e+00 2.297984e+00 3.421747e+00 1.760433e+00 1.369228e+00 2.227348e+00 3.832649e-03
<GCONST> 8.868513e+01
<MIXTURE> 46 9.336259e-03
<MEAN> 25
 -9.435255e+00 2.480055e+00 1.107223e+00 7.134573e+00 6.075366e+00 3.048177e+00 6.942060e+00 4.550510e+00 5.669674e+00 4.435865e+00 4.621202e+00 2.875965e+00 1.016010e+00 -1.988296e-01 1.231578e-02 9.778877e-01 5.547888e-01 9.630291e-01 4.035754e-01 6.335145e-01 5.251217e-01 4.638186e-01 5.911338e-01 5.072864e-01 -9.959872e-02
<VARIANCE> 25
 3.403071e+01 4.195790e+01 3.698831e+01 4.969896e+01 4.918999e+01 4.240921e+01 3.601626e+01 3.433000e+01 3.236414e+01 3.074541e+01 2.923019e+01 1.975724e+01 3.924528e+00 4.066679e+00 3.688175e+00 3.993490e+00 4.142960e+00 3.729686e+00 3.316938e+00 3.050413e+00 3.019946e+00 2.803246e+00 2.246994e+00 1.783627e+00 8.041075e-03
<GCONST> 9.796500e+01
<MIXTURE> 47 7.116147e-03
<MEAN> 25
 6.609365e+00 -8.312657e+00 -6.637821e+00 -5.426915e+00 4.350247e-01 5.381790e-01 -2.553372e+00 5.882412e-01 1.937196e+00 1.646578e+00 -3.108870e+00 -7.247575e+00 -1.952209e-02 -1.238587e+00 -5.819725e-01 -1.752579e-01 2.926234e-01 5.595323e-01 6.015496e-01 4.034288e-01 1.413547e-01 -6.976485e-01 -4.181711e-01 -6.280880e-02 3.262493e-02
<VARIANCE> 25
 7.545912e+00 1.913896e+01 1.734131e+01 2.523108e+01 2.911863e+01 4.451422e+01 3.183540e+01 3.348792e+01 3.894570e+01 3.161736e+01 3.717159e+01 2.226346e+01 4.601402e-01 7.353281e-01 1.076497e+00 1.274077e+00 1.915579e+00 2.667568e+00 1.821568e+00 1.915143e+00 1.862110e+00 1.678881e+00 1.892895e+00 2.127486e+00 4.416039e-04
<GCONST> 8.189490e+01
<MIXTURE> 48 7.116147e-03
<MEAN> 25
 6.609365e+00 -8.312657e+00 -6.637821e+00 -5.426915e+00 4.350247e-01 5.381790e-01 -2.553372e+00 5.882412e-01 1.937196e+00 1.646578e+00 -3.108870e+00 -7.247575e+00 -1.952209e-02 -1.238587e+00 -5.819725e-01 -1.752579e-01 2.926234e-01 5.595323e-01 6.015496e-01 4.034288e-01 1.413547e-01 -6.976485e-01 -4.181711e-01 -6.280880e-02 3.262493e-02
<VARIANCE> 25
 7.545912e+00 1.913896e+01 1.734131e+01 2.523108e+01 2.911863e+01 4.451422e+01 3.183540e+01 3.348792e+01 3.894570e+01 3.161736e+01 3.717159e+01 2.226346e+01 4.601402e-01 7.353281e-01 1.076497e+00 1.274077e+00 1.915579e+00 2.667568e+00 1.821568e+00 1.915143e+00 1.862110e+00 1.678881e+00 1.892895e+00 2.127486e+00 4.416039e-04
<GCONST> 8.189490e+01
<MIXTURE> 49 5.548473e-03
<MEAN> 25
 -4.607801e+00 2.148021e+00 -6.415392e-01 6.691272e+00 6.887508e+00 5.475209e+00 5.290550e+00 4.404699e+00 4.958970e+00 2.162611e+00 3.640053e+00 2.373485e+00 2.484103e-01 5.770587e-01 6.808774e-01 3.742429e-01 -2.489811e-02 -5.103104e-01 -9.674798e-01 -9.504840e-01 -9.077618e-01 -6.224709e-01 -5.632882e-01 -2.986578e-01 2.823247e-04
<VARIANCE> 25
 7.861911e+00 1.313780e+01 1.181674e+01 1.704190e+01 1.418530e+01 1.376706e+01 1.726443e+01 1.737267e+01 1.692252e+01 1.993056e+01 1.869424e+01 1.164530e+01 2.573685e-01 2.566491e-01 3.547969e-01 5.408372e-01 8.187418e-01 8.158953e-01 8.424647e-01 1.004026e+00 1.013898e+00 1.063730e+00 1.014262e+00 1.220788e+00 1.860993e-05
<GCONST> 6.253011e+01
<MIXTURE> 50 6.234641e-03
<MEAN> 25
 -4.411424e+00 1.018968e+00 -1.479145e+00 5.645056e+00 4.840335e+00 2.533222e+00 3.698977e+00 1.952139e+00 3.144995e+00 7.184087e-01 1.912555e+00 3.106816e+00 1.232277e-01 1.715298e-01 7.916599e-02 -2.166752e-01 -5.600968e-01 -6.871818e-01 -4.215105e-01 -8.432856e-02 3.696117e-01 7.512845e-01 7.425903e-01 4.397823e-01 -1.801671e-05
<VARIANCE> 25
 9.103979e+00 1.245797e+01 1.194073e+01 1.454587e+01 1.509496e+01 1.662674e+01 1.640538e+01 1.804170e+01 1.720822e+01 1.849673e+01 1.940223e+01 1.432272e+01 1.723093e-01 2.397411e-01 3.462089e-01 5.144809e-01 5.666529e-01 7.845073e-01 9.672384e-01 1.188154e+00 1.179354e+00 9.116443e-01 9.049106e-01 8.527374e-01 1.241883e-06
<GCONST> 5.907193e+01
<MIXTURE> 51 6.234641e-03
<MEAN> 25
 -4.411424e+00 1.018968e+00 -1.479145e+00 5.645056e+00 4.840335e+00 2.533222e+00 3.698977e+00 1.952139e+00 3.144995e+00 7.184087e-01 1.912555e+00 3.106816e+00 1.232277e-01 1.715298e-01 7.916599e-02 -2.166752e-01 -5.600968e-01 -6.871818e-01 -4.215105e-01 -8.432856e-02 3.696117e-01 7.512845e-01 7.425903e-01 4.397823e-01 -1.801671e-05
<VARIANCE> 25
 9.103979e+00 1.245797e+01 1.194073e+01 1.454587e+01 1.509496e+01 1.662674e+01 1.640538e+01 1.804170e+01 1.720822e+01 1.849673e+01 1.940223e+01 1.432272e+01 1.723093e-01 2.397411e-01 3.462089e-01 5.144809e-01 5.666529e-01 7.845073e-01 9.672384e-01 1.188154e+00 1.179354e+00 9.116443e-01 9.049106e-01 8.527374e-01 1.241883e-06
<GCONST> 5.907193e+01
<MIXTURE> 52 6.367945e-03
<MEAN> 25
 9.426554e+00 1.625824e+00 -6.482583e+00 -1.336735e+01 -4.562238e+00 8.461866e+00 -1.012761e+00 -4.561319e+00 -5.331150e+00 -1.152205e+00 3.939597e+00 4.978327e-01 -3.628505e-01 -3.626088e-01 -2.732321e-01 7.360181e-01 1.399020e+00 -2.695310e-01 -7.867959e-01 -5.240571e-01 1.120028e-01 1.231481e+00 6.046463e-01 -5.599963e-01 -8.642124e-03
<VARIANCE> 25
 8.998929e+00 1.897193e+01 1.984964e+01 3.435735e+01 3.822071e+01 2.536235e+01 4.263384e+01 4.392014e+01 3.673959e+01 4.219962e+01 3.793481e+01 3.068514e+01 3.593056e-01 1.323172e+00 1.267272e+00 2.820986e+00 2.074882e+00 1.971095e+00 3.257597e+00 2.416069e+00 2.619237e+00 2.302631e+00 2.782220e+00 2.232241e+00 1.430433e-03
<GCONST> 8.750502e+01
<MIXTURE> 53 6.367945e-03
<MEAN> 25
 9.426554e+00 1.625824e+00 -6.482583e+00 -1.336735e+01 -4.562238e+00 8.461866e+00 -1.012761e+00 -4.561319e+00 -5.331150e+00 -1.152205e+00 3.939597e+00 4.978327e-01 -3.628505e-01 -3.626088e-01 -2.732321e-01 7.360181e-01 1.399020e+00 -2.695310e-01 -7.867959e-01 -5.240571e-01 1.120028e-01 1.231481e+00 6.046463e-01 -5.599963e-01 -8.642124e-03
<VARIANCE> 25
 8.998929e+00 1.897193e+01 1.984964e+01 3.435735e+01 3.822071e+01 2.536235e+01 4.263384e+01 4.392014e+01 3.673959e+01 4.219962e+01 3.793481e+01 3.068514e+01 3.593056e-01 1.323172e+00 1.267272e+00 2.820986e+00 2.074882e+00 1.971095e+00 3.257597e+00 2.416069e+00 2.619237e+00 2.302631e+00 2.782220e+00 2.232241e+00 1.430433e-03
<GCONST> 8.750502e+01
<MIXTURE> 54 7.368620e-03
<MEAN> 25
 -3.460551e+00 8.823076e-01 -1.044634e+00 7.184826e+00 6.632802e+00 4.608397e+00 4.575828e+00 4.562291e+00 4.536634e+00 2.898401e+00 3.994235e+00 2.544985e+00 -8.878542e-03 2.485139e-02 7.529899e-02 1.383944e-02 1.003602e-01 8.863608e-02 5.048117e-02 3.025246e-02 -6.384280e-02 -3.280728e-02 1.856743e-03 6.005288e-02 1.944158e-04
<VARIANCE> 25
 7.892642e+00 1.176591e+01 8.677417e+00 1.827534e+01 1.232638e+01 1.208472e+01 1.072999e+01 1.083654e+01 1.204777e+01 1.390701e+01 1.703688e+01 1.109396e+01 4.044629e-02 8.520032e-02 1.692268e-01 2.235921e-01 2.985150e-01 3.914210e-01 5.261109e-01 5.101728e-01 5.622115e-01 5.755512e-01 4.998011e-01 5.724075e-01 1.403347e-06
<GCONST> 4.740351e+01
<MIXTURE> 55 7.368620e-03
<MEAN> 25
 -3.460551e+00 8.823076e-01 -1.044634e+00 7.184826e+00 6.632802e+00 4.608397e+00 4.575828e+00 4.562291e+00 4.536634e+00 2.898401e+00 3.994235e+00 2.544985e+00 -8.878542e-03 2.485139e-02 7.529899e-02 1.383944e-02 1.003602e-01 8.863608e-02 5.048117e-02 3.025246e-02 -6.384280e-02 -3.280728e-02 1.856743e-03 6.005288e-02 1.944158e-04
<VARIANCE> 25
 7.892642e+00 1.176591e+01 8.677417e+00 1.827534e+01 1.232638e+01 1.208472e+01 1.072999e+01 1.083654e+01 1.204777e+01 1.390701e+01 1.703688e+01 1.109396e+01 4.044629e-02 8.520032e-02 1.692268e-01 2.235921e-01 2.985150e-01 3.914210e-01 5.261109e-01 5.101728e-01 5.622115e-01 5.755512e-01 4.998011e-01 5.724075e-01 1.403347e-06
<GCONST> 4.740351e+01
<MIXTURE> 56 6.132464e-03
<MEAN> 25
 6.694858e+00 -7.787349e+00 -7.541958e+00 -7.352537e+00 1.613399e+00 3.435059e+00 -1.909719e+00 -2.905269e+00 -2.534246e-02 2.304819e+00 -1.486053e+00 -7.801162e+00 6.791469e-03 5.351891e-02 -1.029618e-01 9.216427e-02 1.946128e-01 3.346942e-01 3.406588e-02 -1.487114e-01 -4.361003e-02 1.142503e-01 3.278577e-02 -2.900206e-02 -5.124304e-03
<VARIANCE> 25
 6.426551e+00 2.877524e+01 1.530615e+01 2.921837e+01 2.538964e+01 3.694600e+01 3.753450e+01 2.865507e+01 3.175138e+01 2.336717e+01 3.159403e+01 1.975950e+01 1.797595e-01 3.619503e-01 3.988263e-01 7.279024e-01 6.080117e-01 1.109709e+00 8.024565e-01 8.698417e-01 9.204869e-01 8.648182e-01 1.009639e+00 7.865552e-01 2.739269e-04
<GCONST> 7.075677e+01
<MIXTURE> 57 6.132464e-03
<MEAN> 25
 6.694858e+00 -7.787349e+00 -7.541958e+00 -7.352537e+00 1.613399e+00 3.435059e+00 -1.909719e+00 -2.905269e+00 -2.534246e-02 2.304819e+00 -1.486053e+00 -7.801162e+00 6.791469e-03 5.351891e-02 -1.029618e-01 9.216427e-02 1.946128e-01 3.346942e-01 3.406588e-02 -1.487114e-01 -4.361003e-02 1.142503e-01 3.278577e-02 -2.900206e-02 -5.124304e-03
<VARIANCE> 25
 6.426551e+00 2.877524e+01 1.530615e+01 2.921837e+01 2.538964e+01 3.694600e+01 3.753450e+01 2.865507e+01 3.175138e+01 2.336717e+01 3.159403e+01 1.975950e+01 1.797595e-01 3.619503e-01 3.988263e-01 7.279024e-01 6.080117e-01 1.109709e+00 8.024565e-01 8.698417e-01 9.204869e-01 8.648182e-01 1.009639e+00 7.865552e-01 2.739269e-04
<GCONST> 7.075677e+01
<MIXTURE> 58 6.172147e-03
<MEAN> 25
 2.712137e+00 -4.970267e+00 8.026084e+00 -2.644930e+00 -1.303036e+01 -4.913322e+00 -9.303619e-01 1.461001e+00 -4.049788e+00 2.163533e-01 -2.312815e-01 1.086674e+00 -1.030030e-01 1.762202e-01 4.000386e-02 -3.928630e-01 3.480635e-02 4.287648e-01 3.791516e-01 2.091882e-01 -1.092029e-01 -2.277483e-01 -1.628886e-01 -8.417388e-02 -7.691696e-03
<VARIANCE> 25
 5.360422e+00 1.843471e+01 1.760186e+01 2.519790e+01 2.016693e+01 4.335377e+01 3.099937e+01 2.526973e+01 2.401730e+01 2.390427e+01 1.880192e+01 1.666234e+01 2.374586e-01 8.895077e-01 6.908627e-01 9.686327e-01 7.746031e-01 1.323039e+00 1.831793e+00 1.367363e+00 8.019534e-01 1.051292e+00 8.571260e-01 9.464853e-01 6.326009e-04
<GCONST> 7.341257e+01
<MIXTURE> 59 6.172147e-03
<MEAN> 25
 2.712137e+00 -4.970267e+00 8.026084e+00 -2.644930e+00 -1.303036e+01 -4.913322e+00 -9.303619e-01 1.461001e+00 -4.049788e+00 2.163533e-01 -2.312815e-01 1.086674e+00 -1.030030e-01 1.762202e-01 4.000386e-02 -3.928630e-01 3.480635e-02 4.287648e-01 3.791516e-01 2.091882e-01 -1.092029e-01 -2.277483e-01 -1.628886e-01 -8.417388e-02 -7.691696e-03
<VARIANCE> 25
 5.360422e+00 1.843471e+01 1.760186e+01 2.519790e+01 2.016693e+01 4.335377e+01 3.099937e+01 2.526973e+01 2.401730e+01 2.390427e+01 1.880192e+01 1.666234e+01 2.374586e-01 8.895077e-01 6.908627e-01 9.686327e-01 7.746031e-01 1.323039e+00 1.831793e+00 1.367363e+00 8.019534e-01 1.051292e+00 8.571260e-01 9.464853e-01 6.326009e-04
<GCONST> 7.341257e+01
<MIXTURE> 60 4.479129e-03
<MEAN> 25
 -3.902537e+00 1.282472e+00 -1.553751e+00 2.990705e+00 3.220337e+00 2.556347e+00 1.892176e+00 1.696862e+00 3.053830e+00 6.194982e-01 1.763744e+00 2.073552e+00 -2.310503e-02 7.649770e-02 1.435530e-01 1.375563e-01 1.287410e-01 2.264970e-02 1.135985e-01 4.406876e-01 5.438541e-01 6.311470e-01 6.296204e-01 2.664097e-01 6.546323e-04
<VARIANCE> 25
 5.282484e+00 8.303600e+00 8.022710e+00 9.414859e+00 1.311657e+01 1.332789e+01 1.167906e+01 1.035625e+01 1.238782e+01 1.193155e+01 1.365740e+01 1.170868e+01 8.398010e-02 1.765184e-01 3.105823e-01 3.791318e-01 5.009356e-01 6.636065e-01 7.538413e-01 8.825739e-01 9.207728e-01 8.183723e-01 8.554534e-01 8.657236e-01 3.320885e-05
<GCONST> 5.532673e+01
<MIXTURE> 61 4.479129e-03
<MEAN> 25
 -3.902537e+00 1.282472e+00 -1.553751e+00 2.990705e+00 3.220337e+00 2.556347e+00 1.892176e+00 1.696862e+00 3.053830e+00 6.194982e-01 1.763744e+00 2.073552e+00 -2.310503e-02 7.649770e-02 1.435530e-01 1.375563e-01 1.287410e-01 2.264970e-02 1.135985e-01 4.406876e-01 5.438541e-01 6.311470e-01 6.296204e-01 2.664097e-01 6.546323e-04
<VARIANCE> 25
 5.282484e+00 8.303600e+00 8.022710e+00 9.414859e+00 1.311657e+01 1.332789e+01 1.167906e+01 1.035625e+01 1.238782e+01 1.193155e+01 1.365740e+01 1.170868e+01 8.398010e-02 1.765184e-01 3.105823e-01 3.791318e-01 5.009356e-01 6.636065e-01 7.538413e-01 8.825739e-01 9.207728e-01 8.183723e-01 8.554534e-01 8.657236e-01 3.320885e-05
<GCONST> 5.532673e+01
<MIXTURE> 62 3.278034e-03
<MEAN> 25
 -4.774433e+00 1.640077e+00 8.130803e-01 8.263316e+00 6.326907e+00 4.306113e+00 4.772112e+00 4.186801e+00 4.785383e+00 3.049095e+00 4.573277e+00 3.203586e+00 -9.815373e-01 -1.170830e+00 -8.583162e-01 -1.642221e-01 4.517350e-01 9.751186e-01 1.469542e+00 1.498736e+00 1.379677e+00 1.323476e+00 1.119208e+00 6.593809e-01 -1.067155e-03
<VARIANCE> 25
 9.316099e+00 9.780422e+00 1.159443e+01 1.620096e+01 1.622385e+01 1.897859e+01 2.034291e+01 1.681393e+01 1.806204e+01 2.020690e+01 1.950789e+01 1.327991e+01 3.629359e-01 3.978648e-01 5.283030e-01 7.610939e-01 9.004325e-01 1.086598e+00 1.136694e+00 1.132370e+00 1.211160e+00 1.435945e+00 1.321643e+00 1.306038e+00 1.496225e-05
<GCONST> 6.608996e+01
<MIXTURE> 63 4.351215e-03
<MEAN> 25
 -3.159472e+00 2.713314e+00 -3.554794e+00 1.889024e+00 4.990141e+00 1.866945e+00 2.582008e+00 1.530090e+00 3.673566e+00 -1.156703e+00 -1.358307e+00 1.000256e+00 -1.469542e-01 2.384792e-01 3.573465e-01 3.911084e-01 3.864054e-01 3.277114e-01 2.510286e-01 2.375499e-01 1.873173e-01 1.436122e-01 2.149142e-01 1.028873e-02 -1.480176e-03
<VARIANCE> 25
 5.979419e+00 1.123158e+01 8.112773e+00 7.760049e+00 1.034350e+01 1.667298e+01 1.400189e+01 1.858508e+01 2.007285e+01 1.226048e+01 1.222128e+01 1.551213e+01 2.395514e-01 3.030805e-01 5.214477e-01 5.404660e-01 6.712794e-01 1.038605e+00 1.041368e+00 1.396364e+00 1.346026e+00 1.111999e+00 1.349481e+00 1.620715e+00 2.112878e-04
<GCONST> 6.460677e+01
<MIXTURE> 64 4.351215e-03
<MEAN> 25
 -3.159472e+00 2.713314e+00 -3.554794e+00 1.889024e+00 4.990141e+00 1.866945e+00 2.582008e+00 1.530090e+00 3.673566e+00 -1.156703e+00 -1.358307e+00 1.000256e+00 -1.469542e-01 2.384792e-01 3.573465e-01 3.911084e-01 3.864054e-01 3.277114e-01 2.510286e-01 2.375499e-01 1.873173e-01 1.436122e-01 2.149142e-01 1.028873e-02 -1.480176e-03
<VARIANCE> 25
 5.979419e+00 1.123158e+01 8.112773e+00 7.760049e+00 1.034350e+01 1.667298e+01 1.400189e+01 1.858508e+01 2.007285e+01 1.226048e+01 1.222128e+01 1.551213e+01 2.395514e-01 3.030805e-01 5.214477e-01 5.404660e-01 6.712794e-01 1.038605e+00 1.041368e+00 1.396364e+00 1.346026e+00 1.111999e+00 1.349481e+00 1.620715e+00 2.112878e-04
<GCONST> 6.460677e+01
<MIXTURE> 65 1.721197e-02
<MEAN> 25
 7.385985e+00 1.640171e+00 1.133385e+00 1.232672e+00 -5.697326e+00 -1.559719e+00 -2.188782e+00 -6.865067e+00 -4.195241e+00 -3.146177e+00 -4.362411e+00 -7.744912e-01 7.573760e-02 1.780383e-01 4.201439e-03 1.140134e-01 1.006730e-01 2.826397e-02 -1.947318e-01 -2.174008e-01 1.417322e-01 9.829187e-02 1.316184e-02 -2.119661e-01 -5.360609e-03
<VARIANCE> 25
 7.795089e+00 2.235827e+01 2.252406e+01 2.861348e+01 3.203683e+01 5.814499e+01 6.754638e+01 4.262516e+01 4.026341e+01 5.342344e+01 4.434921e+01 4.706939e+01 5.184184e-01 1.072208e+00 1.690543e+00 1.512314e+00 2.144831e+00 1.845876e+00 2.327780e+00 2.700387e+00 2.031904e+00 2.264720e+00 2.290997e+00 2.451928e+00 3.949689e-04
<GCONST> 8.736991e+01
<MIXTURE> 66 1.191532e-02
<MEAN> 25
 6.312314e+00 -4.471999e+00 -5.004620e+00 -3.789406e+00 4.917451e-01 -4.325458e+00 -6.322199e+00 8.367553e-01 4.003679e-01 -2.700606e-01 -4.981339e+00 -4.023824e+00 -2.408713e-01 1.612348e+00 1.960391e+00 2.167090e+00 -8.974130e-01 -1.199447e+00 1.666080e-01 -4.766391e-01 2.233906e-02 -3.256581e-01 -5.904226e-01 1.156927e+00 -6.141067e-02
<VARIANCE> 25
 7.365764e+00 2.840628e+01 2.518047e+01 2.838316e+01 3.515662e+01 4.542932e+01 4.757762e+01 3.968011e+01 4.451469e+01 5.733668e+01 3.444986e+01 3.871018e+01 1.198139e+00 2.043213e+00 2.041297e+00 2.165828e+00 4.475142e+00 3.890695e+00 4.322689e+00 4.575714e+00 3.640689e+00 4.071347e+00 3.358366e+00 2.819958e+00 1.361035e-03
<GCONST> 9.439006e+01
<MIXTURE> 67 1.559142e-02
<MEAN> 25
 7.662373e+00 1.491630e+00 -6.833516e+00 -6.911198e+00 1.243793e+00 2.802829e+00 -1.877642e+00 -2.725456e+00 -2.481139e+00 3.418459e+00 1.433766e+00 -4.439086e+00 -1.099005e+00 1.964305e+00 1.016169e+00 2.531472e+00 1.447626e+00 -4.349107e-01 1.120055e+00 8.184062e-01 9.831989e-01 -8.918764e-02 -8.030265e-01 7.434037e-01 -1.189255e-01
<VARIANCE> 25
 1.010680e+01 2.877524e+01 2.404403e+01 4.093695e+01 3.738423e+01 4.029080e+01 4.967073e+01 3.989489e+01 5.183981e+01 5.058185e+01 4.657868e+01 4.837686e+01 1.472683e+00 2.494279e+00 2.373466e+00 3.585305e+00 3.406169e+00 3.346052e+00 3.447050e+00 4.909079e+00 4.944105e+00 4.436146e+00 3.904490e+00 3.340638e+00 2.272835e-03
<GCONST> 9.728632e+01
<MIXTURE> 68 1.485092e-02
<MEAN> 25
 -2.678250e+00 -2.385428e+00 -3.372344e+00 4.652647e-01 5.428257e+00 -8.926408e-01 1.536155e+00 6.835018e-01 1.367525e+00 2.331327e+00 6.839104e-01 7.990478e-01 2.823227e+00 -8.600988e-02 -2.151016e-01 -2.274848e+00 -2.527537e+00 -1.247828e+00 -2.100235e+00 -1.717310e+00 -1.735637e+00 -1.054534e+00 -1.282917e+00 -1.385171e+00 1.014105e-01
<VARIANCE> 25
 2.254263e+01 2.734859e+01 4.568479e+01 4.096439e+01 4.290308e+01 4.851029e+01 3.394664e+01 3.827610e+01 3.517055e+01 4.601234e+01 3.521714e+01 2.517531e+01 1.697011e+00 3.987662e+00 4.839697e+00 5.361587e+00 3.814035e+00 5.431098e+00 4.808089e+00 4.946996e+00 4.392190e+00 4.262541e+00 4.565773e+00 3.047966e+00 4.711511e-03
<GCONST> 1.004654e+02
<MIXTURE> 69 1.204884e-02
<MEAN> 25
 4.452787e+00 -4.682591e+00 -2.952663e+00 -3.412678e+00 -3.526952e+00 -7.795099e+00 -1.700753e+00 1.974740e+00 -7.063503e-02 -3.216520e+00 -4.957466e+00 3.786954e-01 1.881721e+00 -2.369569e+00 -1.163637e+00 -1.729966e+00 -8.736860e-01 -2.648139e-01 -4.458956e-01 7.579406e-01 -4.093237e-01 -9.316215e-01 -1.957901e+00 -5.228676e-01 6.715064e-02
<VARIANCE> 25
 7.918951e+00 2.346383e+01 2.691018e+01 2.265430e+01 3.745909e+01 2.906983e+01 4.116543e+01 2.738733e+01 3.649155e+01 3.794825e+01 2.787874e+01 2.453624e+01 3.339874e+00 2.446250e+00 2.809761e+00 4.222027e+00 5.658346e+00 4.108673e+00 5.920686e+00 5.210665e+00 5.489392e+00 5.720297e+00 3.676707e+00 3.810868e+00 2.160334e-03
<GCONST> 9.646497e+01
<MIXTURE> 70 1.329190e-02
<MEAN> 25
 6.208938e+00 -3.024245e+00 -4.729326e+00 -4.429047e+00 -1.585898e-01 -3.451206e-01 -6.617246e+00 -3.878577e+00 -1.686469e+00 4.229505e+00 1.901299e+00 -6.178792e+00 1.958861e+00 -2.038664e+00 -7.724690e-01 -1.844316e+00 -1.545867e+00 7.456151e-01 -1.461242e+00 -3.068722e-01 -5.114328e-02 1.831205e-01 9.076967e-01 -1.542559e+00 7.868429e-02
<VARIANCE> 25
 7.037633e+00 1.984866e+01 2.044566e+01 3.409133e+01 2.846690e+01 3.565483e+01 2.965661e+01 3.504887e+01 4.349480e+01 2.150275e+01 3.414587e+01 3.455859e+01 2.199549e+00 3.740838e+00 3.593135e+00 4.264085e+00 4.595034e+00 3.977489e+00 6.219551e+00 6.884439e+00 5.375717e+00 3.255949e+00 4.135696e+00 3.161730e+00 1.705372e-03
<GCONST> 9.577491e+01
<MIXTURE> 71 1.406903e-02
<MEAN> 25
 5.154877e+00 5.708642e+00 2.905648e+00 2.583108e+00 -3.700931e+00 -2.158775e+00 -1.120384e+00 -5.959081e+00 -4.906093e+00 -2.388157e+00 -4.858614e+00 -3.257756e+00 -1.633534e+00 -6.866212e-01 -1.052224e-02 -1.560913e+00 1.540342e+00 -3.901080e-01 -7.415739e-01 1.471356e+00 -2.396822e-01 3.423901e-01 8.870602e-01 -3.403793e-02 3.439221e-02
<VARIANCE> 25
 1.873780e+01 2.184839e+01 2.973831e+01 3.479213e+01 3.778370e+01 3.709091e+01 4.704766e+01 3.498724e+01 4.126996e+01 4.166045e+01 2.840536e+01 3.387076e+01 1.844907e+00 2.675416e+00 4.297738e+00 3.718874e+00 4.475629e+00 3.860380e+00 5.735422e+00 3.977055e+00 3.939618e+00 4.674669e+00 3.039534e+00 3.175509e+00 1.307230e-03
<GCONST> 9.675887e+01
<MIXTURE> 72 8.134747e-03
<MEAN> 25
 3.596974e+00 -3.762668e+00 5.461084e+00 -1.676854e+00 -1.068996e+01 -9.462252e+00 -2.619267e+00 2.052295e+00 -4.754827e+00 -2.157223e+00 -1.321854e+00 9.337378e-01 9.062127e-01 -7.213631e-01 -2.478955e+00 3.274094e-01 2.037426e+00 -5.778100e-01 -1.065873e+00 1.450397e+00 1.708417e+00 -4.788319e-01 -1.125378e+00 2.773229e-01 -7.719075e-03
<VARIANCE> 25
 9.694717e+00 2.232460e+01 2.971196e+01 3.894907e+01 3.017054e+01 3.133409e+01 3.793865e+01 3.292898e+01 4.193972e+01 3.742074e+01 3.653506e+01 2.699849e+01 4.230919e-01 1.011260e+00 1.915416e+00 1.455080e+00 2.105159e+00 2.266860e+00 3.027049e+00 2.741334e+00 2.391593e+00 2.649709e+00 1.913270e+00 2.303152e+00 5.974102e-04
<GCONST> 8.637387e+01
<MIXTURE> 73 1.213625e-02
<MEAN> 25
 -4.923059e+00 2.026108e-01 -1.445808e+00 3.591362e+00 4.466713e+00 1.829359e+00 4.520497e+00 3.434663e+00 4.153517e+00 2.286815e+00 3.355953e+00 2.860687e+00 1.011718e+00 -1.409657e+00 -5.124841e-01 -2.189153e+00 -1.424150e+00 -1.635398e+00 -1.105169e+00 -8.045446e-01 -1.159431e+00 -2.788106e-01 -5.679550e-01 -4.077756e-01 1.352798e-01
<VARIANCE> 25
 1.064123e+01 1.382666e+01 1.183742e+01 1.888993e+01 1.882519e+01 2.313477e+01 1.773394e+01 1.780107e+01 1.530317e+01 1.683263e+01 2.089305e+01 1.607407e+01 4.666841e+00 2.498921e+00 5.510121e+00 4.028751e+00 7.166510e+00 4.235616e+00 3.584381e+00 3.920843e+00 4.086450e+00 3.994435e+00 3.173800e+00 2.620018e+00 3.846112e-03
<GCONST> 9.050964e+01
<MIXTURE> 74 1.756491e-02
<MEAN> 25
 3.947277e+00 -3.906015e+00 4.667895e+00 -5.933437e-01 -8.553074e+00 -6.103353e+00 -3.256474e+00 8.095239e-01 -4.283429e+00 -2.076652e+00 -1.547596e+00 1.646958e+00 -4.806065e-02 2.446862e+00 -4.880663e-01 9.590083e-01 2.096137e+00 4.769939e-01 7.861891e-01 -1.042483e+00 4.067268e-01 -2.030754e-01 -4.487037e-01 2.717020e-02 -7.405628e-02
<VARIANCE> 25
 7.922116e+00 2.282246e+01 3.662537e+01 2.127324e+01 3.306783e+01 4.000907e+01 3.896243e+01 2.944042e+01 2.892224e+01 3.523034e+01 2.807085e+01 2.224691e+01 1.736996e+00 1.352193e+00 2.786472e+00 1.971185e+00 2.635729e+00 2.760802e+00 3.306081e+00 2.509495e+00 2.352224e+00 2.446071e+00 1.983994e+00 1.999904e+00 1.117205e-03
<GCONST> 8.838756e+01
<MIXTURE> 75 9.711651e-03
<MEAN> 25
 1.903062e+00 -3.614192e+00 9.149756e+00 1.394076e+00 -1.193822e+01 -8.048531e+00 -6.132630e+00 -1.246854e+00 -5.254663e+00 -2.571660e+00 3.088747e+00 1.851515e+00 1.694518e+00 -2.166075e+00 -1.059516e-01 -5.903764e-02 -2.650529e+00 -9.830047e-01 -1.412660e+00 1.032277e+00 1.616179e-02 -2.190630e-01 6.707610e-01 -4.180268e-01 5.526720e-02
<VARIANCE> 25
 8.659938e+00 1.639562e+01 2.215910e+01 1.954893e+01 1.843675e+01 1.977596e+01 1.580645e+01 1.941385e+01 2.793709e+01 1.713850e+01 1.589473e+01 1.864928e+01 2.260949e+00 2.273788e+00 4.025028e+00 1.513350e+00 3.154743e+00 2.796580e+00 3.151633e+00 2.371479e+00 4.531052e+00 2.834264e+00 2.082728e+00 1.837755e+00 1.123296e-03
<GCONST> 8.519843e+01
<MIXTURE> 76 1.052359e-02
<MEAN> 25
 -4.697473e+00 1.649924e+00 -2.332755e+00 2.565687e+00 5.487667e+00 1.923860e+00 3.636853e+00 2.382596e+00 3.114301e+00 2.984414e-01 2.145474e-01 1.452944e+00 -1.999855e-02 -4.247200e-01 -2.900019e-01 -6.574045e-01 -4.846592e-01 -6.659508e-01 -4.787567e-01 -4.400255e-01 -6.161646e-01 -2.051329e-01 -1.885535e-01 -1.746402e-02 1.405115e-02
<VARIANCE> 25
 2.815736e+01 2.568814e+01 1.653775e+01 1.859860e+01 2.493134e+01 2.897692e+01 1.767119e+01 2.104551e+01 2.031430e+01 1.840619e+01 1.799025e+01 1.773266e+01 1.040231e+00 8.085858e-01 1.078687e+00 1.036565e+00 1.690173e+00 1.645127e+00 1.387538e+00 1.654045e+00 1.313550e+00 1.306372e+00 1.368110e+00 1.647926e+00 1.125835e-03
<GCONST> 7.880575e+01
<MIXTURE> 77 1.244626e-02
<MEAN> 25
 -4.320183e-01 8.455530e+00 1.238061e+01 -1.124672e+01 -7.174107e+00 8.598529e-01 -9.174400e+00 -7.133602e+00 -3.414299e+00 -2.754377e-01 -4.439144e+00 -1.383093e+00 6.614131e-02 1.328783e-01 6.320871e-02 2.536916e-01 5.193016e-03 9.842023e-02 -6.877439e-02 -4.296404e-02 8.785163e-02 -1.703491e-02 3.598436e-02 1.103875e-01 -1.016175e-02
<VARIANCE> 25
 1.023623e+01 2.033074e+01 2.711843e+01 4.542522e+01 3.334125e+01 3.377927e+01 3.620969e+01 3.137013e+01 3.449411e+01 3.291924e+01 3.848138e+01 3.457345e+01 2.926389e-01 7.908833e-01 6.344668e-01 1.062686e+00 1.254376e+00 1.008624e+00 1.206853e+00 1.068524e+00 1.018602e+00 1.090963e+00 9.774408e-01 9.201136e-01 5.296298e-04
<GCONST> 7.777921e+01
<MIXTURE> 78 9.702551e-03
<MEAN> 25
 -1.075783e+01 1.944862e+00 -5.624867e-01 1.686771e+00 5.730967e+00 -2.190923e+00 4.266929e+00 3.475374e+00 2.584220e+00 5.288864e-01 -7.902126e-01 3.078733e+00 2.139917e+00 -4.163287e-01 -1.533413e-01 5.811433e-01 -5.883546e-01 7.700845e-02 -4.400177e-01 -6.928011e-02 4.164830e-01 -8.610400e-02 -1.310086e-01 -4.654942e-01 -4.496578e-02
<VARIANCE> 25
 3.148194e+01 2.383401e+01 2.406336e+01 2.327636e+01 3.214522e+01 3.511687e+01 2.881691e+01 2.895628e+01 2.277870e+01 2.179385e+01 1.829257e+01 1.663249e+01 4.681645e+00 2.423408e+00 2.095909e+00 2.786720e+00 3.170282e+00 3.644094e+00 2.897519e+00 2.407434e+00 2.409218e+00 1.796516e+00 1.920761e+00 1.959955e+00 3.660521e-03
<GCONST> 9.034025e+01
<MIXTURE> 79 1.156824e-02
<MEAN> 25
 2.687514e+00 8.145739e-01 9.160934e+00 -4.165759e+00 -1.263870e+01 -2.263810e+00 -1.536526e+00 -5.895030e+00 -7.324141e+00 -1.222877e+00 -2.883347e+00 -1.696939e+00 1.206132e+00 -2.203815e-01 -1.425473e+00 2.264996e+00 4.504167e-01 -1.293195e+00 7.451316e-01 6.631333e-01 -2.041420e-01 -5.644449e-01 1.213455e-01 3.154818e-01 -3.371296e-02
<VARIANCE> 25
 1.208569e+01 2.669336e+01 3.301135e+01 6.388080e+01 2.897240e+01 4.272021e+01 4.376215e+01 3.122036e+01 3.865331e+01 4.005179e+01 4.387998e+01 3.296302e+01 9.570017e-01 2.446389e+00 1.576155e+00 1.768205e+00 2.312737e+00 2.890365e+00 2.712993e+00 3.622320e+00 2.120491e+00 2.160931e+00 2.089542e+00 1.696725e+00 1.040319e-03
<GCONST> 9.031995e+01
<MIXTURE> 80 7.550998e-03
<MEAN> 25
 -1.482280e+01 3.782993e+00 1.760458e+00 2.508656e+00 1.947554e+00 1.846828e+00 6.388072e+00 2.383269e+00 2.960851e+00 1.812619e+00 4.141433e+00 1.152097e+00 4.255184e+00 -2.241336e-01 1.378844e+00 -8.373214e-01 -2.879261e+00 -2.958055e+00 -2.201403e+00 -1.981058e+00 -2.070449e+00 -1.499153e+00 -1.363105e+00 -4.112085e-01 -4.143233e-02
<VARIANCE> 25
 1.988963e+01 1.841464e+01 4.136793e+01 3.242405e+01 2.967122e+01 2.960782e+01 2.588747e+01 2.964459e+01 2.571140e+01 2.897827e+01 2.929884e+01 1.673471e+01 2.330001e+00 2.758008e+00 2.999812e+00 4.460833e+00 3.149726e+00 2.943955e+00 3.027527e+00 2.970746e+00 2.733026e+00 2.730407e+00 3.212278e+00 2.293191e+00 1.458841e-03
<GCONST> 9.163602e+01
<MIXTURE> 81 8.025434e-03
<MEAN> 25
 -1.115908e+00 4.061084e+00 1.017995e+01 -1.479496e+01 -9.082618e+00 -1.422685e+00 -6.764446e+00 -8.419033e+00 -4.154611e+00 -4.195266e-01 -7.571355e+00 -2.242815e+00 1.338235e-01 -5.864338e-01 -2.911136e-03 -5.563878e-01 -4.632514e-01 3.352961e-01 3.202426e-01 1.374160e-01 -1.405127e-01 1.062719e-01 -4.695217e-01 -1.253986e-01 1.149200e-02
<VARIANCE> 25
 1.015625e+01 3.284359e+01 2.644219e+01 2.936014e+01 3.368845e+01 3.052454e+01 4.544265e+01 2.831322e+01 3.798093e+01 3.188464e+01 2.531422e+01 3.105670e+01 7.719286e-01 2.278473e+00 1.545162e+00 2.871570e+00 2.662976e+00 2.125906e+00 3.282074e+00 2.287271e+00 2.354155e+00 2.538496e+00 2.298109e+00 2.077933e+00 1.183837e-03
<GCONST> 8.868956e+01
<MIXTURE> 82 8.213053e-03
<MEAN> 25
 -9.685996e+00 -3.954537e+00 1.681740e+00 -3.132507e+00 3.074260e+00 4.761517e-01 2.016595e+00 -2.836986e-01 1.766529e+00 2.551615e+00 2.276330e+00 2.685811e+00 -1.035034e+00 -5.434788e-01 4.194081e-01 -2.315140e+00 -1.350601e+00 -1.520048e+00 -1.110184e+00 -1.129675e+00 -7.860212e-01 -2.970856e-01 -1.326294e-01 -1.668112e-01 1.699789e-01
<VARIANCE> 25
 1.670305e+01 2.379284e+01 3.013838e+01 2.685425e+01 2.949532e+01 3.093821e+01 2.915206e+01 3.699711e+01 3.560287e+01 3.753161e+01 3.034844e+01 1.720704e+01 4.021818e+00 3.375518e+00 3.000703e+00 3.216451e+00 3.559412e+00 3.213975e+00 2.677526e+00 3.769721e+00 3.604636e+00 3.139951e+00 2.346054e+00 1.810915e+00 3.309573e-03
<GCONST> 9.366986e+01
<MIXTURE> 83 1.167529e-02
<MEAN> 25
 -1.773460e+01 6.226478e+00 -1.460340e+00 -3.673857e-01 8.907604e+00 -1.523742e+00 4.868709e+00 1.737391e+00 2.046170e+00 2.573816e+00 -6.359404e-01 3.417071e+00 -5.432156e-02 -7.536103e-01 8.464856e-02 -2.707311e-01 -6.571027e-01 1.984622e-01 -2.643068e-01 -2.047627e-01 -3.305099e-01 -2.337398e-01 -1.707242e-02 -3.401048e-01 6.550269e-04
<VARIANCE> 25
 1.199267e+01 1.391338e+01 2.254385e+01 1.660484e+01 1.671541e+01 1.786963e+01 1.949235e+01 2.259342e+01 2.766985e+01 1.660495e+01 2.009634e+01 1.491994e+01 9.841309e-01 9.489188e-01 8.982563e-01 8.158323e-01 1.261007e+00 1.174836e+00 1.617009e+00 1.735977e+00 1.890034e+00 1.011832e+00 1.566083e+00 1.026337e+00 8.303253e-04
<GCONST> 7.568477e+01
<MIXTURE> 84 1.066614e-02
<MEAN> 25
 8.105515e-01 8.414902e+00 6.791496e+00 7.087372e+00 2.656572e+00 -1.005449e+00 -9.621851e-01 -4.220102e+00 -3.463514e+00 -2.350485e+00 -2.077874e+00 -1.578691e+00 -1.602684e+00 -9.788895e-01 -1.229786e+00 1.297141e+00 2.360343e+00 1.370992e+00 1.310185e+00 1.297299e+00 1.369592e+00 2.859930e-01 2.578879e-01 4.144838e-01 -7.121755e-02
<VARIANCE> 25
 2.151796e+01 1.832443e+01 2.392609e+01 2.738415e+01 2.880113e+01 2.873561e+01 2.597459e+01 2.638199e+01 2.762940e+01 2.685457e+01 2.202166e+01 2.370423e+01 2.128120e+00 2.536567e+00 3.487529e+00 3.051033e+00 2.983868e+00 3.111478e+00 3.085599e+00 3.387755e+00 3.636289e+00 2.904659e+00 3.753753e+00 2.634440e+00 3.183616e-03
<GCONST> 9.204926e+01
<MIXTURE> 85 7.591393e-03
<MEAN> 25
 -3.707063e+00 7.095115e+00 6.158386e+00 8.538467e-01 -3.714603e+00 -4.829305e+00 -2.946188e+00 -6.284457e+00 -3.823795e+00 -2.974669e+00 2.919110e-02 -1.489500e+00 3.753791e+00 -1.563209e-01 1.766833e+00 -1.713287e+00 -3.680611e+00 -2.675795e+00 -2.918458e+00 -2.220973e+00 -2.585851e+00 -1.287947e+00 -1.741168e+00 -7.016029e-01 2.352857e-02
<VARIANCE> 25
 4.151216e+01 2.358662e+01 3.267098e+01 3.522184e+01 4.032180e+01 3.948985e+01 2.970399e+01 2.756659e+01 2.792556e+01 2.432825e+01 2.442967e+01 1.979776e+01 2.669825e+00 5.112283e+00 3.790404e+00 5.108536e+00 4.398088e+00 3.641403e+00 3.403490e+00 3.723842e+00 4.952090e+00 3.550503e+00 4.923198e+00 3.748436e+00 5.661909e-03
<GCONST> 9.816345e+01
<MIXTURE> 86 1.273941e-02
<MEAN> 25
 -4.136325e+00 2.007504e+00 -1.513225e+00 4.357327e+00 6.532003e+00 4.994699e+00 4.794018e+00 4.293259e+00 6.095006e+00 2.611163e+00 3.169703e+00 2.219637e+00 1.398262e-02 3.431641e-02 -1.079053e-01 -9.680811e-02 -1.626060e-02 -8.928461e-02 -3.473220e-01 -2.916211e-01 -3.269256e-01 -4.143322e-01 -2.768392e-01 -1.234829e-01 -2.421661e-03
<VARIANCE> 25
 4.038888e+00 6.622183e+00 6.289311e+00 8.625216e+00 1.018969e+01 7.938251e+00 1.143906e+01 1.117126e+01 1.019280e+01 1.291405e+01 1.099534e+01 9.375061e+00 9.780178e-02 1.702447e-01 2.977515e-01 4.563995e-01 5.631043e-01 6.129585e-01 9.040022e-01 8.056909e-01 8.121765e-01 7.965689e-01 7.662005e-01 1.145970e+00 7.757134e-05
<GCONST> 5.448405e+01
<MIXTURE> 87 1.100681e-02
<MEAN> 25
 -3.211100e+00 4.511500e+00 3.074181e+00 6.383957e+00 5.644563e+00 7.027440e-01 1.621889e+00 -5.958330e-01 -7.901882e-02 -1.092318e+00 -1.075927e+00 1.265441e-01 -1.798433e+00 -2.538873e+00 -1.817264e+00 -1.951088e+00 1.271295e-01 -2.458087e-01 4.960881e-01 1.115963e+00 9.926015e-01 1.056228e+00 8.795038e-01 1.031546e+00 9.625515e-02
<VARIANCE> 25
 3.302137e+01 2.574880e+01 2.581368e+01 3.339945e+01 2.541099e+01 3.150914e+01 2.521442e+01 2.527102e+01 2.854601e+01 2.203509e+01 2.217569e+01 2.081269e+01 4.200730e+00 2.759151e+00 4.026247e+00 3.546770e+00 4.983895e+00 4.509652e+00 4.057425e+00 3.953229e+00 3.812721e+00 3.029227e+00 3.156385e+00 2.623974e+00 4.472582e-03
<GCONST> 9.532071e+01
<MIXTURE> 88 1.256585e-02
<MEAN> 25
 -3.114228e+00 2.333880e+00 -1.440497e+00 3.492763e+00 5.845357e+00 3.230723e+00 3.712094e+00 2.854362e+00 3.844306e+00 4.641333e-01 3.512038e-01 1.690339e+00 -1.511821e-01 -3.345858e-03 2.349791e-01 3.447655e-01 3.609613e-01 2.965997e-01 2.395448e-01 -1.620661e-01 -1.538978e-01 -1.938581e-01 -1.707063e-01 1.361675e-01 -5.650566e-03
<VARIANCE> 25
 6.010417e+00 1.286272e+01 8.461428e+00 1.054046e+01 1.498043e+01 1.823980e+01 1.190661e+01 1.619656e+01 1.245991e+01 1.267793e+01 1.360973e+01 1.279702e+01 1.003211e+00 1.014737e+00 1.600508e+00 1.527596e+00 2.911157e+00 3.235156e+00 2.047922e+00 2.554471e+00 2.361032e+00 1.974844e+00 2.326336e+00 2.573338e+00 1.603881e-03
<GCONST> 7.758303e+01
<MIXTURE> 89 9.333527e-03
<MEAN> 25
 5.253423e+00 -9.426967e+00 -2.285120e+00 -2.107646e+00 -2.929271e+00 -5.476888e+00 -4.899764e+00 3.366131e+00 2.096708e+00 -3.240681e-01 -4.119295e+00 -2.872220e+00 -4.545191e-01 -5.083854e-02 1.550308e+00 9.247053e-01 -1.215250e+00 -1.313046e+00 4.137123e-01 9.334198e-01 -5.519623e-01 -9.770418e-01 2.558212e-03 1.747816e+00 2.413847e-03
<VARIANCE> 25
 5.459203e+00 2.687475e+01 1.627350e+01 2.206178e+01 2.394058e+01 2.018335e+01 3.221027e+01 2.529720e+01 1.883705e+01 2.320481e+01 2.116362e+01 2.006174e+01 3.285948e-01 7.767571e-01 8.040731e-01 9.383111e-01 1.374137e+00 2.092437e+00 2.051865e+00 1.394639e+00 1.232259e+00 1.263852e+00 1.481598e+00 9.696026e-01 3.449218e-04
<GCONST> 7.512681e+01
<MIXTURE> 90 7.114505e-03
<MEAN> 25
 2.560986e+00 -9.917933e+00 -3.974464e+00 -3.180536e+00 -4.217872e+00 -2.243507e+00 3.218999e+00 1.576768e+00 -6.514468e+00 -9.175732e+00 -3.221932e+00 -5.326621e-01 -2.107963e-01 8.710458e-01 1.256550e+00 -8.031474e-01 -1.708445e+00 -4.550754e-02 6.154438e-01 -1.423163e-01 -2.482994e-01 6.470022e-01 2.938780e-01 -3.821202e-01 -1.131834e-02
<VARIANCE> 25
 7.630191e+00 1.581462e+01 2.067919e+01 2.865872e+01 3.581497e+01 3.148047e+01 3.404472e+01 3.402703e+01 3.556232e+01 3.010689e+01 2.375046e+01 2.306622e+01 2.092386e-01 5.454016e-01 7.673582e-01 9.517759e-01 1.419425e+00 1.661415e+00 1.549269e+00 1.496635e+00 1.630900e+00 1.552158e+00 1.484003e+00 1.284374e+00 1.960494e-04
<GCONST> 7.673996e+01
<MIXTURE> 91 7.852945e-03
<MEAN> 25
 6.213758e+00 -7.324388e+00 -7.844238e+00 -4.543129e+00 2.692993e+00 3.937266e-01 -2.027320e+00 -1.571519e-01 -1.524738e-01 -7.603235e-01 -3.084257e+00 -5.960685e+00 1.524577e-01 1.104670e+00 6.052281e-02 4.380390e-01 1.184337e-01 -5.118006e-01 -5.602506e-02 -2.397407e-01 1.351415e-02 4.858060e-01 -2.563072e-01 2.728848e-02 -3.614324e-02
<VARIANCE> 25
 8.009704e+00 2.580546e+01 1.954534e+01 3.360383e+01 3.441723e+01 5.093824e+01 4.158013e+01 4.078051e+01 4.237219e+01 5.348783e+01 4.005209e+01 3.618343e+01 3.731861e-01 9.474050e-01 1.083316e+00 1.440475e+00 2.233432e+00 2.181145e+00 2.336198e+00 2.173010e+00 1.899734e+00 2.071684e+00 1.872730e+00 1.924631e+00 6.332437e-04
<GCONST> 8.557615e+01
<MIXTURE> 92 7.852945e-03
<MEAN> 25
 6.213758e+00 -7.324388e+00 -7.844238e+00 -4.543129e+00 2.692993e+00 3.937266e-01 -2.027320e+00 -1.571519e-01 -1.524738e-01 -7.603235e-01 -3.084257e+00 -5.960685e+00 1.524577e-01 1.104670e+00 6.052281e-02 4.380390e-01 1.184337e-01 -5.118006e-01 -5.602506e-02 -2.397407e-01 1.351415e-02 4.858060e-01 -2.563072e-01 2.728848e-02 -3.614324e-02
<VARIANCE> 25
 8.009704e+00 2.580546e+01 1.954534e+01 3.360383e+01 3.441723e+01 5.093824e+01 4.158013e+01 4.078051e+01 4.237219e+01 5.348783e+01 4.005209e+01 3.618343e+01 3.731861e-01 9.474050e-01 1.083316e+00 1.440475e+00 2.233432e+00 2.181145e+00 2.336198e+00 2.173010e+00 1.899734e+00 2.071684e+00 1.872730e+00 1.924631e+00 6.332437e-04
<GCONST> 8.557615e+01
<MIXTURE> 93 6.122769e-03
<MEAN> 25
 -6.505185e+00 -6.087207e-01 -2.329206e+00 5.465109e+00 6.036172e+00 4.033908e+00 6.233531e+00 3.614374e+00 4.206421e+00 2.248522e+00 1.625569e+00 3.452506e+00 -5.894415e-02 -1.586560e-01 -2.513584e-01 -3.126155e-01 -3.071866e-01 -2.728959e-01 -2.428910e-01 -1.571625e-01 -2.185036e-01 -2.476743e-01 -1.335667e-01 -9.512313e-03 7.925386e-05
<VARIANCE> 25
 9.168283e+00 6.815935e+00 7.854795e+00 1.160133e+01 1.101879e+01 1.466692e+01 1.462981e+01 1.726940e+01 1.485892e+01 1.432316e+01 1.596690e+01 1.344648e+01 8.490781e-02 1.519084e-01 2.676385e-01 3.578446e-01 4.904126e-01 5.990667e-01 7.568664e-01 8.506491e-01 8.781081e-01 9.484165e-01 8.620768e-01 8.916457e-01 1.174095e-06
<GCONST> 5.347837e+01
<MIXTURE> 94 6.122769e-03
<MEAN> 25
 -6.505185e+00 -6.087207e-01 -2.329206e+00 5.465109e+00 6.036172e+00 4.033908e+00 6.233531e+00 3.614374e+00 4.206421e+00 2.248522e+00 1.625569e+00 3.452506e+00 -5.894415e-02 -1.586560e-01 -2.513584e-01 -3.126155e-01 -3.071866e-01 -2.728959e-01 -2.428910e-01 -1.571625e-01 -2.185036e-01 -2.476743e-01 -1.335667e-01 -9.512313e-03 7.925386e-05
<VARIANCE> 25
 9.168283e+00 6.815935e+00 7.854795e+00 1.160133e+01 1.101879e+01 1.466692e+01 1.462981e+01 1.726940e+01 1.485892e+01 1.432316e+01 1.596690e+01 1.344648e+01 8.490781e-02 1.519084e-01 2.676385e-01 3.578446e-01 4.904126e-01 5.990667e-01 7.568664e-01 8.506491e-01 8.781081e-01 9.484165e-01 8.620768e-01 8.916457e-01 1.174095e-06
<GCONST> 5.347837e+01
<MIXTURE> 95 5.258835e-03
<MEAN> 25
 -4.306902e+00 2.506750e+00 -2.345490e+00 3.037586e+00 6.141835e+00 3.549930e+00 3.699932e+00 2.312902e+00 3.758623e+00 -2.335388e-01 -3.725538e-01 1.348442e+00 7.088559e-02 1.081525e-01 1.947721e-02 -1.486853e-01 -3.870629e-01 -5.344069e-01 -9.864377e-01 -1.356668e+00 -1.270032e+00 -8.694019e-01 -5.583611e-01 -7.803677e-02 -4.254140e-03
<VARIANCE> 25
 5.443843e+00 7.510244e+00 6.159442e+00 7.792029e+00 1.181067e+01 1.060068e+01 1.262496e+01 1.385589e+01 1.489331e+01 1.223665e+01 1.136478e+01 1.200110e+01 1.863485e-01 2.674585e-01 3.883072e-01 4.402047e-01 6.784016e-01 6.063255e-01 6.269518e-01 9.338925e-01 8.979722e-01 7.948424e-01 8.813612e-01 8.900116e-01 6.307427e-05
<GCONST> 5.720365e+01
<MIXTURE> 96 7.034694e-03
<MEAN> 25
 -4.346317e+00 9.556891e-01 -2.025986e+00 4.394578e+00 4.964779e+00 2.300503e+00 3.348750e+00 1.955107e+00 3.199467e+00 3.346648e-01 6.710757e-01 2.711870e+00 -5.950558e-03 8.955588e-02 2.112426e-01 3.713598e-01 5.258892e-01 4.122977e-01 2.311323e-01 -7.623421e-02 -4.915345e-01 -6.968226e-01 -6.055753e-01 -5.023906e-01 2.732964e-05
<VARIANCE> 25
 9.255031e+00 1.270608e+01 1.026836e+01 1.311906e+01 1.432087e+01 1.907985e+01 1.608733e+01 1.716754e+01 1.809250e+01 1.394148e+01 1.625732e+01 1.250897e+01 1.084848e-01 1.988829e-01 3.157718e-01 3.568459e-01 4.395577e-01 5.422660e-01 9.904969e-01 1.087095e+00 8.694466e-01 7.768173e-01 9.103078e-01 1.031835e+00 1.258030e-06
<GCONST> 5.627362e+01
<MIXTURE> 97 7.034694e-03
<MEAN> 25
 -4.346317e+00 9.556891e-01 -2.025986e+00 4.394578e+00 4.964779e+00 2.300503e+00 3.348750e+00 1.955107e+00 3.199467e+00 3.346648e-01 6.710757e-01 2.711870e+00 -5.950558e-03 8.955588e-02 2.112426e-01 3.713598e-01 5.258892e-01 4.122977e-01 2.311323e-01 -7.623421e-02 -4.915345e-01 -6.968226e-01 -6.055753e-01 -5.023906e-01 2.732964e-05
<VARIANCE> 25
 9.255031e+00 1.270608e+01 1.026836e+01 1.311906e+01 1.432087e+01 1.907985e+01 1.608733e+01 1.716754e+01 1.809250e+01 1.394148e+01 1.625732e+01 1.250897e+01 1.084848e-01 1.988829e-01 3.157718e-01 3.568459e-01 4.395577e-01 5.422660e-01 9.904969e-01 1.087095e+00 8.694466e-01 7.768173e-01 9.103078e-01 1.031835e+00 1.258030e-06
<GCONST> 5.627362e+01
<MIXTURE> 98 9.917808e-03
<MEAN> 25
 -1.175957e+00 2.178298e+00 -4.665686e-01 4.264108e+00 4.406450e+00 2.338472e+00 2.756314e+00 9.856517e-01 1.888396e+00 4.156990e-01 7.668007e-01 1.144641e+00 -1.483361e+00 -1.112853e+00 -8.283278e-01 3.695009e-01 9.073035e-01 5.010639e-01 9.008276e-01 1.482420e+00 1.497597e+00 8.876681e-01 9.154120e-01 8.012714e-01 -3.054367e-02
<VARIANCE> 25
 1.100404e+01 1.725596e+01 2.538859e+01 2.736203e+01 3.943193e+01 4.814948e+01 2.387575e+01 2.412628e+01 2.522287e+01 2.297931e+01 2.165767e+01 2.289422e+01 1.173601e+00 1.463937e+00 2.304312e+00 2.064607e+00 3.020924e+00 2.589794e+00 2.574656e+00 2.562575e+00 2.704495e+00 2.426695e+00 2.555954e+00 2.085108e+00 2.255495e-03
<GCONST> 8.771555e+01
<MIXTURE> 99 6.696178e-03
<MEAN> 25
 -7.530270e+00 8.963824e+00 5.478775e+00 1.402582e+00 3.033585e+00 -4.110891e+00 -1.348667e+00 -3.099418e+00 -2.934802e+00 -3.821009e+00 -1.661127e+00 8.677596e-01 6.633216e-01 -1.182009e+00 3.488945e-01 -2.008139e-01 -1.503816e+00 -4.221157e-01 -3.078633e-01 -2.076768e-01 -1.877235e-01 -1.909415e-01 2.228471e-01 3.387753e-01 1.490759e-02
<VARIANCE> 25
 3.374536e+01 1.889162e+01 3.752302e+01 3.037261e+01 3.448525e+01 2.766660e+01 2.202498e+01 2.716192e+01 2.441391e+01 2.215137e+01 1.748359e+01 2.328910e+01 2.833574e+00 2.071126e+00 1.264964e+00 1.373976e+00 2.823923e+00 1.898749e+00 1.976185e+00 1.959215e+00 1.552293e+00 1.571017e+00 1.240381e+00 1.596118e+00 1.568405e-03
<GCONST> 8.547222e+01
<MIXTURE> 100 4.498084e-03
<MEAN> 25
 -1.649151e+00 6.255989e+00 1.026277e+01 -7.319442e+00 -1.075867e+01 -5.062529e+00 -4.921516e+00 -9.966076e+00 -4.805934e+00 -9.074416e-01 -2.651996e+00 -2.680331e+00 2.931210e+00 -1.309956e+00 1.312325e+00 -2.127373e+00 -3.445836e+00 -8.197882e-01 -1.246315e+00 -8.058156e-01 -1.540893e+00 3.110082e-01 -1.593328e+00 -3.210551e-01 4.158624e-03
<VARIANCE> 25
 1.352412e+01 2.108365e+01 2.208168e+01 2.693471e+01 2.295056e+01 2.329793e+01 2.868560e+01 2.188608e+01 2.767629e+01 2.236327e+01 2.246790e+01 2.123807e+01 1.782449e+00 4.015172e+00 2.896708e+00 4.387225e+00 4.150654e+00 4.521155e+00 4.060136e+00 4.276445e+00 4.455122e+00 3.896032e+00 4.077665e+00 3.319320e+00 1.886425e-03
<GCONST> 9.279085e+01
<MIXTURE> 101 6.007792e-03
<MEAN> 25
 7.400248e+00 -3.518302e+00 -5.845032e+00 -5.531737e+00 -5.503569e-01 -1.858154e+00 -1.008984e+01 -2.098565e+00 9.639865e-01 2.206175e+00 -9.654853e-01 -4.249550e+00 6.098980e-01 5.334554e-01 -1.474702e+00 -1.696772e+00 1.205101e+00 2.339779e+00 4.240631e-01 -1.641988e+00 -9.326257e-01 1.100458e+00 1.412287e+00 -4.858321e-01 -6.374955e-03
<VARIANCE> 25
 8.735753e+00 2.802980e+01 2.526102e+01 4.462925e+01 3.599810e+01 3.264904e+01 3.126098e+01 3.113579e+01 3.751454e+01 3.750502e+01 5.547695e+01 2.654170e+01 2.912295e-01 6.345869e-01 1.263973e+00 1.786985e+00 1.495909e+00 2.140034e+00 1.941338e+00 1.989092e+00 1.948006e+00 1.851121e+00 1.691991e+00 1.719576e+00 3.513882e-04
<GCONST> 8.300709e+01
<MIXTURE> 102 6.007792e-03
<MEAN> 25
 7.400248e+00 -3.518302e+00 -5.845032e+00 -5.531737e+00 -5.503569e-01 -1.858154e+00 -1.008984e+01 -2.098565e+00 9.639865e-01 2.206175e+00 -9.654853e-01 -4.249550e+00 6.098980e-01 5.334554e-01 -1.474702e+00 -1.696772e+00 1.205101e+00 2.339779e+00 4.240631e-01 -1.641988e+00 -9.326257e-01 1.100458e+00 1.412287e+00 -4.858321e-01 -6.374955e-03
<VARIANCE> 25
 8.735753e+00 2.802980e+01 2.526102e+01 4.462925e+01 3.599810e+01 3.264904e+01 3.126098e+01 3.113579e+01 3.751454e+01 3.750502e+01 5.547695e+01 2.654170e+01 2.912295e-01 6.345869e-01 1.263973e+00 1.786985e+00 1.495909e+00 2.140034e+00 1.941338e+00 1.989092e+00 1.948006e+00 1.851121e+00 1.691991e+00 1.719576e+00 3.513882e-04
<GCONST> 8.300709e+01
<MIXTURE> 103 5.694618e-03
<MEAN> 25
 3.396217e+00 -9.496660e+00 -6.030725e+00 -3.078458e+00 -1.374472e+00 -2.067482e+00 2.287665e+00 2.553493e+00 -4.507724e+00 -8.826321e+00 -5.000033e+00 1.556215e-01 -1.318838e-01 -1.498733e+00 -9.415167e-01 3.708954e-01 1.132719e+00 9.989077e-01 1.543434e-01 -2.396059e-01 -7.727746e-01 -9.222134e-01 -4.377905e-02 1.160371e-01 2.747726e-02
<VARIANCE> 25
 1.014307e+01 2.016240e+01 2.248564e+01 3.083595e+01 4.754578e+01 3.434419e+01 4.587202e+01 3.575201e+01 4.250972e+01 3.343670e+01 2.925001e+01 2.690560e+01 6.602926e-01 1.238128e+00 1.564088e+00 1.882066e+00 3.108851e+00 2.363570e+00 2.806566e+00 2.563660e+00 2.491503e+00 2.475277e+00 2.062293e+00 1.986846e+00 8.118403e-04
<GCONST> 8.749670e+01
<MIXTURE> 104 5.694618e-03
<MEAN> 25
 3.396217e+00 -9.496660e+00 -6.030725e+00 -3.078458e+00 -1.374472e+00 -2.067482e+00 2.287665e+00 2.553493e+00 -4.507724e+00 -8.826321e+00 -5.000033e+00 1.556215e-01 -1.318838e-01 -1.498733e+00 -9.415167e-01 3.708954e-01 1.132719e+00 9.989077e-01 1.543434e-01 -2.396059e-01 -7.727746e-01 -9.222134e-01 -4.377905e-02 1.160371e-01 2.747726e-02
<VARIANCE> 25
 1.014307e+01 2.016240e+01 2.248564e+01 3.083595e+01 4.754578e+01 3.434419e+01 4.587202e+01 3.575201e+01 4.250972e+01 3.343670e+01 2.925001e+01 2.690560e+01 6.602926e-01 1.238128e+00 1.564088e+00 1.882066e+00 3.108851e+00 2.363570e+00 2.806566e+00 2.563660e+00 2.491503e+00 2.475277e+00 2.062293e+00 1.986846e+00 8.118403e-04
<GCONST> 8.749670e+01
<MIXTURE> 105 4.710235e-03
<MEAN> 25
 2.383682e+00 -3.602911e+00 8.653629e+00 -1.252558e+00 -1.171884e+01 -5.782539e+00 -5.448923e+00 -3.669147e-01 -4.698389e+00 -3.096332e+00 1.994649e+00 1.558714e-01 -2.913179e-02 3.962713e-02 7.581925e-02 -2.856288e-02 -8.746817e-02 1.017004e-01 -1.641967e-01 1.746784e-01 -8.926173e-02 8.859876e-02 6.633440e-02 7.222240e-02 -1.956545e-04
<VARIANCE> 25
 1.095415e+01 3.855189e+01 3.605422e+01 3.749751e+01 3.219917e+01 4.318794e+01 3.493873e+01 3.959635e+01 3.338714e+01 3.192240e+01 3.296363e+01 3.126232e+01 9.670582e-02 2.214665e-01 3.173245e-01 3.338128e-01 3.511148e-01 3.917043e-01 4.482819e-01 5.024588e-01 4.277245e-01 4.420198e-01 4.403998e-01 4.671742e-01 1.176430e-04
<GCONST> 6.572340e+01
<MIXTURE> 106 4.710235e-03
<MEAN> 25
 2.383682e+00 -3.602911e+00 8.653629e+00 -1.252558e+00 -1.171884e+01 -5.782539e+00 -5.448923e+00 -3.669147e-01 -4.698389e+00 -3.096332e+00 1.994649e+00 1.558714e-01 -2.913179e-02 3.962713e-02 7.581925e-02 -2.856288e-02 -8.746817e-02 1.017004e-01 -1.641967e-01 1.746784e-01 -8.926173e-02 8.859876e-02 6.633440e-02 7.222240e-02 -1.956545e-04
<VARIANCE> 25
 1.095415e+01 3.855189e+01 3.605422e+01 3.749751e+01 3.219917e+01 4.318794e+01 3.493873e+01 3.959635e+01 3.338714e+01 3.192240e+01 3.296363e+01 3.126232e+01 9.670582e-02 2.214665e-01 3.173245e-01 3.338128e-01 3.511148e-01 3.917043e-01 4.482819e-01 5.024588e-01 4.277245e-01 4.420198e-01 4.403998e-01 4.671742e-01 1.176430e-04
<GCONST> 6.572340e+01
<MIXTURE> 107 5.452374e-03
<MEAN> 25
 8.162356e+00 -2.161319e+00 -8.039248e+00 -9.123927e+00 9.320000e-01 3.090307e+00 -7.062344e+00 -5.073704e+00 -1.698893e+00 3.703638e+00 1.837288e+00 -5.299852e+00 -5.770560e-01 -6.580786e-01 8.392024e-01 1.774838e+00 2.770590e-01 -2.055533e+00 -9.976680e-01 9.374440e-01 1.716540e+00 1.531301e-01 -1.490692e+00 -7.269697e-01 -5.794221e-03
<VARIANCE> 25
 8.122467e+00 1.880627e+01 2.341682e+01 3.766860e+01 3.381065e+01 3.364534e+01 5.341373e+01 3.223052e+01 3.940281e+01 3.376634e+01 4.779059e+01 3.212233e+01 3.064505e-01 9.490731e-01 1.386145e+00 1.951329e+00 2.118981e+00 2.423153e+00 2.784463e+00 2.161971e+00 1.975975e+00 2.620281e+00 1.882088e+00 2.501233e+00 7.847500e-04
<GCONST> 8.600985e+01
<MIXTURE> 108 5.452374e-03
<MEAN> 25
 8.162356e+00 -2.161319e+00 -8.039248e+00 -9.123927e+00 9.320000e-01 3.090307e+00 -7.062344e+00 -5.073704e+00 -1.698893e+00 3.703638e+00 1.837288e+00 -5.299852e+00 -5.770560e-01 -6.580786e-01 8.392024e-01 1.774838e+00 2.770590e-01 -2.055533e+00 -9.976680e-01 9.374440e-01 1.716540e+00 1.531301e-01 -1.490692e+00 -7.269697e-01 -5.794221e-03
<VARIANCE> 25
 8.122467e+00 1.880627e+01 2.341682e+01 3.766860e+01 3.381065e+01 3.364534e+01 5.341373e+01 3.223052e+01 3.940281e+01 3.376634e+01 4.779059e+01 3.212233e+01 3.064505e-01 9.490731e-01 1.386145e+00 1.951329e+00 2.118981e+00 2.423153e+00 2.784463e+00 2.161971e+00 1.975975e+00 2.620281e+00 1.882088e+00 2.501233e+00 7.847500e-04
<GCONST> 8.600985e+01
<MIXTURE> 109 6.661064e-03
<MEAN> 25
 4.301447e+00 -1.115883e+01 -6.939854e+00 -1.721270e+00 1.560905e+00 -7.068352e-01 -7.917070e-01 2.029542e+00 -2.450224e+00 -5.777108e+00 -4.583685e+00 -1.200235e+00 -3.426781e-02 -1.301498e-01 1.355384e-02 3.229887e-01 6.840923e-02 1.790583e-01 -1.123065e-01 -3.405761e-02 2.420928e-02 -1.557314e-01 1.972575e-01 1.043085e-01 -1.774138e-03
<VARIANCE> 25
 7.789762e+00 1.741447e+01 2.131773e+01 2.555203e+01 3.945996e+01 3.348569e+01 3.921993e+01 3.496723e+01 3.727340e+01 4.376840e+01 2.525143e+01 2.691364e+01 1.622566e-01 3.827636e-01 5.272335e-01 6.184800e-01 1.060468e+00 1.025679e+00 1.058217e+00 1.151568e+00 1.016718e+00 8.654405e-01 8.278186e-01 9.363913e-01 1.706546e-04
<GCONST> 7.280977e+01
<MIXTURE> 110 6.661064e-03
<MEAN> 25
 4.301447e+00 -1.115883e+01 -6.939854e+00 -1.721270e+00 1.560905e+00 -7.068352e-01 -7.917070e-01 2.029542e+00 -2.450224e+00 -5.777108e+00 -4.583685e+00 -1.200235e+00 -3.426781e-02 -1.301498e-01 1.355384e-02 3.229887e-01 6.840923e-02 1.790583e-01 -1.123065e-01 -3.405761e-02 2.420928e-02 -1.557314e-01 1.972575e-01 1.043085e-01 -1.774138e-03
<VARIANCE> 25
 7.789762e+00 1.741447e+01 2.131773e+01 2.555203e+01 3.945996e+01 3.348569e+01 3.921993e+01 3.496723e+01 3.727340e+01 4.376840e+01 2.525143e+01 2.691364e+01 1.622566e-01 3.827636e-01 5.272335e-01 6.184800e-01 1.060468e+00 1.025679e+00 1.058217e+00 1.151568e+00 1.016718e+00 8.654405e-01 8.278186e-01 9.363913e-01 1.706546e-04
<GCONST> 7.280977e+01
<MIXTURE> 111 4.337247e-03
<MEAN> 25
 -4.060657e+00 1.164889e+00 -2.051190e+00 1.277968e+00 2.798526e+00 2.061287e+00 1.107061e+00 -2.352956e-01 1.298658e+00 -9.587204e-01 -1.360393e+00 1.637332e+00 1.098476e-02 2.232098e-02 -7.233468e-02 -5.448252e-02 1.620892e-02 4.019905e-02 -3.381107e-02 -2.680017e-02 -2.615285e-01 -2.982149e-01 -8.329710e-02 -7.297941e-02 -9.986698e-04
<VARIANCE> 25
 4.814357e+00 8.253229e+00 7.498237e+00 6.975793e+00 1.169021e+01 1.821493e+01 1.509572e+01 1.262666e+01 1.318881e+01 1.030482e+01 1.058530e+01 1.024058e+01 8.465728e-02 1.859567e-01 2.626108e-01 3.501399e-01 4.633175e-01 6.460699e-01 7.877051e-01 9.628149e-01 7.672455e-01 8.491279e-01 7.411051e-01 8.216717e-01 2.934177e-05
<GCONST> 5.441364e+01
<MIXTURE> 112 4.337247e-03
<MEAN> 25
 -4.060657e+00 1.164889e+00 -2.051190e+00 1.277968e+00 2.798526e+00 2.061287e+00 1.107061e+00 -2.352956e-01 1.298658e+00 -9.587204e-01 -1.360393e+00 1.637332e+00 1.098476e-02 2.232098e-02 -7.233468e-02 -5.448252e-02 1.620892e-02 4.019905e-02 -3.381107e-02 -2.680017e-02 -2.615285e-01 -2.982149e-01 -8.329710e-02 -7.297941e-02 -9.986698e-04
<VARIANCE> 25
 4.814357e+00 8.253229e+00 7.498237e+00 6.975793e+00 1.169021e+01 1.821493e+01 1.509572e+01 1.262666e+01 1.318881e+01 1.030482e+01 1.058530e+01 1.024058e+01 8.465728e-02 1.859567e-01 2.626108e-01 3.501399e-01 4.633175e-01 6.460699e-01 7.877051e-01 9.628149e-01 7.672455e-01 8.491279e-01 7.411051e-01 8.216717e-01 2.934177e-05
<GCONST> 5.441364e+01
<MIXTURE> 113 5.938666e-03
<MEAN> 25
 9.698080e+00 1.137057e+00 -8.528679e+00 -1.639392e+01 -1.669421e+00 5.961860e+00 -4.233634e+00 -2.777711e+00 -6.006730e+00 5.148668e-01 1.008043e+00 -7.981570e-01 -1.233334e-02 4.820922e-02 -8.086923e-02 -7.662815e-02 1.732433e-01 9.517732e-02 3.755799e-02 3.141130e-03 6.692140e-02 9.244581e-02 1.770918e-01 -2.552563e-02 -2.681297e-03
<VARIANCE> 25
 8.100040e+00 1.666698e+01 2.657632e+01 3.377439e+01 4.846556e+01 3.147150e+01 4.107136e+01 4.304510e+01 3.431195e+01 4.571347e+01 3.508689e+01 2.760454e+01 1.176402e-01 3.102012e-01 3.007840e-01 6.270838e-01 6.724029e-01 6.285748e-01 7.393712e-01 8.212182e-01 1.071209e+00 1.065574e+00 6.942759e-01 7.010167e-01 1.428243e-04
<GCONST> 7.091262e+01
<MIXTURE> 114 5.938666e-03
<MEAN> 25
 9.698080e+00 1.137057e+00 -8.528679e+00 -1.639392e+01 -1.669421e+00 5.961860e+00 -4.233634e+00 -2.777711e+00 -6.006730e+00 5.148668e-01 1.008043e+00 -7.981570e-01 -1.233334e-02 4.820922e-02 -8.086923e-02 -7.662815e-02 1.732433e-01 9.517732e-02 3.755799e-02 3.141130e-03 6.692140e-02 9.244581e-02 1.770918e-01 -2.552563e-02 -2.681297e-03
<VARIANCE> 25
 8.100040e+00 1.666698e+01 2.657632e+01 3.377439e+01 4.846556e+01 3.147150e+01 4.107136e+01 4.304510e+01 3.431195e+01 4.571347e+01 3.508689e+01 2.760454e+01 1.176402e-01 3.102012e-01 3.007840e-01 6.270838e-01 6.724029e-01 6.285748e-01 7.393712e-01 8.212182e-01 1.071209e+00 1.065574e+00 6.942759e-01 7.010167e-01 1.428243e-04
<GCONST> 7.091262e+01
<MIXTURE> 115 2.935202e-03
<MEAN> 25
 -3.900201e+00 -1.260130e-01 -2.939421e+00 3.449189e+00 2.825239e+00 -1.320585e-02 2.388391e+00 5.978642e-01 1.754741e+00 -4.099834e-01 -2.222511e-01 2.551767e+00 6.759128e-02 -5.518683e-02 -2.122667e-01 -3.919984e-01 -6.165763e-01 -6.925395e-01 -6.163839e-01 -5.202224e-01 -4.863266e-01 -4.317586e-01 -3.459783e-01 -1.534955e-01 1.458399e-05
<VARIANCE> 25
 8.581657e+00 1.247468e+01 1.258469e+01 1.183798e+01 1.361829e+01 1.763456e+01 1.600265e+01 2.046738e+01 1.802789e+01 1.921990e+01 1.874137e+01 1.403870e+01 2.268371e-01 3.421300e-01 4.734570e-01 5.456179e-01 6.162025e-01 7.926845e-01 9.426467e-01 1.217442e+00 1.047625e+00 9.606121e-01 9.892970e-01 9.931467e-01 1.114593e-06
<GCONST> 6.011058e+01
<MIXTURE> 116 2.935202e-03
<MEAN> 25
 -3.900201e+00 -1.260130e-01 -2.939421e+00 3.449189e+00 2.825239e+00 -1.320585e-02 2.388391e+00 5.978642e-01 1.754741e+00 -4.099834e-01 -2.222511e-01 2.551767e+00 6.759128e-02 -5.518683e-02 -2.122667e-01 -3.919984e-01 -6.165763e-01 -6.925395e-01 -6.163839e-01 -5.202224e-01 -4.863266e-01 -4.317586e-01 -3.459783e-01 -1.534955e-01 1.458399e-05
<VARIANCE> 25
 8.581657e+00 1.247468e+01 1.258469e+01 1.183798e+01 1.361829e+01 1.763456e+01 1.600265e+01 2.046738e+01 1.802789e+01 1.921990e+01 1.874137e+01 1.403870e+01 2.268371e-01 3.421300e-01 4.734570e-01 5.456179e-01 6.162025e-01 7.926845e-01 9.426467e-01 1.217442e+00 1.047625e+00 9.606121e-01 9.892970e-01 9.931467e-01 1.114593e-06
<GCONST> 6.011058e+01
<MIXTURE> 117 6.506003e-03
<MEAN> 25
 -4.551520e+00 1.347687e+00 9.044207e-01 9.296253e+00 6.357587e+00 6.182063e+00 6.390993e+00 5.136899e+00 6.509147e+00 4.733614e+00 6.002512e+00 2.672050e+00 -4.389435e-02 -2.357266e-01 -3.754397e-01 -4.018188e-01 -3.355104e-01 -2.931490e-01 -2.964690e-01 -3.490043e-01 -4.077878e-01 -3.879879e-01 -2.755536e-01 -1.234860e-01 3.593649e-05
<VARIANCE> 25
 6.911663e+00 8.995534e+00 9.570385e+00 1.633198e+01 1.505778e+01 1.456052e+01 1.693723e+01 1.777881e+01 1.623011e+01 1.621812e+01 1.764322e+01 1.416399e+01 2.279933e-01 3.106553e-01 4.219190e-01 5.987279e-01 8.411747e-01 1.015865e+00 1.133516e+00 1.206556e+00 1.177397e+00 1.180782e+00 1.132968e+00 1.075237e+00 1.132705e-06
<GCONST> 6.028888e+01
<MIXTURE> 118 6.506003e-03
<MEAN> 25
 -4.551520e+00 1.347687e+00 9.044207e-01 9.296253e+00 6.357587e+00 6.182063e+00 6.390993e+00 5.136899e+00 6.509147e+00 4.733614e+00 6.002512e+00 2.672050e+00 -4.389435e-02 -2.357266e-01 -3.754397e-01 -4.018188e-01 -3.355104e-01 -2.931490e-01 -2.964690e-01 -3.490043e-01 -4.077878e-01 -3.879879e-01 -2.755536e-01 -1.234860e-01 3.593649e-05
<VARIANCE> 25
 6.911663e+00 8.995534e+00 9.570385e+00 1.633198e+01 1.505778e+01 1.456052e+01 1.693723e+01 1.777881e+01 1.623011e+01 1.621812e+01 1.764322e+01 1.416399e+01 2.279933e-01 3.106553e-01 4.219190e-01 5.987279e-01 8.411747e-01 1.015865e+00 1.133516e+00 1.206556e+00 1.177397e+00 1.180782e+00 1.132968e+00 1.075237e+00 1.132705e-06
<GCONST> 6.028888e+01
<MIXTURE> 119 4.297961e-03
<MEAN> 25
 -4.710099e+00 -7.594057e+00 2.199079e+00 1.835161e+00 2.388070e+00 3.474203e-01 5.076492e+00 5.795324e+00 1.064410e+00 8.949192e-01 6.523216e+00 1.408661e+00 -3.061484e-02 -7.224438e-02 1.193371e-02 -4.080817e-02 -1.356432e-01 -1.738013e-01 -2.710997e-02 -3.347984e-02 -1.190766e-01 -6.967974e-02 -6.401519e-02 -9.507743e-02 1.575706e-03
<VARIANCE> 25
 9.839977e+00 9.854882e+00 1.595658e+01 2.017838e+01 2.320638e+01 2.363664e+01 2.510503e+01 2.602427e+01 2.439960e+01 2.711241e+01 1.990662e+01 2.031043e+01 1.662892e-01 2.731780e-01 4.736931e-01 6.161080e-01 7.774886e-01 9.820856e-01 1.103254e+00 1.249300e+00 1.256111e+00 1.240902e+00 1.158546e+00 1.158530e+00 2.285310e-04
<GCONST> 6.966414e+01
<MIXTURE> 120 4.297961e-03
<MEAN> 25
 -4.710099e+00 -7.594057e+00 2.199079e+00 1.835161e+00 2.388070e+00 3.474203e-01 5.076492e+00 5.795324e+00 1.064410e+00 8.949192e-01 6.523216e+00 1.408661e+00 -3.061484e-02 -7.224438e-02 1.193371e-02 -4.080817e-02 -1.356432e-01 -1.738013e-01 -2.710997e-02 -3.347984e-02 -1.190766e-01 -6.967974e-02 -6.401519e-02 -9.507743e-02 1.575706e-03
<VARIANCE> 25
 9.839977e+00 9.854882e+00 1.595658e+01 2.017838e+01 2.320638e+01 2.363664e+01 2.510503e+01 2.602427e+01 2.439960e+01 2.711241e+01 1.990662e+01 2.031043e+01 1.662892e-01 2.731780e-01 4.736931e-01 6.161080e-01 7.774886e-01 9.820856e-01 1.103254e+00 1.249300e+00 1.256111e+00 1.240902e+00 1.158546e+00 1.158530e+00 2.285310e-04
<GCONST> 6.966414e+01
<MIXTURE> 121 4.567511e-03
<MEAN> 25
 3.540875e-01 -2.592004e+00 5.506627e+00 -1.242050e+01 -1.278035e+01 -1.152446e+00 7.260731e-01 -4.799595e+00 -4.518033e+00 -1.088480e+00 -5.316185e+00 -3.908933e+00 1.011385e-02 2.148492e-01 -7.454949e-02 5.640614e-02 1.669580e-01 3.550470e-02 -1.161019e-01 -1.884476e-01 -2.551501e-01 -3.382489e-01 -8.844328e-02 2.907961e-02 -7.730921e-03
<VARIANCE> 25
 7.539448e+00 1.483194e+01 1.863499e+01 2.208819e+01 2.337712e+01 3.127987e+01 2.923042e+01 2.447435e+01 3.440611e+01 3.231507e+01 1.902359e+01 2.199343e+01 1.515100e-01 6.920494e-01 6.046869e-01 7.040308e-01 7.257779e-01 1.125496e+00 1.116598e+00 1.052925e+00 1.143750e+00 1.232303e+00 8.934194e-01 8.368301e-01 1.994996e-04
<GCONST> 7.128476e+01
<MIXTURE> 122 4.567511e-03
<MEAN> 25
 3.540875e-01 -2.592004e+00 5.506627e+00 -1.242050e+01 -1.278035e+01 -1.152446e+00 7.260731e-01 -4.799595e+00 -4.518033e+00 -1.088480e+00 -5.316185e+00 -3.908933e+00 1.011385e-02 2.148492e-01 -7.454949e-02 5.640614e-02 1.669580e-01 3.550470e-02 -1.161019e-01 -1.884476e-01 -2.551501e-01 -3.382489e-01 -8.844328e-02 2.907961e-02 -7.730921e-03
<VARIANCE> 25
 7.539448e+00 1.483194e+01 1.863499e+01 2.208819e+01 2.337712e+01 3.127987e+01 2.923042e+01 2.447435e+01 3.440611e+01 3.231507e+01 1.902359e+01 2.199343e+01 1.515100e-01 6.920494e-01 6.046869e-01 7.040308e-01 7.257779e-01 1.125496e+00 1.116598e+00 1.052925e+00 1.143750e+00 1.232303e+00 8.934194e-01 8.368301e-01 1.994996e-04
<GCONST> 7.128476e+01
<MIXTURE> 123 4.393044e-03
<MEAN> 25
 -3.368954e+00 4.101657e+00 -1.091064e+00 3.484488e+00 6.196846e+00 3.808613e+00 2.702253e+00 1.004010e+00 2.326984e+00 -1.280925e+00 -6.988370e-01 1.239654e+00 -2.715117e-01 -4.965369e-01 -6.217242e-01 -5.081457e-01 -3.412830e-01 -2.621273e-02 3.182506e-01 4.560905e-01 8.256179e-01 6.355683e-01 5.212038e-01 5.076636e-01 -5.983310e-03
<VARIANCE> 25
 5.211315e+00 6.063967e+00 7.234214e+00 8.772975e+00 1.260511e+01 1.860887e+01 1.358285e+01 1.249436e+01 1.218682e+01 1.082080e+01 1.296285e+01 1.491091e+01 2.464350e-01 2.751537e-01 3.617051e-01 4.936238e-01 6.318536e-01 1.018013e+00 1.084531e+00 1.022635e+00 1.059389e+00 1.138811e+00 1.004904e+00 1.442717e+00 1.098784e-04
<GCONST> 6.097971e+01
<MIXTURE> 124 4.069876e-03
<MEAN> 25
 -5.539479e+00 6.610661e-01 -2.846063e+00 3.916724e+00 5.611199e+00 3.648157e+00 4.754604e+00 2.550760e+00 3.844632e+00 8.232045e-01 5.782669e-01 2.443372e+00 -1.826556e-01 -2.929075e-01 -2.948717e-01 -2.190603e-01 4.347992e-02 4.537403e-01 8.123034e-01 8.794786e-01 6.090217e-01 2.325201e-01 3.193489e-02 -3.995630e-02 -2.814266e-04
<VARIANCE> 25
 9.352346e+00 1.108657e+01 8.565061e+00 1.239781e+01 1.109710e+01 1.591347e+01 1.424008e+01 1.416416e+01 1.514483e+01 1.553200e+01 1.653930e+01 1.326574e+01 1.071532e-01 1.688838e-01 2.527926e-01 3.836354e-01 5.326060e-01 6.920372e-01 7.284864e-01 7.914613e-01 9.129707e-01 1.002091e+00 8.480290e-01 9.618938e-01 2.447365e-05
<GCONST> 5.778101e+01
<MIXTURE> 125 4.069876e-03
<MEAN> 25
 -5.539479e+00 6.610661e-01 -2.846063e+00 3.916724e+00 5.611199e+00 3.648157e+00 4.754604e+00 2.550760e+00 3.844632e+00 8.232045e-01 5.782669e-01 2.443372e+00 -1.826556e-01 -2.929075e-01 -2.948717e-01 -2.190603e-01 4.347992e-02 4.537403e-01 8.123034e-01 8.794786e-01 6.090217e-01 2.325201e-01 3.193489e-02 -3.995630e-02 -2.814266e-04
<VARIANCE> 25
 9.352346e+00 1.108657e+01 8.565061e+00 1.239781e+01 1.109710e+01 1.591347e+01 1.424008e+01 1.416416e+01 1.514483e+01 1.553200e+01 1.653930e+01 1.326574e+01 1.071532e-01 1.688838e-01 2.527926e-01 3.836354e-01 5.326060e-01 6.920372e-01 7.284864e-01 7.914613e-01 9.129707e-01 1.002091e+00 8.480290e-01 9.618938e-01 2.447365e-05
<GCONST> 5.778101e+01
<MIXTURE> 126 2.402244e-03
<MEAN> 25
 -3.762882e+00 -6.477170e+00 -5.270491e+00 2.082545e+00 4.698482e+00 -3.124913e+00 -2.198365e-01 3.501359e+00 3.164864e+00 -2.576823e+00 -1.473210e+00 2.829768e+00 -1.292867e-02 -4.782163e-02 -3.174606e-02 -1.691810e-01 -3.460533e-01 -3.499193e-01 -2.597274e-01 -1.736288e-01 -1.007797e-01 -8.308510e-02 -5.716179e-02 -1.660882e-02 -1.344010e-03
<VARIANCE> 25
 7.305015e+00 1.651081e+01 1.356012e+01 1.541794e+01 2.937106e+01 2.393278e+01 2.528143e+01 2.734689e+01 3.139092e+01 2.534363e+01 2.071557e+01 1.922796e+01 1.658675e-01 4.029307e-01 4.661208e-01 5.445055e-01 7.493364e-01 1.031516e+00 1.077204e+00 1.232632e+00 1.339383e+00 1.319949e+00 1.220025e+00 1.139560e+00 2.130785e-04
<GCONST> 7.023710e+01
<MIXTURE> 127 2.402244e-03
<MEAN> 25
 -3.762882e+00 -6.477170e+00 -5.270491e+00 2.082545e+00 4.698482e+00 -3.124913e+00 -2.198365e-01 3.501359e+00 3.164864e+00 -2.576823e+00 -1.473210e+00 2.829768e+00 -1.292867e-02 -4.782163e-02 -3.174606e-02 -1.691810e-01 -3.460533e-01 -3.499193e-01 -2.597274e-01 -1.736288e-01 -1.007797e-01 -8.308510e-02 -5.716179e-02 -1.660882e-02 -1.344010e-03
<VARIANCE> 25
 7.305015e+00 1.651081e+01 1.356012e+01 1.541794e+01 2.937106e+01 2.393278e+01 2.528143e+01 2.734689e+01 3.139092e+01 2.534363e+01 2.071557e+01 1.922796e+01 1.658675e-01 4.029307e-01 4.661208e-01 5.445055e-01 7.493364e-01 1.031516e+00 1.077204e+00 1.232632e+00 1.339383e+00 1.319949e+00 1.220025e+00 1.139560e+00 2.130785e-04
<GCONST> 7.023710e+01
<MIXTURE> 128 3.790457e-03
<MEAN> 25
 -3.909014e+00 1.595185e+00 -3.688535e-01 6.452363e+00 3.706586e+00 1.853190e+00 3.593643e+00 2.403740e+00 4.029459e+00 3.651443e+00 3.652078e+00 3.526066e+00 -3.930788e-01 -2.057587e-01 1.010681e-01 7.038304e-01 1.172562e+00 1.115055e+00 7.061794e-01 1.007215e-01 -4.469420e-01 -7.800027e-01 -6.966863e-01 -3.949230e-01 -5.480767e-05
<VARIANCE> 25
 1.005484e+01 1.159874e+01 1.475935e+01 1.953489e+01 1.992311e+01 2.112721e+01 2.398320e+01 2.432526e+01 2.636465e+01 2.353328e+01 2.679544e+01 1.787661e+01 8.781193e-01 1.128039e+00 1.341614e+00 1.497850e+00 1.551949e+00 1.841577e+00 2.233902e+00 2.425819e+00 2.122026e+00 1.828408e+00 1.720745e+00 1.731549e+00 1.030846e-06
<GCONST> 7.347436e+01
<TRANSP> 3
 0.000000e+00 1.000000e+00 0.000000e+00
 0.000000e+00 9.999990e-01 9.999998e-07
 0.000000e+00 0.000000e+00 0.000000e+00
<ENDHMM>
