~o
<STREAMINFO> 1 25
<VECSIZE> 25<NULLD><MFCC_E_D_N><DIAGC>
~h "jmodel"
<BEGINHMM>
<NUMSTATES> 3
<STATE> 2
<NUMMIXES> 128
<MIXTURE> 1 5.748963e-03
<MEAN> 25
 -2.542308e+00 3.162578e+00 2.218648e+00 8.628713e+00 4.387095e+00 3.408104e+00 4.128745e+00 3.963845e+00 5.887323e+00 5.224853e+00 5.789442e+00 3.064551e+00 -1.978288e+00 -1.615332e+00 -8.344432e-01 1.084348e+00 1.555969e+00 2.222852e+00 2.157540e+00 2.058291e+00 1.662750e+00 1.274689e+00 1.592067e+00 6.197995e-01 -4.580997e-02
<VARIANCE> 25
 9.998684e+00 1.157567e+01 1.516236e+01 1.921243e+01 2.286960e+01 2.197980e+01 2.211316e+01 2.181817e+01 2.088171e+01 2.227001e+01 2.111907e+01 1.688933e+01 1.797157e+00 2.096175e+00 3.026862e+00 3.169142e+00 3.678423e+00 3.310005e+00 3.263560e+00 3.366289e+00 3.521343e+00 3.666279e+00 3.519651e+00 2.788954e+00 3.139042e-03
<GCONST> 8.835206e+01
<MIXTURE> 2 4.549242e-03
<MEAN> 25
 -4.798291e+00 1.327235e+00 9.491223e-01 9.773573e+00 6.643884e+00 7.364819e+00 7.827558e+00 6.948607e+00 8.364211e+00 6.330984e+00 7.521132e+00 3.086563e+00 -6.328791e-02 3.871493e-02 1.365962e-01 2.305258e-01 2.662936e-01 2.834024e-01 2.976018e-01 3.165514e-01 3.534133e-01 3.149711e-01 2.034599e-01 7.485758e-02 -2.421609e-06
<VARIANCE> 25
 7.170137e+00 8.800380e+00 1.063789e+01 1.656291e+01 1.712022e+01 1.554538e+01 1.693478e+01 1.825575e+01 1.648104e+01 1.724607e+01 1.845237e+01 1.420964e+01 1.249985e-01 2.249243e-01 3.355787e-01 4.656689e-01 6.533948e-01 8.070951e-01 9.221997e-01 1.008850e+00 1.040026e+00 1.085668e+00 1.091684e+00 1.017744e+00 1.020627e-06
<GCONST> 5.809198e+01
<MIXTURE> 3 4.549242e-03
<MEAN> 25
 -4.798291e+00 1.327235e+00 9.491223e-01 9.773573e+00 6.643884e+00 7.364819e+00 7.827558e+00 6.948607e+00 8.364211e+00 6.330984e+00 7.521132e+00 3.086563e+00 -6.328791e-02 3.871493e-02 1.365962e-01 2.305258e-01 2.662936e-01 2.834024e-01 2.976018e-01 3.165514e-01 3.534133e-01 3.149711e-01 2.034599e-01 7.485758e-02 -2.421609e-06
<VARIANCE> 25
 7.170137e+00 8.800380e+00 1.063789e+01 1.656291e+01 1.712022e+01 1.554538e+01 1.693478e+01 1.825575e+01 1.648104e+01 1.724607e+01 1.845237e+01 1.420964e+01 1.249985e-01 2.249243e-01 3.355787e-01 4.656689e-01 6.533948e-01 8.070951e-01 9.221997e-01 1.008850e+00 1.040026e+00 1.085668e+00 1.091684e+00 1.017744e+00 1.020627e-06
<GCONST> 5.809198e+01
<MIXTURE> 4 1.671429e-02
<MEAN> 25
 3.512879e+00 1.527532e+00 -3.455746e+00 -2.163342e-01 3.628247e+00 -1.203528e+00 -8.141423e-01 -9.504216e-01 1.728907e+00 2.578939e+00 -2.044484e+00 1.064220e-01 -2.872743e+00 1.496020e+00 1.629043e+00 2.587955e+00 1.040909e+00 1.519995e-01 1.413085e+00 1.455611e+00 1.149680e+00 -6.569793e-03 8.958682e-01 7.854357e-01 -9.274103e-02
<VARIANCE> 25
 1.732507e+01 2.880225e+01 2.587577e+01 3.920324e+01 3.755247e+01 5.849915e+01 5.571677e+01 4.642574e+01 4.689021e+01 5.723914e+01 4.334519e+01 3.297889e+01 2.464495e+00 5.046812e+00 3.186660e+00 4.697105e+00 4.247088e+00 5.307004e+00 4.844526e+00 5.198498e+00 5.497608e+00 5.771713e+00 5.427695e+00 3.891826e+00 5.369054e-03
<GCONST> 1.026433e+02
<MIXTURE> 5 3.206198e-03
<MEAN> 25
 -3.396256e+00 2.176821e+00 5.967121e-01 9.375696e+00 6.679068e+00 6.303677e+00 7.129356e+00 4.734164e+00 5.483096e+00 3.838279e+00 4.621783e+00 2.616876e+00 -3.254704e-01 7.458725e-01 1.213424e+00 1.028220e+00 3.131379e-01 -9.838039e-02 -8.220793e-02 2.945990e-02 4.580749e-01 6.881542e-01 4.125404e-01 9.418508e-02 -2.322198e-05
<VARIANCE> 25
 1.022589e+01 1.384988e+01 2.334244e+01 2.578071e+01 2.013929e+01 1.935078e+01 2.015010e+01 2.025968e+01 2.132961e+01 2.117945e+01 2.410726e+01 1.631569e+01 1.201630e+00 1.242621e+00 1.366076e+00 1.667820e+00 2.280620e+00 2.361053e+00 2.287712e+00 2.271121e+00 2.304702e+00 2.233608e+00 2.092127e+00 1.870439e+00 1.007517e-06
<GCONST> 7.511570e+01
<MIXTURE> 6 5.475854e-03
<MEAN> 25
 9.169900e+00 -1.458153e+00 -6.038947e+00 -1.023401e+01 -3.767329e+00 6.772686e+00 -7.446151e+00 -8.844752e+00 -6.682286e+00 2.243519e+00 6.406014e+00 -1.388199e+00 4.970348e-01 8.707547e-01 -4.666565e-01 -1.495274e+00 -4.541641e-01 1.487328e+00 1.491189e+00 -1.385040e-01 -9.011143e-01 -1.234805e+00 2.669600e-01 1.006240e+00 -5.960220e-03
<VARIANCE> 25
 6.732827e+00 1.640640e+01 1.852251e+01 3.895922e+01 3.030006e+01 2.767681e+01 4.073361e+01 4.694033e+01 4.509209e+01 3.292583e+01 3.240124e+01 2.405168e+01 2.800494e-01 7.454031e-01 9.010174e-01 2.393449e+00 1.349157e+00 2.453637e+00 1.686639e+00 2.047002e+00 2.269596e+00 1.786191e+00 1.752087e+00 1.592209e+00 5.308130e-04
<GCONST> 8.200469e+01
<MIXTURE> 7 5.475854e-03
<MEAN> 25
 9.169900e+00 -1.458153e+00 -6.038947e+00 -1.023401e+01 -3.767329e+00 6.772686e+00 -7.446151e+00 -8.844752e+00 -6.682286e+00 2.243519e+00 6.406014e+00 -1.388199e+00 4.970348e-01 8.707547e-01 -4.666565e-01 -1.495274e+00 -4.541641e-01 1.487328e+00 1.491189e+00 -1.385040e-01 -9.011143e-01 -1.234805e+00 2.669600e-01 1.006240e+00 -5.960220e-03
<VARIANCE> 25
 6.732827e+00 1.640640e+01 1.852251e+01 3.895922e+01 3.030006e+01 2.767681e+01 4.073361e+01 4.694033e+01 4.509209e+01 3.292583e+01 3.240124e+01 2.405168e+01 2.800494e-01 7.454031e-01 9.010174e-01 2.393449e+00 1.349157e+00 2.453637e+00 1.686639e+00 2.047002e+00 2.269596e+00 1.786191e+00 1.752087e+00 1.592209e+00 5.308130e-04
<GCONST> 8.200469e+01
<MIXTURE> 8 1.165917e-02
<MEAN> 25
 -4.641004e+00 1.354654e+00 1.228935e+00 9.426188e+00 6.542221e+00 6.180547e+00 6.450798e+00 5.709476e+00 6.647164e+00 5.544677e+00 6.455215e+00 3.136270e+00 -6.269283e-01 -1.416219e+00 -1.047933e+00 -1.702889e+00 -2.554621e-01 -8.979125e-01 -1.738198e-01 -3.276701e-01 -3.320509e-01 -1.557353e-01 -1.723424e-01 6.907210e-02 9.661799e-02
<VARIANCE> 25
 9.326960e+00 9.577098e+00 1.141401e+01 1.638183e+01 1.628588e+01 1.602996e+01 1.835634e+01 1.711362e+01 1.675179e+01 1.713470e+01 1.888736e+01 1.371649e+01 2.682968e+00 2.750789e+00 3.811549e+00 3.716342e+00 3.408976e+00 3.330310e+00 3.067438e+00 3.140030e+00 3.044376e+00 2.609482e+00 2.454431e+00 1.859881e+00 6.659444e-03
<GCONST> 8.612480e+01
<MIXTURE> 9 1.199672e-02
<MEAN> 25
 8.809015e+00 2.957691e+00 -6.570258e+00 -7.991835e+00 -2.577500e+00 4.283889e+00 -2.096678e+00 -4.664668e+00 -8.120262e+00 5.720677e-01 1.913792e+00 1.863250e-01 1.598470e+00 -5.706823e-01 -8.665178e-01 -2.368999e+00 -1.316621e+00 1.231987e+00 -7.320833e-01 -1.050130e+00 -6.597008e-01 1.579069e-01 9.293820e-01 -1.989778e-01 8.180501e-02
<VARIANCE> 25
 9.909841e+00 1.655723e+01 2.506091e+01 5.738626e+01 3.654757e+01 2.755589e+01 4.969361e+01 4.681443e+01 4.726574e+01 3.554768e+01 3.148188e+01 1.889976e+01 1.894973e+00 2.334976e+00 3.466995e+00 4.110377e+00 3.593413e+00 3.072638e+00 3.097178e+00 5.890759e+00 7.006977e+00 3.548460e+00 3.194433e+00 2.448533e+00 2.113003e-03
<GCONST> 9.536071e+01
<MIXTURE> 10 6.596976e-03
<MEAN> 25
 8.209361e-01 7.603589e+00 5.361110e+00 7.121576e+00 1.559728e+00 -2.109529e+00 -5.011528e-01 -1.669715e+00 8.574791e-01 8.313648e-01 8.155203e-01 6.420113e-01 -1.917838e+00 -6.645628e-01 -4.621932e-01 3.002970e+00 2.462165e+00 2.703648e+00 2.368790e+00 2.261350e+00 1.870634e+00 1.542405e+00 2.314787e+00 5.285768e-01 -1.377720e-01
<VARIANCE> 25
 1.949365e+01 2.068079e+01 2.228466e+01 2.900183e+01 3.826011e+01 3.486027e+01 3.509917e+01 3.375957e+01 2.753777e+01 2.906080e+01 2.693859e+01 2.501214e+01 2.229580e+00 3.418792e+00 5.507652e+00 5.242501e+00 5.517543e+00 4.455457e+00 4.673038e+00 4.863911e+00 4.385027e+00 4.995643e+00 4.474165e+00 3.174129e+00 2.702864e-03
<GCONST> 9.743497e+01
<MIXTURE> 11 1.633820e-02
<MEAN> 25
 6.302838e+00 3.247095e+00 3.332091e+00 3.532764e+00 -4.160987e+00 -2.318743e+00 -6.716671e-01 -6.090091e+00 -4.179497e+00 -7.079410e-01 -2.026716e+00 -1.947536e+00 -3.350817e-01 2.060538e-01 1.070380e-01 1.796708e-01 7.531205e-01 -1.383983e-01 1.957996e-01 -1.806903e-02 -2.699513e-01 1.398713e-01 -3.551782e-01 1.596289e-01 -1.285397e-02
<VARIANCE> 25
 1.022305e+01 1.709484e+01 1.628549e+01 2.278897e+01 3.379499e+01 2.555348e+01 5.119698e+01 3.209589e+01 4.262573e+01 2.756763e+01 2.775214e+01 2.725774e+01 9.566285e-01 1.012980e+00 1.651919e+00 1.858780e+00 1.663585e+00 1.774407e+00 2.302202e+00 2.869435e+00 2.444640e+00 1.766361e+00 1.738572e+00 1.429008e+00 1.064066e-03
<GCONST> 8.447817e+01
<MIXTURE> 12 5.904134e-03
<MEAN> 25
 1.065442e+01 3.221464e+00 -4.664493e+00 -1.579776e+01 -8.751790e+00 8.666905e+00 -1.116180e+00 -3.331619e+00 -2.513719e+00 -4.822994e+00 2.398765e+00 7.651541e-01 7.420250e-02 3.369288e-01 -1.072979e-03 -3.409827e-01 -2.979632e-01 6.944935e-02 3.248097e-01 5.005242e-01 1.839649e-01 -4.266017e-01 -3.852212e-01 8.585720e-02 -6.601865e-03
<VARIANCE> 25
 8.163859e+00 2.147891e+01 2.157301e+01 3.433120e+01 3.835113e+01 2.840263e+01 3.953325e+01 6.034923e+01 4.612782e+01 3.420239e+01 3.782124e+01 2.655168e+01 2.322869e-01 6.510912e-01 6.987823e-01 1.131454e+00 1.140140e+00 1.004990e+00 1.103360e+00 1.355600e+00 1.168938e+00 1.185142e+00 1.253425e+00 8.941558e-01 5.304056e-04
<GCONST> 7.808046e+01
<MIXTURE> 13 5.904134e-03
<MEAN> 25
 1.065442e+01 3.221464e+00 -4.664493e+00 -1.579776e+01 -8.751790e+00 8.666905e+00 -1.116180e+00 -3.331619e+00 -2.513719e+00 -4.822994e+00 2.398765e+00 7.651541e-01 7.420250e-02 3.369288e-01 -1.072979e-03 -3.409827e-01 -2.979632e-01 6.944935e-02 3.248097e-01 5.005242e-01 1.839649e-01 -4.266017e-01 -3.852212e-01 8.585720e-02 -6.601865e-03
<VARIANCE> 25
 8.163859e+00 2.147891e+01 2.157301e+01 3.433120e+01 3.835113e+01 2.840263e+01 3.953325e+01 6.034923e+01 4.612782e+01 3.420239e+01 3.782124e+01 2.655168e+01 2.322869e-01 6.510912e-01 6.987823e-01 1.131454e+00 1.140140e+00 1.004990e+00 1.103360e+00 1.355600e+00 1.168938e+00 1.185142e+00 1.253425e+00 8.941558e-01 5.304056e-04
<GCONST> 7.808046e+01
<MIXTURE> 14 6.488954e-03
<MEAN> 25
 -3.944136e+00 -1.604126e-01 -4.414832e-01 8.314461e+00 7.312882e+00 7.011233e+00 7.828641e+00 7.209023e+00 7.172278e+00 4.880277e+00 6.201669e+00 3.967533e+00 -2.619819e-01 1.348413e-01 3.802359e-01 3.224064e-01 3.755486e-02 1.661274e-01 1.441832e-01 1.193403e-01 1.860904e-01 5.944804e-01 5.521594e-01 6.004646e-02 -6.957372e-03
<VARIANCE> 25
 9.048694e+00 1.267167e+01 1.657793e+01 1.863866e+01 1.918744e+01 1.908268e+01 2.007700e+01 1.874688e+01 1.842548e+01 2.223334e+01 2.226442e+01 1.488301e+01 8.604894e-01 1.532944e+00 1.636258e+00 1.817330e+00 2.096912e+00 2.256021e+00 2.219563e+00 2.199842e+00 2.479265e+00 2.382661e+00 2.284804e+00 1.723643e+00 9.651061e-04
<GCONST> 8.078450e+01
<MIXTURE> 15 2.475190e-03
<MEAN> 25
 -4.359771e+00 -7.600977e-02 -4.445301e-01 6.513937e+00 5.819275e+00 5.078512e+00 5.833542e+00 4.579092e+00 5.286265e+00 3.838329e+00 4.495271e+00 2.733679e+00 -9.341483e-02 -2.154308e-02 8.812127e-02 2.345688e-01 4.618632e-01 7.647288e-01 1.085104e+00 1.150411e+00 1.028424e+00 6.936078e-01 3.527230e-01 1.208515e-01 1.513416e-03
<VARIANCE> 25
 8.373185e+00 5.711459e+00 7.681868e+00 1.284198e+01 1.229968e+01 1.287152e+01 1.343616e+01 1.426615e+01 1.209598e+01 1.264638e+01 1.540032e+01 1.196596e+01 1.159138e-01 1.958868e-01 3.263836e-01 4.621557e-01 6.627988e-01 8.161883e-01 7.606685e-01 7.611794e-01 8.724285e-01 1.022344e+00 1.037234e+00 9.685426e-01 3.808709e-05
<GCONST> 5.785023e+01
<MIXTURE> 16 2.475190e-03
<MEAN> 25
 -4.359771e+00 -7.600977e-02 -4.445301e-01 6.513937e+00 5.819275e+00 5.078512e+00 5.833542e+00 4.579092e+00 5.286265e+00 3.838329e+00 4.495271e+00 2.733679e+00 -9.341483e-02 -2.154308e-02 8.812127e-02 2.345688e-01 4.618632e-01 7.647288e-01 1.085104e+00 1.150411e+00 1.028424e+00 6.936078e-01 3.527230e-01 1.208515e-01 1.513416e-03
<VARIANCE> 25
 8.373185e+00 5.711459e+00 7.681868e+00 1.284198e+01 1.229968e+01 1.287152e+01 1.343616e+01 1.426615e+01 1.209598e+01 1.264638e+01 1.540032e+01 1.196596e+01 1.159138e-01 1.958868e-01 3.263836e-01 4.621557e-01 6.627988e-01 8.161883e-01 7.606685e-01 7.611794e-01 8.724285e-01 1.022344e+00 1.037234e+00 9.685426e-01 3.808709e-05
<GCONST> 5.785023e+01
<MIXTURE> 17 9.518312e-03
<MEAN> 25
 3.407964e+00 -2.157203e+00 5.926518e+00 6.630621e-01 -5.899563e+00 -5.669673e+00 -4.590057e+00 -1.719106e+00 -5.262544e+00 -3.423242e+00 1.202388e+00 -1.303818e+00 -9.201003e-01 -1.210730e+00 1.597579e+00 -1.383468e+00 -2.440406e+00 -7.344684e-01 -2.380015e-01 1.172369e+00 -7.246900e-01 -4.604416e-01 8.123156e-01 2.071479e-01 7.656106e-02
<VARIANCE> 25
 1.493950e+01 3.199796e+01 2.285918e+01 2.851305e+01 4.680152e+01 3.668297e+01 4.176753e+01 2.898738e+01 3.184226e+01 2.447408e+01 2.524424e+01 2.469149e+01 1.638486e+00 2.139090e+00 2.946366e+00 2.701870e+00 3.732301e+00 4.788766e+00 4.026068e+00 3.960604e+00 3.783569e+00 2.838409e+00 2.045174e+00 2.010963e+00 1.561210e-03
<GCONST> 9.254387e+01
<MIXTURE> 18 1.221018e-02
<MEAN> 25
 2.882240e+00 3.538082e+00 6.406752e+00 4.017742e+00 -5.284556e+00 -8.179105e+00 -1.673058e+00 -5.278895e-01 -4.595969e+00 -1.645532e+00 -2.366855e-01 -1.651497e-01 -8.806970e-01 2.017416e+00 -4.906920e-01 1.283213e+00 3.014574e+00 1.307421e+00 1.217785e+00 -4.156907e-01 1.385904e+00 2.727140e-01 -6.550851e-01 3.604578e-01 -1.059958e-01
<VARIANCE> 25
 1.381990e+01 1.937704e+01 2.813708e+01 1.924263e+01 3.045313e+01 3.541957e+01 3.145422e+01 2.746437e+01 3.922362e+01 3.086305e+01 2.486030e+01 3.360863e+01 2.556884e+00 2.513064e+00 3.841570e+00 4.098473e+00 3.358325e+00 3.928553e+00 3.789135e+00 3.556692e+00 4.460676e+00 3.162337e+00 3.453719e+00 3.942504e+00 3.358059e-03
<GCONST> 9.476205e+01
<MIXTURE> 19 9.912824e-03
<MEAN> 25
 -1.058174e+01 2.216355e+00 7.536494e-01 1.390365e-01 4.074873e+00 6.383080e-01 1.898162e+00 9.726920e-01 4.486467e-01 5.159488e-01 4.627755e-01 1.657641e+00 1.829871e+00 1.191771e+00 1.897492e+00 6.380458e-01 -1.199332e+00 -1.257683e+00 -1.156920e+00 -1.482239e+00 -1.845262e+00 -1.127345e+00 -8.719759e-01 -7.383559e-01 8.505897e-03
<VARIANCE> 25
 6.263762e+01 2.476959e+01 3.937491e+01 4.657464e+01 2.828328e+01 2.947999e+01 3.393977e+01 2.485618e+01 3.217420e+01 2.298605e+01 2.389633e+01 1.921901e+01 2.381613e+00 2.503411e+00 1.793339e+00 1.875341e+00 2.287022e+00 2.602925e+00 2.078107e+00 2.150676e+00 2.116258e+00 1.962691e+00 2.050920e+00 1.526777e+00 2.052573e-03
<GCONST> 8.966363e+01
<MIXTURE> 20 6.308331e-03
<MEAN> 25
 -1.441270e+01 7.369298e+00 1.387684e+00 4.334961e+00 4.439876e+00 1.714954e+00 4.468226e+00 1.062628e+00 3.466630e-01 1.040430e+00 1.780700e+00 -1.507527e-01 -3.350978e+00 -8.392651e-01 -1.559266e+00 3.677658e-01 1.497536e+00 2.104741e+00 2.039901e+00 1.933082e+00 2.095117e+00 1.996878e+00 1.489629e+00 9.832501e-01 4.774024e-02
<VARIANCE> 25
 1.866083e+01 2.091146e+01 3.050574e+01 5.793288e+01 2.857673e+01 2.625977e+01 3.092406e+01 2.845505e+01 2.763673e+01 2.560188e+01 2.715612e+01 1.917687e+01 1.974661e+00 1.962846e+00 1.708641e+00 2.301277e+00 2.430123e+00 2.174147e+00 2.104361e+00 2.172800e+00 2.020519e+00 2.540617e+00 2.262384e+00 1.695920e+00 1.702034e-03
<GCONST> 8.812150e+01
<MIXTURE> 21 7.928653e-03
<MEAN> 25
 3.328526e+00 -4.864048e+00 6.175362e+00 -1.380605e+00 -1.193016e+01 -7.014796e+00 -4.110003e+00 3.544219e+00 -4.384215e+00 -4.651411e+00 3.391564e-02 -8.923885e-01 -6.471947e-01 1.277276e+00 2.568488e+00 -1.195988e-01 -1.648677e+00 4.018591e-02 9.588408e-01 -1.047245e+00 -2.191771e+00 7.249019e-01 1.174354e+00 -2.678930e-01 -1.028915e-02
<VARIANCE> 25
 7.690499e+00 1.545977e+01 2.793272e+01 2.204219e+01 2.734801e+01 3.700706e+01 3.655526e+01 3.256334e+01 4.845313e+01 3.138733e+01 3.005755e+01 2.095728e+01 3.275709e-01 8.892615e-01 1.486022e+00 1.161218e+00 1.723542e+00 2.641121e+00 3.041789e+00 2.547067e+00 2.581660e+00 3.184443e+00 1.700288e+00 2.530630e+00 4.178587e-04
<GCONST> 8.358302e+01
<MIXTURE> 22 8.827789e-03
<MEAN> 25
 -1.790884e+01 7.144966e+00 -4.125661e+00 7.374698e+00 4.601824e+00 2.749795e+00 8.387938e+00 1.756724e+00 5.355530e+00 3.289517e+00 5.701877e+00 1.192505e+00 -3.100531e-01 -2.113029e-01 -1.239855e-01 -1.460097e-01 -4.905713e-03 1.353721e-01 1.820533e-01 1.768462e-01 2.483007e-01 2.063333e-01 1.727853e-01 1.953203e-01 8.971317e-03
<VARIANCE> 25
 8.179184e+00 1.683748e+01 1.736258e+01 2.526137e+01 2.285361e+01 2.088268e+01 1.944121e+01 1.872747e+01 1.833356e+01 2.089049e+01 1.927936e+01 1.377858e+01 1.089294e+00 1.362853e+00 1.363323e+00 1.573257e+00 1.408520e+00 1.526950e+00 1.506764e+00 1.532288e+00 1.611839e+00 1.543175e+00 1.355392e+00 1.172687e+00 1.747403e-03
<GCONST> 7.833702e+01
<MIXTURE> 23 6.455497e-03
<MEAN> 25
 7.212290e+00 1.526629e+00 1.904451e+00 1.364179e+00 -4.350782e+00 -2.462230e+00 -4.365318e+00 -6.932895e+00 -5.139889e+00 -1.177415e+00 -2.351366e+00 -2.898650e+00 3.415227e-02 1.886125e-01 8.411986e-02 7.617296e-02 8.076722e-02 9.902221e-02 4.568057e-03 -1.221609e-01 9.594429e-02 -8.363502e-02 -8.062878e-02 1.037997e-01 -5.049496e-03
<VARIANCE> 25
 1.099182e+01 1.944948e+01 2.368940e+01 3.469465e+01 3.414138e+01 4.120122e+01 5.790758e+01 5.355720e+01 6.700871e+01 4.365430e+01 5.753048e+01 3.515515e+01 1.117925e-01 3.308799e-01 3.877810e-01 5.299208e-01 6.625128e-01 8.847542e-01 8.055847e-01 7.593123e-01 8.673548e-01 9.817965e-01 7.065619e-01 6.571823e-01 1.174358e-04
<GCONST> 7.302272e+01
<MIXTURE> 24 6.455497e-03
<MEAN> 25
 7.212290e+00 1.526629e+00 1.904451e+00 1.364179e+00 -4.350782e+00 -2.462230e+00 -4.365318e+00 -6.932895e+00 -5.139889e+00 -1.177415e+00 -2.351366e+00 -2.898650e+00 3.415227e-02 1.886125e-01 8.411986e-02 7.617296e-02 8.076722e-02 9.902221e-02 4.568057e-03 -1.221609e-01 9.594429e-02 -8.363502e-02 -8.062878e-02 1.037997e-01 -5.049496e-03
<VARIANCE> 25
 1.099182e+01 1.944948e+01 2.368940e+01 3.469465e+01 3.414138e+01 4.120122e+01 5.790758e+01 5.355720e+01 6.700871e+01 4.365430e+01 5.753048e+01 3.515515e+01 1.117925e-01 3.308799e-01 3.877810e-01 5.299208e-01 6.625128e-01 8.847542e-01 8.055847e-01 7.593123e-01 8.673548e-01 9.817965e-01 7.065619e-01 6.571823e-01 1.174358e-04
<GCONST> 7.302272e+01
<MIXTURE> 25 1.118642e-02
<MEAN> 25
 -5.005786e-01 1.876768e+00 1.544408e+01 -4.475426e+00 -1.337729e+01 -2.755576e+00 -6.500872e+00 -4.814009e+00 -8.608290e+00 -5.219466e+00 4.049221e+00 -3.493756e+00 5.179751e-02 2.755343e-01 -1.225056e-01 4.096988e-01 -7.136662e-02 1.278567e-01 -1.133555e-01 -1.886156e-01 -1.419749e-01 -1.171622e-01 5.443493e-02 9.626968e-02 -1.370663e-02
<VARIANCE> 25
 5.227467e+00 1.801235e+01 1.441181e+01 1.939091e+01 2.371562e+01 1.859533e+01 1.822226e+01 2.859032e+01 2.253294e+01 2.413356e+01 1.257362e+01 1.824088e+01 4.163058e-01 1.332578e+00 1.214888e+00 1.122507e+00 2.519458e+00 2.043673e+00 1.469205e+00 2.365399e+00 2.029135e+00 1.837991e+00 1.417023e+00 9.798701e-01 1.209398e-03
<GCONST> 7.773568e+01
<MIXTURE> 26 7.727677e-03
<MEAN> 25
 2.534725e+00 -6.167062e+00 -9.676415e+00 -1.155637e+00 6.142613e+00 4.692926e+00 3.594415e+00 -5.065932e-01 2.299351e+00 2.904252e-01 -2.777455e+00 -2.750258e+00 -7.497354e-01 8.568108e-01 4.319038e-01 7.417520e-01 3.314986e-01 -8.905561e-02 5.064379e-01 5.540653e-01 6.686801e-01 -5.168568e-02 1.749123e-02 5.589769e-01 -6.023602e-02
<VARIANCE> 25
 2.041383e+01 3.058987e+01 2.234374e+01 5.192920e+01 3.937669e+01 3.632333e+01 3.926874e+01 4.053352e+01 3.740508e+01 4.881154e+01 3.594616e+01 4.816805e+01 1.393134e+00 1.941131e+00 1.730914e+00 1.809457e+00 1.948454e+00 2.223881e+00 2.427571e+00 2.706160e+00 2.537061e+00 2.176866e+00 2.240755e+00 1.874182e+00 2.988674e-03
<GCONST> 9.186109e+01
<MIXTURE> 27 7.727677e-03
<MEAN> 25
 2.534725e+00 -6.167062e+00 -9.676415e+00 -1.155637e+00 6.142613e+00 4.692926e+00 3.594415e+00 -5.065932e-01 2.299351e+00 2.904252e-01 -2.777455e+00 -2.750258e+00 -7.497354e-01 8.568108e-01 4.319038e-01 7.417520e-01 3.314986e-01 -8.905561e-02 5.064379e-01 5.540653e-01 6.686801e-01 -5.168568e-02 1.749123e-02 5.589769e-01 -6.023602e-02
<VARIANCE> 25
 2.041383e+01 3.058987e+01 2.234374e+01 5.192920e+01 3.937669e+01 3.632333e+01 3.926874e+01 4.053352e+01 3.740508e+01 4.881154e+01 3.594616e+01 4.816805e+01 1.393134e+00 1.941131e+00 1.730914e+00 1.809457e+00 1.948454e+00 2.223881e+00 2.427571e+00 2.706160e+00 2.537061e+00 2.176866e+00 2.240755e+00 1.874182e+00 2.988674e-03
<GCONST> 9.186109e+01
<MIXTURE> 28 5.036674e-03
<MEAN> 25
 -4.523770e+00 3.479587e-01 -1.578736e+00 5.712171e+00 5.035824e+00 3.451224e+00 5.535237e+00 3.440777e+00 4.136062e+00 2.180948e+00 1.933114e+00 3.158957e+00 -1.390660e-01 1.578356e-01 4.566123e-01 7.821190e-01 8.033157e-01 6.250630e-01 5.299043e-01 3.377140e-01 4.081779e-01 5.121222e-01 4.100105e-01 1.888202e-01 2.342549e-05
<VARIANCE> 25
 1.091241e+01 7.534586e+00 1.007355e+01 1.489289e+01 1.344537e+01 1.529309e+01 1.773720e+01 1.685511e+01 1.540912e+01 1.512626e+01 1.958951e+01 1.492517e+01 2.388117e-01 3.166957e-01 4.154792e-01 4.640246e-01 6.030178e-01 8.359815e-01 9.414104e-01 1.136192e+00 1.117487e+00 1.111161e+00 1.174185e+00 1.050282e+00 1.410306e-06
<GCONST> 5.963166e+01
<MIXTURE> 29 5.036674e-03
<MEAN> 25
 -4.523770e+00 3.479587e-01 -1.578736e+00 5.712171e+00 5.035824e+00 3.451224e+00 5.535237e+00 3.440777e+00 4.136062e+00 2.180948e+00 1.933114e+00 3.158957e+00 -1.390660e-01 1.578356e-01 4.566123e-01 7.821190e-01 8.033157e-01 6.250630e-01 5.299043e-01 3.377140e-01 4.081779e-01 5.121222e-01 4.100105e-01 1.888202e-01 2.342549e-05
<VARIANCE> 25
 1.091241e+01 7.534586e+00 1.007355e+01 1.489289e+01 1.344537e+01 1.529309e+01 1.773720e+01 1.685511e+01 1.540912e+01 1.512626e+01 1.958951e+01 1.492517e+01 2.388117e-01 3.166957e-01 4.154792e-01 4.640246e-01 6.030178e-01 8.359815e-01 9.414104e-01 1.136192e+00 1.117487e+00 1.111161e+00 1.174185e+00 1.050282e+00 1.410306e-06
<GCONST> 5.963166e+01
<MIXTURE> 30 8.917812e-03
<MEAN> 25
 -2.975624e+00 7.868921e-01 7.522275e-03 7.065969e+00 7.284549e+00 5.816308e+00 6.862415e+00 6.730071e+00 7.061621e+00 3.939755e+00 4.352714e+00 3.153056e+00 -2.294651e-02 2.788202e-03 5.985221e-02 3.753481e-02 -4.251093e-03 4.307757e-02 8.581732e-02 1.083312e-01 8.495793e-02 -3.114920e-02 -4.758835e-02 -4.348643e-02 -6.212874e-05
<VARIANCE> 25
 6.292819e+00 8.051643e+00 7.223507e+00 1.297295e+01 1.192250e+01 1.380972e+01 1.715885e+01 1.654440e+01 1.264731e+01 1.629681e+01 2.369966e+01 1.301929e+01 9.282097e-02 1.751607e-01 3.077857e-01 4.072211e-01 7.599608e-01 6.820940e-01 6.672918e-01 7.732364e-01 9.010729e-01 1.101486e+00 8.249177e-01 9.060257e-01 8.189258e-05
<GCONST> 5.900164e+01
<MIXTURE> 31 4.136493e-03
<MEAN> 25
 -2.773008e+00 -4.464747e+00 -1.583432e-01 3.984990e+00 3.285142e+00 1.655215e+00 5.135647e+00 6.295082e+00 3.283854e+00 1.190375e+00 5.045938e+00 2.674989e+00 2.304432e-01 5.088101e-01 -2.187373e-01 2.083881e-01 1.096077e-01 2.497606e-01 2.166868e-01 -3.316509e-02 3.831587e-01 3.230330e-01 6.714018e-02 1.275121e-01 -1.615680e-02
<VARIANCE> 25
 6.074987e+00 1.674506e+01 1.367696e+01 1.573894e+01 2.158890e+01 2.022506e+01 2.389396e+01 2.113298e+01 2.244903e+01 2.433591e+01 2.173795e+01 1.664015e+01 1.875240e-01 4.778271e-01 5.197476e-01 6.745014e-01 8.625264e-01 1.042150e+00 1.183398e+00 1.286575e+00 1.186770e+00 1.276569e+00 1.327077e+00 1.078864e+00 2.456259e-04
<GCONST> 6.975452e+01
<MIXTURE> 32 4.136493e-03
<MEAN> 25
 -2.773008e+00 -4.464747e+00 -1.583432e-01 3.984990e+00 3.285142e+00 1.655215e+00 5.135647e+00 6.295082e+00 3.283854e+00 1.190375e+00 5.045938e+00 2.674989e+00 2.304432e-01 5.088101e-01 -2.187373e-01 2.083881e-01 1.096077e-01 2.497606e-01 2.166868e-01 -3.316509e-02 3.831587e-01 3.230330e-01 6.714018e-02 1.275121e-01 -1.615680e-02
<VARIANCE> 25
 6.074987e+00 1.674506e+01 1.367696e+01 1.573894e+01 2.158890e+01 2.022506e+01 2.389396e+01 2.113298e+01 2.244903e+01 2.433591e+01 2.173795e+01 1.664015e+01 1.875240e-01 4.778271e-01 5.197476e-01 6.745014e-01 8.625264e-01 1.042150e+00 1.183398e+00 1.286575e+00 1.186770e+00 1.276569e+00 1.327077e+00 1.078864e+00 2.456259e-04
<GCONST> 6.975452e+01
<MIXTURE> 33 1.508826e-02
<MEAN> 25
 6.047259e+00 -6.076274e+00 -6.429707e-01 -2.349180e+00 -4.104080e+00 -5.130238e+00 -8.037733e+00 1.293473e+00 -7.897638e-01 -4.001911e-01 -2.581475e+00 -4.526928e+00 5.295297e-01 -1.370859e+00 -2.321731e+00 -1.579587e+00 9.921722e-01 1.712582e+00 -1.563010e+00 2.146863e-01 1.265954e+00 8.967348e-01 8.212043e-02 -1.282654e+00 4.296983e-02
<VARIANCE> 25
 6.510855e+00 1.859727e+01 2.361772e+01 2.981744e+01 3.290676e+01 3.084463e+01 4.119501e+01 4.435099e+01 3.415502e+01 3.420659e+01 3.190531e+01 3.143900e+01 1.275448e+00 1.829271e+00 1.618252e+00 1.667008e+00 3.090867e+00 2.487927e+00 4.106388e+00 7.451129e+00 2.656868e+00 3.307242e+00 2.871422e+00 2.333181e+00 1.077634e-03
<GCONST> 9.025048e+01
<MIXTURE> 34 1.588179e-02
<MEAN> 25
 7.942172e+00 8.879906e-02 -3.493402e-01 -7.808210e-02 -3.672241e+00 -1.313033e+00 -6.841245e+00 -5.492565e+00 -2.885492e+00 1.007996e+00 -5.296566e-01 -4.729611e+00 -8.712070e-02 1.088431e+00 1.502985e+00 1.984941e+00 2.713182e-01 -6.415619e-01 1.238633e+00 -9.487607e-01 -3.872123e-01 2.193751e-01 -1.306459e+00 4.437522e-01 -6.148542e-02
<VARIANCE> 25
 7.190764e+00 2.954413e+01 2.518009e+01 4.369784e+01 3.380971e+01 3.989672e+01 4.580272e+01 5.051406e+01 4.476775e+01 3.701286e+01 4.983737e+01 2.986596e+01 1.303634e+00 2.119217e+00 3.664672e+00 4.011070e+00 4.637515e+00 5.396452e+00 4.762240e+00 6.830952e+00 5.572655e+00 3.656139e+00 5.845128e+00 3.275974e+00 1.111907e-03
<GCONST> 9.755176e+01
<MIXTURE> 35 1.467755e-02
<MEAN> 25
 -2.175353e+00 -5.133866e+00 -9.556193e+00 5.543438e-02 9.382050e+00 5.178239e-01 1.508407e+00 2.445851e+00 1.416997e+00 4.509252e+00 9.788235e-02 1.899757e+00 5.123656e-01 -1.142187e+00 -1.324033e+00 -1.374226e+00 3.287857e-01 -8.038644e-01 -7.058610e-01 -1.077096e-01 -2.284960e-01 1.494976e-01 -6.025370e-01 -5.135171e-01 1.066443e-01
<VARIANCE> 25
 1.930868e+01 2.897870e+01 4.585464e+01 6.087543e+01 4.312664e+01 5.731599e+01 4.925808e+01 4.249002e+01 4.996507e+01 3.728705e+01 3.579122e+01 3.119502e+01 3.606799e+00 3.500169e+00 6.832587e+00 5.384364e+00 5.285915e+00 5.480066e+00 4.881881e+00 4.745183e+00 5.017282e+00 4.440289e+00 4.018222e+00 3.709505e+00 5.166916e-03
<GCONST> 1.034049e+02
<MIXTURE> 36 1.093293e-02
<MEAN> 25
 4.106124e+00 -3.924989e+00 6.836637e+00 1.814894e+00 -1.037988e+01 -8.228037e+00 -6.475633e+00 1.814650e+00 -6.114478e+00 -4.590151e+00 3.672283e+00 -1.664783e+00 5.301080e-01 1.568802e-02 -1.087394e+00 -2.487864e-02 9.984483e-01 5.257822e-01 -1.341376e-02 -2.952274e-01 7.744120e-01 5.348036e-01 -3.357635e-01 -3.189982e-01 -1.657302e-02
<VARIANCE> 25
 9.159255e+00 1.529655e+01 1.436043e+01 2.081796e+01 2.866410e+01 2.463441e+01 4.608156e+01 3.011165e+01 3.947452e+01 3.202530e+01 2.465305e+01 3.241743e+01 6.234984e-01 6.844676e-01 1.396309e+00 1.052403e+00 1.367004e+00 2.465155e+00 2.890447e+00 1.815119e+00 1.694299e+00 1.727107e+00 1.285883e+00 1.217947e+00 8.133605e-04
<GCONST> 8.102432e+01
<MIXTURE> 37 1.246826e-02
<MEAN> 25
 1.851005e-01 6.074163e+00 1.255038e+01 -4.630781e+00 -8.773371e+00 -1.499401e+00 -5.526231e+00 -7.212276e+00 -4.974676e+00 -1.762595e+00 -1.796739e+00 -2.555242e+00 2.557584e-01 4.823055e-01 -1.734227e+00 3.003412e+00 1.987644e+00 -2.773353e-02 1.339960e+00 4.867401e-01 1.101284e+00 8.897595e-02 -1.886625e-01 8.118125e-02 -9.039999e-02
<VARIANCE> 25
 1.394606e+01 2.217189e+01 2.735445e+01 3.663819e+01 2.482234e+01 2.518378e+01 3.338447e+01 2.999275e+01 3.502643e+01 2.757356e+01 3.124987e+01 2.547489e+01 2.088176e+00 2.556371e+00 2.417627e+00 3.228658e+00 3.204444e+00 2.670260e+00 3.339542e+00 3.172842e+00 3.041328e+00 2.822737e+00 3.480967e+00 2.124826e+00 2.829741e-03
<GCONST> 9.201091e+01
<MIXTURE> 38 1.154525e-02
<MEAN> 25
 -5.415497e+00 7.847536e+00 4.313031e+00 1.395023e+00 7.804019e-01 -6.359531e+00 -1.254430e+00 -1.827036e+00 -3.511756e+00 -1.751188e+00 -1.690251e+00 -1.538889e-01 -4.275008e+00 1.324377e+00 -3.602051e-01 8.296114e-01 2.171678e+00 1.376077e+00 1.965531e+00 1.036270e+00 9.362572e-01 3.647122e-01 6.241692e-01 5.160989e-01 4.210069e-02
<VARIANCE> 25
 2.589361e+01 2.469892e+01 3.396314e+01 3.451170e+01 3.814824e+01 3.682801e+01 2.895074e+01 3.437536e+01 4.256385e+01 2.623668e+01 1.974656e+01 3.535507e+01 2.226051e+00 3.617301e+00 3.044686e+00 4.522984e+00 3.443636e+00 3.991037e+00 3.776199e+00 3.793164e+00 4.019572e+00 4.402200e+00 3.524421e+00 3.205422e+00 2.428438e-03
<GCONST> 9.645987e+01
<MIXTURE> 39 9.501865e-03
<MEAN> 25
 7.168191e-01 1.546376e+00 1.101196e+01 -8.367451e+00 -1.042134e+01 -1.271942e+00 -2.085985e+00 -5.256697e+00 -7.105197e+00 4.951862e-02 -2.709742e+00 -3.261195e+00 -1.151160e+00 1.084209e+00 1.870172e+00 -1.698181e+00 5.117562e-02 1.164841e+00 -1.443267e+00 -1.883062e-01 6.122906e-01 -1.031221e-01 -2.286168e-01 4.716945e-01 5.135833e-03
<VARIANCE> 25
 1.093777e+01 2.222284e+01 2.559787e+01 2.739717e+01 3.879162e+01 3.321323e+01 3.480213e+01 3.009028e+01 4.270820e+01 2.469237e+01 2.668306e+01 2.057129e+01 7.845932e-01 1.382998e+00 1.060032e+00 1.910877e+00 2.867404e+00 2.066221e+00 3.958826e+00 4.893160e+00 2.276499e+00 2.142968e+00 1.477878e+00 2.123105e+00 7.809345e-04
<GCONST> 8.648079e+01
<MIXTURE> 40 1.030800e-02
<MEAN> 25
 -5.823374e+00 2.106411e+00 -1.224183e+00 5.978875e+00 3.947930e+00 4.174074e+00 4.844974e+00 4.063849e+00 5.085243e+00 3.454001e+00 3.764842e+00 1.879877e+00 -7.688324e-02 -1.849960e-01 -5.922206e-02 -2.642659e-01 -1.166121e-01 -9.361539e-02 -2.835082e-02 6.110359e-03 7.107821e-02 -1.283642e-02 5.507103e-02 4.615413e-02 1.494128e-03
<VARIANCE> 25
 3.701150e+01 1.399589e+01 1.878997e+01 2.277233e+01 1.872739e+01 1.587142e+01 1.503874e+01 1.498438e+01 1.416394e+01 1.534830e+01 1.849357e+01 1.227747e+01 5.743462e-01 6.236630e-01 7.031181e-01 9.598491e-01 1.154964e+00 9.985626e-01 1.237400e+00 1.221339e+00 1.199264e+00 1.134262e+00 1.031560e+00 1.129460e+00 6.616979e-04
<GCONST> 7.245034e+01
<MIXTURE> 41 6.713375e-03
<MEAN> 25
 6.715434e-01 2.028140e+00 1.038938e+01 -6.788454e+00 -8.943500e+00 -3.319894e+00 -2.774278e+00 -4.930448e+00 -5.579026e+00 1.555649e+00 -1.886359e+00 -1.335882e+00 -3.126310e-01 -4.573820e-01 1.785024e+00 -3.298508e+00 -2.393132e+00 -2.377107e-01 -7.678260e-01 -2.938002e-01 -9.629965e-01 9.178609e-01 -7.062531e-01 7.527842e-02 8.689179e-02
<VARIANCE> 25
 1.284866e+01 2.829593e+01 2.805498e+01 3.591777e+01 4.740674e+01 3.700210e+01 3.594287e+01 2.820110e+01 3.170215e+01 2.987298e+01 2.866579e+01 2.470079e+01 3.816562e+00 3.177789e+00 3.226033e+00 3.755501e+00 4.820666e+00 5.352324e+00 4.376347e+00 4.449515e+00 3.835843e+00 3.707545e+00 3.768537e+00 2.786967e+00 2.819005e-03
<GCONST> 9.690969e+01
<MIXTURE> 42 1.106211e-02
<MEAN> 25
 -3.049692e+00 2.671762e+00 4.642864e+00 1.939640e+00 -7.604569e-01 -7.047738e+00 -1.654199e+00 -1.721892e+00 -3.962326e+00 -1.053423e+00 -1.661021e+00 1.679513e+00 3.804392e+00 -7.090459e-01 1.158515e+00 5.724088e-01 -2.943255e+00 -1.902335e+00 -2.517968e+00 -8.094288e-01 -1.581963e+00 -8.630970e-01 7.504785e-01 -1.162802e+00 2.929451e-02
<VARIANCE> 25
 3.342346e+01 1.897071e+01 3.108071e+01 2.263535e+01 3.421193e+01 3.009974e+01 3.195977e+01 2.414071e+01 3.405559e+01 1.810357e+01 1.784405e+01 1.596507e+01 3.695142e+00 3.457276e+00 5.127882e+00 3.901363e+00 4.378989e+00 5.919805e+00 4.211817e+00 3.234633e+00 4.568436e+00 3.282031e+00 2.769164e+00 3.288699e+00 3.404401e-03
<GCONST> 9.526125e+01
<MIXTURE> 43 7.108249e-03
<MEAN> 25
 3.143974e+00 -6.238035e+00 -2.163153e+00 -5.113068e+00 -7.456218e+00 -3.362340e+00 4.039173e+00 1.329143e+00 -5.118538e+00 -6.991299e+00 -4.299627e+00 -1.353200e+00 2.336734e-01 2.160029e+00 1.902612e+00 -1.281580e-01 -1.405420e+00 -8.104584e-01 -9.253957e-01 -7.541658e-01 7.964198e-01 1.482225e+00 3.171910e-01 1.113697e-02 -4.520854e-02
<VARIANCE> 25
 9.496481e+00 1.975600e+01 2.832639e+01 3.492153e+01 3.945707e+01 3.616504e+01 3.381175e+01 3.941136e+01 4.155738e+01 3.864776e+01 2.626039e+01 2.973134e+01 6.889379e-01 1.237473e+00 1.564638e+00 2.451803e+00 2.379274e+00 2.368457e+00 2.733608e+00 3.040339e+00 2.742210e+00 2.655487e+00 2.330536e+00 1.993495e+00 9.383158e-04
<GCONST> 8.815973e+01
<MIXTURE> 44 7.328289e-03
<MEAN> 25
 -1.536479e+01 2.785506e+00 3.978485e+00 -3.817092e+00 3.073586e+00 1.265298e+00 -9.480623e-02 1.476640e+00 4.773869e-01 -1.220744e+00 8.501592e-02 1.285075e+00 -3.697924e-01 -4.860838e-01 3.284902e-01 4.689284e-01 -4.948156e-01 3.091055e-01 7.908623e-01 -1.292446e-01 1.933704e-01 -1.250969e-01 1.968469e-01 3.599856e-01 7.776629e-03
<VARIANCE> 25
 3.521088e+01 1.835205e+01 3.006238e+01 2.223267e+01 2.262471e+01 2.520353e+01 1.973543e+01 2.374214e+01 2.542150e+01 2.369751e+01 1.965259e+01 1.772364e+01 1.223476e+00 1.430507e+00 1.824237e+00 1.067677e+00 3.374786e+00 1.347325e+00 1.365485e+00 1.733844e+00 1.645446e+00 1.876869e+00 1.157936e+00 1.183115e+00 1.090247e-03
<GCONST> 8.189635e+01
<MIXTURE> 45 1.364932e-02
<MEAN> 25
 -1.069027e+01 3.711583e+00 -2.203580e-01 3.180398e-02 5.587749e+00 -1.882407e+00 2.269305e+00 2.626460e+00 1.639514e+00 2.691926e+00 6.355412e-01 1.902191e+00 -2.923201e+00 6.178467e-01 -3.151864e-01 -3.261555e-01 3.000764e-01 1.691580e-01 4.909182e-01 3.641381e-01 -5.026173e-01 -3.579409e-01 2.654865e-01 4.628262e-02 9.415481e-02
<VARIANCE> 25
 3.116206e+01 2.548951e+01 2.182985e+01 3.361121e+01 2.192471e+01 2.378240e+01 2.557105e+01 2.238696e+01 4.726494e+01 1.545982e+01 2.203721e+01 1.425599e+01 1.888294e+00 2.499061e+00 2.455943e+00 2.038654e+00 1.940822e+00 2.038845e+00 1.949757e+00 2.044980e+00 2.701393e+00 1.737067e+00 1.548440e+00 1.315524e+00 2.992017e-03
<GCONST> 8.653958e+01
<MIXTURE> 46 9.336259e-03
<MEAN> 25
 -9.450027e+00 2.311463e+00 1.192789e+00 7.532883e+00 5.917404e+00 3.295052e+00 7.050856e+00 4.479660e+00 5.684650e+00 4.675799e+00 5.013775e+00 2.938627e+00 1.052681e+00 -2.461354e-01 4.210029e-02 1.000470e+00 6.047165e-01 9.431024e-01 3.906444e-01 6.734622e-01 4.697522e-01 5.072566e-01 6.389129e-01 5.235438e-01 -1.050775e-01
<VARIANCE> 25
 3.430191e+01 4.363011e+01 3.843327e+01 4.996390e+01 5.077137e+01 4.115875e+01 3.702239e+01 3.532402e+01 3.329538e+01 3.091189e+01 2.824055e+01 2.025955e+01 3.914921e+00 4.135166e+00 3.867353e+00 4.123655e+00 4.168462e+00 3.701286e+00 3.378113e+00 3.106289e+00 2.980085e+00 2.859483e+00 2.310077e+00 1.778472e+00 7.982512e-03
<GCONST> 9.829061e+01
<MIXTURE> 47 7.116147e-03
<MEAN> 25
 7.222163e+00 -7.844737e+00 -7.342882e+00 -6.498049e+00 3.896181e-01 1.186015e+00 -3.045324e+00 1.315808e-01 1.517996e+00 9.732367e-01 -2.558194e+00 -6.941419e+00 -2.026234e-01 -1.226560e+00 -6.107034e-01 -4.612294e-01 5.541402e-01 9.998910e-01 8.220096e-01 3.208473e-01 -1.972185e-02 -7.488137e-01 -3.979068e-01 -5.730194e-01 2.752424e-02
<VARIANCE> 25
 9.784589e+00 2.138559e+01 2.228221e+01 2.916583e+01 3.380396e+01 4.401085e+01 3.994738e+01 4.334442e+01 4.421718e+01 4.579423e+01 5.378937e+01 3.114164e+01 4.468406e-01 8.048019e-01 1.218681e+00 1.500862e+00 1.701120e+00 2.247645e+00 2.157707e+00 2.290788e+00 2.206828e+00 2.141900e+00 1.946102e+00 1.847603e+00 5.499581e-04
<GCONST> 8.541340e+01
<MIXTURE> 48 7.116147e-03
<MEAN> 25
 7.222163e+00 -7.844737e+00 -7.342882e+00 -6.498049e+00 3.896181e-01 1.186015e+00 -3.045324e+00 1.315808e-01 1.517996e+00 9.732367e-01 -2.558194e+00 -6.941419e+00 -2.026234e-01 -1.226560e+00 -6.107034e-01 -4.612294e-01 5.541402e-01 9.998910e-01 8.220096e-01 3.208473e-01 -1.972185e-02 -7.488137e-01 -3.979068e-01 -5.730194e-01 2.752424e-02
<VARIANCE> 25
 9.784589e+00 2.138559e+01 2.228221e+01 2.916583e+01 3.380396e+01 4.401085e+01 3.994738e+01 4.334442e+01 4.421718e+01 4.579423e+01 5.378937e+01 3.114164e+01 4.468406e-01 8.048019e-01 1.218681e+00 1.500862e+00 1.701120e+00 2.247645e+00 2.157707e+00 2.290788e+00 2.206828e+00 2.141900e+00 1.946102e+00 1.847603e+00 5.499581e-04
<GCONST> 8.541340e+01
<MIXTURE> 49 5.548473e-03
<MEAN> 25
 -4.204463e+00 7.271033e-01 -1.783925e-01 7.354593e+00 5.664608e+00 4.717259e+00 5.518774e+00 4.462423e+00 5.261044e+00 3.117499e+00 3.923433e+00 2.842822e+00 3.364740e-01 6.222376e-01 6.630117e-01 3.587256e-01 -1.982837e-01 -6.012589e-01 -9.839705e-01 -1.141170e+00 -9.062212e-01 -6.057888e-01 -4.748904e-01 -2.805730e-01 2.549221e-04
<VARIANCE> 25
 1.039958e+01 8.947663e+00 1.254541e+01 1.755559e+01 1.535747e+01 1.807183e+01 1.815041e+01 1.718307e+01 1.712643e+01 1.665068e+01 2.167089e+01 1.335178e+01 2.519543e-01 2.471345e-01 3.364661e-01 6.057318e-01 8.568778e-01 8.760573e-01 9.379035e-01 1.067449e+00 1.080715e+00 1.240814e+00 1.193986e+00 1.126784e+00 1.705098e-05
<GCONST> 6.352232e+01
<MIXTURE> 50 6.234641e-03
<MEAN> 25
 -2.910566e+00 7.966154e-01 -1.520470e+00 4.107603e+00 4.401045e+00 2.203480e+00 3.998272e+00 3.088382e+00 3.737746e+00 9.825646e-01 7.485410e-01 2.654501e+00 8.123826e-02 1.296580e-01 9.212427e-03 -1.418637e-01 -5.686152e-01 -5.732974e-01 -4.394487e-01 3.870508e-03 4.208230e-01 8.416902e-01 9.596391e-01 5.926344e-01 -1.137417e-04
<VARIANCE> 25
 7.904109e+00 8.475946e+00 9.265326e+00 1.307644e+01 1.186032e+01 1.227895e+01 1.246713e+01 2.000774e+01 1.904925e+01 1.568629e+01 1.746102e+01 1.186859e+01 1.258427e-01 1.972994e-01 3.497389e-01 5.696338e-01 5.441890e-01 6.377463e-01 7.682001e-01 1.091669e+00 1.341022e+00 9.845222e-01 9.048986e-01 9.540622e-01 1.569608e-06
<GCONST> 5.670544e+01
<MIXTURE> 51 6.234641e-03
<MEAN> 25
 -2.910566e+00 7.966154e-01 -1.520470e+00 4.107603e+00 4.401045e+00 2.203480e+00 3.998272e+00 3.088382e+00 3.737746e+00 9.825646e-01 7.485410e-01 2.654501e+00 8.123826e-02 1.296580e-01 9.212427e-03 -1.418637e-01 -5.686152e-01 -5.732974e-01 -4.394487e-01 3.870508e-03 4.208230e-01 8.416902e-01 9.596391e-01 5.926344e-01 -1.137417e-04
<VARIANCE> 25
 7.904109e+00 8.475946e+00 9.265326e+00 1.307644e+01 1.186032e+01 1.227895e+01 1.246713e+01 2.000774e+01 1.904925e+01 1.568629e+01 1.746102e+01 1.186859e+01 1.258427e-01 1.972994e-01 3.497389e-01 5.696338e-01 5.441890e-01 6.377463e-01 7.682001e-01 1.091669e+00 1.341022e+00 9.845222e-01 9.048986e-01 9.540622e-01 1.569608e-06
<GCONST> 5.670544e+01
<MIXTURE> 52 6.367945e-03
<MEAN> 25
 9.647492e+00 1.148309e+00 -6.688789e+00 -1.366390e+01 -4.985400e+00 8.790857e+00 -4.224163e+00 -6.441731e+00 -5.429064e+00 -1.340416e+00 5.410354e+00 1.758579e-01 -3.784208e-01 -2.235020e-01 -1.578631e-01 1.108009e+00 1.436309e+00 -7.356774e-01 -6.279687e-01 -6.375267e-01 1.422018e-01 1.254772e+00 4.542937e-01 -7.988166e-01 -1.332738e-02
<VARIANCE> 25
 7.992746e+00 2.022732e+01 2.133611e+01 3.489837e+01 3.708758e+01 2.659191e+01 5.183020e+01 6.117616e+01 3.696468e+01 4.275357e+01 4.147955e+01 2.700173e+01 3.779761e-01 1.633354e+00 1.109739e+00 2.302193e+00 2.082086e+00 2.077153e+00 2.659742e+00 2.274267e+00 2.543346e+00 3.005399e+00 2.096602e+00 2.118931e+00 1.478787e-03
<GCONST> 8.771600e+01
<MIXTURE> 53 6.367945e-03
<MEAN> 25
 9.647492e+00 1.148309e+00 -6.688789e+00 -1.366390e+01 -4.985400e+00 8.790857e+00 -4.224163e+00 -6.441731e+00 -5.429064e+00 -1.340416e+00 5.410354e+00 1.758579e-01 -3.784208e-01 -2.235020e-01 -1.578631e-01 1.108009e+00 1.436309e+00 -7.356774e-01 -6.279687e-01 -6.375267e-01 1.422018e-01 1.254772e+00 4.542937e-01 -7.988166e-01 -1.332738e-02
<VARIANCE> 25
 7.992746e+00 2.022732e+01 2.133611e+01 3.489837e+01 3.708758e+01 2.659191e+01 5.183020e+01 6.117616e+01 3.696468e+01 4.275357e+01 4.147955e+01 2.700173e+01 3.779761e-01 1.633354e+00 1.109739e+00 2.302193e+00 2.082086e+00 2.077153e+00 2.659742e+00 2.274267e+00 2.543346e+00 3.005399e+00 2.096602e+00 2.118931e+00 1.478787e-03
<GCONST> 8.771600e+01
<MIXTURE> 54 7.368620e-03
<MEAN> 25
 -2.419901e+00 8.798448e-01 -1.053663e+00 6.053843e+00 5.761222e+00 3.750008e+00 4.252551e+00 4.384498e+00 4.894493e+00 2.818816e+00 2.974007e+00 2.360062e+00 -8.713830e-03 2.572702e-02 9.079778e-03 5.048167e-02 -4.238326e-03 8.555011e-02 7.369860e-02 6.760556e-02 2.590496e-02 6.870679e-02 5.617011e-02 -4.654740e-02 -4.179562e-05
<VARIANCE> 25
 7.368793e+00 7.964706e+00 7.279962e+00 1.679819e+01 1.017042e+01 1.038059e+01 1.032359e+01 9.937764e+00 1.204307e+01 1.210240e+01 1.672434e+01 9.627625e+00 4.518465e-02 8.198591e-02 1.497007e-01 2.354553e-01 3.175300e-01 4.632040e-01 4.179730e-01 5.007530e-01 4.922563e-01 6.433530e-01 5.570361e-01 4.915723e-01 1.625790e-06
<GCONST> 4.598026e+01
<MIXTURE> 55 7.368620e-03
<MEAN> 25
 -2.419901e+00 8.798448e-01 -1.053663e+00 6.053843e+00 5.761222e+00 3.750008e+00 4.252551e+00 4.384498e+00 4.894493e+00 2.818816e+00 2.974007e+00 2.360062e+00 -8.713830e-03 2.572702e-02 9.079778e-03 5.048167e-02 -4.238326e-03 8.555011e-02 7.369860e-02 6.760556e-02 2.590496e-02 6.870679e-02 5.617011e-02 -4.654740e-02 -4.179562e-05
<VARIANCE> 25
 7.368793e+00 7.964706e+00 7.279962e+00 1.679819e+01 1.017042e+01 1.038059e+01 1.032359e+01 9.937764e+00 1.204307e+01 1.210240e+01 1.672434e+01 9.627625e+00 4.518465e-02 8.198591e-02 1.497007e-01 2.354553e-01 3.175300e-01 4.632040e-01 4.179730e-01 5.007530e-01 4.922563e-01 6.433530e-01 5.570361e-01 4.915723e-01 1.625790e-06
<GCONST> 4.598026e+01
<MIXTURE> 56 6.132464e-03
<MEAN> 25
 7.403369e+00 -9.020849e+00 -6.795497e+00 -9.037143e+00 4.423949e-01 4.964766e+00 -2.901931e+00 -4.128517e+00 -1.023924e+00 3.728841e+00 -3.603019e-01 -7.553226e+00 -1.069853e-01 -1.075621e-01 -5.732905e-02 -6.558904e-02 1.916248e-01 1.525163e-01 1.287269e-01 -2.080037e-01 -1.743799e-01 1.455746e-03 -1.943443e-01 -7.855145e-02 -5.668316e-03
<VARIANCE> 25
 7.284177e+00 3.261134e+01 1.762751e+01 3.009634e+01 2.512676e+01 3.145723e+01 4.810952e+01 3.463501e+01 4.037994e+01 3.137115e+01 3.412405e+01 1.984564e+01 1.428100e-01 4.224844e-01 3.414090e-01 5.883146e-01 5.019329e-01 1.051074e+00 8.403441e-01 8.272980e-01 8.313376e-01 9.891106e-01 9.121717e-01 8.008866e-01 1.744671e-04
<GCONST> 7.086485e+01
<MIXTURE> 57 6.132464e-03
<MEAN> 25
 7.403369e+00 -9.020849e+00 -6.795497e+00 -9.037143e+00 4.423949e-01 4.964766e+00 -2.901931e+00 -4.128517e+00 -1.023924e+00 3.728841e+00 -3.603019e-01 -7.553226e+00 -1.069853e-01 -1.075621e-01 -5.732905e-02 -6.558904e-02 1.916248e-01 1.525163e-01 1.287269e-01 -2.080037e-01 -1.743799e-01 1.455746e-03 -1.943443e-01 -7.855145e-02 -5.668316e-03
<VARIANCE> 25
 7.284177e+00 3.261134e+01 1.762751e+01 3.009634e+01 2.512676e+01 3.145723e+01 4.810952e+01 3.463501e+01 4.037994e+01 3.137115e+01 3.412405e+01 1.984564e+01 1.428100e-01 4.224844e-01 3.414090e-01 5.883146e-01 5.019329e-01 1.051074e+00 8.403441e-01 8.272980e-01 8.313376e-01 9.891106e-01 9.121717e-01 8.008866e-01 1.744671e-04
<GCONST> 7.086485e+01
<MIXTURE> 58 6.172147e-03
<MEAN> 25
 1.944956e+00 -3.460980e+00 7.400607e+00 -4.250600e+00 -1.423194e+01 -5.491065e+00 3.758360e-01 3.643879e-01 -3.677033e+00 6.392555e-01 2.040418e+00 -1.419188e+00 -1.764864e-02 -9.855239e-02 1.008810e-01 -1.709565e-01 1.126876e-02 3.844390e-01 7.754786e-01 2.624622e-01 -9.092427e-02 -9.830025e-02 -1.598986e-01 -6.855928e-02 -6.697602e-03
<VARIANCE> 25
 6.698736e+00 1.907990e+01 1.638087e+01 2.484330e+01 2.536886e+01 3.880827e+01 3.285337e+01 2.727126e+01 3.025712e+01 2.947600e+01 2.202872e+01 2.513751e+01 3.288063e-01 7.223566e-01 7.997097e-01 9.858297e-01 1.083217e+00 1.287937e+00 1.447449e+00 1.169898e+00 9.493091e-01 1.121737e+00 9.006099e-01 8.398028e-01 6.493906e-04
<GCONST> 7.523474e+01
<MIXTURE> 59 6.172147e-03
<MEAN> 25
 1.944956e+00 -3.460980e+00 7.400607e+00 -4.250600e+00 -1.423194e+01 -5.491065e+00 3.758360e-01 3.643879e-01 -3.677033e+00 6.392555e-01 2.040418e+00 -1.419188e+00 -1.764864e-02 -9.855239e-02 1.008810e-01 -1.709565e-01 1.126876e-02 3.844390e-01 7.754786e-01 2.624622e-01 -9.092427e-02 -9.830025e-02 -1.598986e-01 -6.855928e-02 -6.697602e-03
<VARIANCE> 25
 6.698736e+00 1.907990e+01 1.638087e+01 2.484330e+01 2.536886e+01 3.880827e+01 3.285337e+01 2.727126e+01 3.025712e+01 2.947600e+01 2.202872e+01 2.513751e+01 3.288063e-01 7.223566e-01 7.997097e-01 9.858297e-01 1.083217e+00 1.287937e+00 1.447449e+00 1.169898e+00 9.493091e-01 1.121737e+00 9.006099e-01 8.398028e-01 6.493906e-04
<GCONST> 7.523474e+01
<MIXTURE> 60 4.479129e-03
<MEAN> 25
 -1.503542e+00 1.053759e+00 -1.520072e+00 2.553617e+00 3.194656e+00 8.922423e-01 1.702612e+00 2.060185e+00 3.774291e+00 5.554998e-01 1.560534e-02 2.182294e+00 5.001480e-03 5.623352e-02 1.134097e-01 1.817339e-01 1.245670e-01 6.689969e-02 1.515439e-01 3.645919e-01 5.374925e-01 6.346506e-01 5.385869e-01 1.822654e-01 1.884443e-03
<VARIANCE> 25
 2.625984e+00 3.577363e+00 4.268733e+00 5.686426e+00 8.317633e+00 8.879704e+00 9.239073e+00 8.309134e+00 1.029682e+01 8.665305e+00 1.186474e+01 9.675466e+00 9.232692e-02 1.654487e-01 2.546227e-01 4.109676e-01 6.366549e-01 7.177595e-01 8.953422e-01 8.735068e-01 9.083278e-01 8.431341e-01 7.995711e-01 8.692285e-01 4.711916e-05
<GCONST> 5.119258e+01
<MIXTURE> 61 4.479129e-03
<MEAN> 25
 -1.503542e+00 1.053759e+00 -1.520072e+00 2.553617e+00 3.194656e+00 8.922423e-01 1.702612e+00 2.060185e+00 3.774291e+00 5.554998e-01 1.560534e-02 2.182294e+00 5.001480e-03 5.623352e-02 1.134097e-01 1.817339e-01 1.245670e-01 6.689969e-02 1.515439e-01 3.645919e-01 5.374925e-01 6.346506e-01 5.385869e-01 1.822654e-01 1.884443e-03
<VARIANCE> 25
 2.625984e+00 3.577363e+00 4.268733e+00 5.686426e+00 8.317633e+00 8.879704e+00 9.239073e+00 8.309134e+00 1.029682e+01 8.665305e+00 1.186474e+01 9.675466e+00 9.232692e-02 1.654487e-01 2.546227e-01 4.109676e-01 6.366549e-01 7.177595e-01 8.953422e-01 8.735068e-01 9.083278e-01 8.431341e-01 7.995711e-01 8.692285e-01 4.711916e-05
<GCONST> 5.119258e+01
<MIXTURE> 62 3.278034e-03
<MEAN> 25
 -4.991585e+00 1.230996e+00 9.972705e-01 8.697423e+00 6.085408e+00 4.989676e+00 5.502235e+00 4.054269e+00 4.967353e+00 3.869222e+00 4.812108e+00 2.880503e+00 -9.885938e-01 -1.152022e+00 -9.399775e-01 -2.652090e-01 4.191823e-01 9.875185e-01 1.389638e+00 1.521711e+00 1.458887e+00 1.248191e+00 1.086823e+00 7.387739e-01 -1.300144e-03
<VARIANCE> 25
 1.012475e+01 9.890893e+00 1.305188e+01 1.706071e+01 1.739388e+01 1.738988e+01 1.951676e+01 1.895985e+01 1.853982e+01 1.848698e+01 2.225858e+01 1.499344e+01 4.038713e-01 4.370944e-01 5.555460e-01 7.727380e-01 1.033283e+00 1.187476e+00 1.264400e+00 1.301839e+00 1.344177e+00 1.369448e+00 1.416918e+00 1.371566e+00 1.633835e-05
<GCONST> 6.760786e+01
<MIXTURE> 63 4.351215e-03
<MEAN> 25
 -1.346418e+00 6.835369e-01 -2.540848e+00 1.819724e+00 3.347070e+00 4.721363e-01 2.767447e+00 2.310979e+00 3.502693e+00 -1.100937e+00 -2.340652e+00 1.665601e+00 1.292504e-02 2.925759e-01 3.681519e-01 4.202676e-01 4.903755e-01 3.580994e-01 3.345840e-01 3.558227e-01 3.130662e-01 3.423394e-01 2.598486e-01 2.169965e-01 4.793519e-03
<VARIANCE> 25
 3.118271e+00 6.657146e+00 5.993848e+00 7.908365e+00 9.455103e+00 1.126321e+01 1.185273e+01 1.212700e+01 1.362115e+01 1.273471e+01 1.219291e+01 1.189189e+01 2.208855e-01 3.182186e-01 3.944722e-01 5.405018e-01 7.901531e-01 8.964738e-01 1.213362e+00 1.143604e+00 1.300212e+00 1.357309e+00 1.481792e+00 1.328251e+00 2.124302e-04
<GCONST> 6.117774e+01
<MIXTURE> 64 4.351215e-03
<MEAN> 25
 -1.346418e+00 6.835369e-01 -2.540848e+00 1.819724e+00 3.347070e+00 4.721363e-01 2.767447e+00 2.310979e+00 3.502693e+00 -1.100937e+00 -2.340652e+00 1.665601e+00 1.292504e-02 2.925759e-01 3.681519e-01 4.202676e-01 4.903755e-01 3.580994e-01 3.345840e-01 3.558227e-01 3.130662e-01 3.423394e-01 2.598486e-01 2.169965e-01 4.793519e-03
<VARIANCE> 25
 3.118271e+00 6.657146e+00 5.993848e+00 7.908365e+00 9.455103e+00 1.126321e+01 1.185273e+01 1.212700e+01 1.362115e+01 1.273471e+01 1.219291e+01 1.189189e+01 2.208855e-01 3.182186e-01 3.944722e-01 5.405018e-01 7.901531e-01 8.964738e-01 1.213362e+00 1.143604e+00 1.300212e+00 1.357309e+00 1.481792e+00 1.328251e+00 2.124302e-04
<GCONST> 6.117774e+01
<MIXTURE> 65 1.721197e-02
<MEAN> 25
 7.128355e+00 1.349994e+00 8.078404e-01 -1.698703e-01 -5.404625e+00 -2.685985e+00 -4.559970e+00 -7.711292e+00 -7.374412e+00 -1.607150e+00 -2.678825e+00 -2.297169e+00 7.875374e-02 -7.130738e-02 -9.296524e-03 1.411059e-01 -1.137297e-01 2.100287e-01 -1.141855e-01 -2.118073e-01 3.900952e-02 2.435494e-01 -2.622106e-01 -1.025399e-01 -1.689426e-04
<VARIANCE> 25
 9.593051e+00 1.477527e+01 2.462496e+01 2.642460e+01 2.862654e+01 4.256082e+01 6.435821e+01 4.344517e+01 7.104842e+01 4.877449e+01 6.386047e+01 3.805805e+01 5.052971e-01 8.793752e-01 1.381918e+00 1.491327e+00 1.740773e+00 1.736434e+00 2.024902e+00 2.399411e+00 2.591638e+00 2.414175e+00 2.106994e+00 1.658912e+00 5.020322e-04
<GCONST> 8.645371e+01
<MIXTURE> 66 1.191532e-02
<MEAN> 25
 6.052327e+00 -4.484738e+00 -5.477870e+00 -4.991102e+00 5.255824e-01 -3.962908e+00 -5.734969e+00 3.501267e-01 8.911040e-01 -2.793453e-02 -5.712448e+00 -4.043754e+00 -3.019144e-01 1.745982e+00 1.966264e+00 2.043692e+00 -7.503443e-01 -1.355615e+00 2.750471e-01 7.235458e-02 3.797006e-01 -3.622022e-01 -5.438594e-01 1.165844e+00 -6.856903e-02
<VARIANCE> 25
 9.045341e+00 2.349402e+01 2.408934e+01 3.011639e+01 3.411076e+01 4.392874e+01 5.450253e+01 4.462618e+01 5.045492e+01 6.412376e+01 3.491062e+01 3.364235e+01 1.256358e+00 2.077213e+00 2.023233e+00 2.232659e+00 3.720743e+00 3.399634e+00 3.552279e+00 4.606930e+00 5.169835e+00 3.917306e+00 3.728672e+00 2.818054e+00 1.315112e-03
<GCONST> 9.467837e+01
<MIXTURE> 67 1.559142e-02
<MEAN> 25
 7.466911e+00 -5.147400e-01 -6.333496e+00 -8.192009e+00 -5.390196e-01 2.972483e+00 -3.982547e+00 -7.027183e+00 -4.054128e+00 3.426412e+00 2.077294e+00 -4.428809e+00 -9.598721e-01 1.876209e+00 8.753377e-01 2.606397e+00 1.235094e+00 -1.320686e+00 1.447183e+00 1.300582e+00 9.497862e-01 -2.120727e-01 -1.257773e+00 6.484090e-01 -1.153364e-01
<VARIANCE> 25
 7.274284e+00 3.599887e+01 2.045374e+01 3.671075e+01 3.023696e+01 3.255293e+01 5.216747e+01 5.062731e+01 4.345463e+01 4.079277e+01 4.674131e+01 3.981396e+01 1.164984e+00 2.159833e+00 2.706192e+00 2.906527e+00 2.659677e+00 3.007486e+00 2.735137e+00 3.949303e+00 4.024195e+00 3.117813e+00 4.035633e+00 2.730971e+00 1.605037e-03
<GCONST> 9.385488e+01
<MIXTURE> 68 1.485092e-02
<MEAN> 25
 -2.403582e+00 -2.323501e+00 -3.271870e+00 8.855800e-01 4.549016e+00 -1.329874e+00 1.655489e+00 1.704517e+00 1.671370e+00 1.788949e+00 7.286823e-01 1.527784e+00 2.768617e+00 2.178394e-01 7.248696e-03 -2.324117e+00 -2.320089e+00 -1.387518e+00 -2.434543e+00 -1.823091e+00 -1.773405e+00 -1.137235e+00 -1.639199e+00 -1.179589e+00 1.014755e-01
<VARIANCE> 25
 2.521275e+01 2.810463e+01 5.225591e+01 4.738078e+01 4.407306e+01 4.907092e+01 4.108379e+01 3.667411e+01 3.917369e+01 3.903094e+01 3.362827e+01 2.561868e+01 1.791722e+00 3.735109e+00 5.334138e+00 5.570007e+00 4.378916e+00 5.621440e+00 5.426446e+00 4.524501e+00 4.766753e+00 5.344949e+00 4.777755e+00 3.437378e+00 5.231034e-03
<GCONST> 1.018924e+02
<MIXTURE> 69 1.204884e-02
<MEAN> 25
 4.494493e+00 -4.287272e+00 -3.356694e+00 -3.545739e+00 -3.589673e+00 -7.656929e+00 -1.293881e+00 2.206452e+00 -7.261782e-01 -4.640488e+00 -5.178861e+00 7.933095e-01 1.639292e+00 -2.160182e+00 -1.337231e+00 -2.118660e+00 -6.185078e-01 -3.092248e-01 -5.598398e-01 4.941277e-01 -6.062887e-01 -1.328894e+00 -2.058540e+00 -3.871247e-01 6.430019e-02
<VARIANCE> 25
 8.983966e+00 2.066649e+01 2.569890e+01 2.559002e+01 4.037280e+01 3.470303e+01 4.906639e+01 3.026931e+01 3.886436e+01 3.588698e+01 3.388304e+01 2.422432e+01 3.575880e+00 2.810287e+00 3.175481e+00 3.664764e+00 5.715543e+00 4.733828e+00 6.865277e+00 6.551582e+00 5.618981e+00 5.810133e+00 4.302517e+00 4.670005e+00 2.380522e-03
<GCONST> 9.847005e+01
<MIXTURE> 70 1.329190e-02
<MEAN> 25
 7.345166e+00 -3.220220e+00 -4.019696e+00 -4.204778e+00 -2.527143e+00 -2.010574e-01 -8.420292e+00 -5.135554e+00 -2.579707e+00 4.266682e+00 1.723928e+00 -4.592322e+00 1.800555e+00 -1.345956e+00 -8.625697e-01 -2.020228e+00 -1.063206e+00 1.214005e+00 -1.248641e+00 -4.468471e-01 4.579888e-01 4.070188e-01 5.017328e-01 -1.472080e+00 5.969191e-02
<VARIANCE> 25
 7.923856e+00 2.534785e+01 2.407228e+01 3.912529e+01 3.642972e+01 3.664929e+01 3.892585e+01 3.610086e+01 5.608268e+01 3.540274e+01 4.434384e+01 2.102381e+01 3.564896e+00 2.662943e+00 3.832269e+00 3.644865e+00 3.864554e+00 4.767681e+00 4.915350e+00 7.344101e+00 6.018162e+00 4.174714e+00 5.355667e+00 3.921257e+00 1.721458e-03
<GCONST> 9.826444e+01
<MIXTURE> 71 1.406903e-02
<MEAN> 25
 5.369555e+00 3.334404e+00 4.085162e+00 1.923843e+00 -3.989010e+00 -3.034358e+00 -1.698959e+00 -6.159259e+00 -5.728642e+00 -2.154942e+00 -4.528857e+00 -3.812953e+00 -1.572935e+00 -7.184672e-01 2.341071e-01 -1.622573e+00 1.036096e+00 -3.848212e-02 -5.600910e-01 1.604659e+00 2.169377e-01 -3.404723e-02 4.084416e-01 1.695610e-01 3.954063e-02
<VARIANCE> 25
 1.788916e+01 2.178765e+01 2.085014e+01 3.398563e+01 4.001163e+01 2.894466e+01 4.501092e+01 3.230448e+01 3.660916e+01 3.324077e+01 2.916642e+01 2.893464e+01 1.414510e+00 2.602847e+00 4.264092e+00 3.586906e+00 4.223337e+00 3.765720e+00 5.317295e+00 4.624648e+00 4.568662e+00 3.385378e+00 2.648863e+00 2.557449e+00 1.308387e-03
<GCONST> 9.466726e+01
<MIXTURE> 72 8.134747e-03
<MEAN> 25
 2.876903e+00 -3.418761e+00 5.876939e+00 -2.111347e+00 -1.080229e+01 -8.303845e+00 -3.646991e+00 1.646010e+00 -6.347570e+00 -3.724441e+00 -9.864931e-01 -3.403530e-01 9.733559e-01 -5.869221e-01 -2.305714e+00 4.980378e-01 2.223805e+00 -6.313246e-01 -8.864516e-01 1.522280e+00 1.723739e+00 -4.385116e-01 -1.310931e+00 2.117970e-01 -1.349922e-02
<VARIANCE> 25
 1.022596e+01 1.684685e+01 2.759076e+01 2.857178e+01 3.245301e+01 2.802876e+01 4.435207e+01 3.833702e+01 4.674811e+01 3.963293e+01 3.622446e+01 2.704734e+01 4.465494e-01 9.135478e-01 1.602431e+00 1.285151e+00 1.696521e+00 2.839154e+00 3.943087e+00 2.424657e+00 2.351514e+00 2.630462e+00 1.992506e+00 1.693410e+00 7.169120e-04
<GCONST> 8.588259e+01
<MIXTURE> 73 1.213625e-02
<MEAN> 25
 -5.072096e+00 -7.719542e-01 -1.100297e+00 3.909438e+00 3.843271e+00 1.370356e+00 4.533907e+00 3.375661e+00 4.116096e+00 3.196454e+00 3.433253e+00 2.736967e+00 9.791476e-01 -1.132925e+00 -7.803624e-01 -2.466056e+00 -1.580327e+00 -1.537884e+00 -8.514724e-01 -7.301927e-01 -1.304260e+00 -4.410401e-01 -5.918655e-01 -4.742844e-01 1.414759e-01
<VARIANCE> 25
 1.303121e+01 1.253622e+01 1.217271e+01 2.134473e+01 2.006528e+01 2.251712e+01 1.960235e+01 1.693881e+01 1.841476e+01 1.588933e+01 2.417129e+01 1.442732e+01 3.780061e+00 2.768130e+00 4.981114e+00 4.231318e+00 5.460818e+00 3.997897e+00 4.246826e+00 4.289111e+00 3.710179e+00 3.882839e+00 3.732763e+00 2.523017e+00 3.993656e-03
<GCONST> 9.082340e+01
<MIXTURE> 74 1.756491e-02
<MEAN> 25
 3.601273e+00 -2.706343e+00 6.756242e+00 -7.656372e-01 -1.147359e+01 -7.526298e+00 -3.714909e+00 5.462475e-01 -9.619686e+00 -1.306051e+00 5.953310e-01 -3.638703e+00 3.617368e-01 1.877562e+00 -4.112401e-01 1.026961e+00 1.524959e+00 1.216365e-01 1.413159e+00 -1.334116e+00 6.355690e-01 3.432957e-01 -7.348192e-01 2.288563e-01 -7.086971e-02
<VARIANCE> 25
 8.227524e+00 1.941429e+01 2.721731e+01 2.404977e+01 2.918246e+01 3.115117e+01 5.314220e+01 3.181116e+01 4.432830e+01 3.473557e+01 3.001771e+01 3.330582e+01 2.217006e+00 1.582252e+00 2.665602e+00 2.100336e+00 2.756887e+00 3.284073e+00 3.418482e+00 3.872335e+00 4.407739e+00 2.901478e+00 1.957790e+00 2.778841e+00 1.229295e-03
<GCONST> 9.130141e+01
<MIXTURE> 75 9.711651e-03
<MEAN> 25
 1.646857e+00 -3.154499e+00 9.338563e+00 1.250098e+00 -1.111413e+01 -9.195632e+00 -6.391810e+00 -2.199624e+00 -9.409760e+00 -4.076631e+00 3.787148e+00 -8.286091e-01 1.480472e+00 -1.567283e+00 2.761972e-01 -4.064842e-02 -2.535750e+00 -4.302433e-01 -1.962768e+00 4.394933e-01 -5.793713e-01 -3.840263e-01 1.320370e+00 -9.729944e-01 5.026090e-02
<VARIANCE> 25
 8.911811e+00 1.713652e+01 2.282100e+01 1.962785e+01 3.016035e+01 2.557238e+01 2.452432e+01 3.132690e+01 2.799371e+01 1.643900e+01 1.170217e+01 2.208401e+01 2.788418e+00 1.424467e+00 4.108714e+00 1.757648e+00 3.914142e+00 3.760501e+00 3.638862e+00 2.636892e+00 3.098286e+00 2.687705e+00 1.556755e+00 3.839069e+00 1.341277e-03
<GCONST> 8.765863e+01
<MIXTURE> 76 1.052359e-02
<MEAN> 25
 -3.501133e+00 3.373185e-01 -1.916380e+00 2.206948e+00 3.610010e+00 5.517142e-01 3.290773e+00 2.534296e+00 2.861634e+00 -4.971508e-01 -4.151141e-01 2.070801e+00 -2.347582e-01 -5.423673e-01 -7.959732e-02 -8.860202e-01 -6.314536e-01 -7.289379e-01 -7.124404e-01 -2.711722e-01 -6.554548e-01 -4.941852e-01 -2.173722e-01 -1.268528e-01 8.410830e-03
<VARIANCE> 25
 2.139014e+01 1.220848e+01 1.434129e+01 1.511943e+01 1.598951e+01 1.719090e+01 1.384708e+01 1.633306e+01 2.219568e+01 1.612837e+01 1.790410e+01 1.397498e+01 8.066617e-01 8.633478e-01 1.155072e+00 1.075812e+00 1.162145e+00 1.216807e+00 1.334553e+00 1.269124e+00 1.420647e+00 1.363893e+00 1.329497e+00 1.238802e+00 1.034844e-03
<GCONST> 7.434723e+01
<MIXTURE> 77 1.244626e-02
<MEAN> 25
 -9.366809e-01 6.952049e+00 1.220324e+01 -9.595638e+00 -7.018798e+00 -6.901293e-01 -8.467347e+00 -7.040541e+00 -3.845387e+00 -1.075836e+00 -3.126261e+00 -2.346033e+00 1.038770e-01 1.637379e-01 4.991416e-02 2.200259e-01 -3.314793e-01 1.237091e-01 -3.098135e-01 -6.479882e-02 1.333030e-01 -3.112122e-01 2.833103e-01 2.479598e-02 -7.469151e-03
<VARIANCE> 25
 8.173210e+00 1.724414e+01 2.607738e+01 3.574467e+01 3.429133e+01 2.652133e+01 2.685940e+01 2.904043e+01 2.782016e+01 3.165704e+01 3.579037e+01 2.912912e+01 2.476574e-01 6.821730e-01 6.220294e-01 9.642673e-01 1.478355e+00 7.814778e-01 1.087788e+00 1.216117e+00 9.281451e-01 1.375411e+00 1.029116e+00 8.596455e-01 4.954477e-04
<GCONST> 7.558147e+01
<MIXTURE> 78 9.702551e-03
<MEAN> 25
 -1.159653e+01 8.373967e-01 -6.590636e-01 1.748167e+00 3.248589e+00 -3.020992e+00 4.009232e+00 2.538937e+00 1.382371e+00 4.781241e-01 -2.669220e-01 3.691175e+00 2.208858e+00 -4.920557e-01 2.555242e-01 5.246961e-01 -2.549526e-01 -1.196156e-01 -3.489347e-01 -8.320268e-02 1.187502e-02 2.149263e-01 -3.629804e-01 -5.322954e-01 -4.750354e-02
<VARIANCE> 25
 3.530347e+01 2.800572e+01 3.306300e+01 2.944377e+01 4.211834e+01 3.873627e+01 2.933774e+01 3.008063e+01 2.998096e+01 2.461796e+01 2.371441e+01 2.030698e+01 4.918850e+00 2.403600e+00 2.551814e+00 2.699338e+00 3.358477e+00 4.253166e+00 3.115556e+00 2.509041e+00 2.406344e+00 2.277182e+00 1.863296e+00 2.171842e+00 4.555697e-03
<GCONST> 9.350821e+01
<MIXTURE> 79 1.156824e-02
<MEAN> 25
 2.078455e+00 1.114682e-01 1.000494e+01 -4.933957e+00 -1.237501e+01 -1.495618e+00 -1.318949e+00 -4.915618e+00 -8.929279e+00 -1.678789e+00 -9.605953e-01 -3.576548e+00 1.072073e+00 -2.322542e-01 -1.510891e+00 2.096416e+00 8.211498e-01 -1.175641e+00 1.216912e+00 5.606072e-01 -5.073346e-02 -1.596334e-01 -2.669616e-01 1.971869e-01 -3.752495e-02
<VARIANCE> 25
 1.334245e+01 1.917622e+01 2.963065e+01 3.250525e+01 2.566373e+01 3.234309e+01 4.605069e+01 3.351123e+01 4.194837e+01 3.024615e+01 3.039108e+01 2.268114e+01 6.412163e-01 1.677812e+00 1.458924e+00 1.616535e+00 1.950427e+00 2.228145e+00 2.963852e+00 3.304210e+00 2.471104e+00 2.144923e+00 1.996382e+00 1.678748e+00 1.240217e-03
<GCONST> 8.697304e+01
<MIXTURE> 80 7.550998e-03
<MEAN> 25
 -1.499148e+01 3.738482e+00 1.551504e+00 1.665287e+00 2.097326e+00 1.423756e+00 5.655347e+00 2.151939e+00 1.831467e+00 1.987681e+00 4.085297e+00 1.090864e+00 4.232594e+00 -1.384355e-01 1.482723e+00 -8.325764e-01 -2.869266e+00 -3.015645e+00 -2.311228e+00 -1.978551e+00 -1.927282e+00 -1.531523e+00 -1.439560e+00 -3.745878e-01 -3.988905e-02
<VARIANCE> 25
 1.988570e+01 2.143899e+01 3.454679e+01 3.907506e+01 3.614999e+01 2.763501e+01 2.874727e+01 2.608249e+01 3.154329e+01 2.635271e+01 2.660587e+01 1.677726e+01 2.239013e+00 2.483053e+00 3.022359e+00 4.251231e+00 3.171758e+00 2.841988e+00 2.746212e+00 3.144477e+00 2.568283e+00 2.618488e+00 2.646024e+00 2.244145e+00 1.504926e-03
<GCONST> 9.137225e+01
<MIXTURE> 81 8.025434e-03
<MEAN> 25
 -1.522748e+00 4.158798e+00 1.074819e+01 -1.365393e+01 -8.868451e+00 -1.845519e+00 -6.603635e+00 -8.232649e+00 -4.466320e+00 -8.809373e-01 -6.639881e+00 -2.554755e+00 1.226225e-01 -5.597523e-01 1.084050e-01 -5.239869e-01 -6.644479e-01 3.801813e-01 1.584344e-01 1.266540e-02 -3.225977e-01 -3.110616e-02 -2.086954e-01 -7.080925e-02 1.414607e-02
<VARIANCE> 25
 1.026183e+01 2.873011e+01 2.801603e+01 3.263087e+01 3.166321e+01 2.768811e+01 3.963291e+01 2.616103e+01 3.582051e+01 2.907487e+01 2.800238e+01 2.851827e+01 7.194286e-01 2.019336e+00 1.517072e+00 2.590224e+00 2.710068e+00 1.886980e+00 3.040759e+00 2.187935e+00 2.392905e+00 2.486469e+00 2.443443e+00 1.860997e+00 1.122553e-03
<GCONST> 8.757740e+01
<MIXTURE> 82 8.213053e-03
<MEAN> 25
 -9.011335e+00 -4.419220e+00 1.796638e+00 -3.774152e+00 2.400942e+00 -1.048336e+00 1.784509e+00 5.519289e-01 1.640348e+00 2.272871e+00 1.137909e+00 2.543162e+00 -1.141683e+00 -3.406906e-01 6.408209e-01 -2.371892e+00 -1.350190e+00 -1.090408e+00 -1.095578e+00 -6.936096e-01 -5.475555e-01 -2.524922e-01 1.010261e-01 -1.856383e-01 1.592114e-01
<VARIANCE> 25
 1.719987e+01 2.258701e+01 2.582061e+01 2.615233e+01 2.897107e+01 4.196112e+01 2.517366e+01 2.767562e+01 3.350225e+01 2.065089e+01 2.718218e+01 2.047093e+01 3.453812e+00 2.839197e+00 3.085963e+00 2.902751e+00 3.264956e+00 2.939714e+00 2.627302e+00 2.838560e+00 2.505380e+00 2.473141e+00 2.372214e+00 1.584342e+00 3.553259e-03
<GCONST> 9.118900e+01
<MIXTURE> 83 1.167529e-02
<MEAN> 25
 -2.018980e+01 5.627016e+00 -3.191409e-01 -2.224771e+00 8.185002e+00 1.737009e-01 3.730157e+00 2.639101e+00 -8.410716e-01 2.298813e+00 9.087414e-01 2.270881e+00 -1.283606e-01 -4.061426e-01 6.332926e-02 -2.707905e-01 -1.999862e-01 2.169273e-02 -4.714861e-02 -1.093781e-02 -2.625952e-01 -2.675467e-01 1.837822e-01 -1.954564e-01 9.182823e-03
<VARIANCE> 25
 6.950635e+00 1.206998e+01 2.224914e+01 2.052999e+01 1.722114e+01 2.413048e+01 2.182735e+01 1.895578e+01 2.021026e+01 1.730212e+01 1.990192e+01 1.431756e+01 8.188699e-01 7.355797e-01 1.082048e+00 8.356457e-01 1.698310e+00 1.298391e+00 1.002923e+00 1.482581e+00 1.196263e+00 1.438184e+00 1.270941e+00 1.124007e+00 7.301066e-04
<GCONST> 7.432163e+01
<MIXTURE> 84 1.066614e-02
<MEAN> 25
 1.088972e+00 7.783260e+00 7.004490e+00 6.579682e+00 1.189316e+00 -1.418195e+00 -1.452690e+00 -4.461033e+00 -3.931665e+00 -3.211908e+00 -2.355438e+00 -1.945465e+00 -1.523688e+00 -9.880626e-01 -1.172110e+00 1.183662e+00 2.199680e+00 1.460826e+00 1.447271e+00 1.295334e+00 1.309125e+00 4.546612e-01 1.547629e-01 6.377738e-01 -6.810228e-02
<VARIANCE> 25
 2.056119e+01 1.806029e+01 1.915121e+01 2.399795e+01 3.089704e+01 2.526607e+01 2.424918e+01 2.504835e+01 2.066965e+01 2.210053e+01 1.918840e+01 2.209479e+01 1.888450e+00 2.200208e+00 3.262872e+00 3.051844e+00 2.654106e+00 2.722818e+00 2.609716e+00 3.053344e+00 3.087346e+00 2.713682e+00 2.975467e+00 2.390247e+00 2.922958e-03
<GCONST> 8.926579e+01
<MIXTURE> 85 7.591393e-03
<MEAN> 25
 -3.595280e+00 7.441229e+00 5.808588e+00 6.931633e-01 -3.199367e+00 -5.289399e+00 -3.038907e+00 -6.084761e+00 -4.205946e+00 -2.982246e+00 -5.079669e-01 -1.457921e+00 3.829148e+00 2.160022e-01 1.779194e+00 -1.786840e+00 -3.503483e+00 -2.653710e+00 -2.769434e+00 -2.317004e+00 -2.167505e+00 -1.232711e+00 -1.902867e+00 -5.528328e-01 1.133247e-02
<VARIANCE> 25
 4.373501e+01 2.346991e+01 3.477253e+01 3.906609e+01 3.879887e+01 3.906304e+01 3.045982e+01 2.613043e+01 2.860464e+01 2.416147e+01 2.420401e+01 2.057404e+01 2.778087e+00 4.245766e+00 3.709219e+00 5.355702e+00 4.289698e+00 3.574190e+00 3.771091e+00 3.651311e+00 3.813729e+00 3.663013e+00 4.898892e+00 3.334435e+00 5.074662e-03
<GCONST> 9.780261e+01
<MIXTURE> 86 1.273941e-02
<MEAN> 25
 -1.448871e+00 1.082136e+00 -1.511266e+00 3.475167e+00 4.800702e+00 2.634317e+00 4.099348e+00 4.333766e+00 6.256778e+00 2.705646e+00 1.618749e+00 2.844312e+00 -2.441976e-02 -6.049394e-02 -6.587391e-02 -8.090670e-02 -9.276176e-02 -1.577842e-01 -1.802222e-01 -2.765366e-01 -3.317928e-01 -4.361065e-01 -3.261726e-01 -8.526196e-02 -2.699564e-03
<VARIANCE> 25
 2.299947e+00 3.650157e+00 3.745754e+00 6.299932e+00 7.976935e+00 7.970925e+00 8.597781e+00 8.647569e+00 8.258393e+00 9.334564e+00 9.723149e+00 8.123420e+00 8.369599e-02 1.652579e-01 2.364815e-01 4.526436e-01 7.615992e-01 6.711346e-01 6.511555e-01 8.772849e-01 7.799058e-01 9.029315e-01 8.798711e-01 9.538905e-01 1.089115e-04
<GCONST> 5.101384e+01
<MIXTURE> 87 1.100681e-02
<MEAN> 25
 -2.818243e+00 4.286613e+00 3.088727e+00 6.241168e+00 5.221465e+00 8.022749e-01 1.443293e+00 -1.113620e+00 -6.003882e-01 -7.604586e-01 -1.025880e+00 6.553138e-02 -2.138034e+00 -2.666001e+00 -1.692864e+00 -2.222759e+00 1.001329e-01 -1.989987e-01 6.500610e-01 1.293427e+00 1.162871e+00 1.074664e+00 9.756116e-01 1.047001e+00 1.000499e-01
<VARIANCE> 25
 3.694632e+01 2.706217e+01 2.862747e+01 3.490255e+01 2.667683e+01 2.954964e+01 2.661486e+01 2.504019e+01 2.462100e+01 2.275014e+01 2.397034e+01 2.253258e+01 3.530514e+00 2.581421e+00 4.815870e+00 3.341495e+00 4.495822e+00 4.128587e+00 3.830130e+00 3.526576e+00 3.654833e+00 3.169878e+00 3.114450e+00 2.520203e+00 4.658116e-03
<GCONST> 9.520666e+01
<MIXTURE> 88 1.256585e-02
<MEAN> 25
 -1.985946e+00 7.635206e-01 -1.532708e+00 3.388014e+00 4.181637e+00 2.208971e+00 4.738085e+00 3.418660e+00 4.481723e+00 1.153289e+00 6.543310e-01 2.411164e+00 -4.486394e-02 -2.618410e-02 2.946466e-01 1.851978e-01 8.048082e-02 -1.255675e-02 -1.586578e-01 -2.559262e-01 -5.232142e-01 -2.598737e-01 -1.645211e-01 -8.714358e-02 -8.210725e-05
<VARIANCE> 25
 5.386865e+00 5.139335e+00 6.255288e+00 8.203299e+00 1.090240e+01 1.232012e+01 1.478590e+01 1.226344e+01 1.204737e+01 1.112234e+01 1.285870e+01 1.102769e+01 6.776421e-01 9.733739e-01 1.135124e+00 1.464443e+00 1.924217e+00 1.879767e+00 2.043223e+00 1.836352e+00 2.514646e+00 2.094926e+00 2.238231e+00 1.978570e+00 7.762302e-04
<GCONST> 7.184725e+01
<MIXTURE> 89 9.333527e-03
<MEAN> 25
 5.509967e+00 -7.616161e+00 -2.828450e+00 -3.105499e+00 -3.868890e+00 -3.858798e+00 -7.984428e+00 3.408508e+00 1.384685e+00 -1.984733e+00 -4.421411e+00 -4.026445e+00 -6.094528e-01 2.113948e-01 1.767351e+00 1.194488e+00 -1.913028e+00 -1.730481e+00 4.478678e-01 1.227187e+00 -7.102618e-01 -1.510738e+00 2.259513e-01 1.485445e+00 -3.019814e-03
<VARIANCE> 25
 7.132132e+00 2.508065e+01 2.382270e+01 2.532850e+01 3.741409e+01 3.771731e+01 5.506520e+01 3.229698e+01 3.974775e+01 4.681701e+01 4.116922e+01 2.753246e+01 2.752659e-01 8.742126e-01 1.255785e+00 1.383909e+00 1.629328e+00 2.590173e+00 2.873583e+00 1.567292e+00 2.561475e+00 2.059397e+00 1.876096e+00 1.154169e+00 5.079203e-04
<GCONST> 8.375713e+01
<MIXTURE> 90 7.114505e-03
<MEAN> 25
 2.438519e+00 -9.671772e+00 -4.695513e+00 -3.947603e+00 -3.432978e+00 -1.804663e+00 3.279222e+00 1.174135e+00 -7.493227e+00 -1.020111e+01 -3.438444e+00 -7.517114e-01 -1.657109e-01 9.039145e-01 1.172051e+00 -8.483832e-01 -1.612988e+00 -2.140370e-01 6.500303e-01 -2.076213e-01 -1.838173e-01 7.349687e-01 1.883002e-01 -5.498978e-01 -1.101598e-02
<VARIANCE> 25
 8.464069e+00 1.800840e+01 2.010643e+01 2.789627e+01 3.721859e+01 3.199283e+01 3.911212e+01 3.618145e+01 3.521329e+01 2.762176e+01 2.698527e+01 2.599536e+01 2.242510e-01 6.136308e-01 7.930979e-01 1.039632e+00 1.465114e+00 1.585446e+00 1.784793e+00 1.645535e+00 1.851291e+00 1.672483e+00 1.497599e+00 1.307557e+00 2.169307e-04
<GCONST> 7.818382e+01
<MIXTURE> 91 7.852945e-03
<MEAN> 25
 5.791351e+00 -7.572317e+00 -7.398888e+00 -4.818579e+00 2.246447e+00 4.400116e-01 -2.015040e+00 4.096971e-01 6.112556e-01 -1.137177e+00 -4.455275e+00 -6.456810e+00 1.127879e-01 1.163699e+00 9.887855e-02 5.098755e-01 9.631224e-02 -6.618898e-01 -2.390625e-01 -1.555677e-01 6.476588e-02 2.271236e-01 -2.224227e-01 2.149748e-01 -3.764839e-02
<VARIANCE> 25
 9.309680e+00 2.586102e+01 1.800406e+01 4.251918e+01 3.249916e+01 4.320210e+01 5.295793e+01 4.101814e+01 5.394173e+01 5.740806e+01 4.099818e+01 3.454821e+01 4.044108e-01 8.757357e-01 1.291276e+00 1.170011e+00 1.793420e+00 2.007846e+00 2.180201e+00 2.367604e+00 2.226045e+00 2.183410e+00 1.764700e+00 1.653780e+00 6.054383e-04
<GCONST> 8.583557e+01
<MIXTURE> 92 7.852945e-03
<MEAN> 25
 5.791351e+00 -7.572317e+00 -7.398888e+00 -4.818579e+00 2.246447e+00 4.400116e-01 -2.015040e+00 4.096971e-01 6.112556e-01 -1.137177e+00 -4.455275e+00 -6.456810e+00 1.127879e-01 1.163699e+00 9.887855e-02 5.098755e-01 9.631224e-02 -6.618898e-01 -2.390625e-01 -1.555677e-01 6.476588e-02 2.271236e-01 -2.224227e-01 2.149748e-01 -3.764839e-02
<VARIANCE> 25
 9.309680e+00 2.586102e+01 1.800406e+01 4.251918e+01 3.249916e+01 4.320210e+01 5.295793e+01 4.101814e+01 5.394173e+01 5.740806e+01 4.099818e+01 3.454821e+01 4.044108e-01 8.757357e-01 1.291276e+00 1.170011e+00 1.793420e+00 2.007846e+00 2.180201e+00 2.367604e+00 2.226045e+00 2.183410e+00 1.764700e+00 1.653780e+00 6.054383e-04
<GCONST> 8.583557e+01
<MIXTURE> 93 6.122769e-03
<MEAN> 25
 -5.680698e+00 -4.883528e-01 -2.289972e+00 5.186864e+00 5.779249e+00 3.651953e+00 5.947777e+00 3.771704e+00 4.299877e+00 2.465701e+00 1.445619e+00 3.617627e+00 -6.709574e-02 -1.339293e-01 -2.988573e-01 -3.243614e-01 -3.476276e-01 -2.838880e-01 -1.792216e-01 -1.608975e-01 -2.296943e-01 -1.555981e-01 -2.679525e-02 4.351731e-02 -1.210511e-04
<VARIANCE> 25
 1.177039e+01 6.205855e+00 7.064071e+00 1.144101e+01 1.070241e+01 1.417246e+01 1.393254e+01 1.525288e+01 1.536110e+01 1.318419e+01 1.509660e+01 1.197839e+01 8.943437e-02 1.451255e-01 2.639713e-01 3.563350e-01 4.630657e-01 6.163706e-01 7.784899e-01 8.384457e-01 8.729097e-01 8.833544e-01 9.097772e-01 9.536917e-01 1.213597e-06
<GCONST> 5.310696e+01
<MIXTURE> 94 6.122769e-03
<MEAN> 25
 -5.680698e+00 -4.883528e-01 -2.289972e+00 5.186864e+00 5.779249e+00 3.651953e+00 5.947777e+00 3.771704e+00 4.299877e+00 2.465701e+00 1.445619e+00 3.617627e+00 -6.709574e-02 -1.339293e-01 -2.988573e-01 -3.243614e-01 -3.476276e-01 -2.838880e-01 -1.792216e-01 -1.608975e-01 -2.296943e-01 -1.555981e-01 -2.679525e-02 4.351731e-02 -1.210511e-04
<VARIANCE> 25
 1.177039e+01 6.205855e+00 7.064071e+00 1.144101e+01 1.070241e+01 1.417246e+01 1.393254e+01 1.525288e+01 1.536110e+01 1.318419e+01 1.509660e+01 1.197839e+01 8.943437e-02 1.451255e-01 2.639713e-01 3.563350e-01 4.630657e-01 6.163706e-01 7.784899e-01 8.384457e-01 8.729097e-01 8.833544e-01 9.097772e-01 9.536917e-01 1.213597e-06
<GCONST> 5.310696e+01
<MIXTURE> 95 5.258835e-03
<MEAN> 25
 -1.791324e+00 7.847960e-01 -1.592665e+00 3.119153e+00 4.057350e+00 1.449368e+00 3.294384e+00 2.289526e+00 3.579864e+00 -2.555100e-01 -1.070057e+00 2.178851e+00 1.519278e-01 1.235119e-01 2.436342e-02 -9.981798e-02 -3.361092e-01 -5.302818e-01 -9.995124e-01 -1.207087e+00 -1.084172e+00 -9.118579e-01 -5.349659e-01 -2.006267e-01 -2.525604e-03
<VARIANCE> 25
 3.614182e+00 3.859917e+00 5.244314e+00 6.535108e+00 8.688178e+00 9.387290e+00 1.140739e+01 9.740896e+00 1.167891e+01 9.805325e+00 1.038682e+01 1.039530e+01 1.485531e-01 2.424235e-01 3.546533e-01 5.170811e-01 7.354806e-01 6.349725e-01 9.445903e-01 1.036837e+00 8.179867e-01 1.193733e+00 1.258120e+00 1.147111e+00 9.552593e-05
<GCONST> 5.593594e+01
<MIXTURE> 96 7.034694e-03
<MEAN> 25
 -2.780057e+00 8.154770e-01 -1.864967e+00 3.840042e+00 3.843114e+00 1.311489e+00 3.342067e+00 2.073462e+00 3.508206e+00 7.659090e-01 -4.333471e-03 2.142380e+00 -2.352494e-02 9.607032e-02 2.067401e-01 3.946026e-01 6.104921e-01 4.766729e-01 1.586848e-01 -1.494896e-01 -3.507934e-01 -5.857264e-01 -7.814965e-01 -4.943395e-01 2.078011e-04
<VARIANCE> 25
 7.901489e+00 6.875114e+00 7.639548e+00 9.974213e+00 9.769072e+00 1.354507e+01 1.266671e+01 1.426876e+01 1.314698e+01 1.231370e+01 1.417040e+01 1.250254e+01 1.027071e-01 1.782571e-01 2.684374e-01 4.559485e-01 5.478104e-01 6.585301e-01 6.599285e-01 9.006774e-01 9.180560e-01 8.556704e-01 9.582410e-01 8.294036e-01 1.884657e-06
<GCONST> 5.332796e+01
<MIXTURE> 97 7.034694e-03
<MEAN> 25
 -2.780057e+00 8.154770e-01 -1.864967e+00 3.840042e+00 3.843114e+00 1.311489e+00 3.342067e+00 2.073462e+00 3.508206e+00 7.659090e-01 -4.333471e-03 2.142380e+00 -2.352494e-02 9.607032e-02 2.067401e-01 3.946026e-01 6.104921e-01 4.766729e-01 1.586848e-01 -1.494896e-01 -3.507934e-01 -5.857264e-01 -7.814965e-01 -4.943395e-01 2.078011e-04
<VARIANCE> 25
 7.901489e+00 6.875114e+00 7.639548e+00 9.974213e+00 9.769072e+00 1.354507e+01 1.266671e+01 1.426876e+01 1.314698e+01 1.231370e+01 1.417040e+01 1.250254e+01 1.027071e-01 1.782571e-01 2.684374e-01 4.559485e-01 5.478104e-01 6.585301e-01 6.599285e-01 9.006774e-01 9.180560e-01 8.556704e-01 9.582410e-01 8.294036e-01 1.884657e-06
<GCONST> 5.332796e+01
<MIXTURE> 98 9.917808e-03
<MEAN> 25
 -9.782848e-01 1.299948e+00 -5.393381e-01 3.548357e+00 2.851944e+00 1.608321e+00 2.657027e+00 1.067554e+00 1.655316e+00 5.848936e-01 -1.821753e-01 9.900194e-01 -1.548945e+00 -1.230126e+00 -6.585581e-01 -9.021112e-03 9.145911e-01 8.194748e-01 1.266186e+00 1.292168e+00 1.496752e+00 1.150139e+00 1.139952e+00 1.032138e+00 -2.516831e-02
<VARIANCE> 25
 1.418453e+01 1.534832e+01 2.546671e+01 2.600577e+01 3.416988e+01 3.407931e+01 2.719701e+01 2.552704e+01 2.469432e+01 2.546432e+01 2.318821e+01 2.292052e+01 1.244722e+00 1.404332e+00 2.112281e+00 2.318439e+00 2.395839e+00 2.632350e+00 2.350253e+00 2.513942e+00 2.566370e+00 2.566561e+00 2.553963e+00 1.743561e+00 2.387231e-03
<GCONST> 8.725433e+01
<MIXTURE> 99 6.696178e-03
<MEAN> 25
 -5.898822e+00 8.044949e+00 7.410169e+00 1.496900e+00 2.045972e-01 -5.203063e+00 -1.596550e+00 -3.383359e+00 -3.657934e+00 -3.243372e+00 -1.873440e+00 -2.180414e-01 3.159551e-01 -5.951879e-01 6.153172e-01 -4.319235e-01 -1.150020e+00 -4.318196e-01 -4.061660e-01 -2.569950e-01 -4.207732e-01 -2.860178e-01 4.667973e-01 8.363334e-02 1.622402e-02
<VARIANCE> 25
 3.350286e+01 2.368411e+01 4.921208e+01 3.308238e+01 2.860929e+01 2.549519e+01 2.538969e+01 2.462747e+01 2.276518e+01 2.312429e+01 1.601434e+01 2.584269e+01 2.000157e+00 1.751967e+00 1.475322e+00 1.586818e+00 2.626324e+00 1.882200e+00 1.590840e+00 1.566323e+00 2.074750e+00 1.561189e+00 1.245209e+00 1.036962e+00 1.279826e-03
<GCONST> 8.472601e+01
<MIXTURE> 100 4.498084e-03
<MEAN> 25
 -2.399248e+00 5.564639e+00 1.069576e+01 -7.049967e+00 -1.051342e+01 -5.305599e+00 -4.442203e+00 -9.691656e+00 -5.618021e+00 -1.333878e+00 -1.717850e+00 -2.192165e+00 2.823621e+00 -1.283438e+00 1.436284e+00 -1.584919e+00 -3.632056e+00 -8.692269e-01 -1.201030e+00 -9.743977e-01 -1.395262e+00 1.920076e-01 -9.281980e-01 -3.788258e-01 5.996331e-03
<VARIANCE> 25
 1.446862e+01 2.029370e+01 1.971828e+01 2.256909e+01 2.071840e+01 2.137071e+01 2.569198e+01 1.844940e+01 2.583720e+01 2.013408e+01 2.214332e+01 1.942880e+01 1.796794e+00 4.285914e+00 2.568876e+00 4.768020e+00 3.831820e+00 4.278912e+00 3.778748e+00 3.701978e+00 3.543753e+00 3.403924e+00 4.959080e+00 2.881917e+00 1.483524e-03
<GCONST> 9.091860e+01
<MIXTURE> 101 6.007792e-03
<MEAN> 25
 7.387126e+00 -5.278565e+00 -4.792624e+00 -6.012622e+00 -2.825201e+00 -5.990866e-01 -1.212704e+01 -4.366582e+00 -1.263990e+00 2.771244e+00 1.040072e+00 -4.728660e+00 6.833047e-01 5.683115e-01 -1.584336e+00 -1.921665e+00 9.835426e-01 2.713616e+00 3.355069e-01 -1.742394e+00 -8.545412e-01 1.498857e+00 1.232965e+00 -4.747894e-01 -3.667891e-04
<VARIANCE> 25
 6.895632e+00 1.479268e+01 2.253559e+01 3.283366e+01 3.532526e+01 4.047744e+01 3.201459e+01 4.135796e+01 3.557612e+01 3.172787e+01 4.572548e+01 3.100290e+01 2.406421e-01 6.929801e-01 1.311238e+00 1.858198e+00 1.196864e+00 2.112555e+00 1.672016e+00 2.160663e+00 1.717370e+00 2.132351e+00 1.364275e+00 1.531034e+00 2.767066e-04
<GCONST> 8.107138e+01
<MIXTURE> 102 6.007792e-03
<MEAN> 25
 7.387126e+00 -5.278565e+00 -4.792624e+00 -6.012622e+00 -2.825201e+00 -5.990866e-01 -1.212704e+01 -4.366582e+00 -1.263990e+00 2.771244e+00 1.040072e+00 -4.728660e+00 6.833047e-01 5.683115e-01 -1.584336e+00 -1.921665e+00 9.835426e-01 2.713616e+00 3.355069e-01 -1.742394e+00 -8.545412e-01 1.498857e+00 1.232965e+00 -4.747894e-01 -3.667891e-04
<VARIANCE> 25
 6.895632e+00 1.479268e+01 2.253559e+01 3.283366e+01 3.532526e+01 4.047744e+01 3.201459e+01 4.135796e+01 3.557612e+01 3.172787e+01 4.572548e+01 3.100290e+01 2.406421e-01 6.929801e-01 1.311238e+00 1.858198e+00 1.196864e+00 2.112555e+00 1.672016e+00 2.160663e+00 1.717370e+00 2.132351e+00 1.364275e+00 1.531034e+00 2.767066e-04
<GCONST> 8.107138e+01
<MIXTURE> 103 5.694618e-03
<MEAN> 25
 3.383064e+00 -9.417201e+00 -6.023027e+00 -3.043439e+00 -1.435331e+00 -1.899610e+00 2.162907e+00 2.561236e+00 -4.570992e+00 -9.095603e+00 -5.025543e+00 1.733158e-01 -1.625521e-01 -1.481976e+00 -9.726727e-01 3.714645e-01 1.156714e+00 1.022955e+00 1.336018e-01 -2.367557e-01 -7.477258e-01 -9.579957e-01 -3.111823e-02 1.266819e-01 2.719314e-02
<VARIANCE> 25
 1.014782e+01 2.070767e+01 2.328515e+01 3.108376e+01 4.748192e+01 3.443906e+01 4.909884e+01 3.679607e+01 4.131319e+01 2.973831e+01 2.974624e+01 2.729195e+01 6.359876e-01 1.240215e+00 1.530041e+00 1.900651e+00 3.025978e+00 2.388054e+00 2.882576e+00 2.585180e+00 2.618028e+00 2.558711e+00 2.067188e+00 2.032984e+00 8.032755e-04
<GCONST> 8.761806e+01
<MIXTURE> 104 5.694618e-03
<MEAN> 25
 3.383064e+00 -9.417201e+00 -6.023027e+00 -3.043439e+00 -1.435331e+00 -1.899610e+00 2.162907e+00 2.561236e+00 -4.570992e+00 -9.095603e+00 -5.025543e+00 1.733158e-01 -1.625521e-01 -1.481976e+00 -9.726727e-01 3.714645e-01 1.156714e+00 1.022955e+00 1.336018e-01 -2.367557e-01 -7.477258e-01 -9.579957e-01 -3.111823e-02 1.266819e-01 2.719314e-02
<VARIANCE> 25
 1.014782e+01 2.070767e+01 2.328515e+01 3.108376e+01 4.748192e+01 3.443906e+01 4.909884e+01 3.679607e+01 4.131319e+01 2.973831e+01 2.974624e+01 2.729195e+01 6.359876e-01 1.240215e+00 1.530041e+00 1.900651e+00 3.025978e+00 2.388054e+00 2.882576e+00 2.585180e+00 2.618028e+00 2.558711e+00 2.067188e+00 2.032984e+00 8.032755e-04
<GCONST> 8.761806e+01
<MIXTURE> 105 4.710235e-03
<MEAN> 25
 1.863986e+00 -9.478527e-01 9.150240e+00 -2.383188e+00 -1.226057e+01 -4.999825e+00 -4.708355e+00 -2.338866e+00 -4.079106e+00 -3.059078e+00 1.937949e+00 -1.378850e+00 -9.917401e-03 -2.234877e-02 -3.757191e-02 -4.935939e-02 2.388540e-02 1.276816e-01 5.696448e-02 3.243027e-02 3.443937e-02 7.193213e-04 2.214681e-02 1.014328e-02 -2.615343e-03
<VARIANCE> 25
 1.278074e+01 2.805595e+01 3.741316e+01 3.971987e+01 3.935169e+01 4.749354e+01 3.822967e+01 5.155266e+01 3.566884e+01 3.704679e+01 3.791722e+01 2.728304e+01 8.274423e-02 1.897625e-01 3.598191e-01 2.835995e-01 3.774841e-01 4.901365e-01 5.629813e-01 4.604805e-01 5.036232e-01 4.202318e-01 3.986478e-01 5.236341e-01 9.188940e-05
<GCONST> 6.649235e+01
<MIXTURE> 106 4.710235e-03
<MEAN> 25
 1.863986e+00 -9.478527e-01 9.150240e+00 -2.383188e+00 -1.226057e+01 -4.999825e+00 -4.708355e+00 -2.338866e+00 -4.079106e+00 -3.059078e+00 1.937949e+00 -1.378850e+00 -9.917401e-03 -2.234877e-02 -3.757191e-02 -4.935939e-02 2.388540e-02 1.276816e-01 5.696448e-02 3.243027e-02 3.443937e-02 7.193213e-04 2.214681e-02 1.014328e-02 -2.615343e-03
<VARIANCE> 25
 1.278074e+01 2.805595e+01 3.741316e+01 3.971987e+01 3.935169e+01 4.749354e+01 3.822967e+01 5.155266e+01 3.566884e+01 3.704679e+01 3.791722e+01 2.728304e+01 8.274423e-02 1.897625e-01 3.598191e-01 2.835995e-01 3.774841e-01 4.901365e-01 5.629813e-01 4.604805e-01 5.036232e-01 4.202318e-01 3.986478e-01 5.236341e-01 9.188940e-05
<GCONST> 6.649235e+01
<MIXTURE> 107 5.452374e-03
<MEAN> 25
 8.324550e+00 -3.739410e+00 -7.356997e+00 -9.057312e+00 1.691004e-01 3.015469e+00 -7.862573e+00 -6.090596e+00 -2.778133e+00 4.460854e+00 2.126014e+00 -5.301002e+00 -6.211327e-01 -8.245940e-01 8.695797e-01 1.384673e+00 1.254109e-01 -1.959694e+00 -8.839818e-01 1.023768e+00 1.738221e+00 5.349390e-02 -1.392862e+00 -7.199559e-01 -1.252509e-03
<VARIANCE> 25
 7.333441e+00 2.713553e+01 2.393500e+01 3.357065e+01 3.266902e+01 3.236001e+01 4.713311e+01 3.448674e+01 4.400943e+01 4.144279e+01 4.375749e+01 2.570778e+01 2.816021e-01 1.112093e+00 1.257483e+00 2.110545e+00 2.161800e+00 2.294014e+00 2.245028e+00 2.005058e+00 1.947843e+00 2.446954e+00 1.624258e+00 1.824971e+00 9.402774e-04
<GCONST> 8.541980e+01
<MIXTURE> 108 5.452374e-03
<MEAN> 25
 8.324550e+00 -3.739410e+00 -7.356997e+00 -9.057312e+00 1.691004e-01 3.015469e+00 -7.862573e+00 -6.090596e+00 -2.778133e+00 4.460854e+00 2.126014e+00 -5.301002e+00 -6.211327e-01 -8.245940e-01 8.695797e-01 1.384673e+00 1.254109e-01 -1.959694e+00 -8.839818e-01 1.023768e+00 1.738221e+00 5.349390e-02 -1.392862e+00 -7.199559e-01 -1.252509e-03
<VARIANCE> 25
 7.333441e+00 2.713553e+01 2.393500e+01 3.357065e+01 3.266902e+01 3.236001e+01 4.713311e+01 3.448674e+01 4.400943e+01 4.144279e+01 4.375749e+01 2.570778e+01 2.816021e-01 1.112093e+00 1.257483e+00 2.110545e+00 2.161800e+00 2.294014e+00 2.245028e+00 2.005058e+00 1.947843e+00 2.446954e+00 1.624258e+00 1.824971e+00 9.402774e-04
<GCONST> 8.541980e+01
<MIXTURE> 109 6.661064e-03
<MEAN> 25
 4.031964e+00 -1.031784e+01 -7.875210e+00 -1.267691e+00 2.491681e+00 1.196022e-01 -2.498683e-01 1.766318e+00 -2.237581e+00 -7.795620e+00 -5.406249e+00 -5.958828e-01 -3.447092e-02 -1.337146e-01 -7.019690e-02 2.629100e-01 1.972894e-01 1.804459e-01 -1.581970e-01 -1.350967e-01 -5.362789e-02 -1.167545e-01 2.141320e-01 -1.221663e-02 -3.543634e-03
<VARIANCE> 25
 8.708033e+00 2.180585e+01 2.182963e+01 2.977779e+01 3.928462e+01 3.486268e+01 4.565680e+01 3.561964e+01 4.567633e+01 3.701682e+01 2.867473e+01 3.211954e+01 1.879125e-01 4.263961e-01 5.870851e-01 6.110405e-01 1.158235e+00 1.026480e+00 1.251977e+00 1.039100e+00 1.099324e+00 9.415740e-01 8.621368e-01 9.215075e-01 1.795970e-04
<GCONST> 7.461151e+01
<MIXTURE> 110 6.661064e-03
<MEAN> 25
 4.031964e+00 -1.031784e+01 -7.875210e+00 -1.267691e+00 2.491681e+00 1.196022e-01 -2.498683e-01 1.766318e+00 -2.237581e+00 -7.795620e+00 -5.406249e+00 -5.958828e-01 -3.447092e-02 -1.337146e-01 -7.019690e-02 2.629100e-01 1.972894e-01 1.804459e-01 -1.581970e-01 -1.350967e-01 -5.362789e-02 -1.167545e-01 2.141320e-01 -1.221663e-02 -3.543634e-03
<VARIANCE> 25
 8.708033e+00 2.180585e+01 2.182963e+01 2.977779e+01 3.928462e+01 3.486268e+01 4.565680e+01 3.561964e+01 4.567633e+01 3.701682e+01 2.867473e+01 3.211954e+01 1.879125e-01 4.263961e-01 5.870851e-01 6.110405e-01 1.158235e+00 1.026480e+00 1.251977e+00 1.039100e+00 1.099324e+00 9.415740e-01 8.621368e-01 9.215075e-01 1.795970e-04
<GCONST> 7.461151e+01
<MIXTURE> 111 4.337247e-03
<MEAN> 25
 -1.633622e+00 7.740725e-01 -2.178649e+00 1.433903e+00 2.364134e+00 4.407621e-01 1.039517e+00 7.867656e-01 2.046339e+00 -9.925791e-01 -1.908031e+00 1.710523e+00 -6.790280e-03 3.190622e-03 -7.037408e-02 -2.779663e-02 -2.028692e-02 -2.246535e-03 -8.245632e-03 -1.406033e-01 -2.765307e-01 -2.853892e-01 -2.742059e-01 -1.010282e-01 -1.376018e-03
<VARIANCE> 25
 2.247751e+00 3.536702e+00 5.105818e+00 6.067800e+00 8.580201e+00 9.749473e+00 8.551597e+00 8.655845e+00 9.284803e+00 9.297856e+00 9.866590e+00 8.442985e+00 8.859832e-02 1.623568e-01 2.443527e-01 3.736881e-01 5.684440e-01 6.311169e-01 7.915561e-01 8.656681e-01 8.453645e-01 8.435692e-01 8.018222e-01 8.700152e-01 4.820756e-05
<GCONST> 5.038869e+01
<MIXTURE> 112 4.337247e-03
<MEAN> 25
 -1.633622e+00 7.740725e-01 -2.178649e+00 1.433903e+00 2.364134e+00 4.407621e-01 1.039517e+00 7.867656e-01 2.046339e+00 -9.925791e-01 -1.908031e+00 1.710523e+00 -6.790280e-03 3.190622e-03 -7.037408e-02 -2.779663e-02 -2.028692e-02 -2.246535e-03 -8.245632e-03 -1.406033e-01 -2.765307e-01 -2.853892e-01 -2.742059e-01 -1.010282e-01 -1.376018e-03
<VARIANCE> 25
 2.247751e+00 3.536702e+00 5.105818e+00 6.067800e+00 8.580201e+00 9.749473e+00 8.551597e+00 8.655845e+00 9.284803e+00 9.297856e+00 9.866590e+00 8.442985e+00 8.859832e-02 1.623568e-01 2.443527e-01 3.736881e-01 5.684440e-01 6.311169e-01 7.915561e-01 8.656681e-01 8.453645e-01 8.435692e-01 8.018222e-01 8.700152e-01 4.820756e-05
<GCONST> 5.038869e+01
<MIXTURE> 113 5.938666e-03
<MEAN> 25
 9.809255e+00 1.127982e+00 -8.311302e+00 -1.650704e+01 -1.925001e+00 5.848950e+00 -5.664208e+00 -3.016145e+00 -6.595238e+00 -4.966785e-01 1.314104e+00 -1.824110e-01 -1.225656e-02 6.750598e-02 -9.141584e-02 -6.995786e-02 1.129121e-01 1.168093e-01 6.744657e-02 2.785084e-02 -6.603641e-02 -6.375694e-02 1.815708e-01 8.115967e-02 -1.337273e-03
<VARIANCE> 25
 8.146886e+00 1.876021e+01 2.740489e+01 3.794137e+01 5.290527e+01 3.165195e+01 3.831610e+01 4.967149e+01 4.144725e+01 4.394069e+01 3.847340e+01 2.772386e+01 1.183888e-01 3.307183e-01 3.432248e-01 6.917532e-01 5.948230e-01 6.604329e-01 6.951647e-01 8.242198e-01 9.587669e-01 9.629705e-01 7.198127e-01 6.628411e-01 1.244351e-04
<GCONST> 7.139619e+01
<MIXTURE> 114 5.938666e-03
<MEAN> 25
 9.809255e+00 1.127982e+00 -8.311302e+00 -1.650704e+01 -1.925001e+00 5.848950e+00 -5.664208e+00 -3.016145e+00 -6.595238e+00 -4.966785e-01 1.314104e+00 -1.824110e-01 -1.225656e-02 6.750598e-02 -9.141584e-02 -6.995786e-02 1.129121e-01 1.168093e-01 6.744657e-02 2.785084e-02 -6.603641e-02 -6.375694e-02 1.815708e-01 8.115967e-02 -1.337273e-03
<VARIANCE> 25
 8.146886e+00 1.876021e+01 2.740489e+01 3.794137e+01 5.290527e+01 3.165195e+01 3.831610e+01 4.967149e+01 4.144725e+01 4.394069e+01 3.847340e+01 2.772386e+01 1.183888e-01 3.307183e-01 3.432248e-01 6.917532e-01 5.948230e-01 6.604329e-01 6.951647e-01 8.242198e-01 9.587669e-01 9.629705e-01 7.198127e-01 6.628411e-01 1.244351e-04
<GCONST> 7.139619e+01
<MIXTURE> 115 2.935202e-03
<MEAN> 25
 -2.904037e+00 -2.499373e-01 -2.398952e+00 2.939287e+00 2.467617e+00 -1.184360e-01 2.209371e+00 6.964000e-01 1.816784e+00 -4.500896e-01 -8.559775e-01 2.056675e+00 9.396064e-02 -7.401611e-02 -2.370321e-01 -4.477721e-01 -6.076654e-01 -6.259297e-01 -6.438382e-01 -4.967761e-01 -6.389808e-01 -4.954310e-01 -2.317884e-01 -6.838863e-02 -1.030808e-04
<VARIANCE> 25
 7.671402e+00 1.006817e+01 1.011173e+01 9.538183e+00 1.092605e+01 1.381901e+01 1.431732e+01 1.582789e+01 1.557425e+01 1.458051e+01 1.768995e+01 1.367255e+01 2.169867e-01 3.073714e-01 4.110597e-01 5.587913e-01 6.075939e-01 6.543128e-01 8.957154e-01 1.076913e+00 1.047199e+00 8.787991e-01 1.261355e+00 9.758798e-01 1.389170e-06
<GCONST> 5.771776e+01
<MIXTURE> 116 2.935202e-03
<MEAN> 25
 -2.904037e+00 -2.499373e-01 -2.398952e+00 2.939287e+00 2.467617e+00 -1.184360e-01 2.209371e+00 6.964000e-01 1.816784e+00 -4.500896e-01 -8.559775e-01 2.056675e+00 9.396064e-02 -7.401611e-02 -2.370321e-01 -4.477721e-01 -6.076654e-01 -6.259297e-01 -6.438382e-01 -4.967761e-01 -6.389808e-01 -4.954310e-01 -2.317884e-01 -6.838863e-02 -1.030808e-04
<VARIANCE> 25
 7.671402e+00 1.006817e+01 1.011173e+01 9.538183e+00 1.092605e+01 1.381901e+01 1.431732e+01 1.582789e+01 1.557425e+01 1.458051e+01 1.768995e+01 1.367255e+01 2.169867e-01 3.073714e-01 4.110597e-01 5.587913e-01 6.075939e-01 6.543128e-01 8.957154e-01 1.076913e+00 1.047199e+00 8.787991e-01 1.261355e+00 9.758798e-01 1.389170e-06
<GCONST> 5.771776e+01
<MIXTURE> 117 6.506003e-03
<MEAN> 25
 -4.490513e+00 1.155312e+00 1.021319e+00 9.531065e+00 6.204730e+00 6.085342e+00 6.390425e+00 5.046654e+00 6.342455e+00 4.884087e+00 6.142762e+00 2.715960e+00 -8.005321e-02 -2.348506e-01 -3.621558e-01 -4.196725e-01 -3.665648e-01 -3.044865e-01 -2.678930e-01 -3.353655e-01 -3.919515e-01 -3.554246e-01 -2.445192e-01 -1.037337e-01 -4.857925e-05
<VARIANCE> 25
 7.479115e+00 8.761000e+00 9.701398e+00 1.509561e+01 1.533569e+01 1.568669e+01 1.754849e+01 1.758284e+01 1.641436e+01 1.592944e+01 1.738990e+01 1.454974e+01 2.149342e-01 3.043016e-01 4.135360e-01 6.101686e-01 8.348299e-01 1.041745e+00 1.203344e+00 1.232603e+00 1.194667e+00 1.190693e+00 1.158230e+00 1.124128e+00 1.072126e-06
<GCONST> 6.045155e+01
<MIXTURE> 118 6.506003e-03
<MEAN> 25
 -4.490513e+00 1.155312e+00 1.021319e+00 9.531065e+00 6.204730e+00 6.085342e+00 6.390425e+00 5.046654e+00 6.342455e+00 4.884087e+00 6.142762e+00 2.715960e+00 -8.005321e-02 -2.348506e-01 -3.621558e-01 -4.196725e-01 -3.665648e-01 -3.044865e-01 -2.678930e-01 -3.353655e-01 -3.919515e-01 -3.554246e-01 -2.445192e-01 -1.037337e-01 -4.857925e-05
<VARIANCE> 25
 7.479115e+00 8.761000e+00 9.701398e+00 1.509561e+01 1.533569e+01 1.568669e+01 1.754849e+01 1.758284e+01 1.641436e+01 1.592944e+01 1.738990e+01 1.454974e+01 2.149342e-01 3.043016e-01 4.135360e-01 6.101686e-01 8.348299e-01 1.041745e+00 1.203344e+00 1.232603e+00 1.194667e+00 1.190693e+00 1.158230e+00 1.124128e+00 1.072126e-06
<GCONST> 6.045155e+01
<MIXTURE> 119 4.297961e-03
<MEAN> 25
 -4.678117e+00 -7.212045e+00 2.026257e+00 2.029448e+00 2.291717e+00 3.189327e-01 5.098998e+00 5.853500e+00 1.460088e+00 9.952801e-01 6.070169e+00 1.549595e+00 -5.352586e-02 -9.112597e-02 5.068378e-02 -4.715578e-02 -9.968346e-02 -1.623583e-01 -4.858338e-02 -4.967335e-03 -9.542576e-02 -1.063971e-01 -4.311150e-02 -6.204101e-02 1.055201e-03
<VARIANCE> 25
 8.641288e+00 1.124988e+01 1.591252e+01 1.894934e+01 2.225986e+01 2.232753e+01 2.454660e+01 2.536097e+01 2.479550e+01 2.701126e+01 2.184772e+01 1.953530e+01 1.598848e-01 3.006439e-01 4.527047e-01 6.102506e-01 8.106948e-01 1.002253e+00 1.092433e+00 1.286616e+00 1.248516e+00 1.209103e+00 1.195731e+00 1.095928e+00 2.329933e-04
<GCONST> 6.956729e+01
<MIXTURE> 120 4.297961e-03
<MEAN> 25
 -4.678117e+00 -7.212045e+00 2.026257e+00 2.029448e+00 2.291717e+00 3.189327e-01 5.098998e+00 5.853500e+00 1.460088e+00 9.952801e-01 6.070169e+00 1.549595e+00 -5.352586e-02 -9.112597e-02 5.068378e-02 -4.715578e-02 -9.968346e-02 -1.623583e-01 -4.858338e-02 -4.967335e-03 -9.542576e-02 -1.063971e-01 -4.311150e-02 -6.204101e-02 1.055201e-03
<VARIANCE> 25
 8.641288e+00 1.124988e+01 1.591252e+01 1.894934e+01 2.225986e+01 2.232753e+01 2.454660e+01 2.536097e+01 2.479550e+01 2.701126e+01 2.184772e+01 1.953530e+01 1.598848e-01 3.006439e-01 4.527047e-01 6.102506e-01 8.106948e-01 1.002253e+00 1.092433e+00 1.286616e+00 1.248516e+00 1.209103e+00 1.195731e+00 1.095928e+00 2.329933e-04
<GCONST> 6.956729e+01
<MIXTURE> 121 4.567511e-03
<MEAN> 25
 3.377792e-02 -2.180724e+00 5.064383e+00 -1.204021e+01 -1.231491e+01 -1.488452e+00 6.364434e-01 -5.281858e+00 -4.640758e+00 -5.840538e-01 -5.159781e+00 -4.499629e+00 3.188714e-02 1.108421e-01 -8.314762e-02 4.816829e-02 1.460289e-01 6.944785e-02 -4.689651e-02 -1.928660e-01 -3.152939e-01 -2.163701e-01 -5.433072e-02 4.010863e-02 -6.981373e-03
<VARIANCE> 25
 7.929550e+00 1.534532e+01 1.775040e+01 2.537416e+01 2.501413e+01 2.773468e+01 2.870068e+01 2.472224e+01 3.499273e+01 2.720566e+01 2.063316e+01 2.010787e+01 1.544457e-01 6.161688e-01 6.123489e-01 6.677663e-01 8.019926e-01 1.103469e+00 1.069762e+00 1.125777e+00 1.240332e+00 1.222507e+00 1.056967e+00 8.559136e-01 2.092488e-04
<GCONST> 7.151321e+01
<MIXTURE> 122 4.567511e-03
<MEAN> 25
 3.377792e-02 -2.180724e+00 5.064383e+00 -1.204021e+01 -1.231491e+01 -1.488452e+00 6.364434e-01 -5.281858e+00 -4.640758e+00 -5.840538e-01 -5.159781e+00 -4.499629e+00 3.188714e-02 1.108421e-01 -8.314762e-02 4.816829e-02 1.460289e-01 6.944785e-02 -4.689651e-02 -1.928660e-01 -3.152939e-01 -2.163701e-01 -5.433072e-02 4.010863e-02 -6.981373e-03
<VARIANCE> 25
 7.929550e+00 1.534532e+01 1.775040e+01 2.537416e+01 2.501413e+01 2.773468e+01 2.870068e+01 2.472224e+01 3.499273e+01 2.720566e+01 2.063316e+01 2.010787e+01 1.544457e-01 6.161688e-01 6.123489e-01 6.677663e-01 8.019926e-01 1.103469e+00 1.069762e+00 1.125777e+00 1.240332e+00 1.222507e+00 1.056967e+00 8.559136e-01 2.092488e-04
<GCONST> 7.151321e+01
<MIXTURE> 123 4.393044e-03
<MEAN> 25
 -1.491084e+00 1.675109e+00 -6.480753e-01 3.807356e+00 4.820066e+00 2.234213e+00 2.969629e+00 1.207934e+00 2.612668e+00 -7.657424e-01 -1.614098e+00 1.349639e+00 -3.444503e-01 -5.608768e-01 -7.105684e-01 -7.750213e-01 -3.657520e-01 -4.065677e-02 1.631752e-01 4.697393e-01 6.425601e-01 6.464043e-01 5.655916e-01 2.959863e-01 -7.748685e-03
<VARIANCE> 25
 4.457350e+00 5.273167e+00 7.357249e+00 9.058503e+00 1.140682e+01 1.213230e+01 1.291828e+01 1.365299e+01 1.374400e+01 1.186760e+01 1.501826e+01 1.236629e+01 1.949660e-01 2.342207e-01 4.450215e-01 6.387669e-01 9.713555e-01 9.309137e-01 1.005856e+00 9.777983e-01 1.126375e+00 1.181253e+00 1.106659e+00 1.120044e+00 1.224189e-04
<GCONST> 6.075554e+01
<MIXTURE> 124 4.069876e-03
<MEAN> 25
 -3.288344e+00 2.188504e-01 -2.320644e+00 3.855859e+00 5.149894e+00 2.451830e+00 4.588984e+00 2.948879e+00 3.980455e+00 8.652884e-01 -3.504039e-02 2.896738e+00 -1.572079e-01 -3.310197e-01 -3.315057e-01 -1.822388e-01 1.407231e-01 5.123093e-01 8.220463e-01 8.115649e-01 5.227987e-01 2.021118e-01 4.753827e-02 -4.842667e-02 -3.523347e-04
<VARIANCE> 25
 9.484791e+00 6.201379e+00 6.677884e+00 8.613722e+00 8.358047e+00 1.228822e+01 1.262699e+01 1.230641e+01 1.214570e+01 1.383398e+01 1.402374e+01 1.293966e+01 1.058701e-01 1.736718e-01 2.566912e-01 3.793266e-01 6.103168e-01 7.080887e-01 7.045491e-01 7.576218e-01 8.272979e-01 8.857164e-01 8.619037e-01 7.301278e-01 3.253341e-05
<GCONST> 5.517708e+01
<MIXTURE> 125 4.069876e-03
<MEAN> 25
 -3.288344e+00 2.188504e-01 -2.320644e+00 3.855859e+00 5.149894e+00 2.451830e+00 4.588984e+00 2.948879e+00 3.980455e+00 8.652884e-01 -3.504039e-02 2.896738e+00 -1.572079e-01 -3.310197e-01 -3.315057e-01 -1.822388e-01 1.407231e-01 5.123093e-01 8.220463e-01 8.115649e-01 5.227987e-01 2.021118e-01 4.753827e-02 -4.842667e-02 -3.523347e-04
<VARIANCE> 25
 9.484791e+00 6.201379e+00 6.677884e+00 8.613722e+00 8.358047e+00 1.228822e+01 1.262699e+01 1.230641e+01 1.214570e+01 1.383398e+01 1.402374e+01 1.293966e+01 1.058701e-01 1.736718e-01 2.566912e-01 3.793266e-01 6.103168e-01 7.080887e-01 7.045491e-01 7.576218e-01 8.272979e-01 8.857164e-01 8.619037e-01 7.301278e-01 3.253341e-05
<GCONST> 5.517708e+01
<MIXTURE> 126 2.402244e-03
<MEAN> 25
 -2.829162e+00 -4.504586e+00 -4.149719e+00 1.997261e+00 3.942981e+00 -2.205895e+00 3.956499e-01 3.275812e+00 3.679353e+00 -2.247520e+00 -1.747762e+00 2.554454e+00 -3.900782e-02 -2.105383e-02 -8.634508e-02 -2.714627e-01 -4.235005e-01 -4.092945e-01 -3.384704e-01 -1.659985e-01 -1.294422e-01 -1.278080e-01 -9.777986e-02 -9.309331e-02 -4.730112e-03
<VARIANCE> 25
 6.048318e+00 1.715858e+01 1.145751e+01 1.254498e+01 1.931674e+01 1.866298e+01 1.845615e+01 2.228741e+01 2.378258e+01 2.086842e+01 1.664426e+01 1.655332e+01 1.712298e-01 3.303978e-01 4.237853e-01 6.032314e-01 7.623051e-01 9.000258e-01 1.038415e+00 1.172464e+00 1.349358e+00 1.174106e+00 1.322085e+00 1.058488e+00 2.276824e-04
<GCONST> 6.728245e+01
<MIXTURE> 127 2.402244e-03
<MEAN> 25
 -2.829162e+00 -4.504586e+00 -4.149719e+00 1.997261e+00 3.942981e+00 -2.205895e+00 3.956499e-01 3.275812e+00 3.679353e+00 -2.247520e+00 -1.747762e+00 2.554454e+00 -3.900782e-02 -2.105383e-02 -8.634508e-02 -2.714627e-01 -4.235005e-01 -4.092945e-01 -3.384704e-01 -1.659985e-01 -1.294422e-01 -1.278080e-01 -9.777986e-02 -9.309331e-02 -4.730112e-03
<VARIANCE> 25
 6.048318e+00 1.715858e+01 1.145751e+01 1.254498e+01 1.931674e+01 1.866298e+01 1.845615e+01 2.228741e+01 2.378258e+01 2.086842e+01 1.664426e+01 1.655332e+01 1.712298e-01 3.303978e-01 4.237853e-01 6.032314e-01 7.623051e-01 9.000258e-01 1.038415e+00 1.172464e+00 1.349358e+00 1.174106e+00 1.322085e+00 1.058488e+00 2.276824e-04
<GCONST> 6.728245e+01
<MIXTURE> 128 3.790457e-03
<MEAN> 25
 -3.739520e+00 1.567077e+00 -3.283539e-01 6.418811e+00 3.695233e+00 1.778227e+00 3.610254e+00 2.427927e+00 3.861598e+00 3.533007e+00 3.647228e+00 3.473558e+00 -3.799136e-01 -1.674246e-01 8.423413e-02 6.665170e-01 1.191643e+00 1.117835e+00 6.912600e-01 1.699370e-01 -3.821910e-01 -7.636588e-01 -7.269202e-01 -3.952990e-01 -3.880765e-05
<VARIANCE> 25
 1.045072e+01 1.125291e+01 1.451108e+01 1.894757e+01 1.958998e+01 2.049725e+01 2.337959e+01 2.381599e+01 2.602197e+01 2.360184e+01 2.612760e+01 1.773028e+01 8.626956e-01 1.124895e+00 1.314267e+00 1.525378e+00 1.544718e+00 1.795565e+00 2.178520e+00 2.304600e+00 2.174885e+00 1.810769e+00 1.745755e+00 1.689589e+00 1.057268e-06
<GCONST> 7.319870e+01
<TRANSP> 3
 0.000000e+00 1.000000e+00 0.000000e+00
 0.000000e+00 9.999990e-01 9.999998e-07
 0.000000e+00 0.000000e+00 0.000000e+00
<ENDHMM>
