~o
<STREAMINFO> 1 25
<VECSIZE> 25<NULLD><MFCC_E_D_N><DIAGC>
~h "jmodel"
<BEGINHMM>
<NUMSTATES> 3
<STATE> 2
<NUMMIXES> 128
<MIXTURE> 1 5.748963e-03
<MEAN> 25
 -2.582827e+00 3.181818e+00 2.308846e+00 8.740440e+00 4.364367e+00 3.444644e+00 4.058070e+00 3.928554e+00 5.829295e+00 5.255620e+00 5.879337e+00 3.076785e+00 -2.002450e+00 -1.633912e+00 -8.617554e-01 1.074944e+00 1.559869e+00 2.230872e+00 2.150891e+00 2.078457e+00 1.694898e+00 1.272095e+00 1.566254e+00 6.125612e-01 -4.678929e-02
<VARIANCE> 25
 1.005308e+01 1.174486e+01 1.493108e+01 1.880550e+01 2.320437e+01 2.213520e+01 2.188279e+01 2.198975e+01 2.097837e+01 2.252672e+01 2.094232e+01 1.707032e+01 1.789884e+00 2.110209e+00 3.026690e+00 3.206728e+00 3.735019e+00 3.353943e+00 3.324444e+00 3.408352e+00 3.517873e+00 3.726289e+00 3.510981e+00 2.831023e+00 3.130530e-03
<GCONST> 8.847125e+01
<MIXTURE> 2 4.549242e-03
<MEAN> 25
 -4.875519e+00 1.311709e+00 9.943625e-01 9.899586e+00 6.692165e+00 7.424502e+00 7.846952e+00 6.957940e+00 8.373123e+00 6.372999e+00 7.624244e+00 3.074548e+00 -6.199675e-02 4.163295e-02 1.425000e-01 2.258464e-01 2.653070e-01 2.813570e-01 2.954307e-01 3.195515e-01 3.497954e-01 3.089480e-01 1.971674e-01 8.005096e-02 1.263114e-06
<VARIANCE> 25
 6.953022e+00 8.901676e+00 1.065101e+01 1.591257e+01 1.723585e+01 1.556366e+01 1.689927e+01 1.848631e+01 1.658716e+01 1.738582e+01 1.811082e+01 1.434060e+01 1.252494e-01 2.266357e-01 3.365034e-01 4.671360e-01 6.492770e-01 8.148694e-01 9.298604e-01 1.003152e+00 1.051700e+00 1.077787e+00 1.075634e+00 1.013922e+00 1.000042e-06
<GCONST> 5.804347e+01
<MIXTURE> 3 4.549242e-03
<MEAN> 25
 -4.875519e+00 1.311709e+00 9.943625e-01 9.899586e+00 6.692165e+00 7.424502e+00 7.846952e+00 6.957940e+00 8.373123e+00 6.372999e+00 7.624244e+00 3.074548e+00 -6.199675e-02 4.163295e-02 1.425000e-01 2.258464e-01 2.653070e-01 2.813570e-01 2.954307e-01 3.195515e-01 3.497954e-01 3.089480e-01 1.971674e-01 8.005096e-02 1.263114e-06
<VARIANCE> 25
 6.953022e+00 8.901676e+00 1.065101e+01 1.591257e+01 1.723585e+01 1.556366e+01 1.689927e+01 1.848631e+01 1.658716e+01 1.738582e+01 1.811082e+01 1.434060e+01 1.252494e-01 2.266357e-01 3.365034e-01 4.671360e-01 6.492770e-01 8.148694e-01 9.298604e-01 1.003152e+00 1.051700e+00 1.077787e+00 1.075634e+00 1.013922e+00 1.000042e-06
<GCONST> 5.804347e+01
<MIXTURE> 4 1.671429e-02
<MEAN> 25
 3.438575e+00 2.549702e+00 -3.796833e+00 9.361228e-01 4.320339e+00 -2.120006e-01 7.393459e-02 1.023854e-02 1.505235e+00 1.302052e+00 -1.888216e+00 1.016093e-01 -2.770128e+00 1.217808e+00 1.777127e+00 3.089753e+00 9.227287e-01 5.017220e-01 1.516742e+00 1.042372e+00 9.754419e-01 4.322534e-01 1.240638e+00 8.987548e-01 -1.040110e-01
<VARIANCE> 25
 2.117172e+01 2.950821e+01 2.921799e+01 3.980569e+01 4.572803e+01 6.876208e+01 6.530122e+01 5.378030e+01 5.541428e+01 6.218250e+01 4.976891e+01 3.593379e+01 2.351281e+00 5.055346e+00 3.735829e+00 4.949690e+00 5.018977e+00 6.160199e+00 6.103583e+00 5.578529e+00 5.970306e+00 6.434227e+00 6.118284e+00 4.464751e+00 6.098395e-03
<GCONST> 1.055024e+02
<MIXTURE> 5 3.206198e-03
<MEAN> 25
 -3.416192e+00 2.180938e+00 6.105362e-01 9.426757e+00 6.696257e+00 6.315437e+00 7.111381e+00 4.723172e+00 5.495643e+00 3.848245e+00 4.657820e+00 2.605712e+00 -3.245084e-01 7.529476e-01 1.224274e+00 1.032258e+00 3.078779e-01 -1.001671e-01 -8.378058e-02 3.355381e-02 4.584156e-01 6.839247e-01 4.037465e-01 8.782702e-02 -2.725870e-05
<VARIANCE> 25
 1.025236e+01 1.394050e+01 2.348154e+01 2.563097e+01 2.022008e+01 1.942290e+01 2.011479e+01 2.035527e+01 2.141518e+01 2.127893e+01 2.409565e+01 1.636036e+01 1.209918e+00 1.244121e+00 1.358330e+00 1.673931e+00 2.284515e+00 2.375828e+00 2.301044e+00 2.274859e+00 2.315798e+00 2.237854e+00 2.085226e+00 1.873742e+00 1.000746e-06
<GCONST> 7.516641e+01
<MIXTURE> 6 5.475854e-03
<MEAN> 25
 9.700382e+00 -4.198445e-01 -6.689803e+00 -1.104249e+01 -2.117925e+00 6.732767e+00 -5.898570e+00 -5.295796e+00 -3.657528e+00 1.829784e+00 4.643657e+00 -1.254068e+00 4.850122e-01 8.963318e-01 -3.511822e-01 -1.468611e+00 -6.378134e-01 1.314868e+00 1.536535e+00 2.471298e-01 -1.219239e+00 -1.218158e+00 3.225255e-01 1.228176e+00 -8.168199e-03
<VARIANCE> 25
 8.976475e+00 1.708868e+01 2.396404e+01 3.914729e+01 3.677485e+01 3.065973e+01 4.407035e+01 3.806668e+01 4.074490e+01 3.946515e+01 4.209593e+01 2.842397e+01 3.115366e-01 8.571654e-01 9.453571e-01 1.977601e+00 1.606460e+00 2.015473e+00 1.918918e+00 2.052225e+00 2.399026e+00 1.963396e+00 2.246726e+00 1.439048e+00 5.858933e-04
<GCONST> 8.387838e+01
<MIXTURE> 7 5.475854e-03
<MEAN> 25
 9.700382e+00 -4.198445e-01 -6.689803e+00 -1.104249e+01 -2.117925e+00 6.732767e+00 -5.898570e+00 -5.295796e+00 -3.657528e+00 1.829784e+00 4.643657e+00 -1.254068e+00 4.850122e-01 8.963318e-01 -3.511822e-01 -1.468611e+00 -6.378134e-01 1.314868e+00 1.536535e+00 2.471298e-01 -1.219239e+00 -1.218158e+00 3.225255e-01 1.228176e+00 -8.168199e-03
<VARIANCE> 25
 8.976475e+00 1.708868e+01 2.396404e+01 3.914729e+01 3.677485e+01 3.065973e+01 4.407035e+01 3.806668e+01 4.074490e+01 3.946515e+01 4.209593e+01 2.842397e+01 3.115366e-01 8.571654e-01 9.453571e-01 1.977601e+00 1.606460e+00 2.015473e+00 1.918918e+00 2.052225e+00 2.399026e+00 1.963396e+00 2.246726e+00 1.439048e+00 5.858933e-04
<GCONST> 8.387838e+01
<MIXTURE> 8 1.165917e-02
<MEAN> 25
 -4.727710e+00 1.365026e+00 1.291344e+00 9.548286e+00 6.568483e+00 6.248954e+00 6.473296e+00 5.679891e+00 6.657355e+00 5.635651e+00 6.569894e+00 3.149861e+00 -6.296251e-01 -1.425879e+00 -1.068949e+00 -1.729400e+00 -2.305935e-01 -9.438941e-01 -1.786910e-01 -2.924038e-01 -2.500516e-01 -1.710303e-01 -2.128315e-01 8.107603e-02 9.884876e-02
<VARIANCE> 25
 9.337654e+00 9.843470e+00 1.160061e+01 1.615959e+01 1.666259e+01 1.572487e+01 1.815289e+01 1.756676e+01 1.702827e+01 1.737345e+01 1.886787e+01 1.399275e+01 2.754415e+00 2.812966e+00 3.908294e+00 3.761015e+00 3.453374e+00 3.315589e+00 3.126423e+00 3.086024e+00 2.878073e+00 2.662609e+00 2.432699e+00 1.900442e+00 6.676919e-03
<GCONST> 8.629885e+01
<MIXTURE> 9 1.199672e-02
<MEAN> 25
 9.300964e+00 3.394223e+00 -6.209095e+00 -1.067520e+01 -2.213322e+00 4.968279e+00 -2.208675e+00 -2.304214e+00 -5.394766e+00 -1.256753e+00 5.692292e-01 -1.040644e-02 1.441043e+00 -1.287544e-01 -4.912166e-01 -2.704613e+00 -1.646636e+00 8.551467e-01 -9.725366e-01 -2.307292e-01 -1.803698e-01 -5.768220e-01 6.149784e-01 -1.527262e-01 7.334526e-02
<VARIANCE> 25
 1.222592e+01 2.140504e+01 3.355770e+01 5.350909e+01 5.017375e+01 3.229317e+01 4.319853e+01 5.216637e+01 4.207816e+01 4.159381e+01 3.611711e+01 2.692251e+01 2.088326e+00 2.451250e+00 4.573450e+00 4.876376e+00 5.010275e+00 4.096092e+00 4.237405e+00 6.042033e+00 5.039302e+00 4.080314e+00 4.015743e+00 2.804561e+00 2.212670e-03
<GCONST> 9.879826e+01
<MIXTURE> 10 6.596976e-03
<MEAN> 25
 8.210059e-01 7.634367e+00 5.375957e+00 7.148989e+00 1.587359e+00 -2.115164e+00 -5.181956e-01 -1.685375e+00 8.743564e-01 8.599326e-01 8.390179e-01 6.573990e-01 -1.924940e+00 -6.733400e-01 -4.585977e-01 3.028214e+00 2.463276e+00 2.710474e+00 2.373911e+00 2.277892e+00 1.861639e+00 1.545136e+00 2.335875e+00 5.248725e-01 -1.381432e-01
<VARIANCE> 25
 1.954187e+01 2.068566e+01 2.230444e+01 2.906123e+01 3.831321e+01 3.494081e+01 3.514595e+01 3.384125e+01 2.761283e+01 2.904954e+01 2.695905e+01 2.501452e+01 2.234845e+00 3.426175e+00 5.535602e+00 5.169560e+00 5.552354e+00 4.469520e+00 4.699816e+00 4.843578e+00 4.388601e+00 5.021101e+00 4.442219e+00 3.191094e+00 2.696751e-03
<GCONST> 9.745956e+01
<MIXTURE> 11 1.633820e-02
<MEAN> 25
 7.006543e+00 3.612005e+00 3.144125e+00 4.522139e+00 -3.007394e+00 -1.714189e+00 -2.280114e+00 -6.178976e+00 -3.564550e+00 3.689381e-02 -2.734043e+00 -2.481465e+00 -2.916869e-01 6.974050e-01 8.742940e-02 2.225271e-01 6.061049e-01 -9.009757e-02 2.163686e-01 -2.167121e-01 -2.970981e-01 -1.107726e-01 -2.144924e-01 1.925678e-01 -2.027150e-02
<VARIANCE> 25
 1.392637e+01 2.523282e+01 1.885284e+01 3.058809e+01 3.529848e+01 3.605365e+01 4.313317e+01 3.987500e+01 3.868087e+01 3.139792e+01 3.230122e+01 2.652282e+01 8.605723e-01 1.399583e+00 1.623061e+00 1.989453e+00 1.985877e+00 1.983658e+00 1.936669e+00 2.727668e+00 2.162702e+00 1.811950e+00 1.742650e+00 1.540140e+00 1.033917e-03
<GCONST> 8.649248e+01
<MIXTURE> 12 5.904134e-03
<MEAN> 25
 1.076539e+01 3.743687e+00 -4.502503e+00 -1.599350e+01 -8.696111e+00 8.642727e+00 -8.968495e-01 -1.922027e+00 -1.723039e+00 -4.886514e+00 1.774678e+00 7.165624e-01 6.774612e-02 2.937696e-01 7.963467e-02 -3.682775e-01 -3.103090e-01 2.955054e-02 3.055272e-01 4.478052e-01 1.410481e-01 -3.847045e-01 -3.856039e-01 5.392549e-02 -6.302724e-03
<VARIANCE> 25
 8.884739e+00 2.100183e+01 2.335668e+01 3.503630e+01 4.206346e+01 3.095861e+01 4.179726e+01 4.898167e+01 4.406347e+01 3.738907e+01 3.799781e+01 2.892781e+01 2.468025e-01 6.883349e-01 6.860536e-01 1.169900e+00 1.186453e+00 1.053861e+00 1.171042e+00 1.386179e+00 1.240563e+00 1.222256e+00 1.221478e+00 9.564542e-01 5.786457e-04
<GCONST> 7.892090e+01
<MIXTURE> 13 5.904134e-03
<MEAN> 25
 1.076539e+01 3.743687e+00 -4.502503e+00 -1.599350e+01 -8.696111e+00 8.642727e+00 -8.968495e-01 -1.922027e+00 -1.723039e+00 -4.886514e+00 1.774678e+00 7.165624e-01 6.774612e-02 2.937696e-01 7.963467e-02 -3.682775e-01 -3.103090e-01 2.955054e-02 3.055272e-01 4.478052e-01 1.410481e-01 -3.847045e-01 -3.856039e-01 5.392549e-02 -6.302724e-03
<VARIANCE> 25
 8.884739e+00 2.100183e+01 2.335668e+01 3.503630e+01 4.206346e+01 3.095861e+01 4.179726e+01 4.898167e+01 4.406347e+01 3.738907e+01 3.799781e+01 2.892781e+01 2.468025e-01 6.883349e-01 6.860536e-01 1.169900e+00 1.186453e+00 1.053861e+00 1.171042e+00 1.386179e+00 1.240563e+00 1.222256e+00 1.221478e+00 9.564542e-01 5.786457e-04
<GCONST> 7.892090e+01
<MIXTURE> 14 6.488954e-03
<MEAN> 25
 -4.309343e+00 -3.765422e-01 -3.118876e-01 8.891570e+00 7.502737e+00 7.369690e+00 7.822355e+00 7.315586e+00 7.246527e+00 5.226174e+00 6.862237e+00 4.098627e+00 -2.734156e-01 1.938515e-01 3.659727e-01 3.109892e-01 7.469506e-03 6.072748e-02 9.551999e-02 1.754777e-01 2.965187e-01 5.394104e-01 5.084429e-01 7.648702e-02 -9.269074e-03
<VARIANCE> 25
 9.309606e+00 1.384315e+01 1.859299e+01 1.797661e+01 2.093443e+01 1.959951e+01 2.150279e+01 2.065649e+01 2.005551e+01 2.386848e+01 2.134936e+01 1.596183e+01 9.606624e-01 1.638619e+00 1.770806e+00 1.934687e+00 2.242645e+00 2.256103e+00 2.254203e+00 2.241529e+00 2.283217e+00 2.508351e+00 2.195606e+00 1.810324e+00 1.030221e-03
<GCONST> 8.190656e+01
<MIXTURE> 15 2.475190e-03
<MEAN> 25
 -5.410306e+00 -6.448582e-01 -2.037944e-01 7.346208e+00 5.708354e+00 5.694684e+00 6.054649e+00 4.972939e+00 5.157056e+00 4.157706e+00 5.491868e+00 2.527648e+00 -1.204596e-01 -2.908401e-02 7.386740e-02 2.418707e-01 4.901973e-01 7.866494e-01 1.071677e+00 1.180756e+00 1.058491e+00 7.549798e-01 4.205430e-01 1.540078e-01 -5.570320e-05
<VARIANCE> 25
 7.039114e+00 5.600462e+00 9.022198e+00 1.297509e+01 1.409509e+01 1.428819e+01 1.490759e+01 1.488108e+01 1.410126e+01 1.416533e+01 1.512022e+01 1.256819e+01 1.247920e-01 2.064236e-01 3.206064e-01 5.052189e-01 6.988894e-01 7.928628e-01 7.632951e-01 7.919348e-01 9.084023e-01 1.023687e+00 1.071350e+00 1.040106e+00 2.825854e-05
<GCONST> 5.862392e+01
<MIXTURE> 16 2.475190e-03
<MEAN> 25
 -5.410306e+00 -6.448582e-01 -2.037944e-01 7.346208e+00 5.708354e+00 5.694684e+00 6.054649e+00 4.972939e+00 5.157056e+00 4.157706e+00 5.491868e+00 2.527648e+00 -1.204596e-01 -2.908401e-02 7.386740e-02 2.418707e-01 4.901973e-01 7.866494e-01 1.071677e+00 1.180756e+00 1.058491e+00 7.549798e-01 4.205430e-01 1.540078e-01 -5.570320e-05
<VARIANCE> 25
 7.039114e+00 5.600462e+00 9.022198e+00 1.297509e+01 1.409509e+01 1.428819e+01 1.490759e+01 1.488108e+01 1.410126e+01 1.416533e+01 1.512022e+01 1.256819e+01 1.247920e-01 2.064236e-01 3.206064e-01 5.052189e-01 6.988894e-01 7.928628e-01 7.632951e-01 7.919348e-01 9.084023e-01 1.023687e+00 1.071350e+00 1.040106e+00 2.825854e-05
<GCONST> 5.862392e+01
<MIXTURE> 17 9.518312e-03
<MEAN> 25
 3.570192e+00 -7.493867e-01 6.162751e+00 2.278006e+00 -5.730739e+00 -6.188418e+00 -3.110333e+00 -1.356345e-01 -2.502385e+00 -3.119526e+00 6.240039e-02 -1.179497e-01 -7.345561e-01 -1.238369e+00 1.313232e+00 -2.049129e+00 -2.305857e+00 -2.008771e-01 1.005163e-01 7.364077e-01 -2.868261e-01 -1.041007e-01 9.926740e-01 3.035774e-01 8.106709e-02
<VARIANCE> 25
 1.645878e+01 3.019031e+01 2.986807e+01 3.880764e+01 4.455545e+01 4.750908e+01 4.030320e+01 3.383889e+01 3.534111e+01 2.637659e+01 2.691557e+01 2.734325e+01 1.784036e+00 2.771739e+00 3.844304e+00 3.065870e+00 4.098196e+00 5.249971e+00 4.873397e+00 4.515919e+00 3.992390e+00 4.051767e+00 2.953362e+00 2.797631e+00 2.063637e-03
<GCONST> 9.646254e+01
<MIXTURE> 18 1.221018e-02
<MEAN> 25
 3.947421e+00 4.597228e+00 6.702174e+00 4.712803e+00 -4.595636e+00 -8.293526e+00 -1.730718e+00 -1.186171e+00 -3.375779e+00 -2.450939e+00 -8.883618e-01 5.491335e-01 -7.617233e-01 2.165112e+00 -2.053328e-01 2.020496e+00 3.113305e+00 1.477805e+00 8.018346e-01 -2.198248e-01 6.050655e-01 5.133576e-01 -2.931240e-01 -5.766481e-02 -1.235914e-01
<VARIANCE> 25
 1.601213e+01 2.529626e+01 3.304644e+01 2.617058e+01 3.988721e+01 3.423817e+01 3.849489e+01 3.497930e+01 3.899445e+01 3.434846e+01 3.236830e+01 3.095434e+01 2.548878e+00 3.021409e+00 4.716077e+00 4.052523e+00 4.072502e+00 4.654282e+00 4.632089e+00 4.445959e+00 4.500441e+00 4.299014e+00 4.547802e+00 3.610717e+00 4.104013e-03
<GCONST> 9.847189e+01
<MIXTURE> 19 9.912824e-03
<MEAN> 25
 -9.705266e+00 1.810226e+00 4.876449e-01 7.058452e-01 3.837897e+00 1.256313e+00 3.166243e+00 1.602831e+00 2.076357e+00 1.176347e+00 1.036616e+00 1.553720e+00 1.941376e+00 1.715958e+00 2.152025e+00 6.755425e-01 -9.398798e-01 -1.031726e+00 -1.078978e+00 -1.373467e+00 -1.550310e+00 -1.149108e+00 -7.671521e-01 -8.257342e-01 3.147245e-03
<VARIANCE> 25
 5.448642e+01 2.874750e+01 4.655299e+01 5.365811e+01 3.261076e+01 3.345698e+01 3.087903e+01 3.329342e+01 2.734959e+01 2.577769e+01 2.906960e+01 2.349430e+01 2.695628e+00 2.128047e+00 2.096708e+00 2.338924e+00 2.719557e+00 2.136976e+00 2.348403e+00 2.321007e+00 2.072112e+00 1.951905e+00 2.228436e+00 1.708136e+00 2.354116e-03
<GCONST> 9.161664e+01
<MIXTURE> 20 6.308331e-03
<MEAN> 25
 -1.418096e+01 7.416021e+00 8.452096e-01 6.152038e+00 4.843322e+00 1.637049e+00 5.209151e+00 8.537185e-01 9.223602e-01 7.988626e-01 2.568503e+00 -3.024167e-01 -3.285834e+00 -8.668625e-01 -1.565100e+00 3.325732e-01 1.541019e+00 2.063096e+00 1.979179e+00 2.056091e+00 2.144607e+00 2.040279e+00 1.684743e+00 9.453029e-01 4.732103e-02
<VARIANCE> 25
 1.966945e+01 2.345561e+01 3.095952e+01 3.717666e+01 3.085032e+01 2.788937e+01 2.993233e+01 3.147439e+01 2.796329e+01 2.821368e+01 2.515912e+01 2.091708e+01 2.092307e+00 2.182213e+00 1.910019e+00 2.541275e+00 2.702664e+00 2.313076e+00 2.310156e+00 2.320447e+00 2.235360e+00 2.652187e+00 2.241371e+00 1.865614e+00 1.886361e-03
<GCONST> 8.921909e+01
<MIXTURE> 21 7.928653e-03
<MEAN> 25
 3.885678e+00 -4.398495e+00 5.700313e+00 -1.645070e+00 -1.033580e+01 -8.643214e+00 -2.605807e+00 4.250817e+00 -2.033267e+00 -3.323851e+00 1.927348e-01 1.668084e-01 -7.245896e-01 1.332435e+00 2.577455e+00 -6.508227e-02 -1.488260e+00 2.995147e-01 5.384750e-01 -1.464821e+00 -1.966011e+00 2.867269e-01 1.298382e+00 2.056912e-01 -1.158179e-02
<VARIANCE> 25
 9.260450e+00 1.901610e+01 2.925827e+01 2.819514e+01 3.032138e+01 3.270621e+01 4.192828e+01 3.947906e+01 4.229423e+01 3.116632e+01 3.318040e+01 2.402373e+01 3.698426e-01 9.315457e-01 1.825919e+00 1.276545e+00 2.328804e+00 2.195599e+00 3.657601e+00 2.500602e+00 2.125407e+00 2.570021e+00 2.008047e+00 2.300337e+00 4.794243e-04
<GCONST> 8.522040e+01
<MIXTURE> 22 8.827789e-03
<MEAN> 25
 -1.792091e+01 7.154785e+00 -4.131347e+00 7.392482e+00 4.602546e+00 2.761039e+00 8.399819e+00 1.748462e+00 5.379299e+00 3.301012e+00 5.716434e+00 1.185148e+00 -3.095726e-01 -2.075880e-01 -1.255633e-01 -1.492641e-01 -7.208806e-03 1.369678e-01 1.807591e-01 1.779423e-01 2.484757e-01 2.073076e-01 1.726615e-01 1.924446e-01 8.857626e-03
<VARIANCE> 25
 8.116920e+00 1.682541e+01 1.738343e+01 2.517213e+01 2.289636e+01 2.083704e+01 1.943101e+01 1.871084e+01 1.813996e+01 2.086667e+01 1.924184e+01 1.378720e+01 1.090756e+00 1.357369e+00 1.363971e+00 1.572030e+00 1.408815e+00 1.526971e+00 1.508942e+00 1.532825e+00 1.614233e+00 1.544764e+00 1.357418e+00 1.168007e+00 1.745583e-03
<GCONST> 7.830949e+01
<MIXTURE> 23 6.455497e-03
<MEAN> 25
 7.321566e+00 2.445019e+00 2.739985e+00 2.147052e+00 -4.617253e+00 -3.006305e+00 -4.067105e+00 -6.171001e+00 -3.401535e+00 -1.009271e+00 -3.846088e+00 -2.171835e+00 4.114966e-02 1.804546e-01 -6.386004e-03 5.422208e-02 -3.275746e-02 2.921751e-02 -2.353773e-02 -2.874012e-02 3.325275e-02 5.083985e-02 2.643533e-02 3.774359e-02 -4.466897e-03
<VARIANCE> 25
 1.338340e+01 2.059109e+01 2.350790e+01 3.813609e+01 3.604948e+01 5.004459e+01 5.497977e+01 5.252733e+01 4.502278e+01 4.341545e+01 4.551127e+01 3.727072e+01 1.209821e-01 3.024575e-01 3.770434e-01 4.927118e-01 6.136109e-01 6.939319e-01 7.960935e-01 9.139841e-01 9.197180e-01 8.861691e-01 8.620449e-01 7.136999e-01 8.777797e-05
<GCONST> 7.265067e+01
<MIXTURE> 24 6.455497e-03
<MEAN> 25
 7.321566e+00 2.445019e+00 2.739985e+00 2.147052e+00 -4.617253e+00 -3.006305e+00 -4.067105e+00 -6.171001e+00 -3.401535e+00 -1.009271e+00 -3.846088e+00 -2.171835e+00 4.114966e-02 1.804546e-01 -6.386004e-03 5.422208e-02 -3.275746e-02 2.921751e-02 -2.353773e-02 -2.874012e-02 3.325275e-02 5.083985e-02 2.643533e-02 3.774359e-02 -4.466897e-03
<VARIANCE> 25
 1.338340e+01 2.059109e+01 2.350790e+01 3.813609e+01 3.604948e+01 5.004459e+01 5.497977e+01 5.252733e+01 4.502278e+01 4.341545e+01 4.551127e+01 3.727072e+01 1.209821e-01 3.024575e-01 3.770434e-01 4.927118e-01 6.136109e-01 6.939319e-01 7.960935e-01 9.139841e-01 9.197180e-01 8.861691e-01 8.620449e-01 7.136999e-01 8.777797e-05
<GCONST> 7.265067e+01
<MIXTURE> 25 1.118642e-02
<MEAN> 25
 1.973274e-01 3.479014e+00 1.651468e+01 -1.134609e+00 -1.097323e+01 -1.868324e+00 -5.059261e+00 -2.821909e+00 -7.009280e+00 -5.453302e+00 4.035376e+00 -1.709184e+00 -1.550395e-01 4.497622e-01 1.984352e-01 1.468337e-01 2.462550e-01 1.018888e-01 1.492797e-01 -1.807632e-01 -2.984580e-01 3.328208e-02 -3.989859e-02 -9.437179e-02 -1.176003e-02
<VARIANCE> 25
 8.999601e+00 2.168781e+01 2.318640e+01 2.833892e+01 3.570993e+01 4.051677e+01 2.687249e+01 2.986009e+01 2.792731e+01 3.574820e+01 2.061203e+01 2.707983e+01 5.966934e-01 1.413857e+00 1.406687e+00 1.350913e+00 2.253590e+00 1.989715e+00 1.778483e+00 1.596559e+00 1.597824e+00 1.676911e+00 1.359758e+00 1.273389e+00 1.304510e-03
<GCONST> 8.281296e+01
<MIXTURE> 26 7.727677e-03
<MEAN> 25
 2.173287e+00 -6.427869e+00 -1.035249e+01 -7.015843e-01 7.976555e+00 5.478956e+00 4.048228e+00 -2.925896e-01 2.254903e+00 -9.604434e-01 -2.905350e+00 -1.000808e+00 -6.536967e-01 6.329409e-01 3.635771e-01 6.943834e-01 1.812505e-01 2.410079e-01 2.871337e-01 3.320187e-01 2.847812e-01 8.236461e-02 3.838478e-01 4.272278e-01 -5.272916e-02
<VARIANCE> 25
 2.502338e+01 3.402334e+01 2.604345e+01 6.213257e+01 3.907343e+01 4.232586e+01 4.603514e+01 4.392196e+01 3.931439e+01 5.422873e+01 3.997381e+01 4.661817e+01 1.644926e+00 1.961660e+00 1.927040e+00 1.999049e+00 2.324420e+00 2.362054e+00 2.512883e+00 2.738821e+00 2.335128e+00 2.336332e+00 2.159570e+00 1.998815e+00 3.315142e-03
<GCONST> 9.390247e+01
<MIXTURE> 27 7.727677e-03
<MEAN> 25
 2.173287e+00 -6.427869e+00 -1.035249e+01 -7.015843e-01 7.976555e+00 5.478956e+00 4.048228e+00 -2.925896e-01 2.254903e+00 -9.604434e-01 -2.905350e+00 -1.000808e+00 -6.536967e-01 6.329409e-01 3.635771e-01 6.943834e-01 1.812505e-01 2.410079e-01 2.871337e-01 3.320187e-01 2.847812e-01 8.236461e-02 3.838478e-01 4.272278e-01 -5.272916e-02
<VARIANCE> 25
 2.502338e+01 3.402334e+01 2.604345e+01 6.213257e+01 3.907343e+01 4.232586e+01 4.603514e+01 4.392196e+01 3.931439e+01 5.422873e+01 3.997381e+01 4.661817e+01 1.644926e+00 1.961660e+00 1.927040e+00 1.999049e+00 2.324420e+00 2.362054e+00 2.512883e+00 2.738821e+00 2.335128e+00 2.336332e+00 2.159570e+00 1.998815e+00 3.315142e-03
<GCONST> 9.390247e+01
<MIXTURE> 28 5.036674e-03
<MEAN> 25
 -5.417405e+00 1.532590e-02 -1.556595e+00 6.583912e+00 5.211354e+00 3.497787e+00 5.396784e+00 3.112341e+00 3.905807e+00 2.386008e+00 2.624506e+00 3.193037e+00 -1.143027e-01 2.209032e-01 5.260201e-01 7.831983e-01 8.197396e-01 6.990851e-01 5.224091e-01 3.905442e-01 4.457882e-01 4.846566e-01 3.683943e-01 1.892456e-01 -6.487668e-06
<VARIANCE> 25
 1.056984e+01 8.312479e+00 1.213052e+01 1.493630e+01 1.471086e+01 1.771515e+01 1.802769e+01 1.900626e+01 1.716262e+01 1.679764e+01 2.054518e+01 1.508888e+01 2.558427e-01 3.379597e-01 4.088126e-01 4.631677e-01 6.208436e-01 8.467648e-01 1.052242e+00 1.143829e+00 1.103677e+00 1.030985e+00 1.032900e+00 1.062356e+00 1.006008e-06
<GCONST> 6.026506e+01
<MIXTURE> 29 5.036674e-03
<MEAN> 25
 -5.417405e+00 1.532590e-02 -1.556595e+00 6.583912e+00 5.211354e+00 3.497787e+00 5.396784e+00 3.112341e+00 3.905807e+00 2.386008e+00 2.624506e+00 3.193037e+00 -1.143027e-01 2.209032e-01 5.260201e-01 7.831983e-01 8.197396e-01 6.990851e-01 5.224091e-01 3.905442e-01 4.457882e-01 4.846566e-01 3.683943e-01 1.892456e-01 -6.487668e-06
<VARIANCE> 25
 1.056984e+01 8.312479e+00 1.213052e+01 1.493630e+01 1.471086e+01 1.771515e+01 1.802769e+01 1.900626e+01 1.716262e+01 1.679764e+01 2.054518e+01 1.508888e+01 2.558427e-01 3.379597e-01 4.088126e-01 4.631677e-01 6.208436e-01 8.467648e-01 1.052242e+00 1.143829e+00 1.103677e+00 1.030985e+00 1.032900e+00 1.062356e+00 1.006008e-06
<GCONST> 6.026506e+01
<MIXTURE> 30 8.917812e-03
<MEAN> 25
 -4.458161e+00 -1.934458e-01 6.380321e-01 9.026549e+00 7.744593e+00 7.484068e+00 7.567637e+00 6.843446e+00 6.519532e+00 4.893243e+00 6.983241e+00 3.487413e+00 -2.203248e-02 3.314530e-02 5.786368e-02 8.658158e-02 8.267547e-02 4.867050e-02 1.517357e-02 -6.832894e-03 1.510719e-02 4.973498e-02 7.383797e-02 4.038049e-02 -4.481688e-04
<VARIANCE> 25
 7.047138e+00 9.801399e+00 1.040290e+01 1.412098e+01 1.576683e+01 1.639236e+01 1.903420e+01 1.821810e+01 1.618538e+01 1.830713e+01 2.124388e+01 1.432421e+01 9.794248e-02 1.993739e-01 3.233182e-01 4.816464e-01 6.158531e-01 7.212930e-01 7.701041e-01 8.088254e-01 8.717823e-01 9.388729e-01 9.419965e-01 8.619394e-01 5.233451e-05
<GCONST> 6.063766e+01
<MIXTURE> 31 4.136493e-03
<MEAN> 25
 -3.054500e+00 -5.391970e+00 8.178750e-02 4.617461e+00 3.605346e+00 1.483195e+00 4.690767e+00 6.228444e+00 2.619955e+00 9.072222e-01 6.137239e+00 3.257044e+00 2.438079e-01 4.779558e-01 -1.781263e-01 2.478639e-01 1.223134e-01 4.546629e-01 1.280818e-01 -1.133412e-02 3.183548e-01 3.664734e-01 2.892617e-02 3.646905e-02 -1.779077e-02
<VARIANCE> 25
 6.970353e+00 1.492200e+01 1.576164e+01 1.739533e+01 2.362447e+01 2.208164e+01 2.387141e+01 2.433347e+01 2.394457e+01 2.792632e+01 1.978278e+01 1.821105e+01 1.791747e-01 4.717192e-01 5.856913e-01 7.993372e-01 9.545549e-01 1.039774e+00 1.153720e+00 1.318219e+00 1.309247e+00 1.254046e+00 1.261066e+00 1.115476e+00 2.666883e-04
<GCONST> 7.100862e+01
<MIXTURE> 32 4.136493e-03
<MEAN> 25
 -3.054500e+00 -5.391970e+00 8.178750e-02 4.617461e+00 3.605346e+00 1.483195e+00 4.690767e+00 6.228444e+00 2.619955e+00 9.072222e-01 6.137239e+00 3.257044e+00 2.438079e-01 4.779558e-01 -1.781263e-01 2.478639e-01 1.223134e-01 4.546629e-01 1.280818e-01 -1.133412e-02 3.183548e-01 3.664734e-01 2.892617e-02 3.646905e-02 -1.779077e-02
<VARIANCE> 25
 6.970353e+00 1.492200e+01 1.576164e+01 1.739533e+01 2.362447e+01 2.208164e+01 2.387141e+01 2.433347e+01 2.394457e+01 2.792632e+01 1.978278e+01 1.821105e+01 1.791747e-01 4.717192e-01 5.856913e-01 7.993372e-01 9.545549e-01 1.039774e+00 1.153720e+00 1.318219e+00 1.309247e+00 1.254046e+00 1.261066e+00 1.115476e+00 2.666883e-04
<GCONST> 7.100862e+01
<MIXTURE> 33 1.508826e-02
<MEAN> 25
 6.574621e+00 -4.014977e+00 -2.208968e+00 -2.627125e+00 -1.966900e+00 -5.614185e+00 -7.265866e+00 1.734778e+00 2.314908e+00 -4.566767e-01 -4.703336e+00 -3.003622e+00 6.528935e-01 -1.170725e+00 -2.436102e+00 -1.864731e+00 1.456607e+00 1.415032e+00 -7.521331e-01 6.579795e-01 1.017936e+00 5.595063e-01 -3.051725e-01 -1.334552e+00 3.762073e-02
<VARIANCE> 25
 1.000134e+01 2.114182e+01 2.899162e+01 3.608274e+01 4.055531e+01 4.399646e+01 4.305154e+01 4.663553e+01 4.046661e+01 4.377390e+01 3.491282e+01 2.837288e+01 1.158575e+00 1.949385e+00 2.212881e+00 2.195554e+00 4.218272e+00 3.439213e+00 4.315291e+00 5.620272e+00 3.791182e+00 4.402338e+00 3.376430e+00 2.599659e+00 1.478979e-03
<GCONST> 9.445233e+01
<MIXTURE> 34 1.588179e-02
<MEAN> 25
 8.870933e+00 4.374465e-02 1.232830e-01 1.202236e+00 -2.931995e+00 -1.478520e+00 -6.090729e+00 -4.684640e+00 -1.830965e+00 1.389784e-01 -2.645206e+00 -3.711524e+00 -2.375321e-02 1.361158e+00 1.449130e+00 2.373222e+00 -1.866248e-02 -1.488809e-01 7.879129e-01 -1.644247e+00 -9.122534e-01 2.498890e-01 -5.603374e-01 2.477365e-01 -6.246956e-02
<VARIANCE> 25
 7.925766e+00 3.080066e+01 2.918547e+01 4.948118e+01 4.201370e+01 4.922404e+01 5.490841e+01 5.619044e+01 5.224108e+01 4.289714e+01 4.791382e+01 3.126398e+01 1.257141e+00 1.988755e+00 4.296545e+00 4.073442e+00 5.636559e+00 5.782578e+00 5.461894e+00 6.109060e+00 5.165578e+00 4.944093e+00 4.980717e+00 3.846228e+00 1.145857e-03
<GCONST> 9.960680e+01
<MIXTURE> 35 1.467755e-02
<MEAN> 25
 -2.153711e+00 -5.226249e+00 -9.946026e+00 2.110536e-01 9.676479e+00 7.904373e-01 1.596159e+00 2.532092e+00 1.481435e+00 4.582940e+00 5.162638e-02 1.868312e+00 5.443563e-01 -1.118496e+00 -1.418400e+00 -1.383078e+00 4.066239e-01 -7.961171e-01 -6.840103e-01 -1.371825e-01 -1.568446e-01 1.696984e-01 -6.484450e-01 -4.989747e-01 1.075438e-01
<VARIANCE> 25
 1.952481e+01 2.954821e+01 4.371519e+01 6.223878e+01 4.232075e+01 5.732236e+01 5.088100e+01 4.366121e+01 5.027668e+01 3.846398e+01 3.647610e+01 3.096826e+01 3.457252e+00 3.570973e+00 6.788682e+00 5.544028e+00 5.213946e+00 5.567372e+00 4.909235e+00 4.747395e+00 5.059859e+00 4.523129e+00 4.068490e+00 3.787156e+00 5.292702e-03
<GCONST> 1.035924e+02
<MIXTURE> 36 1.093293e-02
<MEAN> 25
 4.745878e+00 -3.568496e+00 6.618166e+00 2.557238e+00 -9.717659e+00 -8.458128e+00 -5.998982e+00 2.826169e+00 -1.880047e+00 -4.210172e+00 2.597549e+00 -4.469939e-01 3.553339e-01 1.921395e-01 -9.006686e-01 -2.102941e-03 8.582999e-01 5.280596e-02 -4.131946e-01 1.771439e-02 3.047896e-01 5.037854e-01 -4.502549e-01 -3.634249e-01 -1.572419e-02
<VARIANCE> 25
 1.021355e+01 1.695902e+01 2.312329e+01 2.659464e+01 3.175931e+01 3.266365e+01 4.405403e+01 3.387365e+01 3.753917e+01 3.274103e+01 2.707466e+01 2.687832e+01 4.431970e-01 7.528120e-01 1.431962e+00 1.184687e+00 1.584107e+00 1.575700e+00 2.085213e+00 1.842663e+00 2.314312e+00 1.752404e+00 1.423274e+00 1.390896e+00 7.000772e-04
<GCONST> 8.198975e+01
<MIXTURE> 37 1.246826e-02
<MEAN> 25
 5.456888e-01 7.770820e+00 1.205340e+01 -5.553106e+00 -8.028362e+00 -1.052048e+00 -5.079502e+00 -8.322481e+00 -3.710091e+00 -9.072223e-01 -3.669560e+00 -1.292940e+00 1.824293e-01 6.475688e-01 -1.353764e+00 3.582419e+00 1.987802e+00 -3.007109e-01 1.090937e+00 4.358051e-01 5.272723e-01 -3.235192e-01 5.371177e-01 -9.739091e-02 -9.492477e-02
<VARIANCE> 25
 1.592740e+01 2.600376e+01 3.087823e+01 5.100238e+01 3.394385e+01 3.200806e+01 4.397055e+01 3.505148e+01 3.860662e+01 3.595820e+01 3.773990e+01 3.088203e+01 2.955529e+00 3.416071e+00 3.017526e+00 4.095590e+00 4.616645e+00 3.751653e+00 4.207221e+00 3.811120e+00 3.450258e+00 3.620591e+00 3.869370e+00 2.791268e+00 3.927741e-03
<GCONST> 9.778094e+01
<MIXTURE> 38 1.154525e-02
<MEAN> 25
 -4.475136e+00 8.971097e+00 4.601053e+00 3.226683e+00 8.470069e-01 -5.219853e+00 -6.100449e-01 -2.740486e+00 -2.857771e+00 -3.103236e+00 -1.490726e+00 -5.441479e-01 -4.516163e+00 1.251596e+00 -3.104363e-01 1.453834e+00 2.562519e+00 1.391595e+00 2.049336e+00 9.523355e-01 7.845440e-01 6.373252e-01 1.004905e+00 3.255844e-01 4.856370e-02
<VARIANCE> 25
 3.138455e+01 2.957024e+01 3.899544e+01 3.303548e+01 4.883596e+01 3.557259e+01 3.636202e+01 4.166584e+01 3.488305e+01 3.249697e+01 2.427797e+01 2.872670e+01 2.360642e+00 3.939229e+00 3.909050e+00 5.161832e+00 4.246017e+00 5.019427e+00 4.786399e+00 4.643893e+00 4.449325e+00 4.939216e+00 4.387373e+00 3.262376e+00 2.048101e-03
<GCONST> 9.926027e+01
<MIXTURE> 39 9.501865e-03
<MEAN> 25
 1.231266e+00 2.499697e+00 9.721346e+00 -8.939480e+00 -1.075104e+01 -1.198532e+00 -2.969679e+00 -6.088359e+00 -4.481373e+00 7.522727e-01 -3.636061e+00 -2.421656e+00 -7.382283e-01 1.490350e+00 1.651393e+00 -1.355718e+00 1.137954e-01 1.086958e+00 -1.204606e+00 -1.168030e+00 3.226050e-01 4.087240e-01 -4.770921e-01 4.850807e-02 2.992898e-03
<VARIANCE> 25
 8.671431e+00 2.870477e+01 3.407008e+01 3.755007e+01 4.008235e+01 4.125798e+01 4.215385e+01 3.675511e+01 3.797545e+01 3.188430e+01 3.449315e+01 2.841448e+01 6.568055e-01 1.487547e+00 1.486205e+00 2.790484e+00 2.320994e+00 2.995317e+00 2.900387e+00 2.760002e+00 2.558896e+00 2.558388e+00 2.041440e+00 2.107237e+00 1.189861e-03
<GCONST> 8.938361e+01
<MIXTURE> 40 1.030800e-02
<MEAN> 25
 -8.500861e+00 2.071456e+00 -1.019745e+00 7.533622e+00 3.533765e+00 5.247089e+00 5.070490e+00 3.992288e+00 4.359432e+00 4.093661e+00 5.512181e+00 1.643396e+00 -7.795152e-02 -2.165356e-01 -2.266011e-02 -2.108607e-01 -1.236514e-01 -1.248191e-01 1.338141e-02 6.807398e-02 1.106107e-02 -3.038564e-02 8.764294e-02 3.555986e-02 3.837780e-03
<VARIANCE> 25
 4.583610e+01 1.926081e+01 2.731740e+01 2.957587e+01 2.516215e+01 1.859330e+01 1.899467e+01 1.817863e+01 1.701455e+01 1.798086e+01 1.811445e+01 1.404098e+01 6.906224e-01 7.342531e-01 8.807681e-01 1.100972e+00 1.131559e+00 1.259076e+00 1.310900e+00 1.268820e+00 1.231168e+00 1.242835e+00 1.222247e+00 1.032952e+00 8.108176e-04
<GCONST> 7.637312e+01
<MIXTURE> 41 6.713375e-03
<MEAN> 25
 1.302406e+00 1.778279e+00 1.044228e+01 -6.945909e+00 -1.044411e+01 -3.857813e+00 -2.487904e+00 -5.024390e+00 -4.643192e+00 2.653291e+00 -1.745815e+00 -9.594880e-01 7.580144e-02 -7.588945e-01 1.698307e+00 -3.548965e+00 -2.453619e+00 -1.177379e-01 -5.099831e-01 -3.537640e-01 -8.280688e-01 1.085218e+00 -1.042225e+00 7.598018e-02 8.615585e-02
<VARIANCE> 25
 1.166448e+01 2.956843e+01 3.282803e+01 4.000782e+01 3.878128e+01 4.003276e+01 3.700781e+01 2.991070e+01 3.309893e+01 2.871625e+01 3.176670e+01 2.713291e+01 3.169613e+00 3.311552e+00 3.813880e+00 3.811606e+00 4.909194e+00 5.860262e+00 4.701643e+00 4.546995e+00 3.966037e+00 4.211602e+00 3.823567e+00 3.226046e+00 2.925670e-03
<GCONST> 9.788689e+01
<MIXTURE> 42 1.106211e-02
<MEAN> 25
 -1.916242e+00 4.535555e+00 4.649326e+00 2.875778e+00 1.855832e-01 -6.270433e+00 -1.009417e+00 -1.873027e+00 -1.485217e+00 -1.219598e+00 -2.270740e+00 1.258332e+00 4.162287e+00 -3.618343e-01 1.523938e+00 1.949783e-01 -2.957994e+00 -1.151966e+00 -2.253530e+00 -8.113938e-01 -7.830037e-01 -7.195305e-01 5.309377e-01 -1.062929e+00 9.910285e-03
<VARIANCE> 25
 3.609765e+01 2.125792e+01 4.651238e+01 2.609765e+01 3.913638e+01 3.900734e+01 3.706356e+01 2.714598e+01 2.868971e+01 2.747542e+01 2.005332e+01 1.784023e+01 3.624494e+00 4.902030e+00 6.120392e+00 4.762472e+00 4.633769e+00 5.983467e+00 5.060329e+00 5.275215e+00 4.959296e+00 4.879967e+00 4.212448e+00 3.400434e+00 4.461919e-03
<GCONST> 9.977853e+01
<MIXTURE> 43 7.108249e-03
<MEAN> 25
 3.136955e+00 -6.257598e+00 -2.228775e+00 -5.156759e+00 -7.344028e+00 -3.384161e+00 4.076868e+00 1.279483e+00 -5.057741e+00 -7.052123e+00 -4.326195e+00 -1.260083e+00 2.299086e-01 2.158384e+00 1.901675e+00 -1.370551e-01 -1.410827e+00 -7.943367e-01 -9.661034e-01 -7.742117e-01 8.134372e-01 1.459294e+00 3.386523e-01 2.286471e-02 -4.475896e-02
<VARIANCE> 25
 9.608092e+00 1.981213e+01 2.716139e+01 3.502528e+01 3.842775e+01 3.640536e+01 3.344426e+01 3.967491e+01 3.932435e+01 3.854898e+01 2.635042e+01 2.939229e+01 6.919799e-01 1.245593e+00 1.585939e+00 2.470828e+00 2.399110e+00 2.368269e+00 2.637255e+00 3.009216e+00 2.606517e+00 2.584845e+00 2.316723e+00 1.918246e+00 9.613931e-04
<GCONST> 8.794173e+01
<MIXTURE> 44 7.328289e-03
<MEAN> 25
 -1.442220e+01 1.483801e+00 3.424273e+00 -3.198008e+00 3.074318e+00 1.909796e+00 -1.686688e-01 2.237113e+00 1.473918e+00 -6.444992e-01 1.720607e+00 1.858035e+00 -1.619245e-01 -2.716483e-02 1.772655e-01 2.876160e-01 -7.480397e-02 1.971647e-01 4.060732e-01 7.018080e-02 2.494305e-01 1.371375e-01 4.404245e-02 8.533375e-02 5.079073e-03
<VARIANCE> 25
 5.112595e+01 2.662713e+01 3.318217e+01 2.861890e+01 2.918769e+01 2.921546e+01 2.418694e+01 3.222656e+01 2.739435e+01 2.701675e+01 2.599042e+01 1.929233e+01 1.159891e+00 1.547559e+00 1.355527e+00 1.317125e+00 2.118988e+00 1.627211e+00 1.512748e+00 1.679163e+00 1.639755e+00 1.623722e+00 1.373081e+00 1.182707e+00 1.253490e-03
<GCONST> 8.436749e+01
<MIXTURE> 45 1.364932e-02
<MEAN> 25
 -1.240285e+01 3.421214e+00 -1.244331e+00 2.822653e+00 5.708648e+00 1.057920e-01 4.742144e+00 2.849560e+00 3.305127e+00 2.213017e+00 2.365855e+00 2.574095e+00 -2.929862e+00 5.871153e-01 -4.781876e-01 -5.321218e-01 1.964565e-01 -1.430931e-02 4.535804e-01 5.490288e-02 -6.014632e-02 -5.674103e-02 2.515607e-01 9.274488e-02 1.188141e-01
<VARIANCE> 25
 3.385800e+01 3.016807e+01 3.070604e+01 3.500106e+01 3.143619e+01 2.901743e+01 2.965241e+01 2.660511e+01 2.471068e+01 2.343407e+01 2.792482e+01 1.564362e+01 2.440200e+00 3.068570e+00 2.854035e+00 2.671184e+00 2.493112e+00 2.625313e+00 2.313204e+00 2.296703e+00 2.168819e+00 2.145265e+00 1.965818e+00 1.636283e+00 4.085764e-03
<GCONST> 9.058215e+01
<MIXTURE> 46 9.336259e-03
<MEAN> 25
 -9.452804e+00 2.311679e+00 1.197703e+00 7.555237e+00 5.932601e+00 3.332786e+00 7.058784e+00 4.486600e+00 5.707119e+00 4.699435e+00 5.036519e+00 2.922747e+00 1.058525e+00 -2.421866e-01 4.239364e-02 1.000561e+00 6.040472e-01 9.429929e-01 3.852040e-01 6.689273e-01 4.766385e-01 5.119908e-01 6.405843e-01 5.231588e-01 -1.054431e-01
<VARIANCE> 25
 3.426553e+01 4.377696e+01 3.847547e+01 5.000279e+01 5.083488e+01 4.075499e+01 3.708020e+01 3.539141e+01 3.311143e+01 3.093485e+01 2.820919e+01 2.020928e+01 3.909528e+00 4.140009e+00 3.878542e+00 4.134439e+00 4.169899e+00 3.692388e+00 3.379044e+00 3.132571e+00 2.985672e+00 2.872205e+00 2.306266e+00 1.781792e+00 7.980948e-03
<GCONST> 9.829954e+01
<MIXTURE> 47 7.116147e-03
<MEAN> 25
 7.322671e+00 -7.372332e+00 -7.747954e+00 -6.447435e+00 1.501890e+00 8.396813e-01 -2.388183e+00 1.224008e+00 3.017391e+00 1.540915e-01 -4.252267e+00 -6.707412e+00 -1.834992e-01 -1.256685e+00 -6.915827e-01 -4.190192e-01 6.231205e-01 8.181952e-01 8.766281e-01 2.995569e-01 1.177088e-01 -8.861095e-01 -4.683527e-01 -4.570977e-01 3.008605e-02
<VARIANCE> 25
 1.075443e+01 2.107215e+01 2.060410e+01 3.316884e+01 3.619032e+01 5.271191e+01 4.525624e+01 4.075171e+01 4.335890e+01 4.698723e+01 4.860887e+01 3.356041e+01 5.189033e-01 7.722614e-01 1.123891e+00 1.667207e+00 1.977950e+00 2.201568e+00 2.318406e+00 2.479258e+00 2.192669e+00 2.142536e+00 2.184762e+00 2.009978e+00 5.503289e-04
<GCONST> 8.644259e+01
<MIXTURE> 48 7.116147e-03
<MEAN> 25
 7.322671e+00 -7.372332e+00 -7.747954e+00 -6.447435e+00 1.501890e+00 8.396813e-01 -2.388183e+00 1.224008e+00 3.017391e+00 1.540915e-01 -4.252267e+00 -6.707412e+00 -1.834992e-01 -1.256685e+00 -6.915827e-01 -4.190192e-01 6.231205e-01 8.181952e-01 8.766281e-01 2.995569e-01 1.177088e-01 -8.861095e-01 -4.683527e-01 -4.570977e-01 3.008605e-02
<VARIANCE> 25
 1.075443e+01 2.107215e+01 2.060410e+01 3.316884e+01 3.619032e+01 5.271191e+01 4.525624e+01 4.075171e+01 4.335890e+01 4.698723e+01 4.860887e+01 3.356041e+01 5.189033e-01 7.722614e-01 1.123891e+00 1.667207e+00 1.977950e+00 2.201568e+00 2.318406e+00 2.479258e+00 2.192669e+00 2.142536e+00 2.184762e+00 2.009978e+00 5.503289e-04
<GCONST> 8.644259e+01
<MIXTURE> 49 5.548473e-03
<MEAN> 25
 -4.991313e+00 3.663500e-01 1.396194e-01 8.274687e+00 6.080699e+00 5.587127e+00 5.995024e+00 4.408840e+00 4.970924e+00 3.740130e+00 4.914737e+00 2.869257e+00 3.636224e-01 6.560758e-01 7.115656e-01 3.567980e-01 -1.964459e-01 -6.709341e-01 -1.015373e+00 -1.105289e+00 -9.499642e-01 -6.841732e-01 -4.666009e-01 -2.688115e-01 7.465886e-05
<VARIANCE> 25
 9.933818e+00 9.906672e+00 1.410961e+01 1.746877e+01 1.589912e+01 1.706580e+01 1.950335e+01 1.963619e+01 1.813814e+01 1.780738e+01 2.048918e+01 1.414095e+01 2.765179e-01 2.650671e-01 3.637657e-01 6.038454e-01 8.598748e-01 9.707190e-01 9.874727e-01 1.058769e+00 1.125272e+00 1.212656e+00 1.311052e+00 1.199208e+00 1.523862e-05
<GCONST> 6.444779e+01
<MIXTURE> 50 6.234641e-03
<MEAN> 25
 -4.153741e+00 1.572804e-01 -1.178944e+00 5.530659e+00 3.845267e+00 2.191948e+00 3.325008e+00 1.413319e+00 2.153227e+00 1.081699e+00 1.740209e+00 2.414001e+00 7.857811e-02 1.654906e-01 1.046692e-01 -1.403438e-01 -4.892844e-01 -6.187934e-01 -4.600517e-01 -2.550395e-02 4.288127e-01 8.181390e-01 7.620157e-01 3.896174e-01 5.575317e-05
<VARIANCE> 25
 1.140795e+01 1.019421e+01 1.354353e+01 1.748761e+01 1.539372e+01 1.711862e+01 1.874724e+01 2.057007e+01 2.099491e+01 1.753980e+01 2.109277e+01 1.543474e+01 1.429117e-01 2.365424e-01 4.002379e-01 5.146059e-01 5.759260e-01 6.960049e-01 1.044247e+00 1.077192e+00 1.031834e+00 9.063109e-01 8.806378e-01 9.689383e-01 1.125940e-06
<GCONST> 5.970746e+01
<MIXTURE> 51 6.234641e-03
<MEAN> 25
 -4.153741e+00 1.572804e-01 -1.178944e+00 5.530659e+00 3.845267e+00 2.191948e+00 3.325008e+00 1.413319e+00 2.153227e+00 1.081699e+00 1.740209e+00 2.414001e+00 7.857811e-02 1.654906e-01 1.046692e-01 -1.403438e-01 -4.892844e-01 -6.187934e-01 -4.600517e-01 -2.550395e-02 4.288127e-01 8.181390e-01 7.620157e-01 3.896174e-01 5.575317e-05
<VARIANCE> 25
 1.140795e+01 1.019421e+01 1.354353e+01 1.748761e+01 1.539372e+01 1.711862e+01 1.874724e+01 2.057007e+01 2.099491e+01 1.753980e+01 2.109277e+01 1.543474e+01 1.429117e-01 2.365424e-01 4.002379e-01 5.146059e-01 5.759260e-01 6.960049e-01 1.044247e+00 1.077192e+00 1.031834e+00 9.063109e-01 8.806378e-01 9.689383e-01 1.125940e-06
<GCONST> 5.970746e+01
<MIXTURE> 52 6.367945e-03
<MEAN> 25
 1.012291e+01 2.049297e+00 -6.197932e+00 -1.428512e+01 -4.222231e+00 8.536643e+00 -2.752557e+00 -3.060591e+00 -4.408387e+00 -2.133131e+00 3.354156e+00 7.466971e-01 -3.855905e-01 -4.800849e-01 -6.964374e-02 1.140411e+00 1.339777e+00 -4.733506e-01 -6.028270e-01 -6.591989e-01 4.306087e-02 1.246542e+00 3.875250e-01 -5.456533e-01 -1.381702e-02
<VARIANCE> 25
 9.297697e+00 2.048732e+01 2.533495e+01 3.859860e+01 4.572701e+01 3.072155e+01 4.654449e+01 4.894144e+01 4.306104e+01 4.603775e+01 3.994907e+01 3.000650e+01 4.495668e-01 1.481053e+00 1.310485e+00 2.757952e+00 2.328595e+00 2.199798e+00 2.985823e+00 2.799342e+00 3.006406e+00 2.667201e+00 2.520311e+00 2.277461e+00 1.546198e-03
<GCONST> 8.973402e+01
<MIXTURE> 53 6.367945e-03
<MEAN> 25
 1.012291e+01 2.049297e+00 -6.197932e+00 -1.428512e+01 -4.222231e+00 8.536643e+00 -2.752557e+00 -3.060591e+00 -4.408387e+00 -2.133131e+00 3.354156e+00 7.466971e-01 -3.855905e-01 -4.800849e-01 -6.964374e-02 1.140411e+00 1.339777e+00 -4.733506e-01 -6.028270e-01 -6.591989e-01 4.306087e-02 1.246542e+00 3.875250e-01 -5.456533e-01 -1.381702e-02
<VARIANCE> 25
 9.297697e+00 2.048732e+01 2.533495e+01 3.859860e+01 4.572701e+01 3.072155e+01 4.654449e+01 4.894144e+01 4.306104e+01 4.603775e+01 3.994907e+01 3.000650e+01 4.495668e-01 1.481053e+00 1.310485e+00 2.757952e+00 2.328595e+00 2.199798e+00 2.985823e+00 2.799342e+00 3.006406e+00 2.667201e+00 2.520311e+00 2.277461e+00 1.546198e-03
<GCONST> 8.973402e+01
<MIXTURE> 54 7.368620e-03
<MEAN> 25
 -3.598627e+00 4.981721e-02 -6.577527e-01 7.991687e+00 6.449109e+00 4.592223e+00 4.661230e+00 4.560422e+00 4.037150e+00 3.597480e+00 4.426156e+00 2.281752e+00 -2.861687e-03 2.632869e-02 3.299044e-02 5.267124e-02 5.182860e-02 4.646447e-02 3.978542e-02 3.094164e-02 3.445945e-02 2.860660e-02 1.348490e-02 4.926834e-03 -1.634264e-06
<VARIANCE> 25
 9.215534e+00 1.030461e+01 9.318678e+00 1.827395e+01 1.336118e+01 1.362643e+01 1.192082e+01 1.147508e+01 1.130605e+01 1.357873e+01 1.779480e+01 1.270018e+01 4.063152e-02 8.668346e-02 1.551058e-01 2.279923e-01 3.069611e-01 3.946045e-01 4.642281e-01 5.206432e-01 5.447572e-01 5.374321e-01 5.103908e-01 5.143481e-01 1.019063e-06
<GCONST> 4.733090e+01
<MIXTURE> 55 7.368620e-03
<MEAN> 25
 -3.598627e+00 4.981721e-02 -6.577527e-01 7.991687e+00 6.449109e+00 4.592223e+00 4.661230e+00 4.560422e+00 4.037150e+00 3.597480e+00 4.426156e+00 2.281752e+00 -2.861687e-03 2.632869e-02 3.299044e-02 5.267124e-02 5.182860e-02 4.646447e-02 3.978542e-02 3.094164e-02 3.445945e-02 2.860660e-02 1.348490e-02 4.926834e-03 -1.634264e-06
<VARIANCE> 25
 9.215534e+00 1.030461e+01 9.318678e+00 1.827395e+01 1.336118e+01 1.362643e+01 1.192082e+01 1.147508e+01 1.130605e+01 1.357873e+01 1.779480e+01 1.270018e+01 4.063152e-02 8.668346e-02 1.551058e-01 2.279923e-01 3.069611e-01 3.946045e-01 4.642281e-01 5.206432e-01 5.447572e-01 5.374321e-01 5.103908e-01 5.143481e-01 1.019063e-06
<GCONST> 4.733090e+01
<MIXTURE> 56 6.132464e-03
<MEAN> 25
 7.500405e+00 -6.722882e+00 -9.091045e+00 -8.603527e+00 3.940405e+00 3.913790e+00 -2.157041e+00 -1.464016e+00 1.937954e+00 6.486280e-01 -2.481197e+00 -7.125841e+00 -1.143608e-02 2.402445e-02 -8.814730e-02 1.902995e-02 2.541948e-01 6.510050e-02 1.127981e-01 -1.343987e-01 -4.881490e-02 -4.742393e-02 -8.464978e-02 1.626019e-02 -7.096267e-03
<VARIANCE> 25
 9.669377e+00 2.348216e+01 2.038664e+01 4.134534e+01 3.304222e+01 5.073288e+01 6.162182e+01 3.663286e+01 3.872573e+01 3.744637e+01 3.999342e+01 3.106845e+01 2.054186e-01 4.311867e-01 4.530379e-01 7.701013e-01 7.990094e-01 1.111382e+00 9.081979e-01 9.063298e-01 9.074226e-01 9.424803e-01 1.030816e+00 7.814171e-01 2.387539e-04
<GCONST> 7.515651e+01
<MIXTURE> 57 6.132464e-03
<MEAN> 25
 7.500405e+00 -6.722882e+00 -9.091045e+00 -8.603527e+00 3.940405e+00 3.913790e+00 -2.157041e+00 -1.464016e+00 1.937954e+00 6.486280e-01 -2.481197e+00 -7.125841e+00 -1.143608e-02 2.402445e-02 -8.814730e-02 1.902995e-02 2.541948e-01 6.510050e-02 1.127981e-01 -1.343987e-01 -4.881490e-02 -4.742393e-02 -8.464978e-02 1.626019e-02 -7.096267e-03
<VARIANCE> 25
 9.669377e+00 2.348216e+01 2.038664e+01 4.134534e+01 3.304222e+01 5.073288e+01 6.162182e+01 3.663286e+01 3.872573e+01 3.744637e+01 3.999342e+01 3.106845e+01 2.054186e-01 4.311867e-01 4.530379e-01 7.701013e-01 7.990094e-01 1.111382e+00 9.081979e-01 9.063298e-01 9.074226e-01 9.424803e-01 1.030816e+00 7.814171e-01 2.387539e-04
<GCONST> 7.515651e+01
<MIXTURE> 58 6.172147e-03
<MEAN> 25
 2.261874e+00 -3.137535e+00 6.619722e+00 -4.738167e+00 -1.225144e+01 -5.155248e+00 1.159855e+00 8.303534e-01 -1.895932e+00 1.820046e+00 3.801202e-01 -9.619741e-01 -1.129356e-02 -1.759631e-01 -9.586838e-02 -1.786680e-01 -4.801152e-02 2.750413e-01 3.373155e-01 1.709744e-01 -5.288240e-02 -2.064299e-03 -1.232990e-01 -1.822450e-01 -2.264623e-03
<VARIANCE> 25
 7.179877e+00 1.846024e+01 2.154828e+01 2.557132e+01 2.882545e+01 4.182664e+01 3.060677e+01 3.157288e+01 3.162563e+01 2.800039e+01 2.084373e+01 1.872107e+01 2.953260e-01 7.633754e-01 6.996226e-01 1.027132e+00 9.199384e-01 1.156475e+00 1.092800e+00 1.297040e+00 1.222442e+00 1.001821e+00 8.769357e-01 9.178216e-01 6.814821e-04
<GCONST> 7.515178e+01
<MIXTURE> 59 6.172147e-03
<MEAN> 25
 2.261874e+00 -3.137535e+00 6.619722e+00 -4.738167e+00 -1.225144e+01 -5.155248e+00 1.159855e+00 8.303534e-01 -1.895932e+00 1.820046e+00 3.801202e-01 -9.619741e-01 -1.129356e-02 -1.759631e-01 -9.586838e-02 -1.786680e-01 -4.801152e-02 2.750413e-01 3.373155e-01 1.709744e-01 -5.288240e-02 -2.064299e-03 -1.232990e-01 -1.822450e-01 -2.264623e-03
<VARIANCE> 25
 7.179877e+00 1.846024e+01 2.154828e+01 2.557132e+01 2.882545e+01 4.182664e+01 3.060677e+01 3.157288e+01 3.162563e+01 2.800039e+01 2.084373e+01 1.872107e+01 2.953260e-01 7.633754e-01 6.996226e-01 1.027132e+00 9.199384e-01 1.156475e+00 1.092800e+00 1.297040e+00 1.222442e+00 1.001821e+00 8.769357e-01 9.178216e-01 6.814821e-04
<GCONST> 7.515178e+01
<MIXTURE> 60 4.479129e-03
<MEAN> 25
 -1.934541e+00 -1.742340e-01 -2.293198e-01 2.145274e+00 1.011773e+00 1.151793e+00 1.200363e+00 9.651083e-01 1.522724e+00 1.149939e+00 1.418838e+00 1.226146e+00 5.615646e-03 1.276873e-01 5.134098e-02 4.429805e-02 1.243940e-01 4.907690e-02 1.828098e-01 3.645835e-01 6.499606e-01 7.171009e-01 4.697415e-01 2.622267e-01 1.680320e-03
<VARIANCE> 25
 6.475182e+00 4.007079e+00 7.774918e+00 1.010881e+01 9.418468e+00 1.262432e+01 1.088339e+01 1.124548e+01 1.184599e+01 1.394390e+01 1.263381e+01 1.237276e+01 9.517942e-02 2.068112e-01 3.824991e-01 4.385863e-01 6.022139e-01 8.399274e-01 8.792571e-01 8.419768e-01 9.284416e-01 8.972713e-01 8.384196e-01 8.452160e-01 3.333516e-05
<GCONST> 5.578031e+01
<MIXTURE> 61 4.479129e-03
<MEAN> 25
 -1.934541e+00 -1.742340e-01 -2.293198e-01 2.145274e+00 1.011773e+00 1.151793e+00 1.200363e+00 9.651083e-01 1.522724e+00 1.149939e+00 1.418838e+00 1.226146e+00 5.615646e-03 1.276873e-01 5.134098e-02 4.429805e-02 1.243940e-01 4.907690e-02 1.828098e-01 3.645835e-01 6.499606e-01 7.171009e-01 4.697415e-01 2.622267e-01 1.680320e-03
<VARIANCE> 25
 6.475182e+00 4.007079e+00 7.774918e+00 1.010881e+01 9.418468e+00 1.262432e+01 1.088339e+01 1.124548e+01 1.184599e+01 1.394390e+01 1.263381e+01 1.237276e+01 9.517942e-02 2.068112e-01 3.824991e-01 4.385863e-01 6.022139e-01 8.399274e-01 8.792571e-01 8.419768e-01 9.284416e-01 8.972713e-01 8.384196e-01 8.452160e-01 3.333516e-05
<GCONST> 5.578031e+01
<MIXTURE> 62 3.278034e-03
<MEAN> 25
 -5.073959e+00 1.246346e+00 1.016492e+00 8.791095e+00 6.110293e+00 5.027218e+00 5.475969e+00 4.020782e+00 4.981723e+00 3.923273e+00 4.951843e+00 2.940799e+00 -1.001437e+00 -1.166292e+00 -9.531237e-01 -2.796170e-01 4.284875e-01 1.005116e+00 1.384992e+00 1.552224e+00 1.477304e+00 1.243681e+00 1.063188e+00 7.193559e-01 -1.286536e-03
<VARIANCE> 25
 9.926710e+00 9.934018e+00 1.310192e+01 1.690538e+01 1.748269e+01 1.763325e+01 1.980351e+01 1.910186e+01 1.880348e+01 1.867564e+01 2.155541e+01 1.477914e+01 4.014917e-01 4.308599e-01 5.524040e-01 7.796099e-01 1.032484e+00 1.188613e+00 1.248850e+00 1.274967e+00 1.325938e+00 1.359589e+00 1.400388e+00 1.380847e+00 1.642164e-05
<GCONST> 6.753502e+01
<MIXTURE> 63 4.351215e-03
<MEAN> 25
 -2.367096e+00 -1.571323e+00 -3.023082e+00 1.333111e+00 1.883178e+00 -2.123016e-01 1.854183e+00 8.884759e-01 1.236655e+00 -7.712585e-01 -7.920448e-01 1.541583e+00 -5.731675e-02 2.438666e-01 3.733787e-01 4.867273e-01 4.600504e-01 3.868846e-01 2.443003e-01 1.172011e-01 1.818401e-01 2.781781e-01 2.439322e-01 7.359416e-02 -1.457034e-04
<VARIANCE> 25
 7.966300e+00 1.141776e+01 1.267135e+01 1.314407e+01 1.533898e+01 1.937329e+01 1.710623e+01 1.728226e+01 1.928749e+01 1.809893e+01 1.657145e+01 1.451207e+01 2.198877e-01 4.362454e-01 5.485532e-01 7.835625e-01 1.066711e+00 1.029262e+00 1.124550e+00 1.312180e+00 1.291155e+00 1.535789e+00 1.255722e+00 1.023503e+00 2.320631e-04
<GCONST> 6.815497e+01
<MIXTURE> 64 4.351215e-03
<MEAN> 25
 -2.367096e+00 -1.571323e+00 -3.023082e+00 1.333111e+00 1.883178e+00 -2.123016e-01 1.854183e+00 8.884759e-01 1.236655e+00 -7.712585e-01 -7.920448e-01 1.541583e+00 -5.731675e-02 2.438666e-01 3.733787e-01 4.867273e-01 4.600504e-01 3.868846e-01 2.443003e-01 1.172011e-01 1.818401e-01 2.781781e-01 2.439322e-01 7.359416e-02 -1.457034e-04
<VARIANCE> 25
 7.966300e+00 1.141776e+01 1.267135e+01 1.314407e+01 1.533898e+01 1.937329e+01 1.710623e+01 1.728226e+01 1.928749e+01 1.809893e+01 1.657145e+01 1.451207e+01 2.198877e-01 4.362454e-01 5.485532e-01 7.835625e-01 1.066711e+00 1.029262e+00 1.124550e+00 1.312180e+00 1.291155e+00 1.535789e+00 1.255722e+00 1.023503e+00 2.320631e-04
<GCONST> 6.815497e+01
<MIXTURE> 65 1.721197e-02
<MEAN> 25
 7.662879e+00 1.978318e+00 1.889911e+00 5.747560e-01 -5.279240e+00 -4.230665e+00 -5.731780e+00 -6.547822e+00 -3.738077e+00 -2.221187e+00 -5.366684e+00 -1.895813e+00 1.775076e-01 1.323142e-01 9.603523e-04 1.334222e-01 -1.478817e-01 2.536306e-01 -1.055726e-01 -1.440954e-01 1.616412e-01 1.025631e-02 -4.531384e-02 -1.658002e-01 -4.649680e-03
<VARIANCE> 25
 1.217555e+01 1.922956e+01 2.482102e+01 3.491675e+01 3.709456e+01 5.632380e+01 5.652348e+01 5.834370e+01 5.421088e+01 5.641254e+01 5.489766e+01 4.961192e+01 5.424556e-01 9.548828e-01 1.579729e+00 1.767529e+00 1.976643e+00 2.163059e+00 2.244541e+00 3.010897e+00 2.500113e+00 2.497061e+00 2.379845e+00 2.075122e+00 4.269765e-04
<GCONST> 8.925073e+01
<MIXTURE> 66 1.191532e-02
<MEAN> 25
 6.678462e+00 -4.092075e+00 -5.620028e+00 -4.828423e+00 1.276065e+00 -5.088812e+00 -6.920545e+00 1.190309e+00 6.817491e-01 -2.050773e+00 -6.139359e+00 -3.476332e+00 -4.602302e-02 1.667877e+00 2.238662e+00 2.316286e+00 -1.249226e+00 -1.252898e+00 5.533000e-02 -5.472822e-01 -1.456280e-01 -1.947837e-01 -2.019735e-01 1.044476e+00 -6.379499e-02
<VARIANCE> 25
 8.941387e+00 2.234156e+01 2.706483e+01 3.305700e+01 3.849830e+01 5.342240e+01 5.599251e+01 4.540908e+01 5.409087e+01 6.674250e+01 3.696878e+01 3.642487e+01 1.283233e+00 2.444701e+00 2.356600e+00 2.473279e+00 4.200864e+00 4.306870e+00 4.366742e+00 4.843716e+00 4.248504e+00 4.991495e+00 3.898167e+00 3.261146e+00 1.469032e-03
<GCONST> 9.683414e+01
<MIXTURE> 67 1.559142e-02
<MEAN> 25
 8.976666e+00 2.032911e+00 -5.971581e+00 -8.262430e+00 8.999580e-01 3.084023e+00 -3.319206e+00 -2.244876e+00 -3.774429e+00 7.746813e-01 -5.771960e-02 -1.737452e+00 -1.073703e+00 1.833722e+00 1.059245e+00 3.068384e+00 1.394231e+00 -5.087196e-01 1.301544e+00 1.172221e-01 1.537829e-01 2.498653e-01 -2.776251e-01 6.254023e-01 -1.299128e-01
<VARIANCE> 25
 1.149997e+01 3.880566e+01 3.077710e+01 5.586693e+01 4.908697e+01 5.398891e+01 6.203333e+01 5.273417e+01 6.469132e+01 5.704388e+01 5.570711e+01 4.732275e+01 2.176705e+00 3.462655e+00 3.293846e+00 4.526105e+00 4.518147e+00 4.547715e+00 4.700652e+00 5.069669e+00 5.475359e+00 4.773524e+00 5.128071e+00 3.740736e+00 3.042185e-03
<GCONST> 1.029011e+02
<MIXTURE> 68 1.485092e-02
<MEAN> 25
 -2.017418e+00 -2.310266e+00 -4.099010e+00 1.252991e+00 5.256638e+00 -6.697549e-01 2.125957e+00 1.825301e+00 2.008640e+00 1.691120e+00 4.856794e-01 1.873576e+00 2.766161e+00 5.471263e-01 1.482184e-02 -2.583500e+00 -2.416191e+00 -1.590959e+00 -2.353371e+00 -1.790412e+00 -1.650677e+00 -1.479148e+00 -1.983702e+00 -1.059952e+00 1.032512e-01
<VARIANCE> 25
 2.598176e+01 3.202047e+01 5.876035e+01 5.259202e+01 4.670455e+01 5.507859e+01 4.526999e+01 4.229881e+01 4.041773e+01 4.348100e+01 3.736506e+01 2.577301e+01 1.869304e+00 3.749011e+00 5.935573e+00 5.867752e+00 4.700116e+00 5.606975e+00 5.768786e+00 4.974343e+00 4.977282e+00 5.266179e+00 5.045042e+00 3.419593e+00 6.136220e-03
<GCONST> 1.036048e+02
<MIXTURE> 69 1.204884e-02
<MEAN> 25
 4.667089e+00 -4.227664e+00 -3.562155e+00 -3.625809e+00 -3.504575e+00 -7.873658e+00 -1.113125e+00 2.210108e+00 -3.458970e-01 -4.732809e+00 -5.681458e+00 9.535359e-01 1.676052e+00 -2.234596e+00 -1.335109e+00 -2.242169e+00 -5.307524e-01 -3.502689e-01 -4.739886e-01 6.159884e-01 -6.425311e-01 -1.457137e+00 -2.201546e+00 -1.749434e-01 6.252765e-02
<VARIANCE> 25
 8.881522e+00 2.178550e+01 2.674829e+01 2.593521e+01 4.266413e+01 3.562826e+01 4.890191e+01 3.158915e+01 3.975069e+01 3.790755e+01 3.108784e+01 2.460527e+01 3.548132e+00 2.925363e+00 3.341569e+00 3.700504e+00 5.764427e+00 5.005610e+00 7.110175e+00 6.073232e+00 5.908171e+00 5.871960e+00 4.354324e+00 3.704037e+00 2.445205e-03
<GCONST> 9.867681e+01
<MIXTURE> 70 1.329190e-02
<MEAN> 25
 7.505661e+00 -2.034679e+00 -3.877653e+00 -3.595592e+00 -4.138982e-01 -6.683845e-01 -7.679371e+00 -4.023330e+00 5.782600e-01 2.890197e+00 -1.284062e-01 -4.900921e+00 1.932335e+00 -1.142045e+00 -8.165292e-01 -2.201769e+00 -1.520775e+00 1.173174e+00 -1.338189e+00 -8.742590e-02 3.365342e-01 -2.269987e-02 6.869687e-01 -1.455942e+00 5.870340e-02
<VARIANCE> 25
 1.003721e+01 2.252987e+01 2.833229e+01 4.696517e+01 3.544827e+01 4.441031e+01 4.982328e+01 4.402446e+01 4.702763e+01 3.273099e+01 4.489822e+01 2.728631e+01 3.499794e+00 3.213316e+00 4.738938e+00 4.955582e+00 5.208714e+00 6.443204e+00 6.779346e+00 7.539523e+00 6.164574e+00 5.388955e+00 5.855129e+00 4.297472e+00 2.532366e-03
<GCONST> 1.018397e+02
<MIXTURE> 71 1.406903e-02
<MEAN> 25
 6.236540e+00 5.093912e+00 4.204470e+00 2.952993e+00 -3.415623e+00 -3.460575e+00 -3.425663e+00 -6.449620e+00 -4.654802e+00 -2.489550e+00 -5.175604e+00 -3.268121e+00 -1.559511e+00 -6.679790e-01 -1.972025e-01 -1.754967e+00 1.116608e+00 -1.719016e-01 1.980393e-02 1.510814e+00 2.692495e-01 -1.771916e-01 6.727949e-01 1.486353e-01 4.087673e-02
<VARIANCE> 25
 1.955434e+01 2.556459e+01 2.384122e+01 4.522115e+01 4.007634e+01 3.982798e+01 4.173684e+01 4.280547e+01 3.849823e+01 4.329723e+01 3.599599e+01 3.393808e+01 1.727810e+00 3.041411e+00 5.321587e+00 4.805512e+00 4.627680e+00 4.670322e+00 4.813594e+00 5.321803e+00 4.317041e+00 4.040565e+00 3.566848e+00 3.292860e+00 1.392923e-03
<GCONST> 9.849765e+01
<MIXTURE> 72 8.134747e-03
<MEAN> 25
 3.778046e+00 -3.675883e+00 5.443363e+00 -2.465974e+00 -1.037939e+01 -9.599777e+00 -2.453544e+00 1.906138e+00 -4.923979e+00 -2.188706e+00 -1.887300e+00 6.167547e-01 9.310043e-01 -7.845938e-01 -2.570388e+00 4.637838e-01 2.132236e+00 -6.531577e-01 -1.313214e+00 1.525214e+00 1.808946e+00 -5.970582e-01 -1.286602e+00 3.994124e-01 -6.141287e-03
<VARIANCE> 25
 1.081671e+01 1.948347e+01 3.283645e+01 3.832643e+01 3.242325e+01 3.350455e+01 4.097670e+01 3.625094e+01 4.373298e+01 4.131601e+01 3.870239e+01 2.844793e+01 4.321731e-01 1.026885e+00 2.030824e+00 1.466695e+00 2.186853e+00 2.352499e+00 3.059632e+00 2.729804e+00 2.614597e+00 2.956717e+00 2.025218e+00 2.126934e+00 5.401506e-04
<GCONST> 8.725401e+01
<MIXTURE> 73 1.213625e-02
<MEAN> 25
 -5.597476e+00 -7.850741e-01 -1.284227e+00 4.882377e+00 4.181275e+00 2.318709e+00 5.448040e+00 3.399761e+00 4.376476e+00 3.444640e+00 4.249536e+00 3.003479e+00 7.978383e-01 -1.044202e+00 -9.292478e-01 -2.625650e+00 -1.263757e+00 -1.739217e+00 -9.068034e-01 -5.119709e-01 -9.044352e-01 -6.719160e-01 -1.090818e+00 -2.935711e-01 1.540836e-01
<VARIANCE> 25
 1.292826e+01 1.335432e+01 1.510661e+01 2.258356e+01 2.352289e+01 2.460828e+01 2.074567e+01 2.014809e+01 1.762929e+01 1.901873e+01 2.263296e+01 1.550354e+01 4.015433e+00 3.086475e+00 5.940938e+00 4.689068e+00 6.117973e+00 4.543812e+00 4.267045e+00 4.238696e+00 3.910149e+00 4.289117e+00 3.530989e+00 2.672299e+00 4.330464e-03
<GCONST> 9.268905e+01
<MIXTURE> 74 1.756491e-02
<MEAN> 25
 4.444577e+00 -1.552655e+00 5.019288e+00 -1.116417e+00 -8.473543e+00 -7.871899e+00 -2.588938e+00 5.805368e-01 -4.122310e+00 -2.774054e+00 -1.715801e+00 4.318607e-02 2.717487e-01 2.052307e+00 -4.252526e-03 1.640622e+00 1.276062e+00 3.523311e-01 1.474167e-02 -1.346974e+00 8.505257e-02 1.426418e-01 -2.670164e-01 -8.286000e-02 -7.818553e-02
<VARIANCE> 25
 1.138989e+01 2.139960e+01 3.756157e+01 3.717592e+01 3.767614e+01 4.283038e+01 4.991214e+01 4.567678e+01 4.621165e+01 4.313533e+01 3.962788e+01 3.418097e+01 2.056478e+00 2.004095e+00 3.829624e+00 2.628791e+00 3.818404e+00 3.763311e+00 4.871169e+00 4.148038e+00 4.195692e+00 3.915090e+00 3.535759e+00 3.101532e+00 1.716488e-03
<GCONST> 9.683440e+01
<MIXTURE> 75 9.711651e-03
<MEAN> 25
 2.562122e+00 -1.276909e+00 1.070594e+01 1.757715e+00 -1.155573e+01 -7.437713e+00 -4.536519e+00 -5.426505e-01 -4.173583e+00 -4.393583e+00 3.208869e+00 1.639992e-01 1.716143e+00 -1.806635e+00 2.164948e-01 -2.580070e-01 -2.408668e+00 -5.345627e-01 -1.473930e+00 9.437376e-01 -1.573958e-01 -2.621321e-01 1.064099e+00 -6.851574e-01 3.976845e-02
<VARIANCE> 25
 1.105086e+01 1.726057e+01 3.237830e+01 2.692108e+01 2.828362e+01 3.319017e+01 3.046180e+01 3.020340e+01 3.577376e+01 3.204181e+01 1.986494e+01 2.099886e+01 2.340935e+00 1.884940e+00 4.155799e+00 2.406930e+00 3.753655e+00 4.206110e+00 4.020518e+00 3.415045e+00 3.820339e+00 3.498127e+00 3.011461e+00 2.508863e+00 1.525913e-03
<GCONST> 9.201073e+01
<MIXTURE> 76 1.052359e-02
<MEAN> 25
 -4.506721e+00 -1.081263e+00 -1.574978e+00 2.414814e+00 2.532235e+00 1.412281e+00 2.449232e+00 1.282873e+00 2.098181e+00 6.124471e-01 1.420156e+00 1.774099e+00 -9.232961e-02 -5.765166e-01 -1.509985e-01 -6.508955e-01 -6.717037e-01 -8.459981e-01 -7.210098e-01 -2.399487e-01 -4.270599e-01 -4.629117e-01 -3.310491e-01 -2.448848e-01 1.336623e-02
<VARIANCE> 25
 3.086321e+01 2.053288e+01 2.247440e+01 2.237333e+01 2.636599e+01 2.373528e+01 2.499143e+01 2.652878e+01 1.957030e+01 1.965841e+01 2.058277e+01 1.616300e+01 7.756944e-01 1.175460e+00 1.222235e+00 1.069556e+00 1.297559e+00 1.531516e+00 1.297279e+00 1.552851e+00 1.384798e+00 1.708162e+00 1.220595e+00 1.180680e+00 1.148950e-03
<GCONST> 7.933445e+01
<MIXTURE> 77 1.244626e-02
<MEAN> 25
 -4.755998e-01 8.322961e+00 1.208215e+01 -1.127538e+01 -6.797876e+00 8.676168e-01 -9.059921e+00 -7.113453e+00 -3.315563e+00 -1.431173e-01 -4.488474e+00 -1.485494e+00 6.888334e-02 1.210902e-01 5.978073e-02 2.650338e-01 -1.883008e-02 7.021436e-02 -9.147509e-02 -4.046188e-02 8.591878e-02 -6.560737e-02 2.081923e-02 1.180514e-01 -9.715764e-03
<VARIANCE> 25
 1.013908e+01 2.157351e+01 3.024719e+01 4.301120e+01 3.326048e+01 3.303135e+01 3.681307e+01 3.157276e+01 3.483917e+01 3.240491e+01 3.713268e+01 3.391584e+01 2.961489e-01 7.902742e-01 6.399621e-01 1.088580e+00 1.221311e+00 9.781312e-01 1.203200e+00 1.079275e+00 1.057519e+00 1.078293e+00 1.001212e+00 9.032208e-01 5.335582e-04
<GCONST> 7.785319e+01
<MIXTURE> 78 9.702551e-03
<MEAN> 25
 -1.153329e+01 1.098344e+00 -1.616869e+00 2.227259e+00 4.391706e+00 -2.255532e+00 3.736719e+00 2.620080e+00 2.629387e+00 7.825760e-01 -4.689762e-01 3.033753e+00 2.383196e+00 -2.823822e-01 1.882403e-01 5.839016e-01 -2.808063e-02 2.117373e-02 -3.115146e-01 -9.343764e-02 2.234691e-01 1.511088e-01 -3.751093e-01 -4.653150e-01 -6.122747e-02
<VARIANCE> 25
 4.158418e+01 3.266205e+01 3.259470e+01 3.248065e+01 3.978178e+01 3.705343e+01 3.590248e+01 3.307640e+01 2.805305e+01 2.772772e+01 2.705652e+01 2.020236e+01 4.952609e+00 2.590322e+00 2.848116e+00 3.058935e+00 2.858087e+00 3.505057e+00 3.251086e+00 2.855434e+00 2.369521e+00 2.396753e+00 2.244608e+00 2.120469e+00 4.759368e-03
<GCONST> 9.465963e+01
<MIXTURE> 79 1.156824e-02
<MEAN> 25
 2.378214e+00 1.528824e+00 9.079524e+00 -6.521992e+00 -1.193796e+01 -1.826555e+00 -1.962168e+00 -6.420655e+00 -6.453059e+00 3.424231e-01 -3.532475e+00 -3.263252e+00 1.214767e+00 -5.109071e-01 -1.426544e+00 2.321058e+00 3.757877e-01 -1.462215e+00 5.342422e-01 9.129862e-01 -4.519081e-01 -5.506098e-01 3.588888e-01 2.607271e-01 -3.619334e-02
<VARIANCE> 25
 1.416733e+01 2.401981e+01 3.828554e+01 4.960548e+01 3.425010e+01 4.299976e+01 4.242943e+01 3.669620e+01 3.957407e+01 3.933429e+01 4.336211e+01 3.038298e+01 9.341714e-01 2.257193e+00 1.873628e+00 2.134293e+00 2.441162e+00 2.786005e+00 3.158505e+00 3.544063e+00 2.504066e+00 2.705984e+00 2.304753e+00 2.030306e+00 1.217267e-03
<GCONST> 9.171495e+01
<MIXTURE> 80 7.550998e-03
<MEAN> 25
 -1.460866e+01 3.982978e+00 6.888527e-01 2.865978e+00 2.449390e+00 1.410288e+00 6.397008e+00 2.496773e+00 2.719634e+00 2.373497e+00 4.852879e+00 1.186962e+00 4.286331e+00 -1.602020e-02 1.637934e+00 -1.135554e+00 -2.889475e+00 -2.777582e+00 -2.323244e+00 -2.021465e+00 -1.975032e+00 -1.685194e+00 -1.650844e+00 -6.027454e-01 -4.423228e-02
<VARIANCE> 25
 2.094969e+01 1.984664e+01 3.444448e+01 3.470766e+01 3.018093e+01 2.920889e+01 2.828683e+01 2.855507e+01 2.674643e+01 2.881129e+01 2.685423e+01 1.810697e+01 2.357266e+00 2.666195e+00 2.673126e+00 4.119907e+00 3.394136e+00 2.705081e+00 3.025253e+00 3.204086e+00 2.749122e+00 2.701698e+00 2.782157e+00 2.145745e+00 1.512166e-03
<GCONST> 9.139670e+01
<MIXTURE> 81 8.025434e-03
<MEAN> 25
 -1.129529e+00 3.970993e+00 1.010881e+01 -1.466210e+01 -8.984066e+00 -1.388442e+00 -6.768515e+00 -8.430575e+00 -4.048211e+00 -3.572537e-01 -7.505446e+00 -2.199440e+00 1.372344e-01 -5.918930e-01 -1.415139e-04 -5.465164e-01 -4.585335e-01 3.233812e-01 3.067390e-01 1.440562e-01 -1.463636e-01 8.218386e-02 -4.832022e-01 -1.277295e-01 1.128016e-02
<VARIANCE> 25
 1.005126e+01 3.328391e+01 2.659891e+01 3.061053e+01 3.410626e+01 3.037398e+01 4.495745e+01 2.819629e+01 3.874004e+01 3.196095e+01 2.542383e+01 3.096337e+01 7.679428e-01 2.261781e+00 1.535728e+00 2.849529e+00 2.637294e+00 2.114998e+00 3.258424e+00 2.269431e+00 2.336313e+00 2.569797e+00 2.299342e+00 2.058020e+00 1.178184e-03
<GCONST> 8.869061e+01
<MIXTURE> 82 8.213053e-03
<MEAN> 25
 -9.948514e+00 -3.893048e+00 1.640844e+00 -2.970534e+00 3.106014e+00 6.651943e-01 1.987033e+00 9.413248e-01 2.978434e+00 1.733826e+00 1.741289e+00 3.072629e+00 -1.312328e+00 -1.267052e-01 2.919292e-01 -2.599873e+00 -1.103214e+00 -1.263681e+00 -1.014470e+00 -8.707944e-01 -3.164760e-01 -4.750033e-01 -3.151338e-01 -9.735189e-02 1.781898e-01
<VARIANCE> 25
 1.812457e+01 2.494940e+01 3.231157e+01 3.085873e+01 3.299442e+01 3.225962e+01 3.174953e+01 3.303084e+01 3.080803e+01 2.511541e+01 3.073329e+01 1.758480e+01 3.750079e+00 3.050407e+00 3.313237e+00 3.271996e+00 3.563700e+00 3.282931e+00 2.938084e+00 3.014791e+00 2.800579e+00 2.498562e+00 2.445698e+00 1.866038e+00 3.455145e-03
<GCONST> 9.309201e+01
<MIXTURE> 83 1.167529e-02
<MEAN> 25
 -2.004081e+01 5.504238e+00 -1.789702e+00 -4.051103e-01 7.829639e+00 -1.234488e+00 5.460100e+00 3.044532e+00 1.192393e+00 2.190908e+00 7.244872e-01 2.881716e+00 -2.631321e-02 -4.501706e-01 4.872012e-03 -3.655977e-01 -4.974648e-01 -1.258521e-01 -1.343577e-01 -9.942717e-02 -4.144356e-02 -3.920248e-02 -3.058213e-02 -3.465528e-02 4.403248e-03
<VARIANCE> 25
 8.819281e+00 1.645402e+01 2.851271e+01 2.248555e+01 2.127508e+01 2.407955e+01 2.202746e+01 2.336420e+01 2.042958e+01 2.221887e+01 2.319599e+01 1.448780e+01 1.060910e+00 9.362046e-01 1.240790e+00 1.065688e+00 1.359398e+00 1.291389e+00 1.283447e+00 1.388157e+00 1.349015e+00 1.310737e+00 1.220778e+00 1.071650e+00 8.923843e-04
<GCONST> 7.703519e+01
<MIXTURE> 84 1.066614e-02
<MEAN> 25
 1.178648e+00 9.020333e+00 7.242877e+00 7.984900e+00 2.832331e+00 -9.170036e-01 -1.525718e+00 -4.480855e+00 -4.119387e+00 -2.910263e+00 -2.414176e+00 -1.596156e+00 -1.787136e+00 -1.184809e+00 -1.205807e+00 1.289253e+00 2.254333e+00 1.504021e+00 1.452884e+00 1.289513e+00 1.168833e+00 4.031519e-01 4.165414e-01 4.250869e-01 -7.169847e-02
<VARIANCE> 25
 2.349194e+01 1.827873e+01 2.162454e+01 2.415754e+01 2.917640e+01 2.830387e+01 2.795002e+01 2.654093e+01 2.529144e+01 2.524431e+01 2.359768e+01 2.460683e+01 2.102562e+00 2.543787e+00 3.849419e+00 3.301015e+00 3.274984e+00 3.377072e+00 3.290809e+00 3.408624e+00 3.484206e+00 3.251078e+00 3.587904e+00 2.805872e+00 3.528297e-03
<GCONST> 9.254575e+01
<MIXTURE> 85 7.591393e-03
<MEAN> 25
 -3.110641e+00 7.892124e+00 5.724973e+00 1.285977e+00 -3.493830e+00 -5.325572e+00 -2.980376e+00 -6.121408e+00 -3.542523e+00 -3.184612e+00 -4.794068e-01 -1.899570e+00 3.943382e+00 3.247939e-01 1.756049e+00 -2.091513e+00 -3.414567e+00 -2.583282e+00 -2.886077e+00 -2.341483e+00 -2.249151e+00 -1.264113e+00 -2.302860e+00 -6.158628e-01 9.209945e-03
<VARIANCE> 25
 4.247350e+01 2.343211e+01 3.647553e+01 3.822295e+01 3.974748e+01 4.118964e+01 3.216595e+01 2.789632e+01 2.664450e+01 2.611857e+01 2.622691e+01 2.056869e+01 2.704758e+00 4.326254e+00 4.058681e+00 5.182696e+00 4.408684e+00 3.880833e+00 3.853483e+00 3.987405e+00 3.849469e+00 4.040540e+00 3.941625e+00 3.485139e+00 5.446143e-03
<GCONST> 9.835511e+01
<MIXTURE> 86 1.273941e-02
<MEAN> 25
 -3.737751e+00 -9.787157e-01 -8.207373e-01 5.111327e+00 4.725862e+00 4.141088e+00 4.951222e+00 4.169146e+00 4.515082e+00 4.036150e+00 4.607563e+00 2.240800e+00 -1.758636e-02 3.275520e-02 2.775216e-02 -5.222166e-02 -5.913002e-02 -9.583407e-03 -1.891444e-01 -3.250515e-01 -4.500313e-01 -4.865000e-01 -1.015263e-01 -8.209766e-02 7.022688e-04
<VARIANCE> 25
 9.827608e+00 4.967533e+00 9.493544e+00 1.352746e+01 1.351566e+01 1.350756e+01 1.228693e+01 1.090786e+01 1.082778e+01 1.529603e+01 1.421620e+01 1.169518e+01 9.370746e-02 1.932664e-01 3.394816e-01 4.420456e-01 5.773498e-01 7.511074e-01 7.081857e-01 6.336497e-01 8.888749e-01 9.841225e-01 1.159492e+00 9.674462e-01 7.047584e-05
<GCONST> 5.789483e+01
<MIXTURE> 87 1.100681e-02
<MEAN> 25
 -3.157336e+00 4.420672e+00 3.400231e+00 6.908351e+00 5.509682e+00 8.612541e-01 1.560367e+00 -1.032977e+00 -5.978715e-01 -9.225889e-01 -7.256184e-01 1.669139e-02 -2.086255e+00 -2.800628e+00 -1.999791e+00 -2.157500e+00 -1.008000e-01 -1.966283e-01 5.539319e-01 1.249469e+00 1.415315e+00 1.079711e+00 9.084569e-01 9.520082e-01 1.031841e-01
<VARIANCE> 25
 3.752492e+01 2.904793e+01 2.747243e+01 3.306371e+01 2.797653e+01 3.091033e+01 2.744141e+01 2.665162e+01 2.521225e+01 2.420714e+01 2.413179e+01 2.241725e+01 3.861574e+00 2.640055e+00 4.097185e+00 3.670517e+00 4.769599e+00 4.182349e+00 4.124258e+00 3.863514e+00 3.429960e+00 3.345231e+00 3.315267e+00 2.725526e+00 4.863198e-03
<GCONST> 9.592654e+01
<MIXTURE> 88 1.256585e-02
<MEAN> 25
 -3.006958e+00 -5.059626e-01 -9.557066e-01 3.585338e+00 3.273461e+00 2.790207e+00 3.588473e+00 2.384274e+00 3.492313e+00 2.464619e+00 2.470725e+00 2.315224e+00 2.239424e-02 4.784320e-02 2.280379e-01 4.850796e-01 3.095461e-01 1.209064e-01 -2.164595e-01 -1.777782e-01 -7.046956e-02 -1.787758e-01 -9.903376e-02 -1.652596e-01 -1.257049e-03
<VARIANCE> 25
 9.391815e+00 9.386489e+00 1.140081e+01 1.645492e+01 1.814601e+01 1.629332e+01 1.684040e+01 1.675402e+01 1.382566e+01 1.659251e+01 1.781624e+01 1.246475e+01 9.485343e-01 1.514130e+00 1.702018e+00 1.888937e+00 2.224545e+00 2.368485e+00 2.089296e+00 2.846349e+00 2.550555e+00 3.179853e+00 1.971730e+00 1.732246e+00 1.318592e-03
<GCONST> 7.949525e+01
<MIXTURE> 89 9.333527e-03
<MEAN> 25
 6.067346e+00 -6.819672e+00 -3.552212e+00 -3.167585e+00 -1.611635e+00 -5.586050e+00 -6.110977e+00 4.101123e+00 3.465918e+00 -2.803625e+00 -6.023790e+00 -3.284642e+00 -5.712429e-01 1.575111e-01 1.989864e+00 8.988054e-01 -1.866494e+00 -1.648426e+00 8.803058e-01 1.263681e+00 -7.897488e-01 -1.315031e+00 4.033527e-01 1.531833e+00 -4.842654e-03
<VARIANCE> 25
 9.046429e+00 2.676250e+01 3.105276e+01 3.015772e+01 3.604013e+01 4.162357e+01 5.960354e+01 4.208069e+01 3.908129e+01 4.234760e+01 3.580310e+01 3.236864e+01 3.534546e-01 8.410102e-01 1.472078e+00 1.320032e+00 1.920776e+00 2.125224e+00 2.579920e+00 2.040994e+00 2.246337e+00 2.127357e+00 2.327457e+00 1.481076e+00 3.678591e-04
<GCONST> 8.529871e+01
<MIXTURE> 90 7.114505e-03
<MEAN> 25
 2.409481e+00 -9.603033e+00 -4.684909e+00 -3.933481e+00 -3.348632e+00 -1.806649e+00 3.289072e+00 1.183229e+00 -7.451586e+00 -1.010196e+01 -3.402045e+00 -7.386432e-01 -1.626205e-01 9.072306e-01 1.157435e+00 -8.549013e-01 -1.599252e+00 -2.120414e-01 6.352090e-01 -2.108199e-01 -1.716944e-01 7.383298e-01 1.803383e-01 -5.467477e-01 -1.104687e-02
<VARIANCE> 25
 8.496064e+00 1.864184e+01 1.992966e+01 2.781950e+01 3.652127e+01 3.178993e+01 3.847862e+01 3.601163e+01 3.535063e+01 2.845215e+01 2.673928e+01 2.593892e+01 2.225094e-01 6.084067e-01 7.913921e-01 1.036012e+00 1.488866e+00 1.584439e+00 1.771685e+00 1.647172e+00 1.817368e+00 1.684401e+00 1.483784e+00 1.298590e+00 2.198432e-04
<GCONST> 7.815932e+01
<MIXTURE> 91 7.852945e-03
<MEAN> 25
 6.303752e+00 -7.582217e+00 -8.436074e+00 -5.083529e+00 3.882297e+00 -1.234448e-01 -2.188640e+00 6.617054e-01 7.199270e-01 -2.893701e+00 -4.913317e+00 -5.181277e+00 2.520983e-01 1.012454e+00 1.802580e-01 4.363607e-01 -5.464046e-02 -5.551020e-01 -3.837512e-01 -1.066821e-01 -1.220317e-01 4.362572e-01 -1.281075e-01 2.108888e-01 -3.503158e-02
<VARIANCE> 25
 1.045816e+01 2.269276e+01 2.091644e+01 4.037648e+01 3.523066e+01 5.468148e+01 5.362840e+01 3.941724e+01 5.146411e+01 6.346529e+01 3.797438e+01 4.095803e+01 4.477823e-01 8.838600e-01 1.120782e+00 1.376516e+00 2.183086e+00 2.353869e+00 2.345591e+00 2.389020e+00 2.257987e+00 2.214065e+00 2.001389e+00 1.814836e+00 5.800414e-04
<GCONST> 8.712932e+01
<MIXTURE> 92 7.852945e-03
<MEAN> 25
 6.303752e+00 -7.582217e+00 -8.436074e+00 -5.083529e+00 3.882297e+00 -1.234448e-01 -2.188640e+00 6.617054e-01 7.199270e-01 -2.893701e+00 -4.913317e+00 -5.181277e+00 2.520983e-01 1.012454e+00 1.802580e-01 4.363607e-01 -5.464046e-02 -5.551020e-01 -3.837512e-01 -1.066821e-01 -1.220317e-01 4.362572e-01 -1.281075e-01 2.108888e-01 -3.503158e-02
<VARIANCE> 25
 1.045816e+01 2.269276e+01 2.091644e+01 4.037648e+01 3.523066e+01 5.468148e+01 5.362840e+01 3.941724e+01 5.146411e+01 6.346529e+01 3.797438e+01 4.095803e+01 4.477823e-01 8.838600e-01 1.120782e+00 1.376516e+00 2.183086e+00 2.353869e+00 2.345591e+00 2.389020e+00 2.257987e+00 2.214065e+00 2.001389e+00 1.814836e+00 5.800414e-04
<GCONST> 8.712932e+01
<MIXTURE> 93 6.122769e-03
<MEAN> 25
 -6.817746e+00 -9.602380e-01 -2.399044e+00 5.792608e+00 5.904131e+00 3.919371e+00 6.117384e+00 3.604134e+00 4.116969e+00 2.506043e+00 1.815459e+00 3.702648e+00 -6.163953e-02 -1.544065e-01 -2.571125e-01 -3.315039e-01 -3.336792e-01 -2.842593e-01 -2.175596e-01 -1.741270e-01 -1.667416e-01 -1.510740e-01 -1.040925e-01 -3.413143e-02 -2.303676e-06
<VARIANCE> 25
 9.137596e+00 6.024154e+00 8.188967e+00 1.138298e+01 1.149514e+01 1.598335e+01 1.530441e+01 1.645369e+01 1.475498e+01 1.455315e+01 1.677957e+01 1.344445e+01 8.269191e-02 1.536357e-01 2.638732e-01 3.811104e-01 4.974656e-01 6.419111e-01 7.791291e-01 8.880163e-01 9.167356e-01 8.765333e-01 8.921199e-01 9.192542e-01 1.002797e-06
<GCONST> 5.361788e+01
<MIXTURE> 94 6.122769e-03
<MEAN> 25
 -6.817746e+00 -9.602380e-01 -2.399044e+00 5.792608e+00 5.904131e+00 3.919371e+00 6.117384e+00 3.604134e+00 4.116969e+00 2.506043e+00 1.815459e+00 3.702648e+00 -6.163953e-02 -1.544065e-01 -2.571125e-01 -3.315039e-01 -3.336792e-01 -2.842593e-01 -2.175596e-01 -1.741270e-01 -1.667416e-01 -1.510740e-01 -1.040925e-01 -3.413143e-02 -2.303676e-06
<VARIANCE> 25
 9.137596e+00 6.024154e+00 8.188967e+00 1.138298e+01 1.149514e+01 1.598335e+01 1.530441e+01 1.645369e+01 1.475498e+01 1.455315e+01 1.677957e+01 1.344445e+01 8.269191e-02 1.536357e-01 2.638732e-01 3.811104e-01 4.974656e-01 6.419111e-01 7.791291e-01 8.880163e-01 9.167356e-01 8.765333e-01 8.921199e-01 9.192542e-01 1.002797e-06
<GCONST> 5.361788e+01
<MIXTURE> 95 5.258835e-03
<MEAN> 25
 -4.175570e+00 -8.794227e-02 -1.466617e+00 3.455796e+00 3.305399e+00 2.719331e+00 3.650381e+00 1.422857e+00 1.962328e+00 7.646293e-01 1.185437e+00 1.798097e+00 1.006869e-01 1.698050e-01 8.877825e-02 -2.223903e-02 -4.177005e-01 -7.318743e-01 -9.761186e-01 -1.094021e+00 -1.263851e+00 -1.055366e+00 -5.076415e-01 -4.136684e-01 -2.307457e-03
<VARIANCE> 25
 1.233676e+01 6.625600e+00 1.002854e+01 1.317675e+01 1.234756e+01 1.494633e+01 1.903691e+01 1.604069e+01 1.236778e+01 1.279302e+01 1.706551e+01 1.280402e+01 1.840469e-01 3.051955e-01 5.127380e-01 5.194926e-01 7.671527e-01 9.041619e-01 9.375534e-01 8.045557e-01 1.029191e+00 1.012393e+00 1.109265e+00 1.336789e+00 6.494699e-05
<GCONST> 6.256767e+01
<MIXTURE> 96 7.034694e-03
<MEAN> 25
 -4.353945e+00 -2.484552e-01 -2.138774e+00 4.456689e+00 3.470732e+00 1.548101e+00 2.995097e+00 1.527539e+00 2.180414e+00 6.038136e-01 7.294865e-01 2.325286e+00 -2.487934e-02 2.796040e-02 2.219483e-01 4.392185e-01 5.730899e-01 6.014267e-01 3.546334e-01 -1.225201e-01 -5.284547e-01 -7.156538e-01 -6.420236e-01 -3.166868e-01 4.480382e-05
<VARIANCE> 25
 1.222441e+01 8.762126e+00 1.124098e+01 1.484005e+01 1.408065e+01 1.771337e+01 1.846979e+01 1.806013e+01 1.668158e+01 1.741588e+01 2.060276e+01 1.444649e+01 1.252948e-01 2.180550e-01 2.899238e-01 3.637631e-01 4.908549e-01 7.530626e-01 1.004823e+00 9.335501e-01 9.825059e-01 8.536620e-01 8.896114e-01 8.520575e-01 1.252216e-06
<GCONST> 5.748204e+01
<MIXTURE> 97 7.034694e-03
<MEAN> 25
 -4.353945e+00 -2.484552e-01 -2.138774e+00 4.456689e+00 3.470732e+00 1.548101e+00 2.995097e+00 1.527539e+00 2.180414e+00 6.038136e-01 7.294865e-01 2.325286e+00 -2.487934e-02 2.796040e-02 2.219483e-01 4.392185e-01 5.730899e-01 6.014267e-01 3.546334e-01 -1.225201e-01 -5.284547e-01 -7.156538e-01 -6.420236e-01 -3.166868e-01 4.480382e-05
<VARIANCE> 25
 1.222441e+01 8.762126e+00 1.124098e+01 1.484005e+01 1.408065e+01 1.771337e+01 1.846979e+01 1.806013e+01 1.668158e+01 1.741588e+01 2.060276e+01 1.444649e+01 1.252948e-01 2.180550e-01 2.899238e-01 3.637631e-01 4.908549e-01 7.530626e-01 1.004823e+00 9.335501e-01 9.825059e-01 8.536620e-01 8.896114e-01 8.520575e-01 1.252216e-06
<GCONST> 5.748204e+01
<MIXTURE> 98 9.917808e-03
<MEAN> 25
 -1.399523e+00 1.060281e+00 -1.409463e-01 4.179235e+00 3.290840e+00 2.469428e+00 3.024979e+00 1.633796e+00 1.619121e+00 1.087897e+00 6.990400e-01 9.653003e-01 -1.683404e+00 -1.403982e+00 -9.120417e-01 1.623341e-01 6.517033e-01 8.196642e-01 1.178449e+00 1.260860e+00 1.738648e+00 1.269122e+00 1.322519e+00 9.229555e-01 -2.942483e-02
<VARIANCE> 25
 1.337322e+01 1.871566e+01 2.922593e+01 3.215955e+01 4.165670e+01 3.412805e+01 3.042672e+01 2.747532e+01 2.584055e+01 2.926142e+01 2.499591e+01 2.217148e+01 1.428262e+00 1.556574e+00 2.341091e+00 2.291210e+00 2.706618e+00 2.720206e+00 2.769999e+00 3.215729e+00 2.452943e+00 3.006316e+00 2.649998e+00 2.063974e+00 2.549603e-03
<GCONST> 8.963655e+01
<MIXTURE> 99 6.696178e-03
<MEAN> 25
 -5.994744e+00 9.248644e+00 6.493387e+00 2.914910e+00 1.027264e+00 -5.175956e+00 -2.034911e+00 -3.737485e+00 -3.753337e+00 -3.765642e+00 -1.367755e+00 6.632312e-02 4.513570e-01 -6.847017e-01 3.868344e-01 -3.702445e-01 -1.014826e+00 -5.077583e-01 -4.280545e-01 -2.577051e-01 -1.915699e-01 -8.256875e-02 2.795621e-01 1.580902e-01 1.253471e-02
<VARIANCE> 25
 3.456856e+01 2.782122e+01 4.404447e+01 3.260337e+01 3.400274e+01 3.279333e+01 2.684835e+01 2.894085e+01 2.674665e+01 2.588713e+01 1.944925e+01 2.748287e+01 2.110237e+00 2.015997e+00 1.412139e+00 1.611318e+00 2.777925e+00 1.922041e+00 1.544149e+00 1.533171e+00 1.759313e+00 1.724264e+00 1.265140e+00 1.208867e+00 1.512106e-03
<GCONST> 8.642625e+01
<MIXTURE> 100 4.498084e-03
<MEAN> 25
 -1.598860e+00 6.344740e+00 1.027688e+01 -7.462684e+00 -1.078197e+01 -5.075275e+00 -4.941646e+00 -9.968731e+00 -4.718192e+00 -8.551579e-01 -2.733288e+00 -2.708263e+00 2.917855e+00 -1.260447e+00 1.299666e+00 -2.185926e+00 -3.419456e+00 -7.841240e-01 -1.218781e+00 -8.197610e-01 -1.475474e+00 3.467017e-01 -1.655600e+00 -2.862609e-01 2.016123e-03
<VARIANCE> 25
 1.362652e+01 2.105950e+01 2.246268e+01 2.642735e+01 2.301892e+01 2.372152e+01 2.911114e+01 2.170768e+01 2.748248e+01 2.265207e+01 2.241123e+01 2.134094e+01 1.799246e+00 3.953767e+00 2.919945e+00 4.286282e+00 4.184493e+00 4.537177e+00 4.015435e+00 4.340351e+00 4.167843e+00 3.896039e+00 3.910369e+00 3.225013e+00 1.674852e-03
<GCONST> 9.256876e+01
<MIXTURE> 101 6.007792e-03
<MEAN> 25
 8.065042e+00 -3.509967e+00 -6.275965e+00 -6.825863e+00 8.147757e-01 -1.261210e+00 -1.053910e+01 -2.058105e+00 1.589793e+00 2.714461e+00 -2.363288e+00 -5.158913e+00 6.713164e-01 6.545344e-01 -1.453032e+00 -1.605356e+00 1.034240e+00 2.310811e+00 1.999765e-01 -1.460775e+00 -1.074374e+00 1.024701e+00 1.356206e+00 -4.186217e-01 -4.904663e-03
<VARIANCE> 25
 9.398913e+00 1.671790e+01 2.992878e+01 4.287763e+01 3.622570e+01 3.562628e+01 3.729237e+01 3.603397e+01 3.786026e+01 4.375706e+01 5.161454e+01 2.415391e+01 2.930385e-01 6.679955e-01 1.169135e+00 1.548435e+00 1.679382e+00 2.096711e+00 2.076734e+00 1.983208e+00 2.355069e+00 2.232471e+00 1.831298e+00 1.926771e+00 3.448861e-04
<GCONST> 8.365323e+01
<MIXTURE> 102 6.007792e-03
<MEAN> 25
 8.065042e+00 -3.509967e+00 -6.275965e+00 -6.825863e+00 8.147757e-01 -1.261210e+00 -1.053910e+01 -2.058105e+00 1.589793e+00 2.714461e+00 -2.363288e+00 -5.158913e+00 6.713164e-01 6.545344e-01 -1.453032e+00 -1.605356e+00 1.034240e+00 2.310811e+00 1.999765e-01 -1.460775e+00 -1.074374e+00 1.024701e+00 1.356206e+00 -4.186217e-01 -4.904663e-03
<VARIANCE> 25
 9.398913e+00 1.671790e+01 2.992878e+01 4.287763e+01 3.622570e+01 3.562628e+01 3.729237e+01 3.603397e+01 3.786026e+01 4.375706e+01 5.161454e+01 2.415391e+01 2.930385e-01 6.679955e-01 1.169135e+00 1.548435e+00 1.679382e+00 2.096711e+00 2.076734e+00 1.983208e+00 2.355069e+00 2.232471e+00 1.831298e+00 1.926771e+00 3.448861e-04
<GCONST> 8.365323e+01
<MIXTURE> 103 5.694618e-03
<MEAN> 25
 3.358222e+00 -9.458855e+00 -6.115900e+00 -3.085455e+00 -1.334064e+00 -1.966597e+00 2.430510e+00 2.505816e+00 -4.604679e+00 -9.237414e+00 -5.053702e+00 3.616782e-01 -1.573373e-01 -1.484149e+00 -9.778438e-01 3.757569e-01 1.213824e+00 1.019285e+00 1.600450e-01 -2.663047e-01 -7.782969e-01 -9.427141e-01 -3.554306e-02 1.185600e-01 2.688651e-02
<VARIANCE> 25
 1.034115e+01 2.045697e+01 2.294575e+01 3.161624e+01 4.794504e+01 3.493587e+01 4.633364e+01 3.664742e+01 4.205824e+01 2.942704e+01 3.003761e+01 2.638120e+01 6.424112e-01 1.258365e+00 1.537940e+00 1.937972e+00 2.922334e+00 2.406975e+00 2.885504e+00 2.575622e+00 2.567889e+00 2.532024e+00 2.094812e+00 2.014070e+00 8.074936e-04
<GCONST> 8.757109e+01
<MIXTURE> 104 5.694618e-03
<MEAN> 25
 3.358222e+00 -9.458855e+00 -6.115900e+00 -3.085455e+00 -1.334064e+00 -1.966597e+00 2.430510e+00 2.505816e+00 -4.604679e+00 -9.237414e+00 -5.053702e+00 3.616782e-01 -1.573373e-01 -1.484149e+00 -9.778438e-01 3.757569e-01 1.213824e+00 1.019285e+00 1.600450e-01 -2.663047e-01 -7.782969e-01 -9.427141e-01 -3.554306e-02 1.185600e-01 2.688651e-02
<VARIANCE> 25
 1.034115e+01 2.045697e+01 2.294575e+01 3.161624e+01 4.794504e+01 3.493587e+01 4.633364e+01 3.664742e+01 4.205824e+01 2.942704e+01 3.003761e+01 2.638120e+01 6.424112e-01 1.258365e+00 1.537940e+00 1.937972e+00 2.922334e+00 2.406975e+00 2.885504e+00 2.575622e+00 2.567889e+00 2.532024e+00 2.094812e+00 2.014070e+00 8.074936e-04
<GCONST> 8.757109e+01
<MIXTURE> 105 4.710235e-03
<MEAN> 25
 2.059698e+00 -1.421405e+00 8.622089e+00 -2.650948e+00 -1.110689e+01 -4.872822e+00 -3.981054e+00 -7.540929e-01 -3.601024e+00 -2.922754e+00 1.427828e+00 -1.149184e+00 9.116564e-03 3.983951e-02 5.354327e-02 -4.270101e-02 1.569588e-02 3.593780e-02 -4.217149e-03 5.193470e-02 -3.849315e-02 1.462930e-02 2.007043e-02 -2.857377e-02 -1.957685e-03
<VARIANCE> 25
 1.302490e+01 2.745043e+01 4.422710e+01 4.241994e+01 3.955127e+01 5.100410e+01 3.949869e+01 4.115574e+01 3.851343e+01 4.127798e+01 3.990051e+01 2.918818e+01 8.432167e-02 1.844551e-01 3.430768e-01 2.972250e-01 3.909737e-01 4.233207e-01 4.730666e-01 4.868692e-01 4.927747e-01 4.485022e-01 4.386176e-01 4.004200e-01 9.706456e-05
<GCONST> 6.659516e+01
<MIXTURE> 106 4.710235e-03
<MEAN> 25
 2.059698e+00 -1.421405e+00 8.622089e+00 -2.650948e+00 -1.110689e+01 -4.872822e+00 -3.981054e+00 -7.540929e-01 -3.601024e+00 -2.922754e+00 1.427828e+00 -1.149184e+00 9.116564e-03 3.983951e-02 5.354327e-02 -4.270101e-02 1.569588e-02 3.593780e-02 -4.217149e-03 5.193470e-02 -3.849315e-02 1.462930e-02 2.007043e-02 -2.857377e-02 -1.957685e-03
<VARIANCE> 25
 1.302490e+01 2.745043e+01 4.422710e+01 4.241994e+01 3.955127e+01 5.100410e+01 3.949869e+01 4.115574e+01 3.851343e+01 4.127798e+01 3.990051e+01 2.918818e+01 8.432167e-02 1.844551e-01 3.430768e-01 2.972250e-01 3.909737e-01 4.233207e-01 4.730666e-01 4.868692e-01 4.927747e-01 4.485022e-01 4.386176e-01 4.004200e-01 9.706456e-05
<GCONST> 6.659516e+01
<MIXTURE> 107 5.452374e-03
<MEAN> 25
 8.640449e+00 -2.310163e+00 -8.039488e+00 -9.560780e+00 1.965537e+00 2.957990e+00 -8.640922e+00 -4.553770e+00 -8.844002e-01 3.388736e+00 8.547693e-01 -5.074015e+00 -6.098968e-01 -7.684699e-01 8.360283e-01 1.773197e+00 2.255010e-01 -2.012666e+00 -9.217615e-01 8.485867e-01 1.767234e+00 4.699602e-02 -1.658109e+00 -8.203666e-01 -1.790522e-03
<VARIANCE> 25
 9.255355e+00 2.046984e+01 2.836217e+01 4.281868e+01 3.576880e+01 3.847911e+01 5.117773e+01 3.627189e+01 4.579639e+01 4.173678e+01 5.137466e+01 3.037190e+01 3.557716e-01 9.686436e-01 1.462022e+00 2.414096e+00 2.286648e+00 2.824731e+00 2.614480e+00 2.541803e+00 2.298059e+00 3.031017e+00 1.945239e+00 2.206831e+00 7.029744e-04
<GCONST> 8.804787e+01
<MIXTURE> 108 5.452374e-03
<MEAN> 25
 8.640449e+00 -2.310163e+00 -8.039488e+00 -9.560780e+00 1.965537e+00 2.957990e+00 -8.640922e+00 -4.553770e+00 -8.844002e-01 3.388736e+00 8.547693e-01 -5.074015e+00 -6.098968e-01 -7.684699e-01 8.360283e-01 1.773197e+00 2.255010e-01 -2.012666e+00 -9.217615e-01 8.485867e-01 1.767234e+00 4.699602e-02 -1.658109e+00 -8.203666e-01 -1.790522e-03
<VARIANCE> 25
 9.255355e+00 2.046984e+01 2.836217e+01 4.281868e+01 3.576880e+01 3.847911e+01 5.117773e+01 3.627189e+01 4.579639e+01 4.173678e+01 5.137466e+01 3.037190e+01 3.557716e-01 9.686436e-01 1.462022e+00 2.414096e+00 2.286648e+00 2.824731e+00 2.614480e+00 2.541803e+00 2.298059e+00 3.031017e+00 1.945239e+00 2.206831e+00 7.029744e-04
<GCONST> 8.804787e+01
<MIXTURE> 109 6.661064e-03
<MEAN> 25
 3.980287e+00 -1.035127e+01 -8.136041e+00 -1.359600e+00 2.649395e+00 -6.791605e-02 -1.104601e-01 1.398037e+00 -2.516080e+00 -8.211457e+00 -5.316518e+00 3.005888e-02 -3.563911e-02 -1.362789e-01 -3.925838e-02 2.495653e-01 1.946679e-01 1.077584e-01 -1.210979e-01 -9.647774e-02 -3.888210e-02 -1.438647e-01 2.080572e-01 7.054200e-03 -3.629075e-03
<VARIANCE> 25
 9.274005e+00 1.946497e+01 2.069545e+01 3.079887e+01 4.045006e+01 3.615183e+01 4.584065e+01 3.382809e+01 4.519723e+01 3.554818e+01 2.916399e+01 2.783683e+01 1.944444e-01 4.189242e-01 5.335396e-01 6.285531e-01 1.223871e+00 9.876221e-01 1.244895e+00 1.093027e+00 1.111629e+00 9.787785e-01 8.684503e-01 8.730052e-01 1.824747e-04
<GCONST> 7.441160e+01
<MIXTURE> 110 6.661064e-03
<MEAN> 25
 3.980287e+00 -1.035127e+01 -8.136041e+00 -1.359600e+00 2.649395e+00 -6.791605e-02 -1.104601e-01 1.398037e+00 -2.516080e+00 -8.211457e+00 -5.316518e+00 3.005888e-02 -3.563911e-02 -1.362789e-01 -3.925838e-02 2.495653e-01 1.946679e-01 1.077584e-01 -1.210979e-01 -9.647774e-02 -3.888210e-02 -1.438647e-01 2.080572e-01 7.054200e-03 -3.629075e-03
<VARIANCE> 25
 9.274005e+00 1.946497e+01 2.069545e+01 3.079887e+01 4.045006e+01 3.615183e+01 4.584065e+01 3.382809e+01 4.519723e+01 3.554818e+01 2.916399e+01 2.783683e+01 1.944444e-01 4.189242e-01 5.335396e-01 6.285531e-01 1.223871e+00 9.876221e-01 1.244895e+00 1.093027e+00 1.111629e+00 9.787785e-01 8.684503e-01 8.730052e-01 1.824747e-04
<GCONST> 7.441160e+01
<MIXTURE> 111 4.337247e-03
<MEAN> 25
 -1.320746e+00 -2.201642e-01 -6.671964e-01 6.265890e-01 4.034495e-01 3.594936e-01 -7.988962e-02 -2.681021e-01 -6.986867e-01 -8.836215e-01 -4.400023e-01 7.730083e-01 -1.205528e-02 -2.201222e-02 -2.406795e-02 -6.055243e-02 -9.684410e-02 -1.493421e-02 1.473619e-01 -1.822919e-02 -1.405353e-01 -3.078861e-01 -2.202405e-01 -1.807672e-02 -6.146179e-04
<VARIANCE> 25
 4.321613e+00 4.759096e+00 6.025783e+00 6.880921e+00 8.146076e+00 1.368405e+01 1.065808e+01 1.083855e+01 9.041062e+00 1.038319e+01 1.021237e+01 8.993801e+00 1.084829e-01 1.702588e-01 3.709694e-01 4.579611e-01 6.085110e-01 8.317150e-01 8.333713e-01 8.936824e-01 9.192787e-01 1.064163e+00 8.176286e-01 8.713517e-01 4.627309e-05
<GCONST> 5.413882e+01
<MIXTURE> 112 4.337247e-03
<MEAN> 25
 -1.320746e+00 -2.201642e-01 -6.671964e-01 6.265890e-01 4.034495e-01 3.594936e-01 -7.988962e-02 -2.681021e-01 -6.986867e-01 -8.836215e-01 -4.400023e-01 7.730083e-01 -1.205528e-02 -2.201222e-02 -2.406795e-02 -6.055243e-02 -9.684410e-02 -1.493421e-02 1.473619e-01 -1.822919e-02 -1.405353e-01 -3.078861e-01 -2.202405e-01 -1.807672e-02 -6.146179e-04
<VARIANCE> 25
 4.321613e+00 4.759096e+00 6.025783e+00 6.880921e+00 8.146076e+00 1.368405e+01 1.065808e+01 1.083855e+01 9.041062e+00 1.038319e+01 1.021237e+01 8.993801e+00 1.084829e-01 1.702588e-01 3.709694e-01 4.579611e-01 6.085110e-01 8.317150e-01 8.333713e-01 8.936824e-01 9.192787e-01 1.064163e+00 8.176286e-01 8.713517e-01 4.627309e-05
<GCONST> 5.413882e+01
<MIXTURE> 113 5.938666e-03
<MEAN> 25
 9.976751e+00 1.755219e+00 -8.780272e+00 -1.704555e+01 -1.034044e+00 5.658796e+00 -5.280183e+00 -1.466599e+00 -5.695346e+00 -4.937613e-01 2.987171e-01 -1.983228e-01 4.801586e-03 1.376593e-02 -5.953830e-02 -1.132875e-01 1.043695e-01 1.505670e-01 5.930659e-02 3.619336e-02 -5.683051e-02 -5.137996e-02 1.797131e-01 3.524294e-02 -1.410124e-03
<VARIANCE> 25
 8.884584e+00 1.638881e+01 2.967976e+01 3.422506e+01 5.273121e+01 3.386664e+01 3.970639e+01 3.914161e+01 3.737203e+01 4.639748e+01 3.629452e+01 2.844216e+01 1.217792e-01 3.206073e-01 3.161296e-01 6.315010e-01 6.128862e-01 6.537069e-01 7.765979e-01 8.452470e-01 9.595884e-01 9.053127e-01 7.244655e-01 7.134731e-01 1.247795e-04
<GCONST> 7.110572e+01
<MIXTURE> 114 5.938666e-03
<MEAN> 25
 9.976751e+00 1.755219e+00 -8.780272e+00 -1.704555e+01 -1.034044e+00 5.658796e+00 -5.280183e+00 -1.466599e+00 -5.695346e+00 -4.937613e-01 2.987171e-01 -1.983228e-01 4.801586e-03 1.376593e-02 -5.953830e-02 -1.132875e-01 1.043695e-01 1.505670e-01 5.930659e-02 3.619336e-02 -5.683051e-02 -5.137996e-02 1.797131e-01 3.524294e-02 -1.410124e-03
<VARIANCE> 25
 8.884584e+00 1.638881e+01 2.967976e+01 3.422506e+01 5.273121e+01 3.386664e+01 3.970639e+01 3.914161e+01 3.737203e+01 4.639748e+01 3.629452e+01 2.844216e+01 1.217792e-01 3.206073e-01 3.161296e-01 6.315010e-01 6.128862e-01 6.537069e-01 7.765979e-01 8.452470e-01 9.595884e-01 9.053127e-01 7.244655e-01 7.134731e-01 1.247795e-04
<GCONST> 7.110572e+01
<MIXTURE> 115 2.935202e-03
<MEAN> 25
 -3.477336e+00 -5.278282e-01 -2.786814e+00 3.249932e+00 2.225399e+00 -3.843771e-01 1.862357e+00 2.624872e-02 8.523120e-01 -1.010183e-01 3.664333e-02 2.200021e+00 3.663074e-02 -7.257946e-02 -1.929656e-01 -4.125904e-01 -5.828993e-01 -6.704028e-01 -6.744649e-01 -5.027256e-01 -4.551249e-01 -4.040479e-01 -2.749547e-01 -6.000207e-02 -1.166553e-05
<VARIANCE> 25
 1.011940e+01 9.160666e+00 1.282512e+01 1.257467e+01 1.266645e+01 1.581767e+01 1.667149e+01 1.963858e+01 2.274868e+01 1.686306e+01 1.733272e+01 1.557543e+01 1.861413e-01 3.256236e-01 4.796537e-01 5.575281e-01 5.930609e-01 7.554867e-01 1.153267e+00 1.202568e+00 1.022045e+00 1.013364e+00 9.900889e-01 1.099453e+00 1.113683e-06
<GCONST> 6.001268e+01
<MIXTURE> 116 2.935202e-03
<MEAN> 25
 -3.477336e+00 -5.278282e-01 -2.786814e+00 3.249932e+00 2.225399e+00 -3.843771e-01 1.862357e+00 2.624872e-02 8.523120e-01 -1.010183e-01 3.664333e-02 2.200021e+00 3.663074e-02 -7.257946e-02 -1.929656e-01 -4.125904e-01 -5.828993e-01 -6.704028e-01 -6.744649e-01 -5.027256e-01 -4.551249e-01 -4.040479e-01 -2.749547e-01 -6.000207e-02 -1.166553e-05
<VARIANCE> 25
 1.011940e+01 9.160666e+00 1.282512e+01 1.257467e+01 1.266645e+01 1.581767e+01 1.667149e+01 1.963858e+01 2.274868e+01 1.686306e+01 1.733272e+01 1.557543e+01 1.861413e-01 3.256236e-01 4.796537e-01 5.575281e-01 5.930609e-01 7.554867e-01 1.153267e+00 1.202568e+00 1.022045e+00 1.013364e+00 9.900889e-01 1.099453e+00 1.113683e-06
<GCONST> 6.001268e+01
<MIXTURE> 117 6.506003e-03
<MEAN> 25
 -4.643867e+00 1.117677e+00 1.054503e+00 9.757172e+00 6.259665e+00 6.256014e+00 6.462469e+00 5.044160e+00 6.385238e+00 4.928999e+00 6.366426e+00 2.709370e+00 -7.498986e-02 -2.339996e-01 -3.584549e-01 -4.199907e-01 -3.673401e-01 -3.026753e-01 -2.872925e-01 -3.313930e-01 -3.914783e-01 -3.687873e-01 -2.630980e-01 -1.160245e-01 -8.790705e-06
<VARIANCE> 25
 7.190133e+00 8.752098e+00 9.808219e+00 1.431818e+01 1.561718e+01 1.534915e+01 1.772704e+01 1.796026e+01 1.640204e+01 1.637023e+01 1.674298e+01 1.475372e+01 2.165958e-01 3.076276e-01 4.261991e-01 6.170935e-01 8.538337e-01 1.055237e+00 1.177431e+00 1.232816e+00 1.224598e+00 1.195126e+00 1.167053e+00 1.113647e+00 1.000455e-06
<GCONST> 6.043086e+01
<MIXTURE> 118 6.506003e-03
<MEAN> 25
 -4.643867e+00 1.117677e+00 1.054503e+00 9.757172e+00 6.259665e+00 6.256014e+00 6.462469e+00 5.044160e+00 6.385238e+00 4.928999e+00 6.366426e+00 2.709370e+00 -7.498986e-02 -2.339996e-01 -3.584549e-01 -4.199907e-01 -3.673401e-01 -3.026753e-01 -2.872925e-01 -3.313930e-01 -3.914783e-01 -3.687873e-01 -2.630980e-01 -1.160245e-01 -8.790705e-06
<VARIANCE> 25
 7.190133e+00 8.752098e+00 9.808219e+00 1.431818e+01 1.561718e+01 1.534915e+01 1.772704e+01 1.796026e+01 1.640204e+01 1.637023e+01 1.674298e+01 1.475372e+01 2.165958e-01 3.076276e-01 4.261991e-01 6.170935e-01 8.538337e-01 1.055237e+00 1.177431e+00 1.232816e+00 1.224598e+00 1.195126e+00 1.167053e+00 1.113647e+00 1.000455e-06
<GCONST> 6.043086e+01
<MIXTURE> 119 4.297961e-03
<MEAN> 25
 -4.561710e+00 -7.104440e+00 2.051808e+00 1.875548e+00 1.939567e+00 7.399983e-02 4.628233e+00 5.522059e+00 1.232436e+00 7.956502e-01 6.127049e+00 1.734832e+00 -4.438444e-02 -1.049015e-01 2.398070e-02 -2.671821e-02 -7.308985e-02 -1.647266e-01 -9.270161e-02 1.030915e-02 -1.290963e-01 -1.118256e-01 1.500213e-02 -5.007522e-02 1.684092e-03
<VARIANCE> 25
 8.782657e+00 1.112933e+01 1.518308e+01 1.856479e+01 2.149997e+01 2.190873e+01 2.558837e+01 2.561539e+01 2.280653e+01 2.680246e+01 2.053630e+01 2.053036e+01 1.607259e-01 2.761143e-01 4.374558e-01 6.763077e-01 8.555475e-01 9.849858e-01 1.043145e+00 1.196221e+00 1.191004e+00 1.162648e+00 1.217568e+00 1.040120e+00 2.429555e-04
<GCONST> 6.922708e+01
<MIXTURE> 120 4.297961e-03
<MEAN> 25
 -4.561710e+00 -7.104440e+00 2.051808e+00 1.875548e+00 1.939567e+00 7.399983e-02 4.628233e+00 5.522059e+00 1.232436e+00 7.956502e-01 6.127049e+00 1.734832e+00 -4.438444e-02 -1.049015e-01 2.398070e-02 -2.671821e-02 -7.308985e-02 -1.647266e-01 -9.270161e-02 1.030915e-02 -1.290963e-01 -1.118256e-01 1.500213e-02 -5.007522e-02 1.684092e-03
<VARIANCE> 25
 8.782657e+00 1.112933e+01 1.518308e+01 1.856479e+01 2.149997e+01 2.190873e+01 2.558837e+01 2.561539e+01 2.280653e+01 2.680246e+01 2.053630e+01 2.053036e+01 1.607259e-01 2.761143e-01 4.374558e-01 6.763077e-01 8.555475e-01 9.849858e-01 1.043145e+00 1.196221e+00 1.191004e+00 1.162648e+00 1.217568e+00 1.040120e+00 2.429555e-04
<GCONST> 6.922708e+01
<MIXTURE> 121 4.567511e-03
<MEAN> 25
 1.563240e-01 -2.380124e+00 4.870796e+00 -1.238323e+01 -1.227137e+01 -1.660992e+00 8.442335e-01 -4.959917e+00 -4.033646e+00 -4.469865e-01 -5.372394e+00 -4.203888e+00 2.320959e-02 1.149021e-01 -5.503315e-02 6.770796e-02 1.814645e-01 8.772974e-02 -7.444933e-02 -1.909241e-01 -2.707624e-01 -2.500864e-01 -1.591086e-01 -2.173463e-03 -7.498491e-03
<VARIANCE> 25
 7.482334e+00 1.601996e+01 1.824138e+01 2.458458e+01 2.625224e+01 2.818032e+01 2.893226e+01 2.453938e+01 3.460204e+01 2.742635e+01 1.947890e+01 2.100975e+01 1.528787e-01 6.408326e-01 6.057043e-01 7.153521e-01 7.741079e-01 1.131680e+00 1.098858e+00 1.136649e+00 1.243665e+00 1.199627e+00 1.000182e+00 8.471816e-01 2.104123e-04
<GCONST> 7.157900e+01
<MIXTURE> 122 4.567511e-03
<MEAN> 25
 1.563240e-01 -2.380124e+00 4.870796e+00 -1.238323e+01 -1.227137e+01 -1.660992e+00 8.442335e-01 -4.959917e+00 -4.033646e+00 -4.469865e-01 -5.372394e+00 -4.203888e+00 2.320959e-02 1.149021e-01 -5.503315e-02 6.770796e-02 1.814645e-01 8.772974e-02 -7.444933e-02 -1.909241e-01 -2.707624e-01 -2.500864e-01 -1.591086e-01 -2.173463e-03 -7.498491e-03
<VARIANCE> 25
 7.482334e+00 1.601996e+01 1.824138e+01 2.458458e+01 2.625224e+01 2.818032e+01 2.893226e+01 2.453938e+01 3.460204e+01 2.742635e+01 1.947890e+01 2.100975e+01 1.528787e-01 6.408326e-01 6.057043e-01 7.153521e-01 7.741079e-01 1.131680e+00 1.098858e+00 1.136649e+00 1.243665e+00 1.199627e+00 1.000182e+00 8.471816e-01 2.104123e-04
<GCONST> 7.157900e+01
<MIXTURE> 123 4.393044e-03
<MEAN> 25
 -2.571312e+00 1.152401e+00 -6.757449e-02 3.933209e+00 2.983402e+00 2.035060e+00 2.235285e+00 5.680817e-01 5.609276e-01 3.439593e-01 2.028493e-02 3.096641e-01 -3.741478e-01 -6.174729e-01 -8.069784e-01 -6.591042e-01 -2.610340e-01 6.005730e-02 3.242944e-01 6.495786e-01 7.335569e-01 6.946120e-01 6.544866e-01 4.020157e-01 -4.087859e-03
<VARIANCE> 25
 9.380161e+00 7.821164e+00 1.090400e+01 1.670071e+01 1.946054e+01 2.145255e+01 1.673818e+01 1.394559e+01 1.338210e+01 1.689964e+01 1.590712e+01 1.454169e+01 2.925270e-01 3.131021e-01 4.120936e-01 6.492555e-01 8.738243e-01 9.849769e-01 9.703317e-01 9.826569e-01 1.148319e+00 1.277577e+00 1.292973e+00 1.219992e+00 1.253192e-04
<GCONST> 6.574694e+01
<MIXTURE> 124 4.069876e-03
<MEAN> 25
 -6.117131e+00 -1.084427e+00 -2.825587e+00 4.754987e+00 4.688826e+00 3.229506e+00 5.212654e+00 2.563507e+00 3.075689e+00 1.350960e+00 1.026938e+00 2.827236e+00 -1.976700e-01 -3.328233e-01 -3.925450e-01 -2.497640e-01 1.433478e-01 5.249907e-01 8.156142e-01 8.656203e-01 6.483603e-01 3.202721e-01 5.873634e-02 -2.093826e-02 -1.346192e-05
<VARIANCE> 25
 1.297112e+01 7.001730e+00 1.074036e+01 1.369788e+01 1.244944e+01 1.921221e+01 1.546416e+01 1.637531e+01 1.481338e+01 1.627580e+01 1.841515e+01 1.515746e+01 1.034162e-01 1.704568e-01 2.872713e-01 4.224061e-01 5.906677e-01 6.961557e-01 7.292224e-01 7.898337e-01 8.850277e-01 9.816144e-01 9.867561e-01 9.776884e-01 2.198389e-05
<GCONST> 5.908590e+01
<MIXTURE> 125 4.069876e-03
<MEAN> 25
 -6.117131e+00 -1.084427e+00 -2.825587e+00 4.754987e+00 4.688826e+00 3.229506e+00 5.212654e+00 2.563507e+00 3.075689e+00 1.350960e+00 1.026938e+00 2.827236e+00 -1.976700e-01 -3.328233e-01 -3.925450e-01 -2.497640e-01 1.433478e-01 5.249907e-01 8.156142e-01 8.656203e-01 6.483603e-01 3.202721e-01 5.873634e-02 -2.093826e-02 -1.346192e-05
<VARIANCE> 25
 1.297112e+01 7.001730e+00 1.074036e+01 1.369788e+01 1.244944e+01 1.921221e+01 1.546416e+01 1.637531e+01 1.481338e+01 1.627580e+01 1.841515e+01 1.515746e+01 1.034162e-01 1.704568e-01 2.872713e-01 4.224061e-01 5.906677e-01 6.961557e-01 7.292224e-01 7.898337e-01 8.850277e-01 9.816144e-01 9.867561e-01 9.776884e-01 2.198389e-05
<GCONST> 5.908590e+01
<MIXTURE> 126 2.402244e-03
<MEAN> 25
 -3.217154e+00 -6.028127e+00 -4.422250e+00 1.905384e+00 3.396873e+00 -2.936366e+00 -2.272858e-01 3.077807e+00 2.882586e+00 -2.480304e+00 -1.203464e+00 2.625625e+00 -3.249134e-02 -3.670738e-02 -7.348572e-02 -1.909573e-01 -3.393799e-01 -4.100633e-01 -2.923067e-01 -1.382719e-01 -1.863317e-01 -1.607650e-01 -1.044694e-01 -4.402950e-02 -3.241152e-03
<VARIANCE> 25
 7.603280e+00 1.434664e+01 1.502408e+01 1.410398e+01 2.458430e+01 2.102506e+01 2.043243e+01 2.594356e+01 2.784257e+01 2.346733e+01 1.936222e+01 1.801673e+01 1.760616e-01 3.516428e-01 4.805632e-01 5.709303e-01 7.615680e-01 9.973323e-01 1.037058e+00 1.181438e+00 1.212184e+00 1.264534e+00 1.122371e+00 1.043319e+00 2.200360e-04
<GCONST> 6.886877e+01
<MIXTURE> 127 2.402244e-03
<MEAN> 25
 -3.217154e+00 -6.028127e+00 -4.422250e+00 1.905384e+00 3.396873e+00 -2.936366e+00 -2.272858e-01 3.077807e+00 2.882586e+00 -2.480304e+00 -1.203464e+00 2.625625e+00 -3.249134e-02 -3.670738e-02 -7.348572e-02 -1.909573e-01 -3.393799e-01 -4.100633e-01 -2.923067e-01 -1.382719e-01 -1.863317e-01 -1.607650e-01 -1.044694e-01 -4.402950e-02 -3.241152e-03
<VARIANCE> 25
 7.603280e+00 1.434664e+01 1.502408e+01 1.410398e+01 2.458430e+01 2.102506e+01 2.043243e+01 2.594356e+01 2.784257e+01 2.346733e+01 1.936222e+01 1.801673e+01 1.760616e-01 3.516428e-01 4.805632e-01 5.709303e-01 7.615680e-01 9.973323e-01 1.037058e+00 1.181438e+00 1.212184e+00 1.264534e+00 1.122371e+00 1.043319e+00 2.200360e-04
<GCONST> 6.886877e+01
<MIXTURE> 128 3.790457e-03
<MEAN> 25
 -3.750082e+00 1.560232e+00 -3.358429e-01 6.315555e+00 3.452288e+00 1.751212e+00 3.254212e+00 2.261837e+00 3.885868e+00 3.693535e+00 3.607116e+00 3.288030e+00 -3.928280e-01 -2.069881e-01 8.604928e-02 7.224013e-01 1.189270e+00 1.163642e+00 7.582837e-01 1.340446e-01 -4.176122e-01 -8.154154e-01 -7.478811e-01 -3.688517e-01 -6.809487e-05
<VARIANCE> 25
 1.076305e+01 1.131507e+01 1.448131e+01 2.047380e+01 2.019703e+01 2.079296e+01 2.647011e+01 2.418342e+01 2.568986e+01 2.318310e+01 2.667365e+01 1.917534e+01 8.627905e-01 1.112123e+00 1.325370e+00 1.457036e+00 1.530095e+00 1.826880e+00 2.224220e+00 2.249676e+00 2.095828e+00 1.823374e+00 1.750030e+00 1.709687e+00 1.017286e-06
<GCONST> 7.346296e+01
<TRANSP> 3
 0.000000e+00 1.000000e+00 0.000000e+00
 0.000000e+00 9.999990e-01 9.999998e-07
 0.000000e+00 0.000000e+00 0.000000e+00
<ENDHMM>
