~o
<STREAMINFO> 1 25
<VECSIZE> 25<NULLD><MFCC_E_D_N><DIAGC>
~h "jmodel"
<BEGINHMM>
<NUMSTATES> 3
<STATE> 2
<NUMMIXES> 128
<MIXTURE> 1 5.748963e-03
<MEAN> 25
 -2.582573e+00 3.181509e+00 2.310740e+00 8.753617e+00 4.371806e+00 3.448523e+00 4.062972e+00 3.935150e+00 5.832346e+00 5.252760e+00 5.884336e+00 3.080230e+00 -2.004353e+00 -1.634544e+00 -8.640068e-01 1.076091e+00 1.560721e+00 2.232254e+00 2.154538e+00 2.085110e+00 1.693690e+00 1.269872e+00 1.567101e+00 6.132187e-01 -4.691413e-02
<VARIANCE> 25
 1.007007e+01 1.175838e+01 1.494945e+01 1.868864e+01 2.318589e+01 2.214932e+01 2.189111e+01 2.197249e+01 2.099389e+01 2.253312e+01 2.094299e+01 1.707921e+01 1.789046e+00 2.111679e+00 3.025906e+00 3.209202e+00 3.738669e+00 3.356363e+00 3.317997e+00 3.379552e+00 3.521108e+00 3.726182e+00 3.513732e+00 2.833835e+00 3.121595e-03
<GCONST> 8.846191e+01
<MIXTURE> 2 4.549242e-03
<MEAN> 25
 -4.874582e+00 1.311823e+00 9.940586e-01 9.898709e+00 6.692726e+00 7.424559e+00 7.846526e+00 6.957992e+00 8.372740e+00 6.372025e+00 7.622464e+00 3.074505e+00 -6.203149e-02 4.163026e-02 1.423779e-01 2.259523e-01 2.652915e-01 2.814658e-01 2.955661e-01 3.193435e-01 3.495785e-01 3.085303e-01 1.970745e-01 8.007638e-02 1.183210e-06
<VARIANCE> 25
 6.956779e+00 8.900298e+00 1.064999e+01 1.591401e+01 1.723377e+01 1.556011e+01 1.689716e+01 1.848200e+01 1.658476e+01 1.738767e+01 1.812538e+01 1.433733e+01 1.252333e-01 2.265838e-01 3.365270e-01 4.670950e-01 6.491534e-01 8.148088e-01 9.298345e-01 1.003245e+00 1.051668e+00 1.078370e+00 1.075499e+00 1.013736e+00 9.998225e-07
<GCONST> 5.804309e+01
<MIXTURE> 3 4.549242e-03
<MEAN> 25
 -4.874582e+00 1.311823e+00 9.940586e-01 9.898709e+00 6.692726e+00 7.424559e+00 7.846526e+00 6.957992e+00 8.372740e+00 6.372025e+00 7.622464e+00 3.074505e+00 -6.203149e-02 4.163026e-02 1.423779e-01 2.259523e-01 2.652915e-01 2.814658e-01 2.955661e-01 3.193435e-01 3.495785e-01 3.085303e-01 1.970745e-01 8.007638e-02 1.183210e-06
<VARIANCE> 25
 6.956779e+00 8.900298e+00 1.064999e+01 1.591401e+01 1.723377e+01 1.556011e+01 1.689716e+01 1.848200e+01 1.658476e+01 1.738767e+01 1.812538e+01 1.433733e+01 1.252333e-01 2.265838e-01 3.365270e-01 4.670950e-01 6.491534e-01 8.148088e-01 9.298345e-01 1.003245e+00 1.051668e+00 1.078370e+00 1.075499e+00 1.013736e+00 9.998225e-07
<GCONST> 5.804309e+01
<MIXTURE> 4 1.671429e-02
<MEAN> 25
 3.445523e+00 2.545371e+00 -3.801413e+00 9.362888e-01 4.323711e+00 -2.293474e-01 6.566720e-02 7.572538e-03 1.489744e+00 1.315151e+00 -1.894046e+00 9.885988e-02 -2.769981e+00 1.216492e+00 1.774787e+00 3.088256e+00 9.286430e-01 4.972914e-01 1.511256e+00 1.046156e+00 9.744252e-01 4.360924e-01 1.239172e+00 8.990634e-01 -1.040057e-01
<VARIANCE> 25
 2.116875e+01 2.952220e+01 2.918772e+01 3.978538e+01 4.569904e+01 6.899409e+01 6.532907e+01 5.373548e+01 5.564048e+01 6.230761e+01 4.977718e+01 3.592952e+01 2.349991e+00 5.053797e+00 3.742230e+00 4.954086e+00 5.056782e+00 6.174668e+00 6.140157e+00 5.573455e+00 5.966730e+00 6.445360e+00 6.120453e+00 4.461728e+00 6.092632e-03
<GCONST> 1.055261e+02
<MIXTURE> 5 3.206198e-03
<MEAN> 25
 -3.415966e+00 2.180290e+00 6.082170e-01 9.425362e+00 6.696004e+00 6.314413e+00 7.110249e+00 4.723447e+00 5.496673e+00 3.847574e+00 4.657297e+00 2.606468e+00 -3.246022e-01 7.526895e-01 1.224471e+00 1.032335e+00 3.073367e-01 -1.009093e-01 -8.430049e-02 3.351922e-02 4.580790e-01 6.836042e-01 4.038792e-01 8.811706e-02 -2.760818e-05
<VARIANCE> 25
 1.025083e+01 1.394142e+01 2.349289e+01 2.563969e+01 2.021822e+01 1.943203e+01 2.012466e+01 2.035253e+01 2.141303e+01 2.127656e+01 2.409568e+01 1.635547e+01 1.209759e+00 1.244060e+00 1.357306e+00 1.673311e+00 2.284427e+00 2.377664e+00 2.302003e+00 2.275246e+00 2.315389e+00 2.237722e+00 2.084890e+00 1.873373e+00 9.999353e-07
<GCONST> 7.516599e+01
<MIXTURE> 6 5.475854e-03
<MEAN> 25
 9.702853e+00 -4.193667e-01 -6.690230e+00 -1.104258e+01 -2.120207e+00 6.733679e+00 -5.897159e+00 -5.299227e+00 -3.660342e+00 1.829216e+00 4.642995e+00 -1.252392e+00 4.851018e-01 8.961824e-01 -3.511244e-01 -1.468451e+00 -6.383466e-01 1.314703e+00 1.536875e+00 2.473646e-01 -1.218637e+00 -1.217601e+00 3.229454e-01 1.228565e+00 -8.165602e-03
<VARIANCE> 25
 8.960142e+00 1.708517e+01 2.396213e+01 3.915559e+01 3.681339e+01 3.065151e+01 4.410025e+01 3.808703e+01 4.078078e+01 3.946983e+01 4.210425e+01 2.841299e+01 3.115406e-01 8.571329e-01 9.453679e-01 1.978320e+00 1.605722e+00 2.016012e+00 1.918942e+00 2.051866e+00 2.398960e+00 1.965199e+00 2.245847e+00 1.438141e+00 5.858832e-04
<GCONST> 8.387914e+01
<MIXTURE> 7 5.475854e-03
<MEAN> 25
 9.702853e+00 -4.193667e-01 -6.690230e+00 -1.104258e+01 -2.120207e+00 6.733679e+00 -5.897159e+00 -5.299227e+00 -3.660342e+00 1.829216e+00 4.642995e+00 -1.252392e+00 4.851018e-01 8.961824e-01 -3.511244e-01 -1.468451e+00 -6.383466e-01 1.314703e+00 1.536875e+00 2.473646e-01 -1.218637e+00 -1.217601e+00 3.229454e-01 1.228565e+00 -8.165602e-03
<VARIANCE> 25
 8.960142e+00 1.708517e+01 2.396213e+01 3.915559e+01 3.681339e+01 3.065151e+01 4.410025e+01 3.808703e+01 4.078078e+01 3.946983e+01 4.210425e+01 2.841299e+01 3.115406e-01 8.571329e-01 9.453679e-01 1.978320e+00 1.605722e+00 2.016012e+00 1.918942e+00 2.051866e+00 2.398960e+00 1.965199e+00 2.245847e+00 1.438141e+00 5.858832e-04
<GCONST> 8.387914e+01
<MIXTURE> 8 1.165917e-02
<MEAN> 25
 -4.728270e+00 1.359986e+00 1.291576e+00 9.551215e+00 6.573735e+00 6.253359e+00 6.478515e+00 5.689269e+00 6.659245e+00 5.626883e+00 6.571856e+00 3.150343e+00 -6.301152e-01 -1.425262e+00 -1.069507e+00 -1.729044e+00 -2.321139e-01 -9.456120e-01 -1.774721e-01 -2.893526e-01 -2.527017e-01 -1.756436e-01 -2.125789e-01 8.152848e-02 9.880749e-02
<VARIANCE> 25
 9.340007e+00 9.847590e+00 1.160290e+01 1.611000e+01 1.662156e+01 1.569468e+01 1.811286e+01 1.749964e+01 1.702778e+01 1.739139e+01 1.886470e+01 1.399212e+01 2.754679e+00 2.812925e+00 3.906920e+00 3.763104e+00 3.453785e+00 3.314009e+00 3.126379e+00 3.077863e+00 2.870426e+00 2.656341e+00 2.433610e+00 1.900958e+00 6.682902e-03
<GCONST> 8.628079e+01
<MIXTURE> 9 1.199672e-02
<MEAN> 25
 9.273268e+00 3.393574e+00 -6.175335e+00 -1.061905e+01 -2.189235e+00 4.969662e+00 -2.196670e+00 -2.314512e+00 -5.375680e+00 -1.266549e+00 5.197318e-01 -2.737017e-03 1.437707e+00 -1.278598e-01 -4.737911e-01 -2.705074e+00 -1.646720e+00 8.529620e-01 -9.812239e-01 -2.354747e-01 -1.918100e-01 -5.815823e-01 6.034340e-01 -1.575928e-01 7.336936e-02
<VARIANCE> 25
 1.234047e+01 2.132840e+01 3.370476e+01 5.400087e+01 5.009348e+01 3.219743e+01 4.307891e+01 5.194490e+01 4.200954e+01 4.143182e+01 3.648374e+01 2.687965e+01 2.081885e+00 2.441116e+00 4.618243e+00 4.858113e+00 4.987362e+00 4.080893e+00 4.234070e+00 6.019930e+00 5.044942e+00 4.066330e+00 4.034157e+00 2.803071e+00 2.203836e-03
<GCONST> 9.879261e+01
<MIXTURE> 10 6.596976e-03
<MEAN> 25
 8.209905e-01 7.634349e+00 5.376025e+00 7.148930e+00 1.587323e+00 -2.115201e+00 -5.182359e-01 -1.685372e+00 8.743039e-01 8.599083e-01 8.390245e-01 6.574072e-01 -1.924949e+00 -6.733345e-01 -4.585904e-01 3.028184e+00 2.463268e+00 2.710475e+00 2.373918e+00 2.277882e+00 1.861640e+00 1.545136e+00 2.335855e+00 5.248548e-01 -1.381424e-01
<VARIANCE> 25
 1.954180e+01 2.068560e+01 2.230515e+01 2.906169e+01 3.831323e+01 3.494086e+01 3.514605e+01 3.384106e+01 2.761317e+01 2.904948e+01 2.695891e+01 2.501439e+01 2.234848e+00 3.426161e+00 5.535581e+00 5.169694e+00 5.552333e+00 4.469496e+00 4.699799e+00 4.843567e+00 4.388577e+00 5.021073e+00 4.442269e+00 3.191132e+00 2.696847e-03
<GCONST> 9.745966e+01
<MIXTURE> 11 1.633820e-02
<MEAN> 25
 8.149132e+00 2.952834e+00 3.093035e+00 4.840190e+00 -5.110471e+00 -2.127382e+00 -1.360912e+00 -7.511408e+00 -4.986230e+00 -1.408948e-01 -2.523668e+00 -2.128619e+00 -2.222535e-01 5.650202e-01 1.219366e-01 1.643983e-01 5.793730e-01 -1.022639e-01 2.058976e-01 -1.645008e-01 -2.553335e-01 1.763656e-01 -1.240020e-01 1.383140e-02 -1.782818e-02
<VARIANCE> 25
 9.687353e+00 3.200968e+01 1.941925e+01 2.853133e+01 5.180080e+01 3.440008e+01 5.136519e+01 4.394373e+01 4.950467e+01 3.225395e+01 3.068777e+01 2.600821e+01 8.777075e-01 1.090448e+00 1.527416e+00 2.073994e+00 2.270439e+00 2.383180e+00 2.458935e+00 2.989374e+00 2.271584e+00 2.298532e+00 1.744150e+00 1.556004e+00 8.573315e-04
<GCONST> 8.764823e+01
<MIXTURE> 12 5.904134e-03
<MEAN> 25
 1.076509e+01 3.735150e+00 -4.498591e+00 -1.597624e+01 -8.704623e+00 8.631285e+00 -8.869349e-01 -1.935330e+00 -1.736590e+00 -4.880896e+00 1.770160e+00 7.125782e-01 6.741047e-02 2.944211e-01 7.929295e-02 -3.682713e-01 -3.113118e-01 2.825752e-02 3.048510e-01 4.485670e-01 1.419816e-01 -3.855945e-01 -3.856597e-01 5.300999e-02 -6.320030e-03
<VARIANCE> 25
 8.875615e+00 2.105005e+01 2.334756e+01 3.528241e+01 4.208603e+01 3.105182e+01 4.185032e+01 4.910002e+01 4.419557e+01 3.738432e+01 3.797761e+01 2.891322e+01 2.467483e-01 6.880440e-01 6.854684e-01 1.168907e+00 1.186344e+00 1.054562e+00 1.171618e+00 1.385772e+00 1.240179e+00 1.222408e+00 1.220265e+00 9.569595e-01 5.783626e-04
<GCONST> 7.893513e+01
<MIXTURE> 13 5.904134e-03
<MEAN> 25
 1.076509e+01 3.735150e+00 -4.498591e+00 -1.597624e+01 -8.704623e+00 8.631285e+00 -8.869349e-01 -1.935330e+00 -1.736590e+00 -4.880896e+00 1.770160e+00 7.125782e-01 6.741047e-02 2.944211e-01 7.929295e-02 -3.682713e-01 -3.113118e-01 2.825752e-02 3.048510e-01 4.485670e-01 1.419816e-01 -3.855945e-01 -3.856597e-01 5.300999e-02 -6.320030e-03
<VARIANCE> 25
 8.875615e+00 2.105005e+01 2.334756e+01 3.528241e+01 4.208603e+01 3.105182e+01 4.185032e+01 4.910002e+01 4.419557e+01 3.738432e+01 3.797761e+01 2.891322e+01 2.467483e-01 6.880440e-01 6.854684e-01 1.168907e+00 1.186344e+00 1.054562e+00 1.171618e+00 1.385772e+00 1.240179e+00 1.222408e+00 1.220265e+00 9.569595e-01 5.783626e-04
<GCONST> 7.893513e+01
<MIXTURE> 14 6.488954e-03
<MEAN> 25
 -4.305141e+00 -3.854554e-01 -3.061315e-01 8.833533e+00 7.489323e+00 7.345357e+00 7.801593e+00 7.324554e+00 7.250614e+00 5.178443e+00 6.850769e+00 4.068208e+00 -2.801953e-01 1.844567e-01 3.693351e-01 3.133895e-01 -3.881218e-03 5.004680e-02 9.901714e-02 1.760124e-01 2.965887e-01 5.190948e-01 5.083796e-01 8.049191e-02 -9.134922e-03
<VARIANCE> 25
 9.265239e+00 1.375353e+01 1.847241e+01 1.827131e+01 2.076750e+01 1.953244e+01 2.138490e+01 2.044356e+01 1.989593e+01 2.396504e+01 2.122386e+01 1.595094e+01 9.582824e-01 1.635605e+00 1.761177e+00 1.918675e+00 2.242872e+00 2.261567e+00 2.237604e+00 2.220726e+00 2.269426e+00 2.541113e+00 2.178529e+00 1.801865e+00 1.024806e-03
<GCONST> 8.182408e+01
<MIXTURE> 15 2.475190e-03
<MEAN> 25
 -5.278917e+00 -6.105160e-01 -2.375120e-01 7.292109e+00 5.687047e+00 5.635411e+00 5.995207e+00 4.948674e+00 5.149972e+00 4.107986e+00 5.418400e+00 2.519195e+00 -1.227520e-01 -2.672120e-02 8.030978e-02 2.519083e-01 4.875039e-01 7.823830e-01 1.066059e+00 1.184634e+00 1.075935e+00 7.594144e-01 4.128408e-01 1.603199e-01 9.063355e-05
<VARIANCE> 25
 7.893901e+00 5.656643e+00 8.968507e+00 1.289179e+01 1.393535e+01 1.459296e+01 1.494457e+01 1.476542e+01 1.398341e+01 1.410681e+01 1.522873e+01 1.239986e+01 1.237799e-01 2.035303e-01 3.182182e-01 5.039091e-01 6.910424e-01 7.845591e-01 7.610381e-01 7.900573e-01 9.250640e-01 1.024868e+00 1.058565e+00 1.034660e+00 2.974804e-05
<GCONST> 5.871560e+01
<MIXTURE> 16 2.475190e-03
<MEAN> 25
 -5.278917e+00 -6.105160e-01 -2.375120e-01 7.292109e+00 5.687047e+00 5.635411e+00 5.995207e+00 4.948674e+00 5.149972e+00 4.107986e+00 5.418400e+00 2.519195e+00 -1.227520e-01 -2.672120e-02 8.030978e-02 2.519083e-01 4.875039e-01 7.823830e-01 1.066059e+00 1.184634e+00 1.075935e+00 7.594144e-01 4.128408e-01 1.603199e-01 9.063355e-05
<VARIANCE> 25
 7.893901e+00 5.656643e+00 8.968507e+00 1.289179e+01 1.393535e+01 1.459296e+01 1.494457e+01 1.476542e+01 1.398341e+01 1.410681e+01 1.522873e+01 1.239986e+01 1.237799e-01 2.035303e-01 3.182182e-01 5.039091e-01 6.910424e-01 7.845591e-01 7.610381e-01 7.900573e-01 9.250640e-01 1.024868e+00 1.058565e+00 1.034660e+00 2.974804e-05
<GCONST> 5.871560e+01
<MIXTURE> 17 9.518312e-03
<MEAN> 25
 3.708970e+00 -6.556026e-01 6.663460e+00 1.542605e+00 -5.596108e+00 -5.684484e+00 -3.457028e+00 -5.526423e-01 -3.248742e+00 -3.095186e+00 -3.431909e-01 -2.505377e-01 -7.436810e-01 -1.215689e+00 1.423568e+00 -2.131932e+00 -2.259915e+00 -3.132222e-01 -8.742906e-02 7.053623e-01 -5.629606e-01 -2.150571e-01 1.108350e+00 5.052915e-01 8.300953e-02
<VARIANCE> 25
 1.538848e+01 3.037428e+01 2.900041e+01 4.538562e+01 4.237563e+01 5.027078e+01 3.961688e+01 3.272277e+01 3.823126e+01 2.491149e+01 2.767904e+01 2.814583e+01 1.691151e+00 2.485898e+00 3.842392e+00 3.269906e+00 3.833236e+00 5.289459e+00 5.237451e+00 4.347238e+00 4.664438e+00 3.714379e+00 2.977160e+00 2.822571e+00 2.008474e-03
<GCONST> 9.649717e+01
<MIXTURE> 18 1.221018e-02
<MEAN> 25
 3.944134e+00 4.603708e+00 6.778203e+00 4.694658e+00 -4.639875e+00 -8.355776e+00 -1.766337e+00 -1.193100e+00 -3.440396e+00 -2.448090e+00 -8.716955e-01 5.838186e-01 -7.727632e-01 2.150394e+00 -1.930139e-01 2.009814e+00 3.112530e+00 1.475646e+00 8.047317e-01 -2.016472e-01 6.232946e-01 5.303470e-01 -2.950518e-01 -7.387795e-02 -1.230838e-01
<VARIANCE> 25
 1.615005e+01 2.524277e+01 3.322084e+01 2.628932e+01 4.011622e+01 3.344881e+01 3.880169e+01 3.503348e+01 3.966616e+01 3.436993e+01 3.238400e+01 3.099370e+01 2.569286e+00 3.028828e+00 4.718411e+00 4.097713e+00 4.108564e+00 4.700362e+00 4.710871e+00 4.448368e+00 4.465841e+00 4.309819e+00 4.542370e+00 3.629505e+00 4.167341e-03
<GCONST> 9.857167e+01
<MIXTURE> 19 9.912824e-03
<MEAN> 25
 -8.937099e+00 1.696461e+00 1.585793e-01 1.339097e+00 3.833835e+00 1.659382e+00 3.444205e+00 7.453829e-01 1.732628e+00 1.125360e+00 7.133995e-01 1.940325e+00 1.993786e+00 1.651162e+00 2.179499e+00 5.510046e-01 -1.119499e+00 -9.558790e-01 -1.151995e+00 -1.370692e+00 -1.513170e+00 -1.152578e+00 -1.079649e+00 -9.342358e-01 6.242051e-03
<VARIANCE> 25
 6.034967e+01 2.708666e+01 4.337054e+01 4.922092e+01 3.051416e+01 3.072238e+01 2.782209e+01 2.763450e+01 2.641006e+01 2.644777e+01 3.180163e+01 1.778316e+01 2.324069e+00 2.107357e+00 2.097207e+00 2.515332e+00 2.299026e+00 2.112336e+00 2.332141e+00 2.138939e+00 1.886221e+00 1.829672e+00 2.462568e+00 1.685610e+00 2.381116e-03
<GCONST> 9.044798e+01
<MIXTURE> 20 6.308331e-03
<MEAN> 25
 -1.403512e+01 7.117873e+00 1.562571e+00 5.271417e+00 4.515495e+00 1.779035e+00 4.910395e+00 7.815446e-01 5.186705e-01 7.371201e-01 2.402208e+00 -3.713771e-01 -3.275139e+00 -8.247919e-01 -1.588556e+00 2.387880e-01 1.511615e+00 2.139415e+00 1.942788e+00 1.976944e+00 2.073769e+00 2.006640e+00 1.607406e+00 8.720486e-01 4.741151e-02
<VARIANCE> 25
 1.903522e+01 2.378193e+01 3.780945e+01 4.798672e+01 3.114973e+01 2.677252e+01 2.977851e+01 2.985860e+01 2.916443e+01 2.681812e+01 2.435230e+01 1.989718e+01 2.017685e+00 2.095760e+00 1.837371e+00 2.552787e+00 2.583659e+00 2.327657e+00 2.220524e+00 2.304088e+00 2.201339e+00 2.531043e+00 2.241479e+00 1.872748e+00 1.796076e-03
<GCONST> 8.917127e+01
<MIXTURE> 21 7.928653e-03
<MEAN> 25
 4.011910e+00 -4.514062e+00 5.798092e+00 -1.535866e+00 -1.056348e+01 -8.712401e+00 -2.668361e+00 4.094189e+00 -2.158992e+00 -3.424959e+00 2.437699e-01 3.708811e-01 -7.154274e-01 1.340254e+00 2.574657e+00 -3.054669e-02 -1.542647e+00 3.247180e-01 5.865874e-01 -1.489422e+00 -1.948503e+00 3.151429e-01 1.324672e+00 2.491678e-01 -1.272727e-02
<VARIANCE> 25
 8.881886e+00 1.876919e+01 2.973528e+01 2.825460e+01 2.854603e+01 3.299416e+01 4.326387e+01 3.995867e+01 4.358978e+01 3.140131e+01 3.360635e+01 2.323235e+01 3.794120e-01 9.442435e-01 1.873001e+00 1.321661e+00 2.212879e+00 2.217931e+00 3.621902e+00 2.513911e+00 2.179048e+00 2.593662e+00 2.009726e+00 2.283819e+00 4.309117e-04
<GCONST> 8.516753e+01
<MIXTURE> 22 8.827789e-03
<MEAN> 25
 -1.792089e+01 7.154607e+00 -4.130155e+00 7.391172e+00 4.602283e+00 2.761473e+00 8.399364e+00 1.748469e+00 5.378922e+00 3.300893e+00 5.716253e+00 1.185063e+00 -3.095783e-01 -2.076320e-01 -1.255568e-01 -1.492710e-01 -7.317079e-03 1.369304e-01 1.808082e-01 1.779588e-01 2.485576e-01 2.072495e-01 1.726835e-01 1.924575e-01 8.857002e-03
<VARIANCE> 25
 8.116300e+00 1.682474e+01 1.739930e+01 2.519139e+01 2.289671e+01 2.083779e+01 1.943219e+01 1.870977e+01 1.814141e+01 2.086600e+01 1.924085e+01 1.378648e+01 1.090676e+00 1.357304e+00 1.363884e+00 1.571949e+00 1.408916e+00 1.526875e+00 1.508960e+00 1.532787e+00 1.614360e+00 1.544922e+00 1.357475e+00 1.167950e+00 1.745449e-03
<GCONST> 7.831091e+01
<MIXTURE> 23 6.455497e-03
<MEAN> 25
 8.150853e+00 8.834668e-01 2.307254e+00 1.818456e+00 -6.266496e+00 -2.574191e+00 -2.154988e+00 -7.826347e+00 -5.580312e+00 -2.418149e-01 -3.421010e+00 -2.485943e+00 6.214795e-02 2.262590e-01 -1.027023e-02 1.773442e-02 -8.449864e-02 -7.835400e-03 1.879792e-01 -1.581695e-02 1.112474e-01 1.156004e-01 -1.291958e-01 -2.677437e-02 -5.221763e-03
<VARIANCE> 25
 1.096867e+01 2.598846e+01 2.125116e+01 3.302401e+01 3.973647e+01 4.330751e+01 6.164732e+01 5.517505e+01 5.884500e+01 3.876192e+01 3.932031e+01 3.188646e+01 1.137885e-01 2.591958e-01 3.555724e-01 5.325907e-01 7.237543e-01 7.436962e-01 9.097418e-01 8.014067e-01 7.840488e-01 9.357095e-01 7.570072e-01 7.919424e-01 7.918251e-05
<GCONST> 7.221390e+01
<MIXTURE> 24 6.455497e-03
<MEAN> 25
 8.150853e+00 8.834668e-01 2.307254e+00 1.818456e+00 -6.266496e+00 -2.574191e+00 -2.154988e+00 -7.826347e+00 -5.580312e+00 -2.418149e-01 -3.421010e+00 -2.485943e+00 6.214795e-02 2.262590e-01 -1.027023e-02 1.773442e-02 -8.449864e-02 -7.835400e-03 1.879792e-01 -1.581695e-02 1.112474e-01 1.156004e-01 -1.291958e-01 -2.677437e-02 -5.221763e-03
<VARIANCE> 25
 1.096867e+01 2.598846e+01 2.125116e+01 3.302401e+01 3.973647e+01 4.330751e+01 6.164732e+01 5.517505e+01 5.884500e+01 3.876192e+01 3.932031e+01 3.188646e+01 1.137885e-01 2.591958e-01 3.555724e-01 5.325907e-01 7.237543e-01 7.436962e-01 9.097418e-01 8.014067e-01 7.840488e-01 9.357095e-01 7.570072e-01 7.919424e-01 7.918251e-05
<GCONST> 7.221390e+01
<MIXTURE> 25 1.118642e-02
<MEAN> 25
 6.204638e-01 3.212880e+00 1.625684e+01 -1.024500e+00 -1.039957e+01 -2.669669e+00 -6.037068e+00 -3.026005e+00 -8.203553e+00 -5.235785e+00 3.846730e+00 -4.006298e-01 -3.156077e-01 5.863334e-01 3.932002e-01 3.247485e-01 1.631507e-01 -2.028058e-02 3.588345e-01 -8.346102e-02 -5.054329e-02 9.992678e-02 2.935586e-02 -1.910146e-01 -1.265771e-02
<VARIANCE> 25
 8.231837e+00 1.958064e+01 1.917163e+01 2.450296e+01 3.104357e+01 3.892615e+01 2.941451e+01 2.562047e+01 3.272908e+01 3.236403e+01 1.825225e+01 3.090077e+01 7.454375e-01 1.338194e+00 1.455355e+00 1.708099e+00 2.108403e+00 2.151513e+00 1.886453e+00 1.444518e+00 1.595811e+00 1.519294e+00 1.388906e+00 1.492139e+00 1.128555e-03
<GCONST> 8.245429e+01
<MIXTURE> 26 7.727677e-03
<MEAN> 25
 2.176649e+00 -6.444863e+00 -1.039176e+01 -7.007741e-01 8.003378e+00 5.484671e+00 4.056799e+00 -2.744350e-01 2.278714e+00 -9.604035e-01 -2.894905e+00 -9.933057e-01 -6.535943e-01 6.272617e-01 3.668399e-01 6.970512e-01 1.755408e-01 2.424898e-01 2.890439e-01 3.351680e-01 2.889455e-01 8.535822e-02 3.889256e-01 4.292496e-01 -5.269182e-02
<VARIANCE> 25
 2.508200e+01 3.402805e+01 2.565222e+01 6.230956e+01 3.894783e+01 4.244320e+01 4.611754e+01 4.396515e+01 3.930267e+01 5.437225e+01 4.006097e+01 4.671379e+01 1.650218e+00 1.957248e+00 1.927239e+00 2.000040e+00 2.317687e+00 2.369869e+00 2.522327e+00 2.737545e+00 2.332976e+00 2.336472e+00 2.162604e+00 2.002350e+00 3.325394e-03
<GCONST> 9.391217e+01
<MIXTURE> 27 7.727677e-03
<MEAN> 25
 2.176649e+00 -6.444863e+00 -1.039176e+01 -7.007741e-01 8.003378e+00 5.484671e+00 4.056799e+00 -2.744350e-01 2.278714e+00 -9.604035e-01 -2.894905e+00 -9.933057e-01 -6.535943e-01 6.272617e-01 3.668399e-01 6.970512e-01 1.755408e-01 2.424898e-01 2.890439e-01 3.351680e-01 2.889455e-01 8.535822e-02 3.889256e-01 4.292496e-01 -5.269182e-02
<VARIANCE> 25
 2.508200e+01 3.402805e+01 2.565222e+01 6.230956e+01 3.894783e+01 4.244320e+01 4.611754e+01 4.396515e+01 3.930267e+01 5.437225e+01 4.006097e+01 4.671379e+01 1.650218e+00 1.957248e+00 1.927239e+00 2.000040e+00 2.317687e+00 2.369869e+00 2.522327e+00 2.737545e+00 2.332976e+00 2.336472e+00 2.162604e+00 2.002350e+00 3.325394e-03
<GCONST> 9.391217e+01
<MIXTURE> 28 5.036674e-03
<MEAN> 25
 -5.437318e+00 1.271965e-02 -1.571299e+00 6.605999e+00 5.231062e+00 3.518068e+00 5.408215e+00 3.132129e+00 3.926982e+00 2.393073e+00 2.629485e+00 3.214836e+00 -1.155611e-01 2.227991e-01 5.270005e-01 7.836614e-01 8.218240e-01 7.023084e-01 5.229125e-01 3.909470e-01 4.439529e-01 4.813318e-01 3.707891e-01 1.888205e-01 -1.264837e-05
<VARIANCE> 25
 1.050636e+01 8.345766e+00 1.215041e+01 1.486943e+01 1.470191e+01 1.772124e+01 1.806000e+01 1.898850e+01 1.716249e+01 1.671572e+01 2.062341e+01 1.499927e+01 2.562473e-01 3.361613e-01 4.078626e-01 4.647615e-01 6.217396e-01 8.488010e-01 1.056708e+00 1.145752e+00 1.105096e+00 1.031831e+00 1.036374e+00 1.065517e+00 1.006052e-06
<GCONST> 6.026931e+01
<MIXTURE> 29 5.036674e-03
<MEAN> 25
 -5.437318e+00 1.271965e-02 -1.571299e+00 6.605999e+00 5.231062e+00 3.518068e+00 5.408215e+00 3.132129e+00 3.926982e+00 2.393073e+00 2.629485e+00 3.214836e+00 -1.155611e-01 2.227991e-01 5.270005e-01 7.836614e-01 8.218240e-01 7.023084e-01 5.229125e-01 3.909470e-01 4.439529e-01 4.813318e-01 3.707891e-01 1.888205e-01 -1.264837e-05
<VARIANCE> 25
 1.050636e+01 8.345766e+00 1.215041e+01 1.486943e+01 1.470191e+01 1.772124e+01 1.806000e+01 1.898850e+01 1.716249e+01 1.671572e+01 2.062341e+01 1.499927e+01 2.562473e-01 3.361613e-01 4.078626e-01 4.647615e-01 6.217396e-01 8.488010e-01 1.056708e+00 1.145752e+00 1.105096e+00 1.031831e+00 1.036374e+00 1.065517e+00 1.006052e-06
<GCONST> 6.026931e+01
<MIXTURE> 30 8.917812e-03
<MEAN> 25
 -4.348880e+00 -1.401641e-01 6.000724e-01 8.952049e+00 7.706415e+00 7.355995e+00 7.439408e+00 6.852118e+00 6.566051e+00 4.872770e+00 6.884034e+00 3.485356e+00 -2.424479e-02 3.125498e-02 5.679496e-02 8.270735e-02 8.412513e-02 5.271875e-02 1.989098e-02 -4.773275e-03 1.866597e-02 3.138667e-02 5.673628e-02 3.267690e-02 -6.047748e-04
<VARIANCE> 25
 7.561501e+00 9.749477e+00 1.025621e+01 1.414033e+01 1.558822e+01 1.703631e+01 1.945568e+01 1.786743e+01 1.613063e+01 1.804633e+01 2.136826e+01 1.417171e+01 9.522650e-02 1.985947e-01 3.177423e-01 4.741450e-01 6.125118e-01 7.423449e-01 7.936542e-01 7.998410e-01 8.785293e-01 9.558043e-01 9.147339e-01 8.510721e-01 5.131153e-05
<GCONST> 6.063793e+01
<MIXTURE> 31 4.136493e-03
<MEAN> 25
 -3.089241e+00 -5.351998e+00 3.648537e-02 4.651067e+00 3.362615e+00 1.357252e+00 4.969672e+00 6.432625e+00 2.847144e+00 9.447839e-01 6.182897e+00 3.127268e+00 2.760182e-01 4.620687e-01 -2.448996e-01 2.948218e-01 7.227241e-02 3.643155e-01 2.437185e-01 -1.654737e-02 2.862508e-01 3.915638e-01 -1.869082e-03 9.170322e-02 -1.903341e-02
<VARIANCE> 25
 7.245317e+00 1.514798e+01 1.644557e+01 1.720773e+01 2.474936e+01 2.312096e+01 2.441626e+01 2.369329e+01 2.479984e+01 2.697824e+01 2.053151e+01 1.727918e+01 2.028401e-01 4.704534e-01 5.934769e-01 7.364948e-01 9.424208e-01 1.072786e+00 1.291199e+00 1.306145e+00 1.335821e+00 1.264515e+00 1.282828e+00 1.114954e+00 2.663281e-04
<GCONST> 7.138580e+01
<MIXTURE> 32 4.136493e-03
<MEAN> 25
 -3.089241e+00 -5.351998e+00 3.648537e-02 4.651067e+00 3.362615e+00 1.357252e+00 4.969672e+00 6.432625e+00 2.847144e+00 9.447839e-01 6.182897e+00 3.127268e+00 2.760182e-01 4.620687e-01 -2.448996e-01 2.948218e-01 7.227241e-02 3.643155e-01 2.437185e-01 -1.654737e-02 2.862508e-01 3.915638e-01 -1.869082e-03 9.170322e-02 -1.903341e-02
<VARIANCE> 25
 7.245317e+00 1.514798e+01 1.644557e+01 1.720773e+01 2.474936e+01 2.312096e+01 2.441626e+01 2.369329e+01 2.479984e+01 2.697824e+01 2.053151e+01 1.727918e+01 2.028401e-01 4.704534e-01 5.934769e-01 7.364948e-01 9.424208e-01 1.072786e+00 1.291199e+00 1.306145e+00 1.335821e+00 1.264515e+00 1.282828e+00 1.114954e+00 2.663281e-04
<GCONST> 7.138580e+01
<MIXTURE> 33 1.508826e-02
<MEAN> 25
 6.629258e+00 -3.906491e+00 -2.346416e+00 -2.541364e+00 -1.598291e+00 -6.245822e+00 -7.230478e+00 1.496860e+00 1.308291e+00 3.872019e-01 -4.857528e+00 -3.112651e+00 5.520524e-01 -1.103597e+00 -2.365340e+00 -1.777542e+00 1.806854e+00 1.116101e+00 -9.949043e-01 7.831008e-01 9.049293e-01 7.906145e-01 -3.496442e-01 -1.239536e+00 3.410233e-02
<VARIANCE> 25
 9.309947e+00 1.998053e+01 2.740560e+01 3.395971e+01 4.040454e+01 4.663607e+01 4.056860e+01 4.462279e+01 5.205535e+01 5.128680e+01 3.303576e+01 2.679301e+01 1.228607e+00 1.885265e+00 2.141711e+00 2.167879e+00 5.597997e+00 4.486654e+00 4.846117e+00 5.496580e+00 3.735385e+00 4.858420e+00 3.190286e+00 2.565023e+00 1.557078e-03
<GCONST> 9.514355e+01
<MIXTURE> 34 1.588179e-02
<MEAN> 25
 8.929665e+00 -1.485025e-01 8.554001e-02 1.199025e+00 -3.413587e+00 -1.778162e+00 -5.764557e+00 -4.896012e+00 -2.248643e+00 1.621111e-01 -2.716389e+00 -3.722805e+00 -3.261809e-02 1.302907e+00 1.366329e+00 2.264935e+00 1.618106e-01 -2.262306e-01 6.388943e-01 -1.516808e+00 -9.079265e-01 4.039336e-01 -5.638258e-01 2.154567e-01 -6.071265e-02
<VARIANCE> 25
 7.388924e+00 3.086040e+01 2.826462e+01 4.781206e+01 4.794248e+01 4.938498e+01 5.681038e+01 5.545805e+01 5.415170e+01 4.325499e+01 4.631473e+01 3.058717e+01 1.237975e+00 1.932259e+00 4.300658e+00 4.202187e+00 6.504200e+00 5.948999e+00 6.049495e+00 6.548488e+00 5.052350e+00 5.196032e+00 4.811605e+00 3.723785e+00 1.154737e-03
<GCONST> 9.991627e+01
<MIXTURE> 35 1.467755e-02
<MEAN> 25
 -2.148031e+00 -5.248137e+00 -9.983059e+00 2.183217e-01 9.707992e+00 7.904133e-01 1.602592e+00 2.534804e+00 1.462519e+00 4.584723e+00 3.930152e-02 1.879819e+00 5.469254e-01 -1.116420e+00 -1.427187e+00 -1.387031e+00 4.115973e-01 -7.996422e-01 -6.847836e-01 -1.307099e-01 -1.612874e-01 1.658538e-01 -6.528876e-01 -4.978620e-01 1.076413e-01
<VARIANCE> 25
 1.963395e+01 2.945258e+01 4.336771e+01 6.234993e+01 4.209233e+01 5.761842e+01 5.102375e+01 4.361441e+01 5.051957e+01 3.856537e+01 3.662844e+01 3.096288e+01 3.463924e+00 3.573045e+00 6.785420e+00 5.554955e+00 5.245726e+00 5.583210e+00 4.932660e+00 4.748548e+00 5.052728e+00 4.526265e+00 4.077287e+00 3.795688e+00 5.307890e-03
<GCONST> 1.036259e+02
<MIXTURE> 36 1.093293e-02
<MEAN> 25
 5.147171e+00 -3.969922e+00 6.229509e+00 2.833701e+00 -1.065310e+01 -8.487908e+00 -5.463252e+00 1.909710e+00 -2.113469e+00 -4.937759e+00 2.387898e+00 -8.619043e-02 4.384639e-01 1.238711e-01 -9.099873e-01 3.070121e-02 8.184081e-01 1.448251e-01 -4.694901e-01 -2.701134e-01 1.661962e-01 7.074465e-01 -4.321272e-01 -3.449066e-01 -1.442295e-02
<VARIANCE> 25
 9.658997e+00 1.717000e+01 2.416792e+01 2.509154e+01 3.496572e+01 2.947893e+01 4.514421e+01 4.332815e+01 3.930405e+01 3.136822e+01 2.584987e+01 2.402055e+01 4.689893e-01 7.125030e-01 1.346666e+00 1.106217e+00 1.497174e+00 1.677967e+00 2.200197e+00 2.297384e+00 2.303663e+00 1.683179e+00 1.267806e+00 1.395821e+00 7.104450e-04
<GCONST> 8.205082e+01
<MIXTURE> 37 1.246826e-02
<MEAN> 25
 5.506179e-01 7.752989e+00 1.205970e+01 -5.547765e+00 -8.023020e+00 -1.071025e+00 -5.098384e+00 -8.308925e+00 -3.745470e+00 -9.145089e-01 -3.657869e+00 -1.273232e+00 1.792684e-01 6.483806e-01 -1.346986e+00 3.578403e+00 1.980094e+00 -3.063788e-01 1.087109e+00 4.366819e-01 5.253610e-01 -3.228315e-01 5.400816e-01 -9.261097e-02 -9.457971e-02
<VARIANCE> 25
 1.590843e+01 2.605448e+01 3.075829e+01 5.088211e+01 3.386604e+01 3.202695e+01 4.398043e+01 3.502519e+01 3.889520e+01 3.588179e+01 3.768961e+01 3.092784e+01 2.955021e+00 3.406558e+00 3.025643e+00 4.099150e+00 4.628006e+00 3.767591e+00 4.210994e+00 3.799569e+00 3.446604e+00 3.612967e+00 3.864511e+00 2.804845e+00 3.959947e-03
<GCONST> 9.779243e+01
<MIXTURE> 38 1.154525e-02
<MEAN> 25
 -4.514159e+00 8.082570e+00 6.950483e+00 1.773924e+00 2.698091e-01 -5.014579e+00 -1.191624e+00 -2.761421e+00 -3.923513e+00 -2.703768e+00 -1.368677e+00 -5.748709e-01 -4.376158e+00 1.019828e+00 -3.105195e-01 8.080044e-01 2.308869e+00 1.752125e+00 2.178093e+00 8.655846e-01 9.760367e-01 7.199180e-01 7.067608e-01 -9.909900e-02 4.454114e-02
<VARIANCE> 25
 2.745803e+01 2.753676e+01 5.356567e+01 3.616193e+01 4.223309e+01 3.287094e+01 3.305158e+01 3.507935e+01 3.324470e+01 2.828198e+01 2.112877e+01 2.467742e+01 2.022088e+00 3.466463e+00 3.415848e+00 5.857819e+00 3.740773e+00 4.647965e+00 4.117870e+00 3.850711e+00 3.830799e+00 4.125219e+00 4.006289e+00 3.453889e+00 1.818051e-03
<GCONST> 9.717849e+01
<MIXTURE> 39 9.501865e-03
<MEAN> 25
 1.338097e+00 2.610809e+00 1.028237e+01 -9.093966e+00 -1.118756e+01 -1.095798e+00 -3.077662e+00 -6.509646e+00 -4.741821e+00 8.274564e-01 -3.581202e+00 -2.145307e+00 -7.507069e-01 1.514784e+00 1.629724e+00 -1.371669e+00 9.044269e-02 1.209702e+00 -1.142463e+00 -1.230368e+00 4.435925e-01 4.546320e-01 -5.025385e-01 9.568623e-02 1.178149e-03
<VARIANCE> 25
 8.777191e+00 2.962145e+01 3.138076e+01 3.863663e+01 3.721167e+01 4.263569e+01 4.438108e+01 3.316747e+01 4.147370e+01 3.276655e+01 3.619809e+01 3.026465e+01 7.153522e-01 1.529405e+00 1.489942e+00 2.915082e+00 2.393014e+00 2.819674e+00 3.228546e+00 2.731994e+00 2.428221e+00 2.586884e+00 2.102320e+00 2.129646e+00 1.173235e-03
<GCONST> 8.971854e+01
<MIXTURE> 40 1.030800e-02
<MEAN> 25
 -8.348413e+00 1.958303e+00 -1.115909e+00 7.458575e+00 3.891340e+00 5.316654e+00 5.107769e+00 4.252033e+00 4.654781e+00 3.965538e+00 5.265517e+00 1.687927e+00 -1.279464e-01 -2.531681e-01 3.350642e-02 -1.649594e-01 -1.100105e-01 -8.223643e-02 4.523351e-02 2.495940e-02 -2.424397e-02 -1.269640e-02 8.077935e-02 5.229165e-02 6.195487e-03
<VARIANCE> 25
 4.642577e+01 1.904318e+01 2.702041e+01 2.877658e+01 2.377097e+01 1.799172e+01 1.794910e+01 1.740153e+01 1.578577e+01 1.788395e+01 1.931428e+01 1.320179e+01 7.127846e-01 7.118729e-01 8.570115e-01 1.038115e+00 1.109577e+00 1.264209e+00 1.296360e+00 1.225774e+00 1.245872e+00 1.287933e+00 1.090810e+00 1.029148e+00 8.496346e-04
<GCONST> 7.589838e+01
<MIXTURE> 41 6.713375e-03
<MEAN> 25
 1.633917e+00 1.872139e+00 1.033562e+01 -6.782850e+00 -9.365200e+00 -3.321367e+00 -2.967253e+00 -5.023973e+00 -5.032221e+00 2.237408e+00 -2.223571e+00 -1.384562e+00 1.796337e-02 -8.154420e-01 1.848068e+00 -3.511112e+00 -2.313706e+00 -2.544455e-01 -7.997267e-01 -3.379245e-01 -1.189845e+00 8.979177e-01 -7.584370e-01 2.149534e-01 8.795798e-02
<VARIANCE> 25
 1.147878e+01 2.862947e+01 2.967093e+01 3.988069e+01 4.167806e+01 3.937329e+01 3.424093e+01 2.624242e+01 3.385484e+01 2.645505e+01 3.016684e+01 2.718512e+01 2.857325e+00 2.943881e+00 3.611876e+00 3.785951e+00 4.464893e+00 5.496681e+00 4.840625e+00 4.033006e+00 4.474551e+00 3.982405e+00 4.162864e+00 3.284173e+00 2.655553e-03
<GCONST> 9.701033e+01
<MIXTURE> 42 1.106211e-02
<MEAN> 25
 -2.354956e+00 3.939034e+00 4.634998e+00 2.539804e+00 -4.821642e-01 -5.804684e+00 -3.471258e-01 -1.642077e+00 -1.860597e+00 -1.847762e+00 -2.131813e+00 9.662495e-01 4.358744e+00 -4.445288e-01 1.349842e+00 4.065006e-01 -3.029291e+00 -1.376442e+00 -2.158768e+00 -7.281091e-01 -7.862014e-01 -8.386673e-01 4.162959e-01 -9.871365e-01 9.412513e-03
<VARIANCE> 25
 3.834529e+01 2.364970e+01 4.298394e+01 2.555618e+01 4.195090e+01 3.971358e+01 3.969372e+01 2.599009e+01 2.771457e+01 2.922170e+01 1.950225e+01 1.754280e+01 3.778948e+00 4.595356e+00 6.051354e+00 5.018981e+00 4.341863e+00 6.151746e+00 4.823160e+00 4.999975e+00 4.611355e+00 4.596230e+00 4.048074e+00 3.216639e+00 4.153417e-03
<GCONST> 9.952016e+01
<MIXTURE> 43 7.108249e-03
<MEAN> 25
 3.176468e+00 -6.306863e+00 -2.246745e+00 -5.171235e+00 -7.413344e+00 -3.404538e+00 4.137839e+00 1.281937e+00 -5.075368e+00 -7.086786e+00 -4.319479e+00 -1.248631e+00 2.380102e-01 2.161151e+00 1.907795e+00 -1.341071e-01 -1.425518e+00 -7.928210e-01 -9.675782e-01 -7.795049e-01 8.170013e-01 1.468001e+00 3.408549e-01 1.923473e-02 -4.505169e-02
<VARIANCE> 25
 9.656700e+00 1.966718e+01 2.728984e+01 3.524858e+01 3.850040e+01 3.654989e+01 3.327127e+01 4.009953e+01 3.969053e+01 3.857972e+01 2.648205e+01 2.949615e+01 6.899441e-01 1.252073e+00 1.581570e+00 2.485142e+00 2.382973e+00 2.385396e+00 2.654351e+00 3.030296e+00 2.616748e+00 2.578955e+00 2.328238e+00 1.917431e+00 9.422855e-04
<GCONST> 8.798562e+01
<MIXTURE> 44 7.328289e-03
<MEAN> 25
 -1.615036e+01 3.052793e+00 7.049724e+00 -6.376900e+00 1.681125e+00 4.512513e+00 -3.340458e-01 1.015848e+00 -4.213942e-01 -3.302620e-01 1.422567e+00 5.437286e-01 -2.792255e-01 -1.788331e-01 -2.653042e-01 2.400798e-01 -1.655307e-01 1.685386e-01 4.435031e-01 6.686132e-02 2.881324e-01 -1.989052e-01 1.050300e-01 1.249688e-01 3.306486e-03
<VARIANCE> 25
 2.155053e+01 1.718525e+01 2.067132e+01 1.816345e+01 1.999707e+01 1.783467e+01 1.818951e+01 1.719748e+01 2.445834e+01 2.264310e+01 1.982697e+01 1.311926e+01 1.067738e+00 1.222897e+00 1.174888e+00 9.571139e-01 1.654055e+00 1.031981e+00 1.934079e+00 1.225176e+00 1.944361e+00 1.646314e+00 1.762404e+00 9.956616e-01 7.712655e-04
<GCONST> 7.762968e+01
<MIXTURE> 45 1.364932e-02
<MEAN> 25
 -1.244435e+01 3.406725e+00 -1.113118e+00 2.724378e+00 5.665123e+00 1.515522e-01 4.711629e+00 2.828713e+00 3.199900e+00 2.165495e+00 2.349624e+00 2.552441e+00 -2.938891e+00 5.888104e-01 -5.028828e-01 -5.404546e-01 2.016306e-01 6.586826e-03 4.566890e-01 7.370791e-02 -6.226362e-02 -5.448003e-02 2.502269e-01 8.825131e-02 1.184146e-01
<VARIANCE> 25
 3.328646e+01 3.004123e+01 3.252442e+01 3.615888e+01 3.159793e+01 2.901730e+01 2.965587e+01 2.640745e+01 2.562230e+01 2.320421e+01 2.782453e+01 1.560072e+01 2.406705e+00 3.038820e+00 2.857519e+00 2.660998e+00 2.484040e+00 2.688560e+00 2.308861e+00 2.251319e+00 2.127306e+00 2.118182e+00 1.955962e+00 1.629419e+00 4.091996e-03
<GCONST> 9.060121e+01
<MIXTURE> 46 9.336259e-03
<MEAN> 25
 -9.468400e+00 2.309925e+00 1.202507e+00 7.564153e+00 5.941788e+00 3.339381e+00 7.066921e+00 4.494498e+00 5.706047e+00 4.692763e+00 5.040954e+00 2.926338e+00 1.060980e+00 -2.409536e-01 4.039905e-02 1.001666e+00 6.031653e-01 9.425921e-01 3.879451e-01 6.747727e-01 4.729142e-01 5.080869e-01 6.410040e-01 5.240200e-01 -1.056724e-01
<VARIANCE> 25
 3.424102e+01 4.383738e+01 3.855068e+01 5.002520e+01 5.083646e+01 4.079568e+01 3.707161e+01 3.537667e+01 3.317674e+01 3.095073e+01 2.822803e+01 2.022427e+01 3.911606e+00 4.142973e+00 3.881935e+00 4.138779e+00 4.175728e+00 3.697627e+00 3.382546e+00 3.114891e+00 2.983217e+00 2.865447e+00 2.309289e+00 1.784235e+00 7.952174e-03
<GCONST> 9.830412e+01
<MIXTURE> 47 7.116147e-03
<MEAN> 25
 7.324551e+00 -7.374197e+00 -7.755737e+00 -6.445076e+00 1.510974e+00 8.410928e-01 -2.384942e+00 1.228298e+00 3.019519e+00 1.499022e-01 -4.251369e+00 -6.708630e+00 -1.841130e-01 -1.256644e+00 -6.926721e-01 -4.196828e-01 6.226091e-01 8.181124e-01 8.775008e-01 2.987319e-01 1.156240e-01 -8.861844e-01 -4.675770e-01 -4.587485e-01 3.007819e-02
<VARIANCE> 25
 1.073711e+01 2.104249e+01 2.051012e+01 3.320808e+01 3.618937e+01 5.275509e+01 4.528514e+01 4.073122e+01 4.335839e+01 4.697766e+01 4.864201e+01 3.353970e+01 5.189427e-01 7.715040e-01 1.123897e+00 1.666280e+00 1.976807e+00 2.202321e+00 2.318329e+00 2.480024e+00 2.198129e+00 2.143825e+00 2.185555e+00 2.011832e+00 5.507822e-04
<GCONST> 8.644075e+01
<MIXTURE> 48 7.116147e-03
<MEAN> 25
 7.324551e+00 -7.374197e+00 -7.755737e+00 -6.445076e+00 1.510974e+00 8.410928e-01 -2.384942e+00 1.228298e+00 3.019519e+00 1.499022e-01 -4.251369e+00 -6.708630e+00 -1.841130e-01 -1.256644e+00 -6.926721e-01 -4.196828e-01 6.226091e-01 8.181124e-01 8.775008e-01 2.987319e-01 1.156240e-01 -8.861844e-01 -4.675770e-01 -4.587485e-01 3.007819e-02
<VARIANCE> 25
 1.073711e+01 2.104249e+01 2.051012e+01 3.320808e+01 3.618937e+01 5.275509e+01 4.528514e+01 4.073122e+01 4.335839e+01 4.697766e+01 4.864201e+01 3.353970e+01 5.189427e-01 7.715040e-01 1.123897e+00 1.666280e+00 1.976807e+00 2.202321e+00 2.318329e+00 2.480024e+00 2.198129e+00 2.143825e+00 2.185555e+00 2.011832e+00 5.507822e-04
<GCONST> 8.644075e+01
<MIXTURE> 49 5.548473e-03
<MEAN> 25
 -4.955113e+00 3.867254e-01 1.157339e-01 8.285192e+00 6.061466e+00 5.491750e+00 5.926286e+00 4.458305e+00 5.035065e+00 3.728101e+00 4.871224e+00 2.826139e+00 3.634161e-01 6.427007e-01 7.053747e-01 3.480797e-01 -2.053330e-01 -6.785596e-01 -1.025935e+00 -1.133970e+00 -9.538298e-01 -6.878344e-01 -4.935751e-01 -2.586219e-01 -3.630893e-05
<VARIANCE> 25
 1.005826e+01 9.882540e+00 1.409188e+01 1.659080e+01 1.583722e+01 1.751027e+01 1.991410e+01 1.904269e+01 1.789457e+01 1.755758e+01 2.031923e+01 1.412248e+01 2.742867e-01 2.638631e-01 3.545114e-01 6.050291e-01 8.582636e-01 1.043765e+00 1.013461e+00 1.038850e+00 1.117088e+00 1.196481e+00 1.264328e+00 1.191411e+00 1.416711e-05
<GCONST> 6.428440e+01
<MIXTURE> 50 6.234641e-03
<MEAN> 25
 -4.029675e+00 -4.593088e-02 -1.872979e+00 5.469123e+00 3.993898e+00 2.207866e+00 3.399117e+00 2.329165e+00 3.260340e+00 1.471200e+00 1.736091e+00 2.523642e+00 9.214227e-03 1.564521e-01 7.942459e-02 -2.031898e-01 -4.845746e-01 -7.420521e-01 -4.998373e-01 5.682825e-02 5.304180e-01 7.312688e-01 7.485396e-01 4.175828e-01 -1.057268e-04
<VARIANCE> 25
 1.182004e+01 1.019365e+01 1.457239e+01 1.696934e+01 1.438179e+01 1.821638e+01 1.798175e+01 1.871941e+01 1.847959e+01 1.537907e+01 2.055203e+01 1.443407e+01 1.603550e-01 2.332902e-01 3.762615e-01 4.870118e-01 5.468155e-01 8.418633e-01 9.484658e-01 1.120790e+00 1.059946e+00 8.698376e-01 8.198841e-01 9.453042e-01 9.687097e-07
<GCONST> 5.909764e+01
<MIXTURE> 51 6.234641e-03
<MEAN> 25
 -4.029675e+00 -4.593088e-02 -1.872979e+00 5.469123e+00 3.993898e+00 2.207866e+00 3.399117e+00 2.329165e+00 3.260340e+00 1.471200e+00 1.736091e+00 2.523642e+00 9.214227e-03 1.564521e-01 7.942459e-02 -2.031898e-01 -4.845746e-01 -7.420521e-01 -4.998373e-01 5.682825e-02 5.304180e-01 7.312688e-01 7.485396e-01 4.175828e-01 -1.057268e-04
<VARIANCE> 25
 1.182004e+01 1.019365e+01 1.457239e+01 1.696934e+01 1.438179e+01 1.821638e+01 1.798175e+01 1.871941e+01 1.847959e+01 1.537907e+01 2.055203e+01 1.443407e+01 1.603550e-01 2.332902e-01 3.762615e-01 4.870118e-01 5.468155e-01 8.418633e-01 9.484658e-01 1.120790e+00 1.059946e+00 8.698376e-01 8.198841e-01 9.453042e-01 9.687097e-07
<GCONST> 5.909764e+01
<MIXTURE> 52 6.367945e-03
<MEAN> 25
 1.012454e+01 2.042802e+00 -6.189526e+00 -1.426493e+01 -4.243764e+00 8.521172e+00 -2.735527e+00 -3.072839e+00 -4.418279e+00 -2.131229e+00 3.344968e+00 7.404551e-01 -3.861287e-01 -4.785120e-01 -7.057928e-02 1.138121e+00 1.343172e+00 -4.769636e-01 -6.070368e-01 -6.547827e-01 4.386144e-02 1.247524e+00 3.854321e-01 -5.466527e-01 -1.384658e-02
<VARIANCE> 25
 9.274734e+00 2.049181e+01 2.535557e+01 3.885804e+01 4.598903e+01 3.086266e+01 4.669024e+01 4.897446e+01 4.307247e+01 4.597777e+01 3.996143e+01 2.999364e+01 4.492610e-01 1.480848e+00 1.309448e+00 2.758315e+00 2.334507e+00 2.206226e+00 2.994636e+00 2.809731e+00 3.003014e+00 2.664282e+00 2.520063e+00 2.274893e+00 1.544422e-03
<GCONST> 8.975824e+01
<MIXTURE> 53 6.367945e-03
<MEAN> 25
 1.012454e+01 2.042802e+00 -6.189526e+00 -1.426493e+01 -4.243764e+00 8.521172e+00 -2.735527e+00 -3.072839e+00 -4.418279e+00 -2.131229e+00 3.344968e+00 7.404551e-01 -3.861287e-01 -4.785120e-01 -7.057928e-02 1.138121e+00 1.343172e+00 -4.769636e-01 -6.070368e-01 -6.547827e-01 4.386144e-02 1.247524e+00 3.854321e-01 -5.466527e-01 -1.384658e-02
<VARIANCE> 25
 9.274734e+00 2.049181e+01 2.535557e+01 3.885804e+01 4.598903e+01 3.086266e+01 4.669024e+01 4.897446e+01 4.307247e+01 4.597777e+01 3.996143e+01 2.999364e+01 4.492610e-01 1.480848e+00 1.309448e+00 2.758315e+00 2.334507e+00 2.206226e+00 2.994636e+00 2.809731e+00 3.003014e+00 2.664282e+00 2.520063e+00 2.274893e+00 1.544422e-03
<GCONST> 8.975824e+01
<MIXTURE> 54 7.368620e-03
<MEAN> 25
 -3.488383e+00 1.010184e-01 -6.775409e-01 7.903901e+00 6.499119e+00 4.643128e+00 4.651348e+00 4.630580e+00 4.094706e+00 3.540934e+00 4.294481e+00 2.317142e+00 -5.471907e-03 2.861352e-02 2.063677e-02 5.700899e-02 5.830536e-02 6.798258e-02 5.968023e-02 1.028950e-03 8.743959e-03 -2.390895e-02 6.392831e-03 3.748216e-03 -3.219141e-05
<VARIANCE> 25
 9.480443e+00 1.014652e+01 9.049244e+00 1.821462e+01 1.328173e+01 1.347910e+01 1.175489e+01 1.105912e+01 1.106140e+01 1.331931e+01 1.821502e+01 1.217748e+01 4.058312e-02 8.513700e-02 1.602742e-01 2.345008e-01 3.029229e-01 4.043662e-01 4.804492e-01 5.416783e-01 5.417796e-01 5.827309e-01 5.083397e-01 5.037393e-01 1.021542e-06
<GCONST> 4.736344e+01
<MIXTURE> 55 7.368620e-03
<MEAN> 25
 -3.488383e+00 1.010184e-01 -6.775409e-01 7.903901e+00 6.499119e+00 4.643128e+00 4.651348e+00 4.630580e+00 4.094706e+00 3.540934e+00 4.294481e+00 2.317142e+00 -5.471907e-03 2.861352e-02 2.063677e-02 5.700899e-02 5.830536e-02 6.798258e-02 5.968023e-02 1.028950e-03 8.743959e-03 -2.390895e-02 6.392831e-03 3.748216e-03 -3.219141e-05
<VARIANCE> 25
 9.480443e+00 1.014652e+01 9.049244e+00 1.821462e+01 1.328173e+01 1.347910e+01 1.175489e+01 1.105912e+01 1.106140e+01 1.331931e+01 1.821502e+01 1.217748e+01 4.058312e-02 8.513700e-02 1.602742e-01 2.345008e-01 3.029229e-01 4.043662e-01 4.804492e-01 5.416783e-01 5.417796e-01 5.827309e-01 5.083397e-01 5.037393e-01 1.021542e-06
<GCONST> 4.736344e+01
<MIXTURE> 56 6.132464e-03
<MEAN> 25
 7.389221e+00 -6.550342e+00 -9.040195e+00 -8.505361e+00 3.874663e+00 3.736348e+00 -2.243135e+00 -1.471502e+00 1.942040e+00 5.677018e-01 -2.529859e+00 -7.073577e+00 -1.552500e-02 2.340635e-02 -8.575737e-02 1.595631e-02 2.499755e-01 4.474207e-02 1.046314e-01 -1.755173e-01 -1.146839e-02 -2.225179e-02 -9.540019e-02 9.006186e-03 -7.175082e-03
<VARIANCE> 25
 1.006593e+01 2.447130e+01 1.996480e+01 4.109747e+01 3.272584e+01 5.126830e+01 6.054602e+01 3.589338e+01 3.806008e+01 3.708018e+01 3.940454e+01 3.055325e+01 2.024824e-01 4.237047e-01 4.479132e-01 7.747685e-01 7.837439e-01 1.104855e+00 8.943816e-01 9.487941e-01 9.438957e-01 9.154053e-01 1.029199e+00 7.842708e-01 2.369997e-04
<GCONST> 7.508818e+01
<MIXTURE> 57 6.132464e-03
<MEAN> 25
 7.389221e+00 -6.550342e+00 -9.040195e+00 -8.505361e+00 3.874663e+00 3.736348e+00 -2.243135e+00 -1.471502e+00 1.942040e+00 5.677018e-01 -2.529859e+00 -7.073577e+00 -1.552500e-02 2.340635e-02 -8.575737e-02 1.595631e-02 2.499755e-01 4.474207e-02 1.046314e-01 -1.755173e-01 -1.146839e-02 -2.225179e-02 -9.540019e-02 9.006186e-03 -7.175082e-03
<VARIANCE> 25
 1.006593e+01 2.447130e+01 1.996480e+01 4.109747e+01 3.272584e+01 5.126830e+01 6.054602e+01 3.589338e+01 3.806008e+01 3.708018e+01 3.940454e+01 3.055325e+01 2.024824e-01 4.237047e-01 4.479132e-01 7.747685e-01 7.837439e-01 1.104855e+00 8.943816e-01 9.487941e-01 9.438957e-01 9.154053e-01 1.029199e+00 7.842708e-01 2.369997e-04
<GCONST> 7.508818e+01
<MIXTURE> 58 6.172147e-03
<MEAN> 25
 2.595778e+00 -3.101055e+00 7.328583e+00 -5.254905e+00 -1.344795e+01 -5.601932e+00 1.663769e+00 8.098615e-01 -2.422626e+00 1.829940e+00 5.327507e-01 -8.446965e-01 -2.863738e-02 -1.347300e-01 -7.207561e-02 -1.620607e-01 -1.781848e-02 2.335760e-01 3.765640e-01 2.228796e-01 1.750706e-02 1.839645e-02 -8.025935e-02 -1.439849e-01 -2.896962e-03
<VARIANCE> 25
 7.462400e+00 1.510942e+01 2.050720e+01 2.714044e+01 2.351609e+01 4.626734e+01 3.272632e+01 3.502495e+01 3.245483e+01 3.130427e+01 2.273073e+01 2.015948e+01 3.083673e-01 8.026859e-01 7.503178e-01 1.015162e+00 8.878028e-01 1.210841e+00 1.152452e+00 1.302398e+00 1.074374e+00 1.068456e+00 9.149883e-01 8.772967e-01 7.226717e-04
<GCONST> 7.557686e+01
<MIXTURE> 59 6.172147e-03
<MEAN> 25
 2.595778e+00 -3.101055e+00 7.328583e+00 -5.254905e+00 -1.344795e+01 -5.601932e+00 1.663769e+00 8.098615e-01 -2.422626e+00 1.829940e+00 5.327507e-01 -8.446965e-01 -2.863738e-02 -1.347300e-01 -7.207561e-02 -1.620607e-01 -1.781848e-02 2.335760e-01 3.765640e-01 2.228796e-01 1.750706e-02 1.839645e-02 -8.025935e-02 -1.439849e-01 -2.896962e-03
<VARIANCE> 25
 7.462400e+00 1.510942e+01 2.050720e+01 2.714044e+01 2.351609e+01 4.626734e+01 3.272632e+01 3.502495e+01 3.245483e+01 3.130427e+01 2.273073e+01 2.015948e+01 3.083673e-01 8.026859e-01 7.503178e-01 1.015162e+00 8.878028e-01 1.210841e+00 1.152452e+00 1.302398e+00 1.074374e+00 1.068456e+00 9.149883e-01 8.772967e-01 7.226717e-04
<GCONST> 7.557686e+01
<MIXTURE> 60 4.479129e-03
<MEAN> 25
 -1.478729e+00 -1.624367e-01 -1.491626e+00 3.019513e+00 2.433309e+00 1.134644e+00 4.444392e-01 1.753144e+00 2.614262e+00 1.439996e+00 1.804163e+00 1.332989e+00 -3.002226e-02 5.176766e-02 1.012684e-01 1.813141e-01 1.143287e-01 1.057561e-01 1.634128e-01 3.601463e-01 7.260340e-01 6.267548e-01 5.592696e-01 3.428323e-01 8.567651e-04
<VARIANCE> 25
 8.021744e+00 3.950157e+00 6.923189e+00 8.138179e+00 9.253929e+00 1.486748e+01 1.271757e+01 1.042773e+01 1.193305e+01 1.095446e+01 1.287888e+01 8.870593e+00 8.257221e-02 1.581938e-01 2.659075e-01 5.430172e-01 5.005031e-01 7.542936e-01 9.198852e-01 8.118188e-01 1.036247e+00 8.158066e-01 5.990829e-01 6.757895e-01 4.102907e-05
<GCONST> 5.414458e+01
<MIXTURE> 61 4.479129e-03
<MEAN> 25
 -1.478729e+00 -1.624367e-01 -1.491626e+00 3.019513e+00 2.433309e+00 1.134644e+00 4.444392e-01 1.753144e+00 2.614262e+00 1.439996e+00 1.804163e+00 1.332989e+00 -3.002226e-02 5.176766e-02 1.012684e-01 1.813141e-01 1.143287e-01 1.057561e-01 1.634128e-01 3.601463e-01 7.260340e-01 6.267548e-01 5.592696e-01 3.428323e-01 8.567651e-04
<VARIANCE> 25
 8.021744e+00 3.950157e+00 6.923189e+00 8.138179e+00 9.253929e+00 1.486748e+01 1.271757e+01 1.042773e+01 1.193305e+01 1.095446e+01 1.287888e+01 8.870593e+00 8.257221e-02 1.581938e-01 2.659075e-01 5.430172e-01 5.005031e-01 7.542936e-01 9.198852e-01 8.118188e-01 1.036247e+00 8.158066e-01 5.990829e-01 6.757895e-01 4.102907e-05
<GCONST> 5.414458e+01
<MIXTURE> 62 3.278034e-03
<MEAN> 25
 -5.008789e+00 1.199786e+00 9.882212e-01 8.708085e+00 6.106994e+00 5.002453e+00 5.463529e+00 4.031725e+00 5.020914e+00 3.906136e+00 4.951174e+00 2.888798e+00 -9.974636e-01 -1.163982e+00 -9.577939e-01 -2.836497e-01 4.275244e-01 1.021550e+00 1.394268e+00 1.536277e+00 1.451480e+00 1.239988e+00 1.047415e+00 6.923258e-01 -1.310803e-03
<VARIANCE> 25
 1.022267e+01 9.946716e+00 1.307822e+01 1.737724e+01 1.724486e+01 1.753187e+01 1.972724e+01 1.885378e+01 1.869539e+01 1.849946e+01 2.129516e+01 1.495727e+01 3.988394e-01 4.271147e-01 5.484323e-01 7.722247e-01 1.022067e+00 1.199240e+00 1.242327e+00 1.280278e+00 1.366522e+00 1.346222e+00 1.412967e+00 1.436144e+00 1.636069e-05
<GCONST> 6.756995e+01
<MIXTURE> 63 4.351215e-03
<MEAN> 25
 -1.794942e+00 -1.243630e+00 -4.186818e+00 1.943303e+00 2.937831e+00 -5.444459e-01 1.770916e+00 1.797037e+00 2.559233e+00 -4.521354e-01 -9.327989e-01 1.257771e+00 -2.905056e-02 2.537381e-01 3.800417e-01 5.849667e-01 5.249761e-01 6.620137e-01 6.331193e-01 2.649631e-01 2.391154e-01 4.434232e-01 3.042115e-01 3.269009e-01 2.680579e-03
<VARIANCE> 25
 9.600255e+00 1.212237e+01 1.074999e+01 1.118461e+01 1.230851e+01 1.808982e+01 1.697249e+01 1.814278e+01 2.000193e+01 1.567544e+01 1.405157e+01 1.494577e+01 2.026705e-01 3.697366e-01 4.587694e-01 5.539476e-01 7.463256e-01 1.186721e+00 1.305715e+00 1.511754e+00 1.340794e+00 1.291909e+00 1.114472e+00 1.137501e+00 1.890908e-04
<GCONST> 6.653471e+01
<MIXTURE> 64 4.351215e-03
<MEAN> 25
 -1.794942e+00 -1.243630e+00 -4.186818e+00 1.943303e+00 2.937831e+00 -5.444459e-01 1.770916e+00 1.797037e+00 2.559233e+00 -4.521354e-01 -9.327989e-01 1.257771e+00 -2.905056e-02 2.537381e-01 3.800417e-01 5.849667e-01 5.249761e-01 6.620137e-01 6.331193e-01 2.649631e-01 2.391154e-01 4.434232e-01 3.042115e-01 3.269009e-01 2.680579e-03
<VARIANCE> 25
 9.600255e+00 1.212237e+01 1.074999e+01 1.118461e+01 1.230851e+01 1.808982e+01 1.697249e+01 1.814278e+01 2.000193e+01 1.567544e+01 1.405157e+01 1.494577e+01 2.026705e-01 3.697366e-01 4.587694e-01 5.539476e-01 7.463256e-01 1.186721e+00 1.305715e+00 1.511754e+00 1.340794e+00 1.291909e+00 1.114472e+00 1.137501e+00 1.890908e-04
<GCONST> 6.653471e+01
<MIXTURE> 65 1.721197e-02
<MEAN> 25
 8.242198e+00 3.101023e-01 1.491499e+00 1.021980e+00 -7.552126e+00 -3.925095e+00 -3.624835e+00 -8.232859e+00 -5.929543e+00 -2.281185e+00 -4.670330e+00 -1.805299e+00 1.883066e-01 2.430431e-01 -1.604962e-02 -1.245721e-02 -9.057669e-02 2.394544e-01 3.650074e-04 -3.013482e-01 -4.168032e-02 2.480936e-01 6.351061e-04 -2.930058e-01 -7.796335e-03
<VARIANCE> 25
 9.141017e+00 2.516261e+01 2.174684e+01 2.968638e+01 4.580729e+01 4.674641e+01 6.392721e+01 5.538375e+01 5.990189e+01 4.784644e+01 4.624621e+01 4.088703e+01 4.970601e-01 8.189805e-01 1.318718e+00 1.622123e+00 1.946129e+00 2.202530e+00 2.244867e+00 3.083795e+00 2.637166e+00 2.797213e+00 2.028571e+00 1.856159e+00 3.930556e-04
<GCONST> 8.793644e+01
<MIXTURE> 66 1.191532e-02
<MEAN> 25
 6.681553e+00 -4.092637e+00 -5.621731e+00 -4.828585e+00 1.278681e+00 -5.099153e+00 -6.924453e+00 1.190794e+00 6.750754e-01 -2.042286e+00 -6.141027e+00 -3.475815e+00 -4.617506e-02 1.666232e+00 2.238143e+00 2.316233e+00 -1.246093e+00 -1.254856e+00 5.255221e-02 -5.450593e-01 -1.451529e-01 -1.917793e-01 -2.019721e-01 1.044411e+00 -6.376666e-02
<VARIANCE> 25
 8.924267e+00 2.233591e+01 2.706071e+01 3.305047e+01 3.850052e+01 5.345263e+01 5.596490e+01 4.539098e+01 5.421429e+01 6.687595e+01 3.696098e+01 3.642621e+01 1.283273e+00 2.446045e+00 2.358239e+00 2.473452e+00 4.234828e+00 4.308559e+00 4.378782e+00 4.848492e+00 4.246956e+00 5.002613e+00 3.898265e+00 3.260589e+00 1.469984e-03
<GCONST> 9.685137e+01
<MIXTURE> 67 1.559142e-02
<MEAN> 25
 8.984268e+00 2.030686e+00 -5.975551e+00 -8.266025e+00 8.999357e-01 3.064852e+00 -3.324872e+00 -2.244417e+00 -3.784011e+00 7.884948e-01 -6.176313e-02 -1.736952e+00 -1.073965e+00 1.829913e+00 1.060201e+00 3.069086e+00 1.398599e+00 -5.131781e-01 1.296117e+00 1.233353e-01 1.561576e-01 2.555392e-01 -2.774882e-01 6.245235e-01 -1.298678e-01
<VARIANCE> 25
 1.145569e+01 3.883448e+01 3.076583e+01 5.585163e+01 4.922198e+01 5.432287e+01 6.207677e+01 5.276876e+01 6.480952e+01 5.718396e+01 5.576604e+01 4.734207e+01 2.177356e+00 3.465490e+00 3.292429e+00 4.526815e+00 4.549826e+00 4.558014e+00 4.739782e+00 5.073555e+00 5.471346e+00 4.790396e+00 5.129821e+00 3.742738e+00 3.052544e-03
<GCONST> 1.029396e+02
<MIXTURE> 68 1.485092e-02
<MEAN> 25
 -1.825438e+00 -2.104243e+00 -3.959202e+00 1.313858e+00 5.208275e+00 -3.836239e-01 2.123561e+00 1.581127e+00 1.911373e+00 1.468446e+00 5.014900e-02 1.929271e+00 2.692967e+00 5.407581e-01 1.442728e-01 -2.578428e+00 -2.389693e+00 -1.502833e+00 -2.367753e+00 -1.776067e+00 -1.676473e+00 -1.490947e+00 -2.005206e+00 -1.084352e+00 1.019332e-01
<VARIANCE> 25
 2.581197e+01 3.172304e+01 5.686055e+01 5.056069e+01 4.487952e+01 5.480424e+01 4.345284e+01 4.192576e+01 3.900497e+01 4.296301e+01 4.039765e+01 2.479464e+01 1.919649e+00 3.596879e+00 6.084920e+00 5.639542e+00 4.525280e+00 5.564854e+00 5.543986e+00 4.778640e+00 4.792881e+00 5.051683e+00 4.849161e+00 3.297041e+00 5.933732e-03
<GCONST> 1.030698e+02
<MIXTURE> 69 1.204884e-02
<MEAN> 25
 4.682732e+00 -4.242627e+00 -3.545171e+00 -3.591405e+00 -3.551567e+00 -7.884525e+00 -1.106809e+00 2.190505e+00 -3.891866e-01 -4.744812e+00 -5.665546e+00 9.508265e-01 1.684269e+00 -2.228818e+00 -1.333763e+00 -2.227124e+00 -5.270902e-01 -3.575381e-01 -4.871237e-01 6.030287e-01 -6.424752e-01 -1.445878e+00 -2.196558e+00 -1.701925e-01 6.235828e-02
<VARIANCE> 25
 8.839721e+00 2.179646e+01 2.671568e+01 2.605986e+01 4.343092e+01 3.562593e+01 4.873487e+01 3.150918e+01 3.991275e+01 3.831023e+01 3.110294e+01 2.452144e+01 3.566840e+00 2.916849e+00 3.330219e+00 3.739191e+00 5.824625e+00 5.001553e+00 7.112317e+00 6.105474e+00 5.880251e+00 5.888365e+00 4.338763e+00 3.687178e+00 2.443391e-03
<GCONST> 9.871339e+01
<MIXTURE> 70 1.329190e-02
<MEAN> 25
 7.518603e+00 -2.020278e+00 -3.873834e+00 -3.597027e+00 -4.037860e-01 -6.846044e-01 -7.680309e+00 -4.027079e+00 5.490605e-01 2.897340e+00 -1.584253e-01 -4.909684e+00 1.929079e+00 -1.135919e+00 -8.119860e-01 -2.208084e+00 -1.508402e+00 1.170131e+00 -1.345730e+00 -8.641148e-02 3.285632e-01 -2.437080e-02 6.824303e-01 -1.451319e+00 5.867940e-02
<VARIANCE> 25
 9.905344e+00 2.264799e+01 2.840235e+01 4.689845e+01 3.544937e+01 4.468890e+01 4.979669e+01 4.396520e+01 4.720963e+01 3.286038e+01 4.507605e+01 2.725839e+01 3.506807e+00 3.204674e+00 4.767715e+00 4.957233e+00 5.290244e+00 6.456619e+00 6.793066e+00 7.543425e+00 6.186159e+00 5.396410e+00 5.861257e+00 4.298670e+00 2.541200e-03
<GCONST> 1.018835e+02
<MIXTURE> 71 1.406903e-02
<MEAN> 25
 6.650648e+00 4.551554e+00 3.850008e+00 2.638341e+00 -4.508129e+00 -3.827896e+00 -2.742306e+00 -6.836765e+00 -5.280982e+00 -2.103705e+00 -5.190948e+00 -3.630972e+00 -1.489184e+00 -5.977042e-01 -2.579242e-01 -1.686040e+00 1.577860e+00 -4.845138e-01 -4.389654e-01 1.656392e+00 2.009540e-01 1.981686e-01 5.017723e-01 1.325857e-01 3.541600e-02
<VARIANCE> 25
 1.790384e+01 2.660826e+01 2.462044e+01 4.195904e+01 5.223271e+01 3.869003e+01 4.542596e+01 3.824989e+01 3.851251e+01 4.251323e+01 3.274608e+01 3.282072e+01 1.628422e+00 2.789206e+00 4.996778e+00 4.675384e+00 6.557754e+00 5.181244e+00 6.079116e+00 5.115439e+00 4.112766e+00 5.000142e+00 3.513315e+00 3.026538e+00 1.745490e-03
<GCONST> 9.916970e+01
<MIXTURE> 72 8.134747e-03
<MEAN> 25
 3.854081e+00 -3.668965e+00 5.395817e+00 -2.433369e+00 -1.047752e+01 -9.566338e+00 -2.339892e+00 1.801757e+00 -4.994016e+00 -2.183231e+00 -1.903027e+00 5.741250e-01 9.151295e-01 -7.704645e-01 -2.559117e+00 4.532650e-01 2.156833e+00 -6.796323e-01 -1.343088e+00 1.534421e+00 1.801417e+00 -5.667986e-01 -1.287927e+00 3.864832e-01 -6.398746e-03
<VARIANCE> 25
 1.109104e+01 1.930748e+01 3.288231e+01 3.813515e+01 3.286163e+01 3.342004e+01 4.191277e+01 3.738848e+01 4.374073e+01 4.105116e+01 3.843728e+01 2.846567e+01 4.576307e-01 1.038588e+00 2.030943e+00 1.463187e+00 2.216599e+00 2.393082e+00 3.093545e+00 2.722801e+00 2.595780e+00 3.019701e+00 2.003025e+00 2.133654e+00 5.422122e-04
<GCONST> 8.743338e+01
<MIXTURE> 73 1.213625e-02
<MEAN> 25
 -5.630620e+00 -7.910983e-01 -1.305365e+00 4.915740e+00 4.238856e+00 2.341112e+00 5.516805e+00 3.449615e+00 4.363698e+00 3.434130e+00 4.265046e+00 3.026044e+00 8.030483e-01 -1.028157e+00 -9.420336e-01 -2.646344e+00 -1.261535e+00 -1.750381e+00 -9.031139e-01 -5.089608e-01 -9.213579e-01 -7.021904e-01 -1.107491e+00 -2.849910e-01 1.547559e-01
<VARIANCE> 25
 1.289409e+01 1.338783e+01 1.518397e+01 2.260839e+01 2.331061e+01 2.476136e+01 2.036425e+01 2.000608e+01 1.777729e+01 1.905228e+01 2.281252e+01 1.556673e+01 4.042271e+00 3.093830e+00 5.972042e+00 4.675317e+00 6.145741e+00 4.558799e+00 4.300731e+00 4.245271e+00 3.894613e+00 4.227073e+00 3.543222e+00 2.674827e+00 4.311011e-03
<GCONST> 9.269862e+01
<MIXTURE> 74 1.756491e-02
<MEAN> 25
 4.699833e+00 -1.748846e+00 5.147005e+00 -1.034994e+00 -9.062936e+00 -8.175667e+00 -2.567951e+00 2.061183e-01 -4.534224e+00 -2.885541e+00 -1.740721e+00 2.152608e-01 2.800656e-01 1.949687e+00 2.793921e-02 1.633045e+00 1.279950e+00 2.824189e-01 -6.231714e-02 -1.261029e+00 1.104510e-01 2.890560e-01 -2.412442e-01 -1.164617e-01 -7.540181e-02
<VARIANCE> 25
 1.200348e+01 2.220016e+01 3.741282e+01 3.690934e+01 3.823748e+01 3.805059e+01 5.276538e+01 4.918317e+01 4.839883e+01 4.286500e+01 3.916231e+01 3.367024e+01 2.038867e+00 2.027431e+00 3.753682e+00 2.644615e+00 4.074122e+00 4.110657e+00 5.170791e+00 4.534094e+00 4.179509e+00 4.112013e+00 3.509922e+00 3.088837e+00 1.839690e-03
<GCONST> 9.734537e+01
<MIXTURE> 75 9.711651e-03
<MEAN> 25
 3.016524e+00 -2.089184e+00 9.765110e+00 1.845099e+00 -1.233177e+01 -7.730024e+00 -3.933663e+00 -5.676936e-01 -4.875393e+00 -5.549022e+00 2.662403e+00 2.156794e-01 2.184833e+00 -1.707514e+00 5.665178e-02 1.346440e-01 -2.454522e+00 -8.299031e-01 -1.571779e+00 4.839385e-01 -1.547761e-01 -3.274144e-01 8.915016e-01 -3.645614e-01 3.880592e-02
<VARIANCE> 25
 1.045953e+01 1.959068e+01 3.349470e+01 2.447180e+01 2.675682e+01 2.751322e+01 3.052150e+01 2.609755e+01 3.074161e+01 3.124339e+01 1.907714e+01 1.894630e+01 3.437785e+00 1.736363e+00 3.717568e+00 2.815951e+00 3.474921e+00 4.242295e+00 3.527063e+00 4.215242e+00 3.351097e+00 2.867130e+00 2.867366e+00 2.463824e+00 1.291545e-03
<GCONST> 9.110831e+01
<MIXTURE> 76 1.052359e-02
<MEAN> 25
 -5.019382e+00 -1.621201e+00 -2.163795e+00 3.156785e+00 3.362138e+00 1.913741e+00 3.446264e+00 1.749906e+00 2.471913e+00 -3.517165e-01 1.192162e+00 2.604911e+00 -8.512657e-02 -5.040368e-01 -2.468706e-01 -6.468576e-01 -6.149344e-01 -8.900728e-01 -6.347562e-01 -3.384363e-01 -4.797301e-01 -4.227210e-01 -2.353112e-01 -1.804936e-01 1.654829e-02
<VARIANCE> 25
 3.489888e+01 2.259958e+01 2.431869e+01 2.304910e+01 2.792541e+01 2.649270e+01 2.433967e+01 2.199118e+01 1.961959e+01 2.445991e+01 2.243923e+01 1.562335e+01 1.081605e+00 9.219101e-01 1.411977e+00 1.057817e+00 1.232056e+00 1.599263e+00 1.556629e+00 1.494653e+00 1.475604e+00 1.363186e+00 1.562113e+00 1.224512e+00 1.304309e-03
<GCONST> 8.049486e+01
<MIXTURE> 77 1.244626e-02
<MEAN> 25
 -4.708293e-01 8.578047e+00 1.244992e+01 -1.160836e+01 -6.996352e+00 9.525397e-01 -9.277978e+00 -7.229681e+00 -3.381377e+00 -2.030521e-01 -4.653660e+00 -1.484675e+00 6.733599e-02 1.385802e-01 7.355966e-02 2.513416e-01 -2.243988e-02 7.645002e-02 -6.535385e-02 -6.261429e-02 8.364896e-02 -4.554759e-02 2.554608e-02 1.172708e-01 -9.916267e-03
<VARIANCE> 25
 1.053766e+01 2.009054e+01 2.766697e+01 4.163968e+01 3.322066e+01 3.380673e+01 3.669296e+01 3.177591e+01 3.524927e+01 3.322276e+01 3.752969e+01 3.492780e+01 2.990580e-01 7.782617e-01 6.462771e-01 1.088451e+00 1.237213e+00 9.878746e-01 1.222670e+00 1.074028e+00 1.043592e+00 1.065473e+00 9.730515e-01 9.219608e-01 5.394832e-04
<GCONST> 7.781679e+01
<MIXTURE> 78 9.702551e-03
<MEAN> 25
 -1.169866e+01 9.740540e-01 -1.467387e+00 2.012032e+00 4.161333e+00 -2.015296e+00 3.850120e+00 2.469208e+00 2.397331e+00 5.118234e-01 -4.277344e-01 2.952331e+00 2.461607e+00 -3.026138e-01 1.368812e-01 6.202808e-01 -9.436009e-02 -6.210836e-02 -2.800069e-01 -9.104381e-02 1.516479e-01 1.147675e-01 -3.848213e-01 -4.925873e-01 -6.137518e-02
<VARIANCE> 25
 4.086086e+01 3.222598e+01 3.276829e+01 3.351707e+01 4.063940e+01 3.834172e+01 3.503117e+01 3.317167e+01 2.954541e+01 2.878252e+01 2.657039e+01 2.016861e+01 4.974192e+00 2.541645e+00 2.829892e+00 3.032147e+00 2.908939e+00 3.615748e+00 3.278338e+00 2.743816e+00 2.409191e+00 2.341175e+00 2.187306e+00 2.100928e+00 4.571582e-03
<GCONST> 9.467367e+01
<MIXTURE> 79 1.156824e-02
<MEAN> 25
 2.457211e+00 1.521688e+00 9.244587e+00 -6.496077e+00 -1.189466e+01 -1.973629e+00 -2.186009e+00 -6.395483e+00 -6.892694e+00 2.160263e-01 -3.421010e+00 -3.026125e+00 1.170729e+00 -4.711548e-01 -1.360602e+00 2.358536e+00 3.412909e-01 -1.535589e+00 4.709907e-01 8.818399e-01 -4.569621e-01 -5.379126e-01 4.059113e-01 3.560927e-01 -3.405881e-02
<VARIANCE> 25
 1.394525e+01 2.347146e+01 3.700536e+01 4.853584e+01 3.366883e+01 4.274237e+01 4.450942e+01 3.591716e+01 4.034256e+01 3.882112e+01 4.272176e+01 3.185048e+01 9.846896e-01 2.268483e+00 1.981017e+00 2.043253e+00 2.483539e+00 2.835906e+00 3.219445e+00 3.429793e+00 2.454949e+00 2.661705e+00 2.324865e+00 2.160935e+00 1.343586e-03
<GCONST> 9.188648e+01
<MIXTURE> 80 7.550998e-03
<MEAN> 25
 -1.449090e+01 3.364617e+00 9.760740e-01 2.200804e+00 1.754889e+00 1.739762e+00 6.555768e+00 2.042797e+00 1.815840e+00 1.368445e+00 4.417135e+00 8.344417e-01 4.431266e+00 -1.450056e-01 1.395981e+00 -8.073189e-01 -2.896347e+00 -2.843092e+00 -2.108834e+00 -1.814822e+00 -1.934948e+00 -1.682160e+00 -1.566921e+00 -6.428123e-01 -4.306032e-02
<VARIANCE> 25
 1.955502e+01 2.151992e+01 3.212799e+01 3.583279e+01 3.217864e+01 2.855205e+01 2.601092e+01 2.897615e+01 3.176238e+01 3.536691e+01 2.621122e+01 1.759433e+01 2.393830e+00 2.575907e+00 2.961710e+00 4.753084e+00 3.135811e+00 2.541271e+00 3.188767e+00 3.318861e+00 2.533634e+00 2.485198e+00 2.596833e+00 1.993959e+00 1.425657e-03
<GCONST> 9.147334e+01
<MIXTURE> 81 8.025434e-03
<MEAN> 25
 -1.017976e+00 3.788609e+00 1.023344e+01 -1.483504e+01 -8.669447e+00 -1.389953e+00 -6.872844e+00 -8.261599e+00 -4.604059e+00 -4.047391e-01 -7.415963e+00 -2.004195e+00 1.026820e-01 -6.230226e-01 5.720184e-02 -5.280232e-01 -4.869104e-01 2.249390e-01 2.031462e-01 1.423061e-01 -2.578399e-01 3.688825e-02 -3.356701e-01 4.956571e-02 1.397452e-02
<VARIANCE> 25
 9.934081e+00 3.302445e+01 2.536503e+01 2.812523e+01 3.583149e+01 2.924912e+01 4.370967e+01 2.760169e+01 4.065847e+01 3.051476e+01 2.474362e+01 3.094975e+01 7.594911e-01 2.210605e+00 1.554780e+00 2.770322e+00 2.558748e+00 2.291479e+00 3.427186e+00 2.189364e+00 2.547238e+00 2.532195e+00 2.577273e+00 2.635236e+00 1.260913e-03
<GCONST> 8.899108e+01
<MIXTURE> 82 8.213053e-03
<MEAN> 25
 -9.965601e+00 -3.899063e+00 1.646991e+00 -2.975631e+00 3.109958e+00 6.738757e-01 1.992256e+00 9.363379e-01 2.969144e+00 1.726727e+00 1.741522e+00 3.082627e+00 -1.315089e+00 -1.248643e-01 2.883371e-01 -2.602975e+00 -1.104115e+00 -1.263343e+00 -1.013274e+00 -8.688681e-01 -3.160664e-01 -4.774131e-01 -3.160668e-01 -9.556375e-02 1.783344e-01
<VARIANCE> 25
 1.802993e+01 2.494371e+01 3.242635e+01 3.089102e+01 3.301567e+01 3.227586e+01 3.176389e+01 3.295801e+01 3.090552e+01 2.511516e+01 3.077522e+01 1.750064e+01 3.753408e+00 3.046766e+00 3.319355e+00 3.268773e+00 3.562176e+00 3.292565e+00 2.942689e+00 3.016306e+00 2.793583e+00 2.491228e+00 2.448715e+00 1.864570e+00 3.441916e-03
<GCONST> 9.308652e+01
<MIXTURE> 83 1.167529e-02
<MEAN> 25
 -1.992074e+01 5.416312e+00 -1.141598e+00 -8.794062e-01 7.373650e+00 -8.095160e-01 5.334504e+00 3.029023e+00 1.273216e+00 2.122328e+00 8.454461e-01 2.790639e+00 -4.491707e-02 -4.774992e-01 -1.659702e-02 -3.449021e-01 -5.392503e-01 -1.409736e-01 -1.285258e-01 -1.126249e-01 -1.030991e-02 -1.196128e-01 -3.894785e-02 -3.767952e-02 4.430776e-03
<VARIANCE> 25
 8.639103e+00 1.587571e+01 3.409133e+01 2.523415e+01 2.398481e+01 2.602907e+01 2.127583e+01 2.229765e+01 1.984399e+01 2.192335e+01 2.244712e+01 1.400153e+01 1.023458e+00 9.109987e-01 1.198895e+00 1.039393e+00 1.353965e+00 1.230977e+00 1.298288e+00 1.372794e+00 1.429604e+00 1.441889e+00 1.189993e+00 1.031651e+00 8.476091e-04
<GCONST> 7.714384e+01
<MIXTURE> 84 1.066614e-02
<MEAN> 25
 1.164773e+00 9.013041e+00 7.278695e+00 7.956503e+00 2.819398e+00 -9.295128e-01 -1.534653e+00 -4.479123e+00 -4.135548e+00 -2.905535e+00 -2.410234e+00 -1.594029e+00 -1.793706e+00 -1.182781e+00 -1.203514e+00 1.279529e+00 2.251573e+00 1.509694e+00 1.457797e+00 1.287984e+00 1.171718e+00 4.047384e-01 4.136320e-01 4.180618e-01 -7.148007e-02
<VARIANCE> 25
 2.351968e+01 1.824675e+01 2.189051e+01 2.447213e+01 2.919457e+01 2.831476e+01 2.792743e+01 2.649322e+01 2.530725e+01 2.521364e+01 2.356477e+01 2.456934e+01 2.107479e+00 2.538518e+00 3.845069e+00 3.328523e+00 3.270177e+00 3.379181e+00 3.289663e+00 3.400789e+00 3.476781e+00 3.244368e+00 3.583909e+00 2.819234e+00 3.542196e-03
<GCONST> 9.257255e+01
<MIXTURE> 85 7.591393e-03
<MEAN> 25
 -3.057712e+00 7.849284e+00 5.709359e+00 1.274133e+00 -3.474298e+00 -5.266779e+00 -2.955451e+00 -6.091208e+00 -3.526070e+00 -3.181695e+00 -5.541189e-01 -1.929564e+00 3.917960e+00 3.114733e-01 1.764934e+00 -2.097911e+00 -3.396000e+00 -2.562850e+00 -2.882345e+00 -2.322212e+00 -2.256355e+00 -1.262786e+00 -2.286188e+00 -6.160754e-01 9.985203e-03
<VARIANCE> 25
 4.286115e+01 2.358083e+01 3.613848e+01 3.784769e+01 3.950206e+01 4.126033e+01 3.222609e+01 2.770634e+01 2.643631e+01 2.598427e+01 2.658142e+01 2.061180e+01 2.809573e+00 4.294076e+00 4.067136e+00 5.256145e+00 4.397441e+00 3.906150e+00 3.829837e+00 3.976338e+00 3.827576e+00 3.997461e+00 3.924910e+00 3.448694e+00 5.469331e-03
<GCONST> 9.835925e+01
<MIXTURE> 86 1.273941e-02
<MEAN> 25
 -2.684076e+00 -4.111033e-01 -1.041550e+00 5.251529e+00 4.525656e+00 3.453403e+00 3.887080e+00 4.283415e+00 5.193549e+00 3.693705e+00 4.267180e+00 2.393393e+00 -6.949082e-03 -2.789805e-02 -6.150467e-03 -1.376519e-01 -1.771305e-01 -1.944362e-01 -2.398366e-01 -4.441185e-01 -3.131842e-01 -4.046449e-01 -1.402910e-01 -1.004958e-01 -3.620715e-03
<VARIANCE> 25
 1.042623e+01 5.448645e+00 7.030076e+00 9.827640e+00 1.128058e+01 1.179919e+01 1.228894e+01 1.209303e+01 1.224136e+01 1.139924e+01 1.146938e+01 1.016619e+01 6.964947e-02 1.542688e-01 2.429732e-01 3.485201e-01 5.937068e-01 8.685557e-01 7.711896e-01 8.391708e-01 8.725616e-01 8.395694e-01 7.917450e-01 7.121735e-01 6.853009e-05
<GCONST> 5.523955e+01
<MIXTURE> 87 1.100681e-02
<MEAN> 25
 -3.329995e+00 4.534871e+00 3.544874e+00 6.965796e+00 5.546561e+00 9.022508e-01 1.636122e+00 -9.467320e-01 -6.108698e-01 -8.867909e-01 -7.863542e-01 2.436156e-02 -2.156102e+00 -2.778043e+00 -2.102385e+00 -2.223404e+00 -3.378293e-02 -1.703512e-01 6.153170e-01 1.297392e+00 1.402180e+00 1.031791e+00 9.424713e-01 9.981796e-01 1.045300e-01
<VARIANCE> 25
 3.820877e+01 2.947834e+01 2.839453e+01 3.458191e+01 2.879991e+01 3.184835e+01 2.806783e+01 2.722316e+01 2.600216e+01 2.462162e+01 2.474502e+01 2.309649e+01 3.852462e+00 2.730319e+00 3.906620e+00 3.643937e+00 4.782625e+00 4.345278e+00 4.146561e+00 3.887179e+00 3.524791e+00 3.376117e+00 3.375366e+00 2.734277e+00 4.949636e-03
<GCONST> 9.634673e+01
<MIXTURE> 88 1.256585e-02
<MEAN> 25
 -3.160556e+00 -1.096612e+00 -1.574776e+00 4.428098e+00 4.364280e+00 3.291166e+00 4.427505e+00 3.336659e+00 3.686892e+00 1.998239e+00 2.693622e+00 2.218970e+00 -1.268802e-02 6.448150e-02 1.547515e-01 2.826471e-01 1.811383e-01 2.231177e-01 -1.575263e-02 -2.943371e-01 -4.719048e-01 -2.706649e-01 -1.507416e-01 -1.787952e-01 -3.078971e-03
<VARIANCE> 25
 1.068301e+01 9.344871e+00 1.220347e+01 1.444084e+01 1.773050e+01 1.889890e+01 1.591705e+01 1.574011e+01 1.505878e+01 1.619466e+01 1.809840e+01 1.331608e+01 1.119776e+00 1.426669e+00 1.919607e+00 1.810063e+00 2.231662e+00 2.530518e+00 2.631174e+00 2.062418e+00 2.379396e+00 2.393609e+00 2.086249e+00 2.008253e+00 1.307562e-03
<GCONST> 7.971074e+01
<MIXTURE> 89 9.333527e-03
<MEAN> 25
 6.055787e+00 -6.812900e+00 -3.535520e+00 -3.165868e+00 -1.615109e+00 -5.574707e+00 -6.114087e+00 4.081263e+00 3.448892e+00 -2.808987e+00 -6.004550e+00 -3.262812e+00 -5.735096e-01 1.542002e-01 1.986996e+00 9.027829e-01 -1.863198e+00 -1.651890e+00 8.741592e-01 1.263467e+00 -7.835411e-01 -1.314231e+00 4.114853e-01 1.532072e+00 -4.720310e-03
<VARIANCE> 25
 9.078147e+00 2.671814e+01 3.120026e+01 3.007774e+01 3.596893e+01 4.157532e+01 5.947085e+01 4.204240e+01 3.932642e+01 4.225090e+01 3.584660e+01 3.246679e+01 3.552271e-01 8.422961e-01 1.469046e+00 1.315429e+00 1.918832e+00 2.121519e+00 2.586898e+00 2.035866e+00 2.249318e+00 2.122462e+00 2.331944e+00 1.476125e+00 3.712700e-04
<GCONST> 8.530981e+01
<MIXTURE> 90 7.114505e-03
<MEAN> 25
 2.464970e+00 -9.687931e+00 -4.740657e+00 -3.951172e+00 -3.407089e+00 -1.819032e+00 3.346096e+00 1.123713e+00 -7.539845e+00 -1.017682e+01 -3.423270e+00 -7.449974e-01 -1.611025e-01 9.070790e-01 1.161612e+00 -8.519607e-01 -1.601814e+00 -2.105830e-01 6.427053e-01 -2.147068e-01 -1.699994e-01 7.398783e-01 1.838271e-01 -5.488874e-01 -1.116529e-02
<VARIANCE> 25
 8.594774e+00 1.798109e+01 1.975583e+01 2.804459e+01 3.712115e+01 3.200110e+01 3.849666e+01 3.699974e+01 3.534978e+01 2.781620e+01 2.687275e+01 2.600936e+01 2.242653e-01 6.103080e-01 7.924404e-01 1.041026e+00 1.485002e+00 1.591208e+00 1.776706e+00 1.660665e+00 1.816255e+00 1.681729e+00 1.491392e+00 1.308369e+00 2.151343e-04
<GCONST> 7.818814e+01
<MIXTURE> 91 7.852945e-03
<MEAN> 25
 6.355337e+00 -7.591916e+00 -8.552346e+00 -5.145672e+00 3.939938e+00 -1.486879e-01 -2.201282e+00 7.168792e-01 7.835363e-01 -2.948485e+00 -4.923928e+00 -5.162168e+00 2.580602e-01 9.981759e-01 1.878441e-01 4.440314e-01 -6.899372e-02 -5.614279e-01 -3.916015e-01 -1.086982e-01 -9.541875e-02 4.591723e-01 -1.203472e-01 2.068079e-01 -3.484040e-02
<VARIANCE> 25
 1.022947e+01 2.296571e+01 1.990355e+01 4.039071e+01 3.511602e+01 5.523395e+01 5.414270e+01 3.946362e+01 5.171232e+01 6.382681e+01 3.807911e+01 4.133992e+01 4.438930e-01 8.852878e-01 1.125458e+00 1.384944e+00 2.182554e+00 2.366001e+00 2.368439e+00 2.391075e+00 2.245432e+00 2.205329e+00 2.005644e+00 1.822765e+00 5.866785e-04
<GCONST> 8.713687e+01
<MIXTURE> 92 7.852945e-03
<MEAN> 25
 6.355337e+00 -7.591916e+00 -8.552346e+00 -5.145672e+00 3.939938e+00 -1.486879e-01 -2.201282e+00 7.168792e-01 7.835363e-01 -2.948485e+00 -4.923928e+00 -5.162168e+00 2.580602e-01 9.981759e-01 1.878441e-01 4.440314e-01 -6.899372e-02 -5.614279e-01 -3.916015e-01 -1.086982e-01 -9.541875e-02 4.591723e-01 -1.203472e-01 2.068079e-01 -3.484040e-02
<VARIANCE> 25
 1.022947e+01 2.296571e+01 1.990355e+01 4.039071e+01 3.511602e+01 5.523395e+01 5.414270e+01 3.946362e+01 5.171232e+01 6.382681e+01 3.807911e+01 4.133992e+01 4.438930e-01 8.852878e-01 1.125458e+00 1.384944e+00 2.182554e+00 2.366001e+00 2.368439e+00 2.391075e+00 2.245432e+00 2.205329e+00 2.005644e+00 1.822765e+00 5.866785e-04
<GCONST> 8.713687e+01
<MIXTURE> 93 6.122769e-03
<MEAN> 25
 -6.699441e+00 -9.473306e-01 -2.416616e+00 5.731380e+00 5.855918e+00 3.904509e+00 6.081115e+00 3.643713e+00 4.136886e+00 2.501090e+00 1.764321e+00 3.639049e+00 -6.183752e-02 -1.555729e-01 -2.591200e-01 -3.300132e-01 -3.278172e-01 -2.941165e-01 -2.230617e-01 -1.631825e-01 -1.563595e-01 -1.561004e-01 -9.871935e-02 -4.154564e-02 -1.266085e-05
<VARIANCE> 25
 9.918009e+00 5.971632e+00 8.138445e+00 1.149134e+01 1.159943e+01 1.583372e+01 1.518368e+01 1.630049e+01 1.455139e+01 1.435763e+01 1.686043e+01 1.358464e+01 8.222822e-02 1.542031e-01 2.617298e-01 3.784219e-01 4.965439e-01 6.491773e-01 7.984570e-01 8.970871e-01 9.213101e-01 8.820357e-01 9.010197e-01 9.180197e-01 9.968305e-07
<GCONST> 5.370522e+01
<MIXTURE> 94 6.122769e-03
<MEAN> 25
 -6.699441e+00 -9.473306e-01 -2.416616e+00 5.731380e+00 5.855918e+00 3.904509e+00 6.081115e+00 3.643713e+00 4.136886e+00 2.501090e+00 1.764321e+00 3.639049e+00 -6.183752e-02 -1.555729e-01 -2.591200e-01 -3.300132e-01 -3.278172e-01 -2.941165e-01 -2.230617e-01 -1.631825e-01 -1.563595e-01 -1.561004e-01 -9.871935e-02 -4.154564e-02 -1.266085e-05
<VARIANCE> 25
 9.918009e+00 5.971632e+00 8.138445e+00 1.149134e+01 1.159943e+01 1.583372e+01 1.518368e+01 1.630049e+01 1.455139e+01 1.435763e+01 1.686043e+01 1.358464e+01 8.222822e-02 1.542031e-01 2.617298e-01 3.784219e-01 4.965439e-01 6.491773e-01 7.984570e-01 8.970871e-01 9.213101e-01 8.820357e-01 9.010197e-01 9.180197e-01 9.968305e-07
<GCONST> 5.370522e+01
<MIXTURE> 95 5.258835e-03
<MEAN> 25
 -2.894140e+00 -5.686084e-01 -2.305483e+00 3.353364e+00 3.900455e+00 2.341844e+00 2.519019e+00 1.605522e+00 2.199882e+00 6.359430e-01 7.891130e-01 1.336391e+00 1.221731e-01 1.409011e-01 9.127355e-02 -1.860563e-01 -3.494054e-01 -7.384621e-01 -1.242280e+00 -1.413823e+00 -1.393237e+00 -1.024523e+00 -5.787768e-01 -3.523163e-01 -3.491061e-03
<VARIANCE> 25
 1.228582e+01 7.243818e+00 8.024154e+00 1.144717e+01 1.037721e+01 1.568831e+01 1.426046e+01 1.221389e+01 1.259294e+01 1.233487e+01 1.464209e+01 1.420615e+01 1.426873e-01 2.189026e-01 3.566386e-01 4.553040e-01 6.365478e-01 9.573571e-01 1.105688e+00 6.904737e-01 8.593763e-01 9.991586e-01 9.893172e-01 1.084184e+00 4.947087e-05
<GCONST> 5.954577e+01
<MIXTURE> 96 7.034694e-03
<MEAN> 25
 -4.121988e+00 -2.692749e-01 -2.221234e+00 4.677965e+00 3.675503e+00 1.389199e+00 3.096644e+00 1.843414e+00 2.771354e+00 1.213018e+00 1.096528e+00 2.610523e+00 -7.705323e-03 6.878099e-02 2.051456e-01 3.392082e-01 4.974078e-01 5.676613e-01 2.767414e-01 -1.660071e-01 -5.365511e-01 -6.882123e-01 -7.179255e-01 -3.836986e-01 -4.752398e-05
<VARIANCE> 25
 1.417838e+01 8.870974e+00 1.123983e+01 1.400338e+01 1.479724e+01 2.074814e+01 1.880822e+01 1.747836e+01 1.704070e+01 1.696319e+01 1.835410e+01 1.329175e+01 1.160015e-01 2.073432e-01 3.054326e-01 3.996765e-01 4.832205e-01 6.672125e-01 8.447911e-01 9.777529e-01 9.251568e-01 8.030847e-01 9.976395e-01 8.448746e-01 1.208085e-06
<GCONST> 5.727776e+01
<MIXTURE> 97 7.034694e-03
<MEAN> 25
 -4.121988e+00 -2.692749e-01 -2.221234e+00 4.677965e+00 3.675503e+00 1.389199e+00 3.096644e+00 1.843414e+00 2.771354e+00 1.213018e+00 1.096528e+00 2.610523e+00 -7.705323e-03 6.878099e-02 2.051456e-01 3.392082e-01 4.974078e-01 5.676613e-01 2.767414e-01 -1.660071e-01 -5.365511e-01 -6.882123e-01 -7.179255e-01 -3.836986e-01 -4.752398e-05
<VARIANCE> 25
 1.417838e+01 8.870974e+00 1.123983e+01 1.400338e+01 1.479724e+01 2.074814e+01 1.880822e+01 1.747836e+01 1.704070e+01 1.696319e+01 1.835410e+01 1.329175e+01 1.160015e-01 2.073432e-01 3.054326e-01 3.996765e-01 4.832205e-01 6.672125e-01 8.447911e-01 9.777529e-01 9.251568e-01 8.030847e-01 9.976395e-01 8.448746e-01 1.208085e-06
<GCONST> 5.727776e+01
<MIXTURE> 98 9.917808e-03
<MEAN> 25
 -1.457189e+00 9.357268e-01 -1.897498e-01 4.535485e+00 3.652916e+00 2.617948e+00 3.132742e+00 1.692236e+00 1.623524e+00 8.958257e-01 7.531304e-01 1.020876e+00 -1.801306e+00 -1.482202e+00 -1.003026e+00 1.599991e-01 6.337284e-01 8.050985e-01 1.257630e+00 1.450861e+00 1.689441e+00 1.138064e+00 1.324430e+00 9.619603e-01 -3.437544e-02
<VARIANCE> 25
 1.431412e+01 1.996047e+01 3.162467e+01 3.273623e+01 4.260380e+01 3.633812e+01 3.232418e+01 2.879125e+01 2.741461e+01 3.001945e+01 2.641429e+01 2.354080e+01 1.362831e+00 1.506333e+00 2.373844e+00 2.425218e+00 2.842826e+00 2.936143e+00 2.882396e+00 2.755170e+00 2.590397e+00 3.002948e+00 2.750585e+00 2.136219e+00 2.399346e-03
<GCONST> 9.032397e+01
<MIXTURE> 99 6.696178e-03
<MEAN> 25
 -6.381359e+00 9.865366e+00 6.718325e+00 3.385771e+00 9.275504e-01 -5.221156e+00 -1.755147e+00 -4.130803e+00 -3.473041e+00 -3.812991e+00 -1.664776e+00 3.727290e-01 5.585005e-01 -7.090059e-01 2.851386e-01 -3.994309e-01 -1.139591e+00 -5.401845e-01 -3.411162e-01 -2.664799e-01 -1.089940e-01 -6.919923e-02 2.360045e-01 1.549134e-01 9.949389e-03
<VARIANCE> 25
 3.628399e+01 2.610793e+01 4.711446e+01 3.194869e+01 3.600967e+01 3.522088e+01 2.737825e+01 2.906753e+01 2.656353e+01 2.779737e+01 2.046106e+01 2.869398e+01 2.176074e+00 1.875801e+00 1.471116e+00 1.731865e+00 2.630253e+00 2.117708e+00 1.582880e+00 1.643547e+00 1.543514e+00 1.573181e+00 1.304931e+00 1.263783e+00 1.563393e-03
<GCONST> 8.686356e+01
<MIXTURE> 100 4.498084e-03
<MEAN> 25
 -1.598142e+00 6.344131e+00 1.027682e+01 -7.462550e+00 -1.078085e+01 -5.074871e+00 -4.941984e+00 -9.968020e+00 -4.718854e+00 -8.552453e-01 -2.733611e+00 -2.708110e+00 2.917501e+00 -1.260406e+00 1.299784e+00 -2.185839e+00 -3.419196e+00 -7.842579e-01 -1.218986e+00 -8.196877e-01 -1.475689e+00 3.465267e-01 -1.655192e+00 -2.859369e-01 2.027076e-03
<VARIANCE> 25
 1.362904e+01 2.106275e+01 2.245995e+01 2.643100e+01 2.302717e+01 2.372167e+01 2.910928e+01 2.170866e+01 2.748697e+01 2.265007e+01 2.241005e+01 2.134244e+01 1.800371e+00 3.953329e+00 2.919954e+00 4.287129e+00 4.184520e+00 4.536962e+00 4.015284e+00 4.339865e+00 4.167875e+00 3.895746e+00 3.911375e+00 3.225643e+00 1.675669e-03
<GCONST> 9.257094e+01
<MIXTURE> 101 6.007792e-03
<MEAN> 25
 8.070164e+00 -3.520125e+00 -6.250957e+00 -6.751589e+00 7.420467e-01 -1.258393e+00 -1.046286e+01 -2.108782e+00 1.532398e+00 2.649302e+00 -2.383282e+00 -5.095840e+00 6.724578e-01 6.488973e-01 -1.443694e+00 -1.593419e+00 1.034894e+00 2.315230e+00 2.123185e-01 -1.472086e+00 -1.082896e+00 1.050197e+00 1.363879e+00 -4.149025e-01 -4.920353e-03
<VARIANCE> 25
 9.370481e+00 1.672468e+01 2.983900e+01 4.342977e+01 3.765208e+01 3.559206e+01 3.793744e+01 3.642335e+01 3.859776e+01 4.396048e+01 5.120341e+01 2.414163e+01 2.910877e-01 6.622775e-01 1.174471e+00 1.560382e+00 1.670750e+00 2.076260e+00 2.084055e+00 1.984342e+00 2.356055e+00 2.214614e+00 1.779744e+00 1.913215e+00 3.455608e-04
<GCONST> 8.368620e+01
<MIXTURE> 102 6.007792e-03
<MEAN> 25
 8.070164e+00 -3.520125e+00 -6.250957e+00 -6.751589e+00 7.420467e-01 -1.258393e+00 -1.046286e+01 -2.108782e+00 1.532398e+00 2.649302e+00 -2.383282e+00 -5.095840e+00 6.724578e-01 6.488973e-01 -1.443694e+00 -1.593419e+00 1.034894e+00 2.315230e+00 2.123185e-01 -1.472086e+00 -1.082896e+00 1.050197e+00 1.363879e+00 -4.149025e-01 -4.920353e-03
<VARIANCE> 25
 9.370481e+00 1.672468e+01 2.983900e+01 4.342977e+01 3.765208e+01 3.559206e+01 3.793744e+01 3.642335e+01 3.859776e+01 4.396048e+01 5.120341e+01 2.414163e+01 2.910877e-01 6.622775e-01 1.174471e+00 1.560382e+00 1.670750e+00 2.076260e+00 2.084055e+00 1.984342e+00 2.356055e+00 2.214614e+00 1.779744e+00 1.913215e+00 3.455608e-04
<GCONST> 8.368620e+01
<MIXTURE> 103 5.694618e-03
<MEAN> 25
 3.369656e+00 -9.464827e+00 -6.106277e+00 -3.065657e+00 -1.370994e+00 -1.979788e+00 2.421845e+00 2.486140e+00 -4.606304e+00 -9.248041e+00 -5.044349e+00 3.597991e-01 -1.550188e-01 -1.484051e+00 -9.779741e-01 3.747153e-01 1.209731e+00 1.019618e+00 1.584530e-01 -2.725491e-01 -7.829750e-01 -9.383409e-01 -3.338623e-02 1.192211e-01 2.687781e-02
<VARIANCE> 25
 1.035004e+01 2.032613e+01 2.297978e+01 3.171674e+01 4.854492e+01 3.491445e+01 4.629143e+01 3.686470e+01 4.199700e+01 2.927760e+01 3.003274e+01 2.630918e+01 6.474162e-01 1.252228e+00 1.535721e+00 1.932266e+00 2.919203e+00 2.411279e+00 2.882542e+00 2.588357e+00 2.560605e+00 2.534980e+00 2.093374e+00 2.009905e+00 8.061386e-04
<GCONST> 8.757456e+01
<MIXTURE> 104 5.694618e-03
<MEAN> 25
 3.369656e+00 -9.464827e+00 -6.106277e+00 -3.065657e+00 -1.370994e+00 -1.979788e+00 2.421845e+00 2.486140e+00 -4.606304e+00 -9.248041e+00 -5.044349e+00 3.597991e-01 -1.550188e-01 -1.484051e+00 -9.779741e-01 3.747153e-01 1.209731e+00 1.019618e+00 1.584530e-01 -2.725491e-01 -7.829750e-01 -9.383409e-01 -3.338623e-02 1.192211e-01 2.687781e-02
<VARIANCE> 25
 1.035004e+01 2.032613e+01 2.297978e+01 3.171674e+01 4.854492e+01 3.491445e+01 4.629143e+01 3.686470e+01 4.199700e+01 2.927760e+01 3.003274e+01 2.630918e+01 6.474162e-01 1.252228e+00 1.535721e+00 1.932266e+00 2.919203e+00 2.411279e+00 2.882542e+00 2.588357e+00 2.560605e+00 2.534980e+00 2.093374e+00 2.009905e+00 8.061386e-04
<GCONST> 8.757456e+01
<MIXTURE> 105 4.710235e-03
<MEAN> 25
 2.270743e+00 -1.484791e+00 9.041026e+00 -2.688272e+00 -1.149015e+01 -4.962787e+00 -4.098929e+00 -8.457521e-01 -3.849192e+00 -3.135813e+00 1.457600e+00 -1.213148e+00 1.104764e-02 2.947609e-02 5.285700e-02 -4.158714e-02 1.088717e-02 5.116366e-02 -1.435962e-02 4.617852e-02 -2.875556e-02 4.442227e-02 2.101246e-02 -4.196618e-02 -2.165264e-03
<VARIANCE> 25
 1.343987e+01 2.846458e+01 4.244963e+01 4.409345e+01 3.807474e+01 5.297900e+01 4.088146e+01 4.384631e+01 4.047498e+01 4.160025e+01 4.150386e+01 3.049943e+01 8.338194e-02 1.840592e-01 3.401679e-01 2.969391e-01 3.723095e-01 4.270083e-01 4.739060e-01 4.904726e-01 4.948947e-01 4.555082e-01 4.211590e-01 4.088005e-01 8.849589e-05
<GCONST> 6.675248e+01
<MIXTURE> 106 4.710235e-03
<MEAN> 25
 2.270743e+00 -1.484791e+00 9.041026e+00 -2.688272e+00 -1.149015e+01 -4.962787e+00 -4.098929e+00 -8.457521e-01 -3.849192e+00 -3.135813e+00 1.457600e+00 -1.213148e+00 1.104764e-02 2.947609e-02 5.285700e-02 -4.158714e-02 1.088717e-02 5.116366e-02 -1.435962e-02 4.617852e-02 -2.875556e-02 4.442227e-02 2.101246e-02 -4.196618e-02 -2.165264e-03
<VARIANCE> 25
 1.343987e+01 2.846458e+01 4.244963e+01 4.409345e+01 3.807474e+01 5.297900e+01 4.088146e+01 4.384631e+01 4.047498e+01 4.160025e+01 4.150386e+01 3.049943e+01 8.338194e-02 1.840592e-01 3.401679e-01 2.969391e-01 3.723095e-01 4.270083e-01 4.739060e-01 4.904726e-01 4.948947e-01 4.555082e-01 4.211590e-01 4.088005e-01 8.849589e-05
<GCONST> 6.675248e+01
<MIXTURE> 107 5.452374e-03
<MEAN> 25
 8.640406e+00 -2.310014e+00 -8.039236e+00 -9.559292e+00 1.963953e+00 2.954524e+00 -8.639696e+00 -4.553617e+00 -8.861490e-01 3.388955e+00 8.526877e-01 -5.074297e+00 -6.100143e-01 -7.682016e-01 8.355617e-01 1.772606e+00 2.264780e-01 -2.013025e+00 -9.223600e-01 8.486093e-01 1.767047e+00 4.774142e-02 -1.657770e+00 -8.201782e-01 -1.797591e-03
<VARIANCE> 25
 9.252595e+00 2.046615e+01 2.835210e+01 4.281953e+01 3.579605e+01 3.851997e+01 5.118634e+01 3.626836e+01 4.581356e+01 4.174624e+01 5.137680e+01 3.036278e+01 3.556838e-01 9.685872e-01 1.462326e+00 2.414957e+00 2.292385e+00 2.823796e+00 2.616012e+00 2.542877e+00 2.297835e+00 3.032647e+00 1.945591e+00 2.206420e+00 7.029041e-04
<GCONST> 8.805307e+01
<MIXTURE> 108 5.452374e-03
<MEAN> 25
 8.640406e+00 -2.310014e+00 -8.039236e+00 -9.559292e+00 1.963953e+00 2.954524e+00 -8.639696e+00 -4.553617e+00 -8.861490e-01 3.388955e+00 8.526877e-01 -5.074297e+00 -6.100143e-01 -7.682016e-01 8.355617e-01 1.772606e+00 2.264780e-01 -2.013025e+00 -9.223600e-01 8.486093e-01 1.767047e+00 4.774142e-02 -1.657770e+00 -8.201782e-01 -1.797591e-03
<VARIANCE> 25
 9.252595e+00 2.046615e+01 2.835210e+01 4.281953e+01 3.579605e+01 3.851997e+01 5.118634e+01 3.626836e+01 4.581356e+01 4.174624e+01 5.137680e+01 3.036278e+01 3.556838e-01 9.685872e-01 1.462326e+00 2.414957e+00 2.292385e+00 2.823796e+00 2.616012e+00 2.542877e+00 2.297835e+00 3.032647e+00 1.945591e+00 2.206420e+00 7.029041e-04
<GCONST> 8.805307e+01
<MIXTURE> 109 6.661064e-03
<MEAN> 25
 3.926973e+00 -1.016937e+01 -8.123214e+00 -1.332105e+00 2.676534e+00 -1.794811e-01 -2.850617e-01 1.360011e+00 -2.474714e+00 -8.195265e+00 -5.262802e+00 -1.137296e-01 -3.058465e-02 -1.264444e-01 -3.821365e-02 2.440615e-01 2.013427e-01 1.092334e-01 -1.406737e-01 -1.046964e-01 -3.151556e-02 -1.003503e-01 2.194703e-01 1.224286e-02 -3.421547e-03
<VARIANCE> 25
 9.191339e+00 2.062272e+01 1.981842e+01 3.021486e+01 3.943226e+01 3.604538e+01 4.588697e+01 3.320861e+01 4.473800e+01 3.443992e+01 2.886808e+01 2.772010e+01 1.912888e-01 4.191010e-01 5.368338e-01 6.304090e-01 1.198647e+00 9.799507e-01 1.226348e+00 1.095429e+00 1.121962e+00 9.597903e-01 8.641942e-01 9.287823e-01 1.824091e-04
<GCONST> 7.429380e+01
<MIXTURE> 110 6.661064e-03
<MEAN> 25
 3.926973e+00 -1.016937e+01 -8.123214e+00 -1.332105e+00 2.676534e+00 -1.794811e-01 -2.850617e-01 1.360011e+00 -2.474714e+00 -8.195265e+00 -5.262802e+00 -1.137296e-01 -3.058465e-02 -1.264444e-01 -3.821365e-02 2.440615e-01 2.013427e-01 1.092334e-01 -1.406737e-01 -1.046964e-01 -3.151556e-02 -1.003503e-01 2.194703e-01 1.224286e-02 -3.421547e-03
<VARIANCE> 25
 9.191339e+00 2.062272e+01 1.981842e+01 3.021486e+01 3.943226e+01 3.604538e+01 4.588697e+01 3.320861e+01 4.473800e+01 3.443992e+01 2.886808e+01 2.772010e+01 1.912888e-01 4.191010e-01 5.368338e-01 6.304090e-01 1.198647e+00 9.799507e-01 1.226348e+00 1.095429e+00 1.121962e+00 9.597903e-01 8.641942e-01 9.287823e-01 1.824091e-04
<GCONST> 7.429380e+01
<MIXTURE> 111 4.337247e-03
<MEAN> 25
 -1.403899e+00 -5.840597e-04 -2.344575e+00 1.178162e+00 1.284393e+00 -2.959366e-01 -7.109153e-01 5.778650e-01 9.787728e-01 -4.555959e-01 -5.020638e-01 1.060970e+00 2.767776e-02 -1.220803e-02 -1.007661e-01 -1.187914e-01 -6.477118e-02 4.015006e-02 6.822961e-02 3.939095e-04 -2.320046e-01 -2.240553e-01 -2.540993e-01 -1.100655e-01 -4.487927e-04
<VARIANCE> 25
 7.833872e+00 5.094579e+00 6.751645e+00 7.582995e+00 1.003852e+01 1.725448e+01 1.174761e+01 1.216992e+01 1.004392e+01 1.028482e+01 1.082740e+01 1.054247e+01 7.230040e-02 2.109818e-01 2.708464e-01 4.421155e-01 5.237427e-01 8.683726e-01 8.222333e-01 9.216048e-01 9.199629e-01 8.335260e-01 8.021846e-01 9.209036e-01 3.476944e-05
<GCONST> 5.485585e+01
<MIXTURE> 112 4.337247e-03
<MEAN> 25
 -1.403899e+00 -5.840597e-04 -2.344575e+00 1.178162e+00 1.284393e+00 -2.959366e-01 -7.109153e-01 5.778650e-01 9.787728e-01 -4.555959e-01 -5.020638e-01 1.060970e+00 2.767776e-02 -1.220803e-02 -1.007661e-01 -1.187914e-01 -6.477118e-02 4.015006e-02 6.822961e-02 3.939095e-04 -2.320046e-01 -2.240553e-01 -2.540993e-01 -1.100655e-01 -4.487927e-04
<VARIANCE> 25
 7.833872e+00 5.094579e+00 6.751645e+00 7.582995e+00 1.003852e+01 1.725448e+01 1.174761e+01 1.216992e+01 1.004392e+01 1.028482e+01 1.082740e+01 1.054247e+01 7.230040e-02 2.109818e-01 2.708464e-01 4.421155e-01 5.237427e-01 8.683726e-01 8.222333e-01 9.216048e-01 9.199629e-01 8.335260e-01 8.021846e-01 9.209036e-01 3.476944e-05
<GCONST> 5.485585e+01
<MIXTURE> 113 5.938666e-03
<MEAN> 25
 9.973757e+00 1.755206e+00 -8.778728e+00 -1.703980e+01 -1.035320e+00 5.654203e+00 -5.279031e+00 -1.466157e+00 -5.693074e+00 -4.946276e-01 2.963742e-01 -2.000938e-01 4.766293e-03 1.383966e-02 -5.940890e-02 -1.133208e-01 1.043883e-01 1.503453e-01 5.911708e-02 3.541261e-02 -5.626947e-02 -5.063982e-02 1.791940e-01 3.471361e-02 -1.412888e-03
<VARIANCE> 25
 8.903938e+00 1.638662e+01 2.967242e+01 3.428518e+01 5.271788e+01 3.389627e+01 3.969775e+01 3.913292e+01 3.738334e+01 4.638174e+01 3.629160e+01 2.843673e+01 1.217475e-01 3.204213e-01 3.160874e-01 6.314886e-01 6.126033e-01 6.535816e-01 7.763699e-01 8.458517e-01 9.599735e-01 9.054713e-01 7.246245e-01 7.138263e-01 1.247924e-04
<GCONST> 7.110931e+01
<MIXTURE> 114 5.938666e-03
<MEAN> 25
 9.973757e+00 1.755206e+00 -8.778728e+00 -1.703980e+01 -1.035320e+00 5.654203e+00 -5.279031e+00 -1.466157e+00 -5.693074e+00 -4.946276e-01 2.963742e-01 -2.000938e-01 4.766293e-03 1.383966e-02 -5.940890e-02 -1.133208e-01 1.043883e-01 1.503453e-01 5.911708e-02 3.541261e-02 -5.626947e-02 -5.063982e-02 1.791940e-01 3.471361e-02 -1.412888e-03
<VARIANCE> 25
 8.903938e+00 1.638662e+01 2.967242e+01 3.428518e+01 5.271788e+01 3.389627e+01 3.969775e+01 3.913292e+01 3.738334e+01 4.638174e+01 3.629160e+01 2.843673e+01 1.217475e-01 3.204213e-01 3.160874e-01 6.314886e-01 6.126033e-01 6.535816e-01 7.763699e-01 8.458517e-01 9.599735e-01 9.054713e-01 7.246245e-01 7.138263e-01 1.247924e-04
<GCONST> 7.110931e+01
<MIXTURE> 115 2.935202e-03
<MEAN> 25
 -3.291001e+00 -6.539576e-01 -3.119047e+00 3.299388e+00 2.221463e+00 -7.621905e-01 1.723338e+00 8.789448e-01 2.038013e+00 6.816705e-02 1.814551e-01 2.409427e+00 6.574412e-02 -8.115140e-02 -1.563609e-01 -4.041853e-01 -6.213168e-01 -7.678276e-01 -6.237727e-01 -4.635650e-01 -5.407987e-01 -5.484477e-01 -3.882952e-01 -1.309475e-01 -4.662415e-05
<VARIANCE> 25
 1.058962e+01 8.788069e+00 1.174451e+01 1.168482e+01 1.215846e+01 1.713319e+01 1.759312e+01 1.995822e+01 1.821154e+01 1.519213e+01 1.725670e+01 1.331170e+01 1.937770e-01 3.191465e-01 5.189281e-01 5.630319e-01 5.621635e-01 9.631000e-01 1.118757e+00 1.107899e+00 1.092968e+00 9.874591e-01 1.104704e+00 9.533402e-01 1.176384e-06
<GCONST> 5.972432e+01
<MIXTURE> 116 2.935202e-03
<MEAN> 25
 -3.291001e+00 -6.539576e-01 -3.119047e+00 3.299388e+00 2.221463e+00 -7.621905e-01 1.723338e+00 8.789448e-01 2.038013e+00 6.816705e-02 1.814551e-01 2.409427e+00 6.574412e-02 -8.115140e-02 -1.563609e-01 -4.041853e-01 -6.213168e-01 -7.678276e-01 -6.237727e-01 -4.635650e-01 -5.407987e-01 -5.484477e-01 -3.882952e-01 -1.309475e-01 -4.662415e-05
<VARIANCE> 25
 1.058962e+01 8.788069e+00 1.174451e+01 1.168482e+01 1.215846e+01 1.713319e+01 1.759312e+01 1.995822e+01 1.821154e+01 1.519213e+01 1.725670e+01 1.331170e+01 1.937770e-01 3.191465e-01 5.189281e-01 5.630319e-01 5.621635e-01 9.631000e-01 1.118757e+00 1.107899e+00 1.092968e+00 9.874591e-01 1.104704e+00 9.533402e-01 1.176384e-06
<GCONST> 5.972432e+01
<MIXTURE> 117 6.506003e-03
<MEAN> 25
 -4.636346e+00 1.118756e+00 1.051974e+00 9.748925e+00 6.258305e+00 6.253671e+00 6.459262e+00 5.044690e+00 6.383740e+00 4.926074e+00 6.357334e+00 2.707572e+00 -7.492454e-02 -2.336503e-01 -3.579474e-01 -4.190936e-01 -3.669490e-01 -3.016827e-01 -2.869591e-01 -3.326432e-01 -3.920358e-01 -3.705285e-01 -2.633315e-01 -1.153985e-01 -1.035232e-05
<VARIANCE> 25
 7.221960e+00 8.742334e+00 9.801856e+00 1.435002e+01 1.562012e+01 1.534238e+01 1.771256e+01 1.793862e+01 1.638209e+01 1.635936e+01 1.678834e+01 1.473758e+01 2.163595e-01 3.072437e-01 4.261840e-01 6.172258e-01 8.528108e-01 1.055273e+00 1.178392e+00 1.233156e+00 1.222557e+00 1.195128e+00 1.166172e+00 1.112547e+00 1.000878e-06
<GCONST> 6.042796e+01
<MIXTURE> 118 6.506003e-03
<MEAN> 25
 -4.636346e+00 1.118756e+00 1.051974e+00 9.748925e+00 6.258305e+00 6.253671e+00 6.459262e+00 5.044690e+00 6.383740e+00 4.926074e+00 6.357334e+00 2.707572e+00 -7.492454e-02 -2.336503e-01 -3.579474e-01 -4.190936e-01 -3.669490e-01 -3.016827e-01 -2.869591e-01 -3.326432e-01 -3.920358e-01 -3.705285e-01 -2.633315e-01 -1.153985e-01 -1.035232e-05
<VARIANCE> 25
 7.221960e+00 8.742334e+00 9.801856e+00 1.435002e+01 1.562012e+01 1.534238e+01 1.771256e+01 1.793862e+01 1.638209e+01 1.635936e+01 1.678834e+01 1.473758e+01 2.163595e-01 3.072437e-01 4.261840e-01 6.172258e-01 8.528108e-01 1.055273e+00 1.178392e+00 1.233156e+00 1.222557e+00 1.195128e+00 1.166172e+00 1.112547e+00 1.000878e-06
<GCONST> 6.042796e+01
<MIXTURE> 119 4.297961e-03
<MEAN> 25
 -4.874196e+00 -7.506345e+00 2.155096e+00 2.032001e+00 2.233411e+00 1.923103e-01 5.127158e+00 5.859359e+00 1.251129e+00 9.559454e-01 6.582152e+00 1.567485e+00 -5.156747e-02 -8.322597e-02 3.587908e-02 -4.989570e-02 -1.423261e-01 -1.864783e-01 -4.336113e-02 -2.335328e-02 -1.060964e-01 -1.250470e-01 -7.158459e-02 -5.683504e-02 7.351849e-04
<VARIANCE> 25
 8.773248e+00 1.022949e+01 1.655745e+01 1.978199e+01 2.241051e+01 2.290406e+01 2.548652e+01 2.633888e+01 2.488476e+01 2.791868e+01 2.001300e+01 2.001873e+01 1.596420e-01 2.791901e-01 4.583707e-01 6.279705e-01 8.064305e-01 1.005009e+00 1.123236e+00 1.256658e+00 1.277705e+00 1.239238e+00 1.185226e+00 1.103067e+00 2.371756e-04
<GCONST> 6.968154e+01
<MIXTURE> 120 4.297961e-03
<MEAN> 25
 -4.874196e+00 -7.506345e+00 2.155096e+00 2.032001e+00 2.233411e+00 1.923103e-01 5.127158e+00 5.859359e+00 1.251129e+00 9.559454e-01 6.582152e+00 1.567485e+00 -5.156747e-02 -8.322597e-02 3.587908e-02 -4.989570e-02 -1.423261e-01 -1.864783e-01 -4.336113e-02 -2.335328e-02 -1.060964e-01 -1.250470e-01 -7.158459e-02 -5.683504e-02 7.351849e-04
<VARIANCE> 25
 8.773248e+00 1.022949e+01 1.655745e+01 1.978199e+01 2.241051e+01 2.290406e+01 2.548652e+01 2.633888e+01 2.488476e+01 2.791868e+01 2.001300e+01 2.001873e+01 1.596420e-01 2.791901e-01 4.583707e-01 6.279705e-01 8.064305e-01 1.005009e+00 1.123236e+00 1.256658e+00 1.277705e+00 1.239238e+00 1.185226e+00 1.103067e+00 2.371756e-04
<GCONST> 6.968154e+01
<MIXTURE> 121 4.567511e-03
<MEAN> 25
 2.122414e-01 -2.508854e+00 5.125772e+00 -1.287622e+01 -1.261849e+01 -1.669019e+00 9.893085e-01 -5.093328e+00 -4.186416e+00 -4.972485e-01 -5.505909e+00 -4.313362e+00 2.390645e-02 1.319425e-01 -4.095479e-02 8.005855e-02 1.588258e-01 7.696642e-02 -8.069391e-02 -1.857221e-01 -2.646725e-01 -2.542017e-01 -1.158570e-01 -1.490859e-03 -7.423706e-03
<VARIANCE> 25
 7.722741e+00 1.564435e+01 1.748503e+01 2.054840e+01 2.463064e+01 2.918080e+01 2.950756e+01 2.459838e+01 3.526062e+01 2.828636e+01 1.969421e+01 2.112332e+01 1.546573e-01 6.413942e-01 6.222964e-01 7.049672e-01 7.691069e-01 1.148501e+00 1.116252e+00 1.121639e+00 1.220058e+00 1.195149e+00 9.399898e-01 8.717028e-01 2.107350e-04
<GCONST> 7.140516e+01
<MIXTURE> 122 4.567511e-03
<MEAN> 25
 2.122414e-01 -2.508854e+00 5.125772e+00 -1.287622e+01 -1.261849e+01 -1.669019e+00 9.893085e-01 -5.093328e+00 -4.186416e+00 -4.972485e-01 -5.505909e+00 -4.313362e+00 2.390645e-02 1.319425e-01 -4.095479e-02 8.005855e-02 1.588258e-01 7.696642e-02 -8.069391e-02 -1.857221e-01 -2.646725e-01 -2.542017e-01 -1.158570e-01 -1.490859e-03 -7.423706e-03
<VARIANCE> 25
 7.722741e+00 1.564435e+01 1.748503e+01 2.054840e+01 2.463064e+01 2.918080e+01 2.950756e+01 2.459838e+01 3.526062e+01 2.828636e+01 1.969421e+01 2.112332e+01 1.546573e-01 6.413942e-01 6.222964e-01 7.049672e-01 7.691069e-01 1.148501e+00 1.116252e+00 1.121639e+00 1.220058e+00 1.195149e+00 9.399898e-01 8.717028e-01 2.107350e-04
<GCONST> 7.140516e+01
<MIXTURE> 123 4.393044e-03
<MEAN> 25
 -3.739062e+00 8.782911e-01 -1.098647e-01 5.755877e+00 5.071327e+00 3.216542e+00 2.902110e+00 4.987301e-01 4.744532e-01 -5.334376e-01 8.151232e-02 7.205229e-01 -4.442739e-01 -7.343198e-01 -8.463555e-01 -5.922331e-01 -2.577791e-01 8.619647e-02 4.076064e-01 6.242530e-01 7.653279e-01 7.510880e-01 6.872619e-01 4.682491e-01 -3.000923e-03
<VARIANCE> 25
 1.199194e+01 9.685586e+00 1.487325e+01 1.751428e+01 2.070411e+01 2.657404e+01 2.190117e+01 1.779037e+01 1.872352e+01 1.671969e+01 2.103853e+01 1.948822e+01 3.648712e-01 3.661785e-01 4.836501e-01 6.974967e-01 9.430046e-01 1.184399e+00 1.208527e+00 1.164918e+00 1.156350e+00 1.118335e+00 1.171426e+00 1.209400e+00 9.619867e-05
<GCONST> 6.901184e+01
<MIXTURE> 124 4.069876e-03
<MEAN> 25
 -5.478588e+00 -1.060476e+00 -2.865731e+00 4.670262e+00 4.806760e+00 3.165013e+00 4.753727e+00 2.637618e+00 3.454612e+00 1.277267e+00 1.021708e+00 2.580684e+00 -2.344558e-01 -3.122740e-01 -4.044967e-01 -2.375678e-01 1.370634e-01 5.660196e-01 8.930201e-01 8.817610e-01 6.824884e-01 3.488925e-01 4.314097e-02 -1.137299e-01 -3.604687e-04
<VARIANCE> 25
 1.603522e+01 6.566077e+00 1.022773e+01 1.204199e+01 1.101773e+01 1.854868e+01 1.699611e+01 1.561692e+01 1.474907e+01 1.485353e+01 1.847686e+01 1.444998e+01 1.021469e-01 1.755324e-01 2.908477e-01 3.914238e-01 5.414382e-01 7.847595e-01 8.614908e-01 7.584180e-01 9.856020e-01 9.803877e-01 9.477198e-01 9.924015e-01 1.984528e-05
<GCONST> 5.889611e+01
<MIXTURE> 125 4.069876e-03
<MEAN> 25
 -5.478588e+00 -1.060476e+00 -2.865731e+00 4.670262e+00 4.806760e+00 3.165013e+00 4.753727e+00 2.637618e+00 3.454612e+00 1.277267e+00 1.021708e+00 2.580684e+00 -2.344558e-01 -3.122740e-01 -4.044967e-01 -2.375678e-01 1.370634e-01 5.660196e-01 8.930201e-01 8.817610e-01 6.824884e-01 3.488925e-01 4.314097e-02 -1.137299e-01 -3.604687e-04
<VARIANCE> 25
 1.603522e+01 6.566077e+00 1.022773e+01 1.204199e+01 1.101773e+01 1.854868e+01 1.699611e+01 1.561692e+01 1.474907e+01 1.485353e+01 1.847686e+01 1.444998e+01 1.021469e-01 1.755324e-01 2.908477e-01 3.914238e-01 5.414382e-01 7.847595e-01 8.614908e-01 7.584180e-01 9.856020e-01 9.803877e-01 9.477198e-01 9.924015e-01 1.984528e-05
<GCONST> 5.889611e+01
<MIXTURE> 126 2.402244e-03
<MEAN> 25
 -3.369822e+00 -6.380375e+00 -5.085057e+00 2.170280e+00 3.970628e+00 -3.077653e+00 -1.717085e-01 3.318384e+00 3.220006e+00 -2.672738e+00 -1.310758e+00 2.799604e+00 -3.552876e-03 -5.380402e-03 -7.489863e-02 -1.691495e-01 -3.025184e-01 -3.957581e-01 -2.973613e-01 -1.985847e-01 -1.362782e-01 -1.283596e-01 -1.207340e-01 -7.818421e-02 -2.464161e-03
<VARIANCE> 25
 8.331441e+00 1.444601e+01 1.310764e+01 1.421823e+01 2.369870e+01 2.285523e+01 2.238138e+01 2.704988e+01 2.948230e+01 2.497427e+01 2.122169e+01 1.962050e+01 1.644053e-01 3.371913e-01 4.966808e-01 5.455638e-01 7.427825e-01 1.009743e+00 1.123954e+00 1.219580e+00 1.276052e+00 1.254964e+00 1.164147e+00 1.152587e+00 2.149675e-04
<GCONST> 6.944814e+01
<MIXTURE> 127 2.402244e-03
<MEAN> 25
 -3.369822e+00 -6.380375e+00 -5.085057e+00 2.170280e+00 3.970628e+00 -3.077653e+00 -1.717085e-01 3.318384e+00 3.220006e+00 -2.672738e+00 -1.310758e+00 2.799604e+00 -3.552876e-03 -5.380402e-03 -7.489863e-02 -1.691495e-01 -3.025184e-01 -3.957581e-01 -2.973613e-01 -1.985847e-01 -1.362782e-01 -1.283596e-01 -1.207340e-01 -7.818421e-02 -2.464161e-03
<VARIANCE> 25
 8.331441e+00 1.444601e+01 1.310764e+01 1.421823e+01 2.369870e+01 2.285523e+01 2.238138e+01 2.704988e+01 2.948230e+01 2.497427e+01 2.122169e+01 1.962050e+01 1.644053e-01 3.371913e-01 4.966808e-01 5.455638e-01 7.427825e-01 1.009743e+00 1.123954e+00 1.219580e+00 1.276052e+00 1.254964e+00 1.164147e+00 1.152587e+00 2.149675e-04
<GCONST> 6.944814e+01
<MIXTURE> 128 3.790457e-03
<MEAN> 25
 -3.904077e+00 1.527956e+00 -3.467283e-01 6.547899e+00 3.605811e+00 1.832403e+00 3.541929e+00 2.371808e+00 3.971475e+00 3.692842e+00 3.752143e+00 3.514779e+00 -3.930164e-01 -1.977068e-01 9.774457e-02 7.221498e-01 1.181699e+00 1.137206e+00 7.200520e-01 1.289716e-01 -4.435019e-01 -7.844227e-01 -7.016562e-01 -3.956656e-01 -3.115638e-05
<VARIANCE> 25
 1.030922e+01 1.168400e+01 1.494175e+01 1.935680e+01 2.002297e+01 2.134773e+01 2.451593e+01 2.455586e+01 2.632461e+01 2.382178e+01 2.680060e+01 1.816900e+01 8.900198e-01 1.141772e+00 1.360347e+00 1.499464e+00 1.578324e+00 1.859020e+00 2.242275e+00 2.320467e+00 2.146476e+00 1.854697e+00 1.748391e+00 1.741079e+00 1.018450e-06
<GCONST> 7.364484e+01
<TRANSP> 3
 0.000000e+00 1.000000e+00 0.000000e+00
 0.000000e+00 9.999990e-01 9.999998e-07
 0.000000e+00 0.000000e+00 0.000000e+00
<ENDHMM>
