~o
<STREAMINFO> 1 25
<VECSIZE> 25<NULLD><MFCC_E_D_N><DIAGC>
~h "jmodel"
<BEGINHMM>
<NUMSTATES> 3
<STATE> 2
<NUMMIXES> 128
<MIXTURE> 1 5.748963e-03
<MEAN> 25
 -2.532543e+00 3.167360e+00 2.334053e+00 8.619866e+00 4.222055e+00 3.236260e+00 4.071414e+00 3.953380e+00 5.829618e+00 5.138720e+00 5.752530e+00 3.160981e+00 -1.999207e+00 -1.583481e+00 -8.388374e-01 1.048176e+00 1.579590e+00 2.223711e+00 2.127984e+00 2.065175e+00 1.655951e+00 1.246647e+00 1.532154e+00 5.824023e-01 -4.660121e-02
<VARIANCE> 25
 1.029847e+01 1.163029e+01 1.464070e+01 1.891768e+01 2.389792e+01 2.347222e+01 2.143889e+01 2.199927e+01 2.066526e+01 2.247494e+01 2.126857e+01 1.707774e+01 1.761410e+00 2.178115e+00 3.008116e+00 3.168150e+00 3.678349e+00 3.285044e+00 3.273758e+00 3.367505e+00 3.519887e+00 3.660907e+00 3.476866e+00 2.803697e+00 3.056325e-03
<GCONST> 8.841178e+01
<MIXTURE> 2 4.549242e-03
<MEAN> 25
 -4.875671e+00 1.311720e+00 9.943511e-01 9.899809e+00 6.692275e+00 7.424650e+00 7.847087e+00 6.958091e+00 8.373269e+00 6.373019e+00 7.624402e+00 3.074697e+00 -6.200235e-02 4.161923e-02 1.425301e-01 2.258583e-01 2.652900e-01 2.813653e-01 2.954302e-01 3.195550e-01 3.497573e-01 3.089160e-01 1.971766e-01 8.006547e-02 1.228299e-06
<VARIANCE> 25
 6.952293e+00 8.901894e+00 1.065126e+01 1.591096e+01 1.723581e+01 1.556308e+01 1.689898e+01 1.848562e+01 1.658668e+01 1.738619e+01 1.811029e+01 1.434002e+01 1.252503e-01 2.266278e-01 3.364712e-01 4.671271e-01 6.492781e-01 8.148874e-01 9.298787e-01 1.003176e+00 1.051662e+00 1.077774e+00 1.075658e+00 1.013934e+00 1.000000e-06
<GCONST> 5.804302e+01
<MIXTURE> 3 4.549242e-03
<MEAN> 25
 -4.875671e+00 1.311720e+00 9.943511e-01 9.899809e+00 6.692275e+00 7.424650e+00 7.847087e+00 6.958091e+00 8.373269e+00 6.373019e+00 7.624402e+00 3.074697e+00 -6.200235e-02 4.161923e-02 1.425301e-01 2.258583e-01 2.652900e-01 2.813653e-01 2.954302e-01 3.195550e-01 3.497573e-01 3.089160e-01 1.971766e-01 8.006547e-02 1.228299e-06
<VARIANCE> 25
 6.952293e+00 8.901894e+00 1.065126e+01 1.591096e+01 1.723581e+01 1.556308e+01 1.689898e+01 1.848562e+01 1.658668e+01 1.738619e+01 1.811029e+01 1.434002e+01 1.252503e-01 2.266278e-01 3.364712e-01 4.671271e-01 6.492781e-01 8.148874e-01 9.298787e-01 1.003176e+00 1.051662e+00 1.077774e+00 1.075658e+00 1.013934e+00 1.000000e-06
<GCONST> 5.804302e+01
<MIXTURE> 4 1.671429e-02
<MEAN> 25
 3.428272e+00 2.619163e+00 -3.821965e+00 9.044752e-01 4.325330e+00 -1.902132e-01 9.194963e-02 -8.704607e-02 1.381390e+00 1.319157e+00 -1.908048e+00 3.052840e-02 -2.708627e+00 1.191466e+00 1.734195e+00 3.019732e+00 9.088229e-01 4.430409e-01 1.476403e+00 1.046787e+00 9.953813e-01 3.850387e-01 1.169926e+00 8.799044e-01 -1.023170e-01
<VARIANCE> 25
 2.094189e+01 2.889149e+01 2.863203e+01 3.881157e+01 4.482637e+01 6.714462e+01 6.397909e+01 5.354684e+01 5.441444e+01 6.139781e+01 4.986970e+01 3.526675e+01 2.414288e+00 4.946362e+00 3.777071e+00 4.959893e+00 5.002448e+00 6.122448e+00 6.200791e+00 5.431580e+00 5.880945e+00 6.322773e+00 6.128433e+00 4.353451e+00 6.023517e-03
<GCONST> 1.052375e+02
<MIXTURE> 5 3.206198e-03
<MEAN> 25
 -3.421949e+00 2.182946e+00 6.086634e-01 9.425639e+00 6.697475e+00 6.314134e+00 7.111767e+00 4.720551e+00 5.492603e+00 3.846624e+00 4.656739e+00 2.608123e+00 -3.242233e-01 7.517356e-01 1.223981e+00 1.032919e+00 3.082966e-01 -9.980211e-02 -8.385762e-02 3.349880e-02 4.584947e-01 6.843875e-01 4.040142e-01 8.735725e-02 -2.815774e-05
<VARIANCE> 25
 1.029119e+01 1.394301e+01 2.348015e+01 2.562350e+01 2.021429e+01 1.942188e+01 2.010789e+01 2.036569e+01 2.143089e+01 2.127710e+01 2.409332e+01 1.635621e+01 1.210000e+00 1.246336e+00 1.357910e+00 1.672996e+00 2.284900e+00 2.375323e+00 2.300331e+00 2.274249e+00 2.314821e+00 2.238502e+00 2.084739e+00 1.874142e+00 9.998532e-07
<GCONST> 7.516946e+01
<MIXTURE> 6 5.475854e-03
<MEAN> 25
 9.672507e+00 -3.621810e-01 -6.714488e+00 -1.080405e+01 -1.973099e+00 6.735503e+00 -5.703990e+00 -5.369443e+00 -3.628139e+00 1.852753e+00 4.509813e+00 -1.373773e+00 4.742930e-01 8.846430e-01 -3.558850e-01 -1.433512e+00 -6.079721e-01 1.288373e+00 1.512452e+00 2.192626e-01 -1.231002e+00 -1.238757e+00 3.059101e-01 1.266815e+00 -8.211327e-03
<VARIANCE> 25
 8.856920e+00 1.697296e+01 2.359653e+01 4.171568e+01 3.725699e+01 3.011251e+01 4.537122e+01 3.775790e+01 4.011333e+01 3.893197e+01 4.245695e+01 2.877739e+01 3.125761e-01 8.745196e-01 9.350904e-01 2.021620e+00 1.628863e+00 2.022070e+00 1.928289e+00 2.074010e+00 2.376392e+00 1.983378e+00 2.236321e+00 1.533882e+00 5.810532e-04
<GCONST> 8.403246e+01
<MIXTURE> 7 5.475854e-03
<MEAN> 25
 9.672507e+00 -3.621810e-01 -6.714488e+00 -1.080405e+01 -1.973099e+00 6.735503e+00 -5.703990e+00 -5.369443e+00 -3.628139e+00 1.852753e+00 4.509813e+00 -1.373773e+00 4.742930e-01 8.846430e-01 -3.558850e-01 -1.433512e+00 -6.079721e-01 1.288373e+00 1.512452e+00 2.192626e-01 -1.231002e+00 -1.238757e+00 3.059101e-01 1.266815e+00 -8.211327e-03
<VARIANCE> 25
 8.856920e+00 1.697296e+01 2.359653e+01 4.171568e+01 3.725699e+01 3.011251e+01 4.537122e+01 3.775790e+01 4.011333e+01 3.893197e+01 4.245695e+01 2.877739e+01 3.125761e-01 8.745196e-01 9.350904e-01 2.021620e+00 1.628863e+00 2.022070e+00 1.928289e+00 2.074010e+00 2.376392e+00 1.983378e+00 2.236321e+00 1.533882e+00 5.810532e-04
<GCONST> 8.403246e+01
<MIXTURE> 8 1.165917e-02
<MEAN> 25
 -4.597184e+00 1.840770e+00 1.249022e+00 8.685380e+00 6.632910e+00 5.943144e+00 6.337063e+00 5.577064e+00 6.739726e+00 5.376846e+00 6.164962e+00 3.325210e+00 -6.893446e-01 -1.549224e+00 -9.681960e-01 -1.698400e+00 -2.154774e-01 -8.744850e-01 -3.268387e-01 -3.849665e-01 -2.103698e-01 3.312460e-02 -5.291993e-02 1.914198e-01 9.918795e-02
<VARIANCE> 25
 8.674903e+00 1.090280e+01 1.182827e+01 2.118350e+01 1.512334e+01 1.541200e+01 1.790711e+01 1.634353e+01 1.550382e+01 1.644536e+01 1.879249e+01 1.298730e+01 2.555140e+00 2.690079e+00 3.819961e+00 3.498096e+00 3.156177e+00 3.072389e+00 3.027129e+00 2.870472e+00 2.790675e+00 2.815677e+00 2.484986e+00 1.878431e+00 6.065960e-03
<GCONST> 8.564024e+01
<MIXTURE> 9 1.199672e-02
<MEAN> 25
 9.248588e+00 3.242462e+00 -6.419333e+00 -1.029751e+01 -1.899175e+00 5.069969e+00 -1.958787e+00 -2.530753e+00 -5.298559e+00 -1.101207e+00 4.881625e-01 -6.989724e-02 1.403626e+00 -8.234873e-02 -4.978712e-01 -2.736838e+00 -1.576345e+00 8.457349e-01 -9.321886e-01 -2.679293e-01 -1.677595e-01 -4.510711e-01 6.831342e-01 -2.287187e-01 7.118500e-02
<VARIANCE> 25
 1.184903e+01 2.139243e+01 3.338263e+01 5.597863e+01 5.032896e+01 3.168456e+01 4.282245e+01 5.208296e+01 4.078868e+01 4.079461e+01 3.493694e+01 2.680592e+01 2.037810e+00 2.458948e+00 4.402702e+00 4.799236e+00 4.939564e+00 3.939630e+00 4.105582e+00 5.891136e+00 4.838589e+00 4.317806e+00 3.977264e+00 2.931855e+00 2.230083e-03
<GCONST> 9.856496e+01
<MIXTURE> 10 6.596976e-03
<MEAN> 25
 7.458820e-01 7.567954e+00 5.330911e+00 7.001207e+00 1.526975e+00 -2.144647e+00 -4.935286e-01 -1.622868e+00 7.844148e-01 8.448028e-01 8.189247e-01 7.213628e-01 -1.924484e+00 -6.262958e-01 -4.778688e-01 2.981997e+00 2.496023e+00 2.660939e+00 2.390086e+00 2.258602e+00 1.856122e+00 1.489327e+00 2.282585e+00 5.349584e-01 -1.368814e-01
<VARIANCE> 25
 1.954869e+01 2.042928e+01 2.215884e+01 2.954597e+01 3.815395e+01 3.448864e+01 3.447343e+01 3.331136e+01 2.762284e+01 2.878499e+01 2.649119e+01 2.474858e+01 2.219225e+00 3.455749e+00 5.456038e+00 5.150537e+00 5.518762e+00 4.484950e+00 4.619713e+00 4.761237e+00 4.307083e+00 5.055527e+00 4.524458e+00 3.153365e+00 2.717931e-03
<GCONST> 9.731697e+01
<MIXTURE> 11 1.633820e-02
<MEAN> 25
 7.425014e+00 4.101558e+00 1.525921e+00 4.907517e+00 -1.870623e+00 -1.753770e+00 -5.285597e-01 -6.497544e+00 -2.367522e+00 -3.925410e-01 -3.757514e+00 -1.967535e+00 -3.120182e-01 7.731602e-01 2.033201e-01 -3.949298e-02 7.958339e-01 2.164978e-01 1.415163e-02 -3.871372e-02 -1.565252e-01 -2.579693e-01 -1.793768e-01 3.902769e-01 -1.979461e-02
<VARIANCE> 25
 9.101573e+00 2.029292e+01 2.650283e+01 2.489539e+01 3.914900e+01 3.899651e+01 4.812972e+01 4.008103e+01 3.735596e+01 3.247530e+01 3.751666e+01 2.912589e+01 8.094093e-01 1.545805e+00 1.493122e+00 2.443650e+00 2.660232e+00 2.483920e+00 2.516703e+00 2.897447e+00 1.907741e+00 2.007470e+00 1.594640e+00 1.613595e+00 8.924881e-04
<GCONST> 8.731052e+01
<MIXTURE> 12 5.904134e-03
<MEAN> 25
 1.076503e+01 3.744179e+00 -4.503238e+00 -1.599126e+01 -8.693428e+00 8.641662e+00 -8.963464e-01 -1.922658e+00 -1.722777e+00 -4.886572e+00 1.773365e+00 7.164296e-01 6.768168e-02 2.938922e-01 7.961339e-02 -3.682851e-01 -3.100371e-01 2.941591e-02 3.052185e-01 4.478188e-01 1.409488e-01 -3.846572e-01 -3.853734e-01 5.391896e-02 -6.303806e-03
<VARIANCE> 25
 8.883562e+00 2.100016e+01 2.335613e+01 3.506730e+01 4.210617e+01 3.096372e+01 4.179362e+01 4.898100e+01 4.405734e+01 3.739275e+01 3.800729e+01 2.892536e+01 2.468058e-01 6.884298e-01 6.859755e-01 1.169808e+00 1.186757e+00 1.053823e+00 1.171461e+00 1.386095e+00 1.240463e+00 1.222311e+00 1.221646e+00 9.564548e-01 5.785582e-04
<GCONST> 7.892319e+01
<MIXTURE> 13 5.904134e-03
<MEAN> 25
 1.076503e+01 3.744179e+00 -4.503238e+00 -1.599126e+01 -8.693428e+00 8.641662e+00 -8.963464e-01 -1.922658e+00 -1.722777e+00 -4.886572e+00 1.773365e+00 7.164296e-01 6.768168e-02 2.938922e-01 7.961339e-02 -3.682851e-01 -3.100371e-01 2.941591e-02 3.052185e-01 4.478188e-01 1.409488e-01 -3.846572e-01 -3.853734e-01 5.391896e-02 -6.303806e-03
<VARIANCE> 25
 8.883562e+00 2.100016e+01 2.335613e+01 3.506730e+01 4.210617e+01 3.096372e+01 4.179362e+01 4.898100e+01 4.405734e+01 3.739275e+01 3.800729e+01 2.892536e+01 2.468058e-01 6.884298e-01 6.859755e-01 1.169808e+00 1.186757e+00 1.053823e+00 1.171461e+00 1.386095e+00 1.240463e+00 1.222311e+00 1.221646e+00 9.564548e-01 5.785582e-04
<GCONST> 7.892319e+01
<MIXTURE> 14 6.488954e-03
<MEAN> 25
 -4.283849e+00 -4.172120e-01 -3.148141e-01 8.848680e+00 7.528526e+00 7.306298e+00 7.798380e+00 7.375769e+00 7.228893e+00 5.165437e+00 6.725300e+00 4.070821e+00 -2.820472e-01 1.842372e-01 3.545166e-01 3.160392e-01 4.564189e-02 6.681177e-02 1.006972e-01 1.579731e-01 2.949159e-01 5.503547e-01 5.111587e-01 6.419814e-02 -9.471377e-03
<VARIANCE> 25
 9.454060e+00 1.410089e+01 1.849953e+01 1.789721e+01 2.094512e+01 1.979249e+01 2.131998e+01 2.072550e+01 1.992338e+01 2.398870e+01 2.270378e+01 1.590206e+01 9.684590e-01 1.641890e+00 1.761184e+00 1.929263e+00 2.348012e+00 2.246389e+00 2.234392e+00 2.261440e+00 2.274742e+00 2.497174e+00 2.177085e+00 1.802267e+00 1.022177e-03
<GCONST> 8.200669e+01
<MIXTURE> 15 2.475190e-03
<MEAN> 25
 -5.424753e+00 -6.440794e-01 -2.017414e-01 7.367623e+00 5.719982e+00 5.701251e+00 6.060742e+00 4.979491e+00 5.164731e+00 4.154440e+00 5.501688e+00 2.539946e+00 -1.212037e-01 -2.924591e-02 7.497147e-02 2.437820e-01 4.894798e-01 7.863718e-01 1.072297e+00 1.181972e+00 1.059430e+00 7.562062e-01 4.196858e-01 1.532923e-01 -8.363173e-05
<VARIANCE> 25
 6.988708e+00 5.606965e+00 9.035073e+00 1.281391e+01 1.407770e+01 1.429639e+01 1.491903e+01 1.489778e+01 1.410131e+01 1.418416e+01 1.510547e+01 1.250819e+01 1.247727e-01 2.062335e-01 3.197602e-01 5.031636e-01 6.995889e-01 7.939239e-01 7.633668e-01 7.918421e-01 9.090909e-01 1.023959e+00 1.071316e+00 1.041275e+00 2.796422e-05
<GCONST> 5.858980e+01
<MIXTURE> 16 2.475190e-03
<MEAN> 25
 -5.424753e+00 -6.440794e-01 -2.017414e-01 7.367623e+00 5.719982e+00 5.701251e+00 6.060742e+00 4.979491e+00 5.164731e+00 4.154440e+00 5.501688e+00 2.539946e+00 -1.212037e-01 -2.924591e-02 7.497147e-02 2.437820e-01 4.894798e-01 7.863718e-01 1.072297e+00 1.181972e+00 1.059430e+00 7.562062e-01 4.196858e-01 1.532923e-01 -8.363173e-05
<VARIANCE> 25
 6.988708e+00 5.606965e+00 9.035073e+00 1.281391e+01 1.407770e+01 1.429639e+01 1.491903e+01 1.489778e+01 1.410131e+01 1.418416e+01 1.510547e+01 1.250819e+01 1.247727e-01 2.062335e-01 3.197602e-01 5.031636e-01 6.995889e-01 7.939239e-01 7.633668e-01 7.918421e-01 9.090909e-01 1.023959e+00 1.071316e+00 1.041275e+00 2.796422e-05
<GCONST> 5.858980e+01
<MIXTURE> 17 9.518312e-03
<MEAN> 25
 3.780342e+00 -8.334842e-01 5.325251e+00 3.337744e+00 -6.405989e+00 -5.457225e+00 -2.704238e+00 6.001505e-01 -1.551362e+00 -3.570634e+00 7.452936e-02 7.924392e-01 -9.437768e-01 -1.069938e+00 1.886006e+00 -1.645026e+00 -2.981360e+00 -3.121274e-02 -1.132644e-01 1.268368e+00 -2.463665e-01 -4.414256e-01 6.535167e-01 5.011542e-01 7.261693e-02
<VARIANCE> 25
 1.455070e+01 2.586237e+01 3.192431e+01 3.566679e+01 5.059871e+01 4.126428e+01 3.379809e+01 3.009402e+01 2.949353e+01 2.184836e+01 2.161783e+01 2.249107e+01 1.726215e+00 2.325299e+00 4.089057e+00 3.496619e+00 4.394061e+00 5.566115e+00 4.160721e+00 4.353319e+00 3.373413e+00 3.104666e+00 2.610404e+00 2.090758e+00 1.756340e-03
<GCONST> 9.398334e+01
<MIXTURE> 18 1.221018e-02
<MEAN> 25
 2.829945e+00 4.257923e+00 6.554341e+00 3.376828e+00 -4.799360e+00 -6.808582e+00 -2.122861e+00 -6.118759e-01 -3.679631e+00 -1.755456e+00 -5.556792e-01 1.058276e+00 -7.745702e-01 2.076798e+00 -5.560141e-01 1.660624e+00 3.320590e+00 1.134520e+00 1.288593e+00 -4.048716e-02 7.238188e-01 2.299336e-01 -6.725018e-01 -1.468622e-02 -1.167669e-01
<VARIANCE> 25
 1.536314e+01 2.046278e+01 3.080041e+01 2.566532e+01 3.352183e+01 3.290849e+01 3.515234e+01 2.820953e+01 3.371345e+01 2.972792e+01 2.808493e+01 2.482132e+01 2.249373e+00 2.494123e+00 4.283082e+00 3.394273e+00 3.613793e+00 3.933449e+00 4.165276e+00 3.777875e+00 3.844272e+00 3.626768e+00 4.276588e+00 3.090123e+00 3.278754e-03
<GCONST> 9.503996e+01
<MIXTURE> 19 9.912824e-03
<MEAN> 25
 -1.017248e+01 1.982800e+00 2.348597e-01 1.066192e+00 4.055886e+00 1.529691e+00 3.436207e+00 1.154639e+00 2.054482e+00 1.245465e+00 1.087560e+00 2.017681e+00 2.065361e+00 1.728454e+00 2.125228e+00 7.444801e-01 -1.008049e+00 -1.003522e+00 -1.052040e+00 -1.414188e+00 -1.506628e+00 -1.175288e+00 -8.433232e-01 -7.960635e-01 9.709312e-04
<VARIANCE> 25
 5.407284e+01 3.170237e+01 4.795654e+01 5.285500e+01 3.352057e+01 3.297858e+01 3.077568e+01 2.975853e+01 2.830728e+01 2.712521e+01 2.990166e+01 1.949811e+01 2.413836e+00 2.232084e+00 2.260250e+00 2.337224e+00 2.682672e+00 2.266670e+00 2.417464e+00 2.367825e+00 2.096814e+00 2.079329e+00 2.242886e+00 1.756529e+00 2.385551e-03
<GCONST> 9.177481e+01
<MIXTURE> 20 6.308331e-03
<MEAN> 25
 -1.398357e+01 7.280893e+00 8.264299e-01 5.850423e+00 4.911590e+00 1.278643e+00 5.320418e+00 1.151277e+00 9.618735e-01 7.036904e-01 2.742048e+00 3.107938e-01 -3.238624e+00 -7.523541e-01 -1.607289e+00 3.527164e-01 1.600815e+00 2.007245e+00 1.953691e+00 1.959460e+00 2.095917e+00 1.944371e+00 1.639739e+00 8.764793e-01 4.366307e-02
<VARIANCE> 25
 1.920795e+01 2.251598e+01 2.925303e+01 3.644392e+01 2.910877e+01 2.860921e+01 2.836559e+01 3.100455e+01 2.642875e+01 2.671280e+01 2.473974e+01 2.557771e+01 2.020969e+00 2.273008e+00 1.843523e+00 2.417491e+00 2.682768e+00 2.224288e+00 2.207615e+00 2.332222e+00 2.189265e+00 2.707691e+00 2.142310e+00 1.833040e+00 2.003242e-03
<GCONST> 8.888069e+01
<MIXTURE> 21 7.928653e-03
<MEAN> 25
 3.681387e+00 -4.685366e+00 5.023585e+00 -6.435813e-01 -1.003445e+01 -7.934448e+00 -1.583669e+00 4.383348e+00 -2.036893e+00 -2.567273e+00 9.832110e-01 5.350968e-01 -7.555302e-01 1.393009e+00 2.843733e+00 -1.526134e-02 -2.076769e+00 5.088748e-01 -3.273800e-01 -1.740176e+00 -1.987015e+00 5.777808e-01 1.317858e+00 6.099399e-01 -1.268205e-02
<VARIANCE> 25
 7.172676e+00 1.490774e+01 2.746651e+01 2.402737e+01 2.582914e+01 2.877083e+01 4.045579e+01 3.288812e+01 3.485455e+01 2.845932e+01 2.783145e+01 1.863448e+01 2.973350e-01 9.723586e-01 1.782407e+00 1.054448e+00 3.707340e+00 1.799091e+00 5.236408e+00 2.295567e+00 1.767081e+00 2.266816e+00 1.666351e+00 2.287721e+00 4.430569e-04
<GCONST> 8.284461e+01
<MIXTURE> 22 8.827789e-03
<MEAN> 25
 -1.688530e+01 7.627222e+00 -3.985815e+00 6.114754e+00 5.147722e+00 1.775499e+00 8.082256e+00 2.279907e+00 5.064875e+00 3.591390e+00 5.101422e+00 1.874311e+00 -3.591736e-01 9.987872e-02 -2.661703e-01 -2.056989e-01 -5.792178e-02 5.928963e-02 6.692894e-02 5.735647e-02 3.887447e-01 6.102229e-01 -3.243774e-03 -4.947835e-03 6.478983e-03
<VARIANCE> 25
 9.675336e+00 1.595098e+01 1.442016e+01 2.514495e+01 2.049868e+01 2.124188e+01 1.597132e+01 1.608883e+01 1.630312e+01 2.099119e+01 1.704483e+01 1.695413e+01 9.189851e-01 1.483983e+00 1.288034e+00 1.330996e+00 1.294403e+00 1.411147e+00 1.308723e+00 1.288462e+00 1.674125e+00 2.392957e+00 1.266964e+00 1.125986e+00 1.425256e-03
<GCONST> 7.717033e+01
<MIXTURE> 23 6.455497e-03
<MEAN> 25
 7.644486e+00 2.835620e+00 2.408607e+00 2.338368e+00 -4.044377e+00 -3.273965e+00 -3.849074e+00 -5.953934e+00 -3.079401e+00 -1.532807e+00 -4.410993e+00 -1.892482e+00 3.441389e-03 2.062273e-01 -4.987004e-03 9.207866e-03 9.816216e-02 1.286033e-02 -7.549741e-02 -3.880012e-02 -4.094863e-03 1.257341e-02 2.780055e-02 4.275623e-02 -5.067518e-03
<VARIANCE> 25
 1.124632e+01 2.246235e+01 2.737285e+01 3.768932e+01 4.405356e+01 5.149969e+01 5.637736e+01 5.437935e+01 4.569425e+01 4.603059e+01 4.578664e+01 3.771527e+01 1.252287e-01 2.867150e-01 3.612957e-01 4.884083e-01 6.951838e-01 6.843878e-01 8.676064e-01 8.565108e-01 8.360377e-01 8.701766e-01 7.704086e-01 7.589324e-01 8.774263e-05
<GCONST> 7.298092e+01
<MIXTURE> 24 6.455497e-03
<MEAN> 25
 7.644486e+00 2.835620e+00 2.408607e+00 2.338368e+00 -4.044377e+00 -3.273965e+00 -3.849074e+00 -5.953934e+00 -3.079401e+00 -1.532807e+00 -4.410993e+00 -1.892482e+00 3.441389e-03 2.062273e-01 -4.987004e-03 9.207866e-03 9.816216e-02 1.286033e-02 -7.549741e-02 -3.880012e-02 -4.094863e-03 1.257341e-02 2.780055e-02 4.275623e-02 -5.067518e-03
<VARIANCE> 25
 1.124632e+01 2.246235e+01 2.737285e+01 3.768932e+01 4.405356e+01 5.149969e+01 5.637736e+01 5.437935e+01 4.569425e+01 4.603059e+01 4.578664e+01 3.771527e+01 1.252287e-01 2.867150e-01 3.612957e-01 4.884083e-01 6.951838e-01 6.843878e-01 8.676064e-01 8.565108e-01 8.360377e-01 8.701766e-01 7.704086e-01 7.589324e-01 8.774263e-05
<GCONST> 7.298092e+01
<MIXTURE> 25 1.118642e-02
<MEAN> 25
 -8.385603e-01 1.637403e+00 1.540924e+01 -2.802824e+00 -1.173514e+01 7.220411e-01 -6.811082e+00 -2.286299e+00 -6.267875e+00 -5.054242e+00 5.587794e+00 -1.265701e+00 -4.424589e-02 5.932047e-01 -1.118384e-01 2.209920e-01 7.178606e-01 5.526131e-02 3.138412e-01 -2.463319e-01 -1.795279e-01 2.390242e-01 -1.567197e-01 1.410525e-02 -2.319613e-02
<VARIANCE> 25
 5.404026e+00 1.430358e+01 1.404086e+01 1.924186e+01 1.756935e+01 2.859755e+01 1.737293e+01 2.652888e+01 1.535384e+01 1.962706e+01 1.538235e+01 1.588002e+01 4.691994e-01 1.263588e+00 1.113621e+00 1.046095e+00 3.844286e+00 1.583405e+00 2.295299e+00 1.042167e+00 1.059953e+00 1.144562e+00 1.056705e+00 1.021989e+00 1.174132e-03
<GCONST> 7.528401e+01
<MIXTURE> 26 7.727677e-03
<MEAN> 25
 3.068000e+00 -5.498730e+00 -1.002847e+01 -5.483236e-01 7.522454e+00 5.470168e+00 4.101990e+00 -1.179001e+00 2.057477e+00 -4.094548e-01 -2.785358e+00 -1.394843e+00 -5.560649e-01 7.962927e-01 4.015672e-01 7.187606e-01 2.429899e-01 1.561456e-01 2.203118e-01 1.192539e-01 1.424152e-01 -9.406029e-02 4.286643e-01 5.164802e-01 -4.973576e-02
<VARIANCE> 25
 2.470296e+01 3.735632e+01 2.301172e+01 5.378798e+01 3.582207e+01 3.766597e+01 4.014931e+01 4.535735e+01 3.481312e+01 5.073629e+01 3.717575e+01 4.384809e+01 1.488553e+00 2.273242e+00 1.802322e+00 1.999623e+00 2.341875e+00 2.322931e+00 2.479017e+00 2.990877e+00 2.150386e+00 2.314744e+00 1.978484e+00 2.108716e+00 3.008942e-03
<GCONST> 9.290836e+01
<MIXTURE> 27 7.727677e-03
<MEAN> 25
 3.068000e+00 -5.498730e+00 -1.002847e+01 -5.483236e-01 7.522454e+00 5.470168e+00 4.101990e+00 -1.179001e+00 2.057477e+00 -4.094548e-01 -2.785358e+00 -1.394843e+00 -5.560649e-01 7.962927e-01 4.015672e-01 7.187606e-01 2.429899e-01 1.561456e-01 2.203118e-01 1.192539e-01 1.424152e-01 -9.406029e-02 4.286643e-01 5.164802e-01 -4.973576e-02
<VARIANCE> 25
 2.470296e+01 3.735632e+01 2.301172e+01 5.378798e+01 3.582207e+01 3.766597e+01 4.014931e+01 4.535735e+01 3.481312e+01 5.073629e+01 3.717575e+01 4.384809e+01 1.488553e+00 2.273242e+00 1.802322e+00 1.999623e+00 2.341875e+00 2.322931e+00 2.479017e+00 2.990877e+00 2.150386e+00 2.314744e+00 1.978484e+00 2.108716e+00 3.008942e-03
<GCONST> 9.290836e+01
<MIXTURE> 28 5.036674e-03
<MEAN> 25
 -5.918262e+00 2.416113e-01 -1.665184e+00 6.401400e+00 5.306571e+00 3.540194e+00 5.484760e+00 2.919143e+00 3.544313e+00 2.210084e+00 2.491440e+00 3.401574e+00 -9.274620e-02 1.406091e-01 4.739607e-01 8.313859e-01 8.639585e-01 7.045907e-01 4.880646e-01 3.584968e-01 4.883519e-01 5.994625e-01 4.068812e-01 1.125687e-01 -1.894084e-05
<VARIANCE> 25
 1.305821e+01 8.660445e+00 1.160473e+01 1.485374e+01 1.392217e+01 1.684046e+01 1.706567e+01 1.866039e+01 1.837128e+01 1.660869e+01 2.004862e+01 1.472388e+01 2.487773e-01 4.187982e-01 4.322073e-01 4.753259e-01 6.326492e-01 7.994936e-01 1.013633e+00 1.094480e+00 1.074933e+00 1.172258e+00 9.942324e-01 1.115441e+00 1.030284e-06
<GCONST> 6.058089e+01
<MIXTURE> 29 5.036674e-03
<MEAN> 25
 -5.918262e+00 2.416113e-01 -1.665184e+00 6.401400e+00 5.306571e+00 3.540194e+00 5.484760e+00 2.919143e+00 3.544313e+00 2.210084e+00 2.491440e+00 3.401574e+00 -9.274620e-02 1.406091e-01 4.739607e-01 8.313859e-01 8.639585e-01 7.045907e-01 4.880646e-01 3.584968e-01 4.883519e-01 5.994625e-01 4.068812e-01 1.125687e-01 -1.894084e-05
<VARIANCE> 25
 1.305821e+01 8.660445e+00 1.160473e+01 1.485374e+01 1.392217e+01 1.684046e+01 1.706567e+01 1.866039e+01 1.837128e+01 1.660869e+01 2.004862e+01 1.472388e+01 2.487773e-01 4.187982e-01 4.322073e-01 4.753259e-01 6.326492e-01 7.994936e-01 1.013633e+00 1.094480e+00 1.074933e+00 1.172258e+00 9.942324e-01 1.115441e+00 1.030284e-06
<GCONST> 6.058089e+01
<MIXTURE> 30 8.917812e-03
<MEAN> 25
 -4.488253e+00 -2.392044e-01 6.428352e-01 9.062881e+00 7.830147e+00 7.504492e+00 7.562264e+00 6.879007e+00 6.496763e+00 4.893327e+00 6.934861e+00 3.469831e+00 -2.048267e-02 3.058746e-02 5.678142e-02 8.495294e-02 8.594004e-02 4.249295e-02 7.295031e-03 -1.042318e-02 8.965405e-03 6.181832e-02 7.142929e-02 3.200512e-02 -5.917036e-04
<VARIANCE> 25
 6.959022e+00 1.014022e+01 1.037316e+01 1.376324e+01 1.612980e+01 1.632572e+01 1.908927e+01 1.807062e+01 1.642354e+01 1.825391e+01 2.206940e+01 1.444973e+01 9.846796e-02 1.987408e-01 3.230156e-01 4.828317e-01 6.185479e-01 7.208783e-01 7.735210e-01 8.158517e-01 8.905460e-01 9.486088e-01 9.335604e-01 8.586459e-01 5.086479e-05
<GCONST> 6.071342e+01
<MIXTURE> 31 4.136493e-03
<MEAN> 25
 -3.245347e+00 -5.669593e+00 4.044953e-02 4.864512e+00 3.902472e+00 1.743807e+00 5.240427e+00 6.661253e+00 2.684769e+00 1.284874e+00 6.270221e+00 3.065337e+00 2.618493e-01 4.717796e-01 -2.096171e-01 2.851916e-01 1.402542e-01 3.908038e-01 1.716729e-01 1.938805e-03 3.627322e-01 3.857688e-01 1.248580e-01 1.045287e-01 -1.813868e-02
<VARIANCE> 25
 7.155778e+00 1.566487e+01 1.712793e+01 1.756947e+01 2.785152e+01 2.361777e+01 2.306764e+01 2.470640e+01 2.537347e+01 2.767281e+01 2.249897e+01 1.862565e+01 1.932047e-01 4.870068e-01 5.942041e-01 7.744798e-01 9.638075e-01 1.127852e+00 1.216567e+00 1.392905e+00 1.390872e+00 1.337878e+00 1.289932e+00 1.110045e+00 2.582621e-04
<GCONST> 7.198945e+01
<MIXTURE> 32 4.136493e-03
<MEAN> 25
 -3.245347e+00 -5.669593e+00 4.044953e-02 4.864512e+00 3.902472e+00 1.743807e+00 5.240427e+00 6.661253e+00 2.684769e+00 1.284874e+00 6.270221e+00 3.065337e+00 2.618493e-01 4.717796e-01 -2.096171e-01 2.851916e-01 1.402542e-01 3.908038e-01 1.716729e-01 1.938805e-03 3.627322e-01 3.857688e-01 1.248580e-01 1.045287e-01 -1.813868e-02
<VARIANCE> 25
 7.155778e+00 1.566487e+01 1.712793e+01 1.756947e+01 2.785152e+01 2.361777e+01 2.306764e+01 2.470640e+01 2.537347e+01 2.767281e+01 2.249897e+01 1.862565e+01 1.932047e-01 4.870068e-01 5.942041e-01 7.744798e-01 9.638075e-01 1.127852e+00 1.216567e+00 1.392905e+00 1.390872e+00 1.337878e+00 1.289932e+00 1.110045e+00 2.582621e-04
<GCONST> 7.198945e+01
<MIXTURE> 33 1.508826e-02
<MEAN> 25
 6.505044e+00 -4.380012e+00 -2.752433e+00 -2.146602e+00 -2.164098e+00 -5.072451e+00 -6.831486e+00 1.764841e+00 2.388506e+00 1.021996e-01 -4.324697e+00 -3.160369e+00 7.864109e-01 -1.156851e+00 -2.394951e+00 -1.753631e+00 1.295133e+00 1.332219e+00 -6.430684e-01 5.880225e-01 8.166327e-01 5.469611e-01 -2.475061e-01 -1.414202e+00 3.686460e-02
<VARIANCE> 25
 9.249205e+00 2.153538e+01 2.984910e+01 3.557164e+01 3.995315e+01 4.320183e+01 4.203919e+01 4.328376e+01 3.839236e+01 4.425508e+01 3.378257e+01 2.782453e+01 1.314236e+00 1.866702e+00 2.086052e+00 2.248019e+00 4.163597e+00 3.229692e+00 4.076581e+00 5.354252e+00 3.975781e+00 4.134192e+00 3.181937e+00 2.482898e+00 1.376622e-03
<GCONST> 9.385550e+01
<MIXTURE> 34 1.588179e-02
<MEAN> 25
 8.647751e+00 -2.851863e-01 -1.121551e+00 2.003526e+00 -2.454031e+00 -1.198474e+00 -3.808133e+00 -4.840089e+00 -1.158260e+00 4.543992e-01 -2.910063e+00 -4.005540e+00 2.180756e-02 1.565382e+00 1.329376e+00 2.034805e+00 2.284699e-01 5.355538e-02 7.718771e-01 -1.864481e+00 -8.634377e-01 2.911154e-02 -6.030044e-01 2.922940e-01 -6.172583e-02
<VARIANCE> 25
 6.672108e+00 2.967346e+01 2.945051e+01 4.598216e+01 4.007257e+01 4.779733e+01 6.518888e+01 5.011348e+01 4.653781e+01 3.976663e+01 4.403039e+01 2.901872e+01 1.059730e+00 1.902429e+00 3.592515e+00 4.151003e+00 5.004904e+00 5.381269e+00 4.881258e+00 5.794240e+00 4.236881e+00 4.327652e+00 4.236624e+00 3.293984e+00 9.879093e-04
<GCONST> 9.743520e+01
<MIXTURE> 35 1.467755e-02
<MEAN> 25
 -1.977123e+00 -5.147988e+00 -9.680614e+00 1.579870e-01 9.884313e+00 7.463331e-01 1.585413e+00 2.684504e+00 1.627999e+00 4.345074e+00 -1.931247e-01 1.682347e+00 6.421416e-01 -1.124273e+00 -1.429531e+00 -1.309409e+00 2.022574e-01 -8.700620e-01 -6.616535e-01 -1.139434e-01 -1.449198e-01 7.755470e-02 -6.002083e-01 -6.124225e-01 1.050727e-01
<VARIANCE> 25
 2.083115e+01 2.824650e+01 4.179367e+01 5.805116e+01 4.111524e+01 5.354998e+01 4.757688e+01 4.174794e+01 4.797946e+01 3.728421e+01 3.494896e+01 3.032142e+01 3.405777e+00 3.626175e+00 6.306436e+00 5.287710e+00 5.449600e+00 5.309124e+00 4.807898e+00 4.449790e+00 4.704538e+00 4.651636e+00 3.841414e+00 3.739231e+00 5.169525e-03
<GCONST> 1.027987e+02
<MIXTURE> 36 1.093293e-02
<MEAN> 25
 4.309373e+00 -3.427628e+00 6.074892e+00 2.414916e+00 -1.040563e+01 -9.435805e+00 -5.898239e+00 2.570284e+00 -1.487233e+00 -4.058005e+00 3.164596e+00 7.577074e-01 2.028101e-01 3.610748e-01 -9.089608e-01 1.209497e-02 5.764810e-01 1.149360e-01 -7.211331e-02 -1.823983e-03 4.997948e-01 5.591639e-01 -5.435124e-01 9.742422e-02 -1.458946e-02
<VARIANCE> 25
 9.518237e+00 1.521085e+01 2.170883e+01 2.582046e+01 2.978160e+01 3.006944e+01 3.942316e+01 2.779435e+01 3.192425e+01 2.681987e+01 2.403254e+01 2.610127e+01 4.488145e-01 8.035437e-01 1.509309e+00 9.699315e-01 1.785997e+00 1.563985e+00 2.264978e+00 1.518212e+00 1.672326e+00 1.376692e+00 1.283698e+00 1.857369e+00 6.656582e-04
<GCONST> 8.025315e+01
<MIXTURE> 37 1.246826e-02
<MEAN> 25
 4.254602e-01 7.333254e+00 1.195176e+01 -5.097432e+00 -7.761451e+00 -9.242932e-01 -4.966197e+00 -7.306631e+00 -3.695679e+00 -9.362856e-01 -3.196440e+00 -9.601294e-01 1.566697e-01 7.274746e-01 -1.360932e+00 3.304199e+00 2.192544e+00 -3.324322e-01 1.269645e+00 3.332203e-01 5.971155e-01 -3.071249e-01 3.326381e-01 -6.657345e-02 -9.423631e-02
<VARIANCE> 25
 1.465773e+01 2.525072e+01 2.975761e+01 4.799702e+01 3.237985e+01 2.981251e+01 4.180223e+01 4.114887e+01 3.549039e+01 3.364825e+01 3.719098e+01 2.895793e+01 2.871877e+00 3.199559e+00 2.786642e+00 4.327691e+00 4.595071e+00 3.454439e+00 4.065952e+00 3.690331e+00 3.298523e+00 3.365534e+00 3.959801e+00 2.701979e+00 3.565757e-03
<GCONST> 9.683643e+01
<MIXTURE> 38 1.154525e-02
<MEAN> 25
 -4.490686e+00 8.841884e+00 4.609429e+00 3.203681e+00 9.215075e-01 -5.221189e+00 -5.117537e-01 -2.527877e+00 -2.786180e+00 -3.066911e+00 -1.405239e+00 -4.067498e-01 -4.459962e+00 1.253361e+00 -3.449092e-01 1.426442e+00 2.603164e+00 1.375394e+00 2.046523e+00 9.334665e-01 7.933726e-01 5.982695e-01 1.006860e+00 3.525472e-01 4.520509e-02
<VARIANCE> 25
 3.055564e+01 2.901740e+01 3.768848e+01 3.189692e+01 4.771338e+01 3.440945e+01 3.538702e+01 4.147509e+01 3.453708e+01 3.153979e+01 2.377548e+01 2.851015e+01 2.358350e+00 3.825131e+00 3.817001e+00 5.056982e+00 4.180085e+00 4.883356e+00 4.688624e+00 4.535202e+00 4.363584e+00 4.862208e+00 4.252883e+00 3.216531e+00 2.306624e-03
<GCONST> 9.886507e+01
<MIXTURE> 39 9.501865e-03
<MEAN> 25
 1.166219e+00 2.244861e+00 1.031690e+01 -8.160632e+00 -1.194863e+01 3.300646e-02 -3.276170e+00 -5.519101e+00 -4.158485e+00 2.571115e-01 -3.149120e+00 -1.761848e+00 -8.706111e-01 1.531244e+00 1.704133e+00 -1.517805e+00 1.348784e-01 1.369455e+00 -1.391953e+00 -1.082353e+00 1.916972e-01 4.435503e-01 -3.377517e-01 1.238294e-02 1.124640e-03
<VARIANCE> 25
 8.256992e+00 2.798944e+01 2.853482e+01 4.278407e+01 3.691877e+01 4.662944e+01 4.057031e+01 3.875957e+01 3.640584e+01 3.272138e+01 3.462467e+01 2.856368e+01 7.899416e-01 1.392244e+00 1.429662e+00 2.762403e+00 2.273103e+00 2.779487e+00 3.031867e+00 2.695399e+00 2.615981e+00 2.347355e+00 2.118757e+00 1.951450e+00 1.080456e-03
<GCONST> 8.910467e+01
<MIXTURE> 40 1.030800e-02
<MEAN> 25
 -9.780038e+00 2.217805e+00 -1.391778e+00 7.487752e+00 4.710282e+00 4.999683e+00 5.526091e+00 4.384165e+00 4.477184e+00 4.150669e+00 5.026074e+00 2.089817e+00 -1.157125e-01 -2.090702e-01 -1.514685e-01 -1.630709e-01 1.440611e-03 -2.325758e-01 -1.766522e-02 3.185848e-02 1.806345e-01 2.537298e-02 -1.336385e-02 -7.148295e-02 3.243832e-03
<VARIANCE> 25
 3.849907e+01 2.025797e+01 2.760749e+01 2.546704e+01 2.733096e+01 1.829936e+01 1.707561e+01 1.665252e+01 1.657199e+01 1.806940e+01 1.929697e+01 1.421709e+01 7.508544e-01 7.305389e-01 9.202606e-01 1.111826e+00 1.123054e+00 1.200805e+00 1.184578e+00 1.158897e+00 1.422540e+00 1.314567e+00 1.127122e+00 9.877328e-01 7.656661e-04
<GCONST> 7.593980e+01
<MIXTURE> 41 6.713375e-03
<MEAN> 25
 9.957181e-01 1.624269e+00 1.081722e+01 -6.933650e+00 -1.030698e+01 -3.618824e+00 -2.671572e+00 -5.120222e+00 -4.817538e+00 2.184356e+00 -1.373728e+00 -9.805268e-01 9.432951e-02 -8.578125e-01 1.759636e+00 -3.483899e+00 -2.549476e+00 -2.095442e-01 -5.842124e-01 -4.071786e-01 -9.870900e-01 9.236144e-01 -8.729905e-01 3.459574e-02 8.835284e-02
<VARIANCE> 25
 1.279672e+01 2.857115e+01 3.304700e+01 3.808990e+01 3.741041e+01 3.919579e+01 3.582833e+01 2.858410e+01 3.200935e+01 3.123704e+01 3.257650e+01 2.588520e+01 3.024798e+00 3.314980e+00 3.698241e+00 3.702416e+00 4.796050e+00 5.757922e+00 4.570817e+00 4.377255e+00 4.232915e+00 4.457676e+00 4.139892e+00 3.094821e+00 2.867583e-03
<GCONST> 9.772365e+01
<MIXTURE> 42 1.106211e-02
<MEAN> 25
 -2.342603e+00 4.484768e+00 3.526781e+00 2.167542e+00 1.071529e+00 -5.816735e+00 -9.960738e-01 -1.469505e+00 -1.318157e+00 -1.444441e+00 -2.581964e+00 1.599194e+00 4.153316e+00 -8.456483e-01 1.302083e+00 1.152782e-01 -3.112538e+00 -1.205849e+00 -2.286428e+00 -8.482874e-01 -6.742377e-01 -5.643720e-01 6.389374e-01 -1.313282e+00 2.175735e-02
<VARIANCE> 25
 3.435479e+01 1.882743e+01 4.981102e+01 2.645002e+01 4.048877e+01 3.663898e+01 3.424553e+01 2.584036e+01 2.585485e+01 2.510306e+01 1.963422e+01 1.715474e+01 3.433723e+00 5.967665e+00 5.789401e+00 4.366470e+00 4.337112e+00 5.432673e+00 4.536954e+00 4.903949e+00 4.458934e+00 4.711806e+00 3.888103e+00 3.788561e+00 4.959232e-03
<GCONST> 9.892543e+01
<MIXTURE> 43 7.108249e-03
<MEAN> 25
 3.199932e+00 -6.316906e+00 -2.318674e+00 -5.052403e+00 -7.356419e+00 -3.412139e+00 4.151342e+00 1.359029e+00 -4.931696e+00 -7.010735e+00 -4.343519e+00 -1.276083e+00 2.382910e-01 2.170514e+00 1.902978e+00 -9.725965e-02 -1.416380e+00 -8.039395e-01 -9.298256e-01 -7.996811e-01 8.102885e-01 1.444479e+00 3.372625e-01 4.011022e-02 -4.520795e-02
<VARIANCE> 25
 9.564864e+00 1.949355e+01 2.734535e+01 3.618668e+01 3.810648e+01 3.635781e+01 3.290118e+01 3.968714e+01 4.043928e+01 3.865034e+01 2.628774e+01 2.926855e+01 6.822664e-01 1.236607e+00 1.561012e+00 2.565055e+00 2.373811e+00 2.377366e+00 2.748846e+00 3.045841e+00 2.587803e+00 2.586854e+00 2.310162e+00 1.925349e+00 9.337746e-04
<GCONST> 8.797084e+01
<MIXTURE> 44 7.328289e-03
<MEAN> 25
 -1.430726e+01 1.899334e+00 3.407075e+00 -3.326111e+00 3.839898e+00 2.155172e+00 4.454422e-01 2.186020e+00 1.097538e+00 -5.832517e-01 1.497717e+00 2.499375e+00 -1.528214e-01 -1.177571e-01 9.959847e-02 2.795878e-01 -1.228103e-02 1.750855e-01 4.808443e-01 1.054166e-01 2.721119e-01 1.525108e-01 -5.110810e-02 1.717714e-01 3.663706e-03
<VARIANCE> 25
 4.640071e+01 2.952454e+01 3.519765e+01 2.959378e+01 2.932455e+01 2.920298e+01 2.409290e+01 3.014620e+01 2.854827e+01 2.496526e+01 2.535438e+01 1.918349e+01 1.273729e+00 1.616682e+00 1.329378e+00 1.193570e+00 2.197158e+00 1.705737e+00 1.437848e+00 1.554696e+00 1.444277e+00 1.535061e+00 1.342035e+00 1.158837e+00 1.184915e-03
<GCONST> 8.402402e+01
<MIXTURE> 45 1.364932e-02
<MEAN> 25
 -1.145990e+01 3.822612e+00 -4.327832e-01 2.769940e+00 5.673408e+00 -1.815231e-01 5.000985e+00 3.092530e+00 3.099457e+00 1.879691e+00 2.176033e+00 3.598259e+00 -2.867764e+00 4.752063e-01 -6.095271e-01 -4.243334e-01 6.970414e-01 3.379121e-01 4.518965e-01 -6.278238e-02 -1.652159e-01 8.683740e-02 3.356719e-01 9.465265e-02 9.411754e-02
<VARIANCE> 25
 3.060163e+01 2.413423e+01 2.626914e+01 2.704498e+01 2.499595e+01 2.551329e+01 2.353750e+01 2.146483e+01 2.004970e+01 1.876600e+01 2.360458e+01 1.586517e+01 2.008410e+00 2.698893e+00 2.458254e+00 2.214964e+00 2.848907e+00 2.385020e+00 1.944651e+00 1.889842e+00 2.074716e+00 1.896985e+00 1.633207e+00 1.305471e+00 4.786948e-03
<GCONST> 8.704419e+01
<MIXTURE> 46 9.336259e-03
<MEAN> 25
 -9.427623e+00 2.352363e+00 1.185717e+00 7.458992e+00 5.928394e+00 3.216061e+00 7.042870e+00 4.538855e+00 5.661000e+00 4.608605e+00 4.988211e+00 3.006020e+00 1.011694e+00 -2.300662e-01 1.624484e-02 9.914501e-01 6.350791e-01 9.450098e-01 3.980932e-01 6.676275e-01 4.794095e-01 5.045703e-01 6.369259e-01 5.095928e-01 -1.041211e-01
<VARIANCE> 25
 3.422815e+01 4.356955e+01 3.798001e+01 4.975169e+01 5.029780e+01 4.107313e+01 3.652420e+01 3.518226e+01 3.279267e+01 3.085880e+01 2.833054e+01 2.048663e+01 4.005752e+00 4.113299e+00 3.873427e+00 4.083514e+00 4.195189e+00 3.640093e+00 3.347503e+00 3.082957e+00 2.961202e+00 2.853435e+00 2.284185e+00 1.770513e+00 7.947310e-03
<GCONST> 9.819318e+01
<MIXTURE> 47 7.116147e-03
<MEAN> 25
 7.204083e+00 -8.011552e+00 -7.677558e+00 -5.604949e+00 1.119628e+00 1.049362e+00 -2.425741e+00 5.507340e-01 3.000927e+00 1.134046e+00 -3.631611e+00 -6.352307e+00 -7.453594e-02 -1.256918e+00 -6.667267e-01 -4.602120e-01 3.670629e-01 7.534166e-01 7.391500e-01 5.957060e-01 5.368610e-02 -8.057890e-01 -3.800341e-01 -3.597117e-01 3.269747e-02
<VARIANCE> 25
 9.135277e+00 2.399424e+01 1.705380e+01 3.101027e+01 3.700291e+01 4.458565e+01 4.046764e+01 4.067183e+01 3.605197e+01 4.375744e+01 4.239951e+01 2.854496e+01 5.006323e-01 7.680885e-01 9.603256e-01 1.488693e+00 2.136768e+00 2.075872e+00 2.106060e+00 3.061554e+00 1.978971e+00 1.970329e+00 1.872499e+00 2.144886e+00 5.513018e-04
<GCONST> 8.488727e+01
<MIXTURE> 48 7.116147e-03
<MEAN> 25
 7.204083e+00 -8.011552e+00 -7.677558e+00 -5.604949e+00 1.119628e+00 1.049362e+00 -2.425741e+00 5.507340e-01 3.000927e+00 1.134046e+00 -3.631611e+00 -6.352307e+00 -7.453594e-02 -1.256918e+00 -6.667267e-01 -4.602120e-01 3.670629e-01 7.534166e-01 7.391500e-01 5.957060e-01 5.368610e-02 -8.057890e-01 -3.800341e-01 -3.597117e-01 3.269747e-02
<VARIANCE> 25
 9.135277e+00 2.399424e+01 1.705380e+01 3.101027e+01 3.700291e+01 4.458565e+01 4.046764e+01 4.067183e+01 3.605197e+01 4.375744e+01 4.239951e+01 2.854496e+01 5.006323e-01 7.680885e-01 9.603256e-01 1.488693e+00 2.136768e+00 2.075872e+00 2.106060e+00 3.061554e+00 1.978971e+00 1.970329e+00 1.872499e+00 2.144886e+00 5.513018e-04
<GCONST> 8.488727e+01
<MIXTURE> 49 5.548473e-03
<MEAN> 25
 -5.084826e+00 3.288845e-01 1.644429e-01 8.440624e+00 6.186331e+00 5.621212e+00 6.059521e+00 4.490819e+00 5.010172e+00 3.722457e+00 4.894294e+00 2.847580e+00 3.663310e-01 6.536132e-01 7.007134e-01 3.504299e-01 -1.934300e-01 -6.685916e-01 -1.009119e+00 -1.121831e+00 -9.576960e-01 -6.739816e-01 -4.856583e-01 -2.706953e-01 -4.393029e-05
<VARIANCE> 25
 9.624979e+00 1.021314e+01 1.421989e+01 1.585753e+01 1.621614e+01 1.709955e+01 1.938145e+01 1.939967e+01 1.823847e+01 1.789762e+01 2.096809e+01 1.432051e+01 2.793970e-01 2.638017e-01 3.591812e-01 6.128582e-01 8.689213e-01 9.721114e-01 9.886170e-01 1.048630e+00 1.133713e+00 1.235641e+00 1.293604e+00 1.205733e+00 1.443298e-05
<GCONST> 6.438239e+01
<MIXTURE> 50 6.234641e-03
<MEAN> 25
 -4.675288e+00 9.529869e-02 -1.453747e+00 6.195699e+00 4.223287e+00 2.279705e+00 3.706828e+00 1.986765e+00 2.773959e+00 1.400256e+00 2.153016e+00 2.851550e+00 5.650763e-02 1.749216e-01 9.531378e-02 -1.761501e-01 -5.107681e-01 -6.138476e-01 -4.261205e-01 -5.119515e-02 4.412361e-01 7.756484e-01 7.393149e-01 4.445570e-01 -1.167577e-05
<VARIANCE> 25
 1.060289e+01 1.115694e+01 1.434158e+01 1.543585e+01 1.533686e+01 1.857618e+01 1.855607e+01 1.947112e+01 1.857161e+01 1.750166e+01 2.165558e+01 1.521567e+01 1.447071e-01 2.404232e-01 3.782430e-01 5.184039e-01 5.996124e-01 7.365627e-01 9.563271e-01 1.117177e+00 1.059387e+00 9.116317e-01 9.175352e-01 9.891008e-01 1.001539e-06
<GCONST> 5.955883e+01
<MIXTURE> 51 6.234641e-03
<MEAN> 25
 -4.675288e+00 9.529869e-02 -1.453747e+00 6.195699e+00 4.223287e+00 2.279705e+00 3.706828e+00 1.986765e+00 2.773959e+00 1.400256e+00 2.153016e+00 2.851550e+00 5.650763e-02 1.749216e-01 9.531378e-02 -1.761501e-01 -5.107681e-01 -6.138476e-01 -4.261205e-01 -5.119515e-02 4.412361e-01 7.756484e-01 7.393149e-01 4.445570e-01 -1.167577e-05
<VARIANCE> 25
 1.060289e+01 1.115694e+01 1.434158e+01 1.543585e+01 1.533686e+01 1.857618e+01 1.855607e+01 1.947112e+01 1.857161e+01 1.750166e+01 2.165558e+01 1.521567e+01 1.447071e-01 2.404232e-01 3.782430e-01 5.184039e-01 5.996124e-01 7.365627e-01 9.563271e-01 1.117177e+00 1.059387e+00 9.116317e-01 9.175352e-01 9.891008e-01 1.001539e-06
<GCONST> 5.955883e+01
<MIXTURE> 52 6.367945e-03
<MEAN> 25
 1.007845e+01 2.182485e+00 -6.548511e+00 -1.380037e+01 -3.429663e+00 8.439916e+00 -2.214964e+00 -3.771070e+00 -4.339587e+00 -1.381791e+00 3.476530e+00 2.687989e-01 -3.959252e-01 -3.278064e-01 3.506528e-02 1.048344e+00 1.307106e+00 -5.228548e-01 -7.058791e-01 -6.207591e-01 1.061857e-02 1.247699e+00 4.744589e-01 -5.221491e-01 -1.494413e-02
<VARIANCE> 25
 8.692039e+00 1.939147e+01 2.542647e+01 3.928722e+01 5.053722e+01 2.898863e+01 4.740082e+01 5.228399e+01 4.020983e+01 5.056689e+01 3.761887e+01 3.128314e+01 4.530363e-01 1.713384e+00 1.398120e+00 2.865335e+00 2.196699e+00 2.109782e+00 2.925204e+00 2.693206e+00 2.834745e+00 2.528034e+00 2.485573e+00 2.193497e+00 1.473113e-03
<GCONST> 8.965094e+01
<MIXTURE> 53 6.367945e-03
<MEAN> 25
 1.007845e+01 2.182485e+00 -6.548511e+00 -1.380037e+01 -3.429663e+00 8.439916e+00 -2.214964e+00 -3.771070e+00 -4.339587e+00 -1.381791e+00 3.476530e+00 2.687989e-01 -3.959252e-01 -3.278064e-01 3.506528e-02 1.048344e+00 1.307106e+00 -5.228548e-01 -7.058791e-01 -6.207591e-01 1.061857e-02 1.247699e+00 4.744589e-01 -5.221491e-01 -1.494413e-02
<VARIANCE> 25
 8.692039e+00 1.939147e+01 2.542647e+01 3.928722e+01 5.053722e+01 2.898863e+01 4.740082e+01 5.228399e+01 4.020983e+01 5.056689e+01 3.761887e+01 3.128314e+01 4.530363e-01 1.713384e+00 1.398120e+00 2.865335e+00 2.196699e+00 2.109782e+00 2.925204e+00 2.693206e+00 2.834745e+00 2.528034e+00 2.485573e+00 2.193497e+00 1.473113e-03
<GCONST> 8.965094e+01
<MIXTURE> 54 7.368620e-03
<MEAN> 25
 -3.633801e+00 4.931954e-02 -6.831419e-01 8.036570e+00 6.484003e+00 4.625407e+00 4.675332e+00 4.601055e+00 4.053099e+00 3.593801e+00 4.457477e+00 2.326298e+00 -2.133210e-03 2.653849e-02 3.415401e-02 4.748240e-02 5.136495e-02 4.707923e-02 3.888674e-02 2.892036e-02 3.080963e-02 2.506088e-02 1.452187e-02 1.778039e-03 -1.219590e-05
<VARIANCE> 25
 9.137465e+00 1.036359e+01 9.295803e+00 1.818508e+01 1.332127e+01 1.353345e+01 1.197145e+01 1.128198e+01 1.134292e+01 1.354989e+01 1.780268e+01 1.253449e+01 4.087522e-02 8.734614e-02 1.540843e-01 2.265825e-01 3.079380e-01 3.969485e-01 4.608482e-01 5.215847e-01 5.420835e-01 5.211474e-01 5.144392e-01 5.164422e-01 1.000000e-06
<GCONST> 4.724841e+01
<MIXTURE> 55 7.368620e-03
<MEAN> 25
 -3.633801e+00 4.931954e-02 -6.831419e-01 8.036570e+00 6.484003e+00 4.625407e+00 4.675332e+00 4.601055e+00 4.053099e+00 3.593801e+00 4.457477e+00 2.326298e+00 -2.133210e-03 2.653849e-02 3.415401e-02 4.748240e-02 5.136495e-02 4.707923e-02 3.888674e-02 2.892036e-02 3.080963e-02 2.506088e-02 1.452187e-02 1.778039e-03 -1.219590e-05
<VARIANCE> 25
 9.137465e+00 1.036359e+01 9.295803e+00 1.818508e+01 1.332127e+01 1.353345e+01 1.197145e+01 1.128198e+01 1.134292e+01 1.354989e+01 1.780268e+01 1.253449e+01 4.087522e-02 8.734614e-02 1.540843e-01 2.265825e-01 3.079380e-01 3.969485e-01 4.608482e-01 5.215847e-01 5.420835e-01 5.211474e-01 5.144392e-01 5.164422e-01 1.000000e-06
<GCONST> 4.724841e+01
<MIXTURE> 56 6.132464e-03
<MEAN> 25
 7.338658e+00 -7.311883e+00 -8.907650e+00 -7.447270e+00 3.246904e+00 3.491002e+00 -2.166128e+00 -1.302698e+00 2.008807e+00 1.315201e+00 -2.160309e+00 -6.896040e+00 -3.218599e-02 1.019207e-01 -1.135236e-01 1.057871e-01 3.463463e-01 1.198772e-02 2.449654e-01 -7.087283e-02 -8.828425e-02 -1.544488e-01 -2.206262e-01 -6.244405e-02 -8.708149e-03
<VARIANCE> 25
 8.240992e+00 2.764263e+01 1.740862e+01 4.201540e+01 3.295016e+01 4.437008e+01 5.363242e+01 3.591898e+01 3.300510e+01 3.857661e+01 3.633670e+01 2.820804e+01 2.128245e-01 4.311169e-01 3.999831e-01 7.472109e-01 7.877998e-01 1.023283e+00 1.002789e+00 1.045133e+00 7.995566e-01 1.248036e+00 1.084990e+00 7.370108e-01 2.516106e-04
<GCONST> 7.462483e+01
<MIXTURE> 57 6.132464e-03
<MEAN> 25
 7.338658e+00 -7.311883e+00 -8.907650e+00 -7.447270e+00 3.246904e+00 3.491002e+00 -2.166128e+00 -1.302698e+00 2.008807e+00 1.315201e+00 -2.160309e+00 -6.896040e+00 -3.218599e-02 1.019207e-01 -1.135236e-01 1.057871e-01 3.463463e-01 1.198772e-02 2.449654e-01 -7.087283e-02 -8.828425e-02 -1.544488e-01 -2.206262e-01 -6.244405e-02 -8.708149e-03
<VARIANCE> 25
 8.240992e+00 2.764263e+01 1.740862e+01 4.201540e+01 3.295016e+01 4.437008e+01 5.363242e+01 3.591898e+01 3.300510e+01 3.857661e+01 3.633670e+01 2.820804e+01 2.128245e-01 4.311169e-01 3.999831e-01 7.472109e-01 7.877998e-01 1.023283e+00 1.002789e+00 1.045133e+00 7.995566e-01 1.248036e+00 1.084990e+00 7.370108e-01 2.516106e-04
<GCONST> 7.462483e+01
<MIXTURE> 58 6.172147e-03
<MEAN> 25
 2.485401e+00 -3.203437e+00 7.331670e+00 -4.992357e+00 -1.331514e+01 -5.718674e+00 1.295477e+00 8.964437e-01 -2.323355e+00 1.683876e+00 8.673432e-01 -6.106604e-01 -4.382360e-02 -1.055660e-01 -1.410433e-01 -1.466132e-01 -7.543679e-02 2.173968e-01 3.635744e-01 2.591246e-01 3.539645e-02 3.638707e-02 -8.436853e-02 -1.068438e-01 -2.450461e-03
<VARIANCE> 25
 7.253683e+00 1.505129e+01 2.009899e+01 2.850300e+01 2.330704e+01 4.500788e+01 3.400613e+01 3.288655e+01 3.143979e+01 2.994290e+01 2.361076e+01 2.025231e+01 3.178644e-01 7.943996e-01 8.993595e-01 9.715917e-01 1.006866e+00 1.193454e+00 1.183000e+00 1.295864e+00 1.027073e+00 1.034981e+00 8.913758e-01 9.552121e-01 7.333655e-04
<GCONST> 7.576527e+01
<MIXTURE> 59 6.172147e-03
<MEAN> 25
 2.485401e+00 -3.203437e+00 7.331670e+00 -4.992357e+00 -1.331514e+01 -5.718674e+00 1.295477e+00 8.964437e-01 -2.323355e+00 1.683876e+00 8.673432e-01 -6.106604e-01 -4.382360e-02 -1.055660e-01 -1.410433e-01 -1.466132e-01 -7.543679e-02 2.173968e-01 3.635744e-01 2.591246e-01 3.539645e-02 3.638707e-02 -8.436853e-02 -1.068438e-01 -2.450461e-03
<VARIANCE> 25
 7.253683e+00 1.505129e+01 2.009899e+01 2.850300e+01 2.330704e+01 4.500788e+01 3.400613e+01 3.288655e+01 3.143979e+01 2.994290e+01 2.361076e+01 2.025231e+01 3.178644e-01 7.943996e-01 8.993595e-01 9.715917e-01 1.006866e+00 1.193454e+00 1.183000e+00 1.295864e+00 1.027073e+00 1.034981e+00 8.913758e-01 9.552121e-01 7.333655e-04
<GCONST> 7.576527e+01
<MIXTURE> 60 4.479129e-03
<MEAN> 25
 -4.265172e+00 -6.638508e-01 -1.084106e+00 3.695560e+00 1.733086e+00 2.119579e+00 1.638696e+00 1.530905e+00 2.156679e+00 1.263379e+00 2.384071e+00 1.916598e+00 -2.855355e-02 5.629793e-02 1.010539e-01 1.302974e-01 1.296913e-01 1.294323e-01 1.790441e-01 3.225139e-01 5.452265e-01 6.649835e-01 5.562196e-01 3.033290e-01 -3.915668e-04
<VARIANCE> 25
 6.944530e+00 4.531267e+00 1.028247e+01 1.131803e+01 1.358363e+01 1.700284e+01 1.399770e+01 1.185688e+01 1.273369e+01 1.320120e+01 1.594815e+01 1.229771e+01 8.699664e-02 1.684641e-01 2.793223e-01 4.319181e-01 5.865615e-01 7.283325e-01 8.285200e-01 8.988851e-01 9.025618e-01 8.361994e-01 8.392239e-01 8.626034e-01 2.296567e-05
<GCONST> 5.634107e+01
<MIXTURE> 61 4.479129e-03
<MEAN> 25
 -4.265172e+00 -6.638508e-01 -1.084106e+00 3.695560e+00 1.733086e+00 2.119579e+00 1.638696e+00 1.530905e+00 2.156679e+00 1.263379e+00 2.384071e+00 1.916598e+00 -2.855355e-02 5.629793e-02 1.010539e-01 1.302974e-01 1.296913e-01 1.294323e-01 1.790441e-01 3.225139e-01 5.452265e-01 6.649835e-01 5.562196e-01 3.033290e-01 -3.915668e-04
<VARIANCE> 25
 6.944530e+00 4.531267e+00 1.028247e+01 1.131803e+01 1.358363e+01 1.700284e+01 1.399770e+01 1.185688e+01 1.273369e+01 1.320120e+01 1.594815e+01 1.229771e+01 8.699664e-02 1.684641e-01 2.793223e-01 4.319181e-01 5.865615e-01 7.283325e-01 8.285200e-01 8.988851e-01 9.025618e-01 8.361994e-01 8.392239e-01 8.626034e-01 2.296567e-05
<GCONST> 5.634107e+01
<MIXTURE> 62 3.278034e-03
<MEAN> 25
 -5.093223e+00 1.244454e+00 1.023881e+00 8.813725e+00 6.130377e+00 5.048633e+00 5.500334e+00 4.030934e+00 4.980838e+00 3.913463e+00 4.960995e+00 2.949916e+00 -1.002738e+00 -1.166274e+00 -9.526892e-01 -2.757383e-01 4.283340e-01 1.005101e+00 1.384235e+00 1.551431e+00 1.478638e+00 1.244457e+00 1.067091e+00 7.251412e-01 -1.267294e-03
<VARIANCE> 25
 9.896292e+00 9.965439e+00 1.311317e+01 1.675443e+01 1.740140e+01 1.751705e+01 1.968671e+01 1.911117e+01 1.888059e+01 1.874396e+01 2.159646e+01 1.480189e+01 4.020908e-01 4.323069e-01 5.542345e-01 7.806168e-01 1.035198e+00 1.191381e+00 1.252535e+00 1.279460e+00 1.328657e+00 1.363967e+00 1.398937e+00 1.372396e+00 1.632843e-05
<GCONST> 6.753472e+01
<MIXTURE> 63 4.351215e-03
<MEAN> 25
 -3.620820e+00 -1.251322e+00 -4.212204e+00 2.650761e+00 3.668622e+00 -6.356002e-01 2.748745e+00 1.654169e+00 2.370115e+00 -1.497941e+00 -1.733074e+00 2.172040e+00 -1.521297e-01 2.853562e-01 3.754144e-01 4.021317e-01 5.131669e-01 5.478609e-01 4.140440e-01 1.191003e-01 1.393543e-01 3.067773e-01 2.719205e-01 6.690031e-02 -6.365166e-03
<VARIANCE> 25
 9.368603e+00 2.192331e+01 1.555667e+01 1.443852e+01 1.774413e+01 2.602330e+01 1.986300e+01 2.191841e+01 2.146395e+01 2.202851e+01 1.919514e+01 1.527327e+01 2.713018e-01 4.137926e-01 5.504528e-01 6.895486e-01 8.815700e-01 1.349021e+00 1.313990e+00 1.345969e+00 1.345377e+00 1.408932e+00 1.211410e+00 1.137917e+00 1.713570e-04
<GCONST> 7.061353e+01
<MIXTURE> 64 4.351215e-03
<MEAN> 25
 -3.620820e+00 -1.251322e+00 -4.212204e+00 2.650761e+00 3.668622e+00 -6.356002e-01 2.748745e+00 1.654169e+00 2.370115e+00 -1.497941e+00 -1.733074e+00 2.172040e+00 -1.521297e-01 2.853562e-01 3.754144e-01 4.021317e-01 5.131669e-01 5.478609e-01 4.140440e-01 1.191003e-01 1.393543e-01 3.067773e-01 2.719205e-01 6.690031e-02 -6.365166e-03
<VARIANCE> 25
 9.368603e+00 2.192331e+01 1.555667e+01 1.443852e+01 1.774413e+01 2.602330e+01 1.986300e+01 2.191841e+01 2.146395e+01 2.202851e+01 1.919514e+01 1.527327e+01 2.713018e-01 4.137926e-01 5.504528e-01 6.895486e-01 8.815700e-01 1.349021e+00 1.313990e+00 1.345969e+00 1.345377e+00 1.408932e+00 1.211410e+00 1.137917e+00 1.713570e-04
<GCONST> 7.061353e+01
<MIXTURE> 65 1.721197e-02
<MEAN> 25
 7.680026e+00 2.165335e+00 1.414217e+00 1.050651e+00 -4.671708e+00 -4.483672e+00 -5.098195e+00 -6.333300e+00 -3.340657e+00 -2.254584e+00 -5.205060e+00 -1.653827e+00 1.342815e-01 1.320147e-01 -1.362797e-02 1.085343e-01 -1.534692e-01 2.219878e-01 -5.834319e-02 -6.161039e-02 1.623071e-01 -9.763761e-02 -5.361236e-02 1.141798e-01 -4.207185e-03
<VARIANCE> 25
 1.002256e+01 1.819814e+01 2.673554e+01 3.365204e+01 4.204472e+01 6.079637e+01 5.764493e+01 5.666264e+01 5.124561e+01 5.361426e+01 5.374043e+01 4.893927e+01 5.250886e-01 9.820393e-01 1.495677e+00 1.722458e+00 2.228688e+00 2.155580e+00 2.403364e+00 2.979242e+00 2.380576e+00 2.511119e+00 2.181073e+00 2.560540e+00 4.266425e-04
<GCONST> 8.925660e+01
<MIXTURE> 66 1.191532e-02
<MEAN> 25
 6.635728e+00 -4.236553e+00 -5.820513e+00 -4.022732e+00 1.032036e+00 -4.611501e+00 -5.781172e+00 1.244781e+00 9.571708e-01 -1.746029e+00 -5.855065e+00 -3.475484e+00 -2.184591e-02 1.740795e+00 2.128414e+00 2.334088e+00 -1.146781e+00 -1.282268e+00 1.836205e-01 -6.524060e-01 -1.311577e-01 -2.405894e-01 -1.523495e-01 1.049737e+00 -6.215616e-02
<VARIANCE> 25
 8.262124e+00 2.188374e+01 2.483236e+01 3.574191e+01 3.719344e+01 5.308398e+01 6.095327e+01 4.555515e+01 5.047498e+01 6.146055e+01 3.550925e+01 3.389504e+01 1.171412e+00 2.334097e+00 2.218428e+00 2.311902e+00 4.012391e+00 4.089614e+00 4.322239e+00 4.687451e+00 3.837119e+00 4.524907e+00 3.561352e+00 3.007549e+00 1.391876e-03
<GCONST> 9.567849e+01
<MIXTURE> 67 1.559142e-02
<MEAN> 25
 8.930366e+00 2.024987e+00 -6.114992e+00 -7.942137e+00 1.236685e+00 3.225112e+00 -3.047750e+00 -2.579422e+00 -3.663367e+00 1.069156e+00 1.515909e-01 -1.838923e+00 -1.052810e+00 1.821349e+00 1.098667e+00 2.970242e+00 1.335304e+00 -5.284342e-01 1.152613e+00 9.304005e-02 1.269929e-01 2.118985e-01 -2.298768e-01 6.041562e-01 -1.253753e-01
<VARIANCE> 25
 1.097601e+01 3.797160e+01 2.935190e+01 5.497710e+01 4.829306e+01 5.152462e+01 6.081245e+01 5.193923e+01 6.175831e+01 5.567179e+01 5.411258e+01 4.596021e+01 2.109203e+00 3.346555e+00 3.159284e+00 4.453084e+00 4.375784e+00 4.415935e+00 4.940748e+00 4.930106e+00 5.194286e+00 4.577237e+00 4.897816e+00 3.568529e+00 3.174783e-03
<GCONST> 1.022340e+02
<MIXTURE> 68 1.485092e-02
<MEAN> 25
 -2.155744e+00 -2.215188e+00 -4.152629e+00 1.121968e+00 5.543629e+00 -5.915152e-01 2.093302e+00 1.906969e+00 1.990465e+00 1.619042e+00 2.140171e-01 1.899077e+00 2.772754e+00 3.804713e-01 -4.082895e-02 -2.475320e+00 -2.450868e+00 -1.576284e+00 -2.313837e+00 -1.734269e+00 -1.578984e+00 -1.409638e+00 -1.874597e+00 -1.129615e+00 1.028086e-01
<VARIANCE> 25
 2.666676e+01 3.150788e+01 5.651673e+01 5.054626e+01 4.677197e+01 5.287658e+01 4.332676e+01 4.082157e+01 3.924217e+01 4.254225e+01 3.749590e+01 2.528005e+01 1.842878e+00 4.275964e+00 5.743247e+00 5.855719e+00 4.535239e+00 5.375490e+00 5.627202e+00 4.838500e+00 4.864285e+00 5.249830e+00 5.066620e+00 3.391789e+00 5.936346e-03
<GCONST> 1.032389e+02
<MIXTURE> 69 1.204884e-02
<MEAN> 25
 4.610205e+00 -4.105966e+00 -3.519788e+00 -3.526956e+00 -3.370152e+00 -7.607246e+00 -1.126552e+00 2.314862e+00 -2.448030e-01 -4.543753e+00 -5.622489e+00 8.687916e-01 1.659989e+00 -2.236772e+00 -1.298850e+00 -2.107568e+00 -5.818769e-01 -3.538938e-01 -4.038340e-01 6.855080e-01 -5.981848e-01 -1.397610e+00 -2.133765e+00 -2.047367e-01 6.197925e-02
<VARIANCE> 25
 8.651100e+00 2.295981e+01 2.630039e+01 2.521982e+01 4.307702e+01 3.634437e+01 4.762790e+01 3.081964e+01 3.855608e+01 3.828333e+01 3.023459e+01 2.456419e+01 3.515989e+00 2.882062e+00 3.303274e+00 4.000112e+00 5.740544e+00 4.874395e+00 6.962483e+00 6.067011e+00 5.752118e+00 5.819949e+00 4.305391e+00 3.670445e+00 2.371252e-03
<GCONST> 9.848930e+01
<MIXTURE> 70 1.329190e-02
<MEAN> 25
 6.795452e+00 -3.413213e+00 -4.304735e+00 -3.254361e+00 -8.117418e-01 -1.085328e+00 -7.552740e+00 -3.088265e+00 1.002881e+00 3.589052e+00 -2.448028e-02 -5.315002e+00 2.225219e+00 -1.621090e+00 -7.901159e-01 -1.643144e+00 -1.892892e+00 8.922440e-01 -1.353214e+00 -1.770978e-01 3.824505e-01 3.983420e-01 9.273614e-01 -1.728417e+00 6.643702e-02
<VARIANCE> 25
 9.142688e+00 2.398530e+01 2.311340e+01 3.751637e+01 2.866931e+01 3.564285e+01 3.999301e+01 4.081315e+01 3.670669e+01 2.667939e+01 3.580396e+01 2.182395e+01 3.170654e+00 3.602520e+00 3.916117e+00 4.928787e+00 4.678358e+00 5.229072e+00 5.774137e+00 5.860820e+00 4.896543e+00 4.699152e+00 5.062243e+00 3.741115e+00 2.313014e-03
<GCONST> 9.810003e+01
<MIXTURE> 71 1.406903e-02
<MEAN> 25
 6.140928e+00 5.169453e+00 3.794257e+00 2.927039e+00 -2.951059e+00 -3.270667e+00 -3.261244e+00 -6.259288e+00 -4.173223e+00 -2.558082e+00 -5.231370e+00 -3.019312e+00 -1.494835e+00 -7.066770e-01 -1.650782e-01 -1.629859e+00 9.976605e-01 -1.711423e-01 3.157826e-03 1.592045e+00 3.086892e-01 -1.952021e-01 6.405512e-01 2.358012e-01 3.889988e-02
<VARIANCE> 25
 1.831775e+01 2.467578e+01 2.603144e+01 4.216423e+01 4.235452e+01 3.965360e+01 4.122974e+01 4.134398e+01 3.911049e+01 4.197797e+01 3.596807e+01 3.264516e+01 1.746357e+00 3.071987e+00 5.014906e+00 4.958353e+00 4.923980e+00 4.731212e+00 4.673414e+00 5.194939e+00 4.050788e+00 4.033078e+00 3.451921e+00 3.141786e+00 1.385891e-03
<GCONST> 9.822767e+01
<MIXTURE> 72 8.134747e-03
<MEAN> 25
 3.784739e+00 -3.676264e+00 5.453780e+00 -2.459479e+00 -1.039355e+01 -9.605539e+00 -2.450899e+00 1.927183e+00 -4.930836e+00 -2.201044e+00 -1.884564e+00 6.217472e-01 9.297845e-01 -7.884386e-01 -2.570773e+00 4.643328e-01 2.131450e+00 -6.537277e-01 -1.308671e+00 1.529021e+00 1.812855e+00 -5.933216e-01 -1.288543e+00 4.021099e-01 -6.071227e-03
<VARIANCE> 25
 1.077664e+01 1.948462e+01 3.281471e+01 3.838267e+01 3.234017e+01 3.356278e+01 4.099316e+01 3.612967e+01 4.362881e+01 4.125453e+01 3.884631e+01 2.844546e+01 4.335927e-01 1.037713e+00 2.032639e+00 1.466909e+00 2.200929e+00 2.351199e+00 3.080269e+00 2.741993e+00 2.599530e+00 2.959020e+00 2.019673e+00 2.129481e+00 5.427367e-04
<GCONST> 8.727723e+01
<MIXTURE> 73 1.213625e-02
<MEAN> 25
 -5.571402e+00 -8.820997e-01 -1.536145e+00 4.190333e+00 4.548276e+00 2.235229e+00 5.028410e+00 3.064259e+00 4.379397e+00 3.560738e+00 3.465106e+00 3.055786e+00 9.473650e-01 -1.335575e+00 -9.509054e-01 -2.331819e+00 -1.441159e+00 -1.670415e+00 -1.141738e+00 -4.908741e-01 -8.483877e-01 -4.296163e-01 -1.007342e+00 -5.268632e-01 1.543594e-01
<VARIANCE> 25
 1.203352e+01 1.287452e+01 1.432755e+01 2.396435e+01 2.152609e+01 2.215455e+01 2.003232e+01 1.913820e+01 1.671982e+01 1.825746e+01 2.509470e+01 1.392644e+01 3.946596e+00 3.399681e+00 5.336837e+00 4.948871e+00 5.813986e+00 4.116148e+00 4.245780e+00 3.789079e+00 3.522153e+00 4.272721e+00 3.262451e+00 3.054481e+00 3.860299e-03
<GCONST> 9.179955e+01
<MIXTURE> 74 1.756491e-02
<MEAN> 25
 3.752764e+00 -1.453446e+00 4.755476e+00 -4.908403e-01 -8.734564e+00 -7.537754e+00 -2.381383e+00 7.210801e-01 -3.430830e+00 -2.130217e+00 -1.278001e+00 5.690823e-01 1.763093e-01 2.145239e+00 -9.597225e-02 1.428568e+00 1.596113e+00 3.260336e-01 5.336220e-01 -1.309943e+00 1.660299e-01 1.827066e-01 -6.611152e-01 4.997838e-02 -7.793367e-02
<VARIANCE> 25
 1.237824e+01 1.978411e+01 4.076214e+01 3.582626e+01 3.379068e+01 3.507387e+01 4.699939e+01 3.655696e+01 4.060267e+01 3.643694e+01 3.646216e+01 2.820608e+01 1.801525e+00 1.768610e+00 3.284008e+00 2.277391e+00 3.871107e+00 3.198948e+00 4.764935e+00 4.381557e+00 3.583956e+00 3.268509e+00 3.344688e+00 2.650140e+00 1.408478e-03
<GCONST> 9.429955e+01
<MIXTURE> 75 9.711651e-03
<MEAN> 25
 1.863440e+00 -2.219107e+00 1.164499e+01 1.541687e-01 -1.080767e+01 -6.682966e+00 -4.574176e+00 -1.121385e+00 -4.388763e+00 -4.174218e+00 4.054538e+00 4.844569e-01 1.498967e+00 -1.675894e+00 2.218278e-01 -1.838657e-01 -2.810996e+00 -7.742223e-01 -1.589633e+00 9.857694e-01 -1.211400e-01 -5.223364e-01 1.259498e+00 -7.330688e-01 4.871834e-02
<VARIANCE> 25
 1.065229e+01 1.699446e+01 3.011546e+01 3.014616e+01 2.530612e+01 3.013161e+01 2.588356e+01 2.655187e+01 2.644188e+01 2.564752e+01 1.991813e+01 1.775116e+01 1.936069e+00 1.512726e+00 3.511431e+00 2.067683e+00 3.455699e+00 3.680867e+00 3.618966e+00 3.048288e+00 3.573089e+00 2.676453e+00 2.561762e+00 2.194714e+00 1.495771e-03
<GCONST> 8.899400e+01
<MIXTURE> 76 1.052359e-02
<MEAN> 25
 -5.374289e+00 -1.456404e+00 -3.111871e+00 3.709361e+00 6.142515e+00 1.807548e+00 3.951516e+00 2.291110e+00 1.936622e+00 9.908344e-01 8.484817e-01 2.291193e+00 1.295130e-01 -3.846988e-01 -5.954066e-01 -9.141346e-01 -5.658984e-01 -8.325135e-01 -5.197490e-01 -2.174774e-01 -1.966268e-01 -5.496977e-01 -2.235767e-01 -2.071194e-01 1.952622e-02
<VARIANCE> 25
 4.727031e+01 3.003102e+01 2.586365e+01 2.225147e+01 3.372454e+01 2.483472e+01 2.225717e+01 2.773932e+01 2.061204e+01 2.416628e+01 2.289370e+01 1.700628e+01 1.133406e+00 1.062105e+00 1.366414e+00 1.052071e+00 1.330222e+00 1.677517e+00 1.294129e+00 1.426153e+00 1.517469e+00 1.701070e+00 1.598936e+00 1.240831e+00 1.038122e-03
<GCONST> 8.161854e+01
<MIXTURE> 77 1.244626e-02
<MEAN> 25
 -5.755769e-01 8.089646e+00 1.253249e+01 -1.131972e+01 -7.269188e+00 1.105330e+00 -9.211122e+00 -7.074142e+00 -3.571322e+00 -4.961346e-01 -3.953392e+00 -1.496358e+00 7.325071e-02 1.441575e-01 4.047101e-02 2.647697e-01 -3.049161e-02 7.095440e-02 -4.686607e-02 -6.281897e-02 8.070525e-02 -2.466121e-02 1.859354e-02 1.173726e-01 -1.006447e-02
<VARIANCE> 25
 1.002759e+01 2.289316e+01 2.644499e+01 4.068493e+01 3.372124e+01 3.247740e+01 3.548687e+01 3.043220e+01 3.385208e+01 3.296854e+01 4.342084e+01 3.329336e+01 2.869028e-01 7.793582e-01 6.485949e-01 1.048252e+00 1.206913e+00 9.718726e-01 1.191015e+00 1.039576e+00 9.994664e-01 1.028970e+00 9.354783e-01 8.821045e-01 5.229038e-04
<GCONST> 7.741042e+01
<MIXTURE> 78 9.702551e-03
<MEAN> 25
 -1.150663e+01 2.497437e+00 -2.173341e+00 1.637454e+00 5.431386e+00 -2.201105e+00 3.552351e+00 2.566829e+00 2.032017e+00 5.541602e-01 -1.063079e+00 3.216141e+00 2.223921e+00 -5.079982e-01 9.082758e-02 4.741451e-01 7.899223e-02 1.813493e-01 -3.944370e-01 -1.057741e-01 1.909130e-01 -9.232182e-02 -4.659337e-01 -3.737492e-01 -5.345732e-02
<VARIANCE> 25
 3.688829e+01 3.866540e+01 3.034610e+01 2.999114e+01 3.997953e+01 3.232711e+01 3.070373e+01 2.892757e+01 2.744254e+01 2.474597e+01 2.613848e+01 1.793758e+01 4.581282e+00 2.817204e+00 2.493984e+00 2.641390e+00 3.244419e+00 3.294558e+00 2.976272e+00 2.537524e+00 2.183873e+00 2.555818e+00 2.090012e+00 2.113245e+00 4.599191e-03
<GCONST> 9.330481e+01
<MIXTURE> 79 1.156824e-02
<MEAN> 25
 2.398903e+00 1.567817e+00 9.199504e+00 -6.562626e+00 -1.202730e+01 -1.822206e+00 -1.947429e+00 -6.435715e+00 -6.553775e+00 3.057072e-01 -3.455917e+00 -3.265369e+00 1.213034e+00 -5.250098e-01 -1.423052e+00 2.343293e+00 3.967282e-01 -1.471972e+00 5.500230e-01 8.847486e-01 -4.278182e-01 -5.365707e-01 3.423108e-01 2.863058e-01 -3.628834e-02
<VARIANCE> 25
 1.419587e+01 2.399118e+01 3.788096e+01 4.967031e+01 3.361967e+01 4.345854e+01 4.278379e+01 3.688607e+01 3.873554e+01 3.961053e+01 4.416574e+01 3.056657e+01 9.471046e-01 2.262667e+00 1.899313e+00 2.089943e+00 2.538508e+00 2.812740e+00 3.209264e+00 3.542356e+00 2.511013e+00 2.740832e+00 2.328978e+00 2.031478e+00 1.245005e-03
<GCONST> 9.184396e+01
<MIXTURE> 80 7.550998e-03
<MEAN> 25
 -1.460876e+01 3.986299e+00 6.877959e-01 2.865290e+00 2.451207e+00 1.408349e+00 6.396392e+00 2.497644e+00 2.719121e+00 2.374924e+00 4.850697e+00 1.186910e+00 4.285055e+00 -1.618092e-02 1.637112e+00 -1.135285e+00 -2.887770e+00 -2.776355e+00 -2.322899e+00 -2.021286e+00 -1.975255e+00 -1.685751e+00 -1.650892e+00 -6.027275e-01 -4.422037e-02
<VARIANCE> 25
 2.094292e+01 1.987374e+01 3.443602e+01 3.469716e+01 3.018063e+01 2.921030e+01 2.827813e+01 2.854725e+01 2.673822e+01 2.880984e+01 2.685990e+01 1.810137e+01 2.361316e+00 2.665677e+00 2.674117e+00 4.118676e+00 3.401994e+00 2.708499e+00 3.024538e+00 3.203061e+00 2.748447e+00 2.702008e+00 2.781362e+00 2.145096e+00 1.512255e-03
<GCONST> 9.140016e+01
<MIXTURE> 81 8.025434e-03
<MEAN> 25
 -1.118910e+00 4.062797e+00 1.017199e+01 -1.478632e+01 -9.060837e+00 -1.413968e+00 -6.755628e+00 -8.413040e+00 -4.155372e+00 -4.205895e-01 -7.560301e+00 -2.231054e+00 1.332561e-01 -5.891245e-01 -1.222797e-03 -5.552281e-01 -4.660781e-01 3.334807e-01 3.203000e-01 1.389631e-01 -1.395528e-01 1.075698e-01 -4.682969e-01 -1.232602e-01 1.154392e-02
<VARIANCE> 25
 1.013554e+01 3.280422e+01 2.651557e+01 2.937509e+01 3.387307e+01 3.052504e+01 4.546307e+01 2.829498e+01 3.793111e+01 3.185675e+01 2.539824e+01 3.111770e+01 7.715805e-01 2.275451e+00 1.545999e+00 2.867862e+00 2.672625e+00 2.125893e+00 3.276865e+00 2.290125e+00 2.351806e+00 2.535509e+00 2.297375e+00 2.077420e+00 1.183113e-03
<GCONST> 8.869535e+01
<MIXTURE> 82 8.213053e-03
<MEAN> 25
 -9.650010e+00 -3.393467e+00 2.407016e+00 -3.436950e+00 3.259867e+00 1.789223e+00 1.481239e+00 8.458892e-01 3.040753e+00 1.720079e+00 1.761717e+00 2.694739e+00 -1.141431e+00 -6.336290e-01 5.375680e-01 -2.611896e+00 -1.242462e+00 -1.177254e+00 -1.226497e+00 -9.539496e-01 -7.028649e-01 -4.575716e-01 -3.549790e-02 -1.547697e-01 1.736342e-01
<VARIANCE> 25
 1.628837e+01 2.389245e+01 4.169196e+01 2.903360e+01 2.878364e+01 3.997721e+01 2.913761e+01 2.846354e+01 2.739745e+01 2.177952e+01 2.790517e+01 1.725341e+01 3.544964e+00 4.008268e+00 3.727696e+00 3.057349e+00 3.178142e+00 2.956157e+00 2.864407e+00 2.689130e+00 3.660653e+00 2.538904e+00 2.753519e+00 1.684221e+00 3.120788e-03
<GCONST> 9.270958e+01
<MIXTURE> 83 1.167529e-02
<MEAN> 25
 -1.777009e+01 6.779240e+00 -2.344618e+00 -3.671974e-01 7.667582e+00 -1.359553e+00 5.359626e+00 3.115739e+00 1.637936e+00 2.626134e+00 3.723254e-01 3.435652e+00 -9.403832e-03 -2.819989e-01 -2.531515e-01 -4.237151e-01 -2.595710e-01 4.772111e-02 -2.610512e-01 -2.715702e-01 -2.496826e-01 -3.965735e-01 -4.705515e-01 -1.103514e-01 3.455413e-05
<VARIANCE> 25
 1.229806e+01 1.812539e+01 2.122506e+01 1.734145e+01 1.807749e+01 1.997934e+01 1.625520e+01 1.668635e+01 1.788669e+01 2.571655e+01 2.045708e+01 1.177061e+01 9.298781e-01 1.002703e+00 1.142897e+00 8.547042e-01 1.678460e+00 1.189850e+00 1.004567e+00 1.143745e+00 1.704318e+00 2.013083e+00 1.267040e+00 9.054462e-01 7.064621e-04
<GCONST> 7.522154e+01
<MIXTURE> 84 1.066614e-02
<MEAN> 25
 7.071720e-01 8.410461e+00 6.622255e+00 6.799771e+00 2.410123e+00 -7.647653e-01 -1.112848e+00 -3.389016e+00 -3.711828e+00 -3.224979e+00 -2.384981e+00 -1.195920e+00 -1.640542e+00 -7.425023e-01 -1.347402e+00 1.220876e+00 2.411279e+00 1.261996e+00 1.710626e+00 1.130745e+00 1.442999e+00 2.744873e-01 2.188220e-01 4.450376e-01 -7.324990e-02
<VARIANCE> 25
 2.166887e+01 1.639405e+01 2.307952e+01 2.428440e+01 2.647851e+01 2.682268e+01 2.403469e+01 2.594501e+01 2.369157e+01 2.311304e+01 2.258080e+01 2.141020e+01 2.112856e+00 2.812111e+00 3.278068e+00 2.806884e+00 2.909091e+00 3.043862e+00 3.121678e+00 3.222348e+00 3.192218e+00 2.954193e+00 3.593986e+00 2.486061e+00 3.034349e-03
<GCONST> 9.076295e+01
<MIXTURE> 85 7.591393e-03
<MEAN> 25
 -3.114689e+00 7.866047e+00 5.755247e+00 1.263452e+00 -3.502676e+00 -5.309604e+00 -2.990444e+00 -6.122885e+00 -3.553518e+00 -3.193136e+00 -4.625278e-01 -1.898944e+00 3.933243e+00 3.156796e-01 1.759128e+00 -2.090931e+00 -3.416829e+00 -2.582239e+00 -2.883410e+00 -2.338086e+00 -2.253377e+00 -1.266657e+00 -2.289674e+00 -6.164504e-01 9.555603e-03
<VARIANCE> 25
 4.235946e+01 2.359602e+01 3.674796e+01 3.828451e+01 3.968990e+01 4.116363e+01 3.211062e+01 2.781933e+01 2.663506e+01 2.608064e+01 2.625101e+01 2.051077e+01 2.732180e+00 4.341174e+00 4.050795e+00 5.170826e+00 4.397592e+00 3.870808e+00 3.844485e+00 3.982068e+00 3.848654e+00 4.031722e+00 3.988972e+00 3.476450e+00 5.470825e-03
<GCONST> 9.837025e+01
<MIXTURE> 86 1.273941e-02
<MEAN> 25
 -5.056299e+00 -1.203421e+00 -8.590649e-01 6.303681e+00 5.122640e+00 4.682655e+00 5.322882e+00 4.543597e+00 4.665413e+00 3.936518e+00 5.216839e+00 2.661578e+00 -2.260080e-03 -1.626945e-02 -3.776557e-02 -5.516341e-02 -1.037625e-01 -1.985786e-01 -2.786800e-01 -3.397000e-01 -3.337299e-01 -3.134972e-01 -2.320744e-01 -1.079303e-01 -6.800322e-04
<VARIANCE> 25
 8.479896e+00 5.760569e+00 1.017814e+01 1.220050e+01 1.648415e+01 1.416437e+01 1.338828e+01 1.314628e+01 1.311487e+01 1.406791e+01 1.516204e+01 1.274713e+01 1.000745e-01 1.957882e-01 3.142755e-01 4.916248e-01 6.405804e-01 7.401450e-01 7.419943e-01 7.574009e-01 8.794470e-01 9.017813e-01 9.206717e-01 8.984098e-01 5.383761e-05
<GCONST> 5.838895e+01
<MIXTURE> 87 1.100681e-02
<MEAN> 25
 -3.180233e+00 4.703592e+00 3.522542e+00 6.684104e+00 5.521585e+00 1.107352e+00 1.616798e+00 -7.347596e-01 -1.593962e-01 -8.438196e-01 -8.820649e-01 1.721528e-01 -2.117980e+00 -2.759748e+00 -1.895072e+00 -2.198470e+00 -6.723996e-02 -1.209854e-01 5.223001e-01 1.181949e+00 1.273277e+00 1.041134e+00 9.982682e-01 9.657315e-01 1.022219e-01
<VARIANCE> 25
 3.623096e+01 2.822808e+01 2.744343e+01 3.335927e+01 2.838287e+01 3.102444e+01 2.739243e+01 2.652657e+01 2.744249e+01 2.337014e+01 2.399987e+01 2.239611e+01 3.682602e+00 2.590940e+00 4.387963e+00 3.561074e+00 4.585657e+00 4.113341e+00 4.094001e+00 4.053885e+00 3.694416e+00 3.213240e+00 3.315976e+00 2.630169e+00 4.775988e-03
<GCONST> 9.586277e+01
<MIXTURE> 88 1.256585e-02
<MEAN> 25
 -3.519750e+00 -7.455436e-01 -7.038433e-01 5.151360e+00 4.580065e+00 2.455408e+00 4.848376e+00 4.477628e+00 3.699086e+00 1.757512e+00 1.763603e+00 2.781716e+00 -2.961368e-01 2.000411e-01 1.219472e-01 3.251670e-01 8.354912e-01 2.814420e-01 6.056127e-02 -3.126330e-01 -2.882588e-01 -5.393483e-02 -1.308407e-02 -1.363106e-01 -1.060330e-02
<VARIANCE> 25
 1.024877e+01 1.500921e+01 1.504127e+01 1.233552e+01 2.548601e+01 2.088705e+01 1.535591e+01 1.995961e+01 1.449423e+01 1.595523e+01 2.216147e+01 1.311008e+01 1.653598e+00 1.557096e+00 1.714719e+00 1.920322e+00 3.008345e+00 2.589313e+00 2.072177e+00 2.596268e+00 2.345226e+00 2.449529e+00 2.068165e+00 1.609924e+00 1.254658e-03
<GCONST> 8.146698e+01
<MIXTURE> 89 9.333527e-03
<MEAN> 25
 5.677306e+00 -6.116571e+00 -3.989187e+00 -1.830514e+00 -3.913214e-01 -5.733047e+00 -4.450688e+00 3.947220e+00 2.671315e+00 -2.542442e+00 -4.648424e+00 -3.826494e+00 -4.544016e-01 9.580465e-02 1.786415e+00 1.063305e+00 -2.336788e+00 -1.820250e+00 8.265039e-01 1.255907e+00 -6.714100e-01 -1.296163e+00 3.245071e-01 1.466337e+00 2.755903e-03
<VARIANCE> 25
 7.518329e+00 2.718485e+01 2.857695e+01 2.760008e+01 3.645736e+01 3.819429e+01 6.015971e+01 4.202360e+01 3.156771e+01 3.457816e+01 3.534410e+01 2.654040e+01 3.287857e-01 8.940356e-01 1.526202e+00 1.280039e+00 3.098404e+00 2.030486e+00 2.298457e+00 1.894281e+00 2.002835e+00 1.953979e+00 2.088161e+00 1.192772e+00 5.820005e-04
<GCONST> 8.443407e+01
<MIXTURE> 90 7.114505e-03
<MEAN> 25
 2.450388e+00 -9.724149e+00 -4.756889e+00 -3.976225e+00 -3.383228e+00 -1.813325e+00 3.363600e+00 1.182213e+00 -7.527381e+00 -1.021171e+01 -3.430833e+00 -7.425367e-01 -1.637021e-01 9.091175e-01 1.168340e+00 -8.526029e-01 -1.612565e+00 -2.123582e-01 6.452865e-01 -2.098100e-01 -1.684039e-01 7.363768e-01 1.822031e-01 -5.491033e-01 -1.115556e-02
<VARIANCE> 25
 8.494364e+00 1.779063e+01 1.981186e+01 2.801452e+01 3.682845e+01 3.217222e+01 3.852039e+01 3.638911e+01 3.524539e+01 2.773036e+01 2.700097e+01 2.615588e+01 2.236757e-01 6.126372e-01 7.867422e-01 1.045813e+00 1.469958e+00 1.591720e+00 1.780029e+00 1.654450e+00 1.809731e+00 1.679163e+00 1.495909e+00 1.310025e+00 2.149540e-04
<GCONST> 7.813836e+01
<MIXTURE> 91 7.852945e-03
<MEAN> 25
 6.562710e+00 -7.957479e+00 -8.717614e+00 -3.996465e+00 2.859101e+00 7.424441e-01 -1.174026e+00 8.587961e-02 1.085601e+00 -1.090865e+00 -4.335620e+00 -5.411774e+00 2.426293e-01 1.207230e+00 2.089202e-01 6.356824e-01 1.113805e-01 -4.361592e-01 4.491093e-02 -4.090054e-01 -7.017861e-02 1.679985e-01 -1.439521e-01 2.462333e-01 -3.708242e-02
<VARIANCE> 25
 7.774246e+00 2.537203e+01 1.618898e+01 3.521552e+01 3.466539e+01 4.642798e+01 4.603685e+01 3.696103e+01 4.049250e+01 5.880204e+01 3.243252e+01 3.399355e+01 3.810331e-01 9.965913e-01 9.362966e-01 1.369701e+00 2.196692e+00 2.355531e+00 2.492672e+00 2.491043e+00 1.724431e+00 2.199026e+00 1.899379e+00 1.785213e+00 5.493484e-04
<GCONST> 8.497824e+01
<MIXTURE> 92 7.852945e-03
<MEAN> 25
 6.562710e+00 -7.957479e+00 -8.717614e+00 -3.996465e+00 2.859101e+00 7.424441e-01 -1.174026e+00 8.587961e-02 1.085601e+00 -1.090865e+00 -4.335620e+00 -5.411774e+00 2.426293e-01 1.207230e+00 2.089202e-01 6.356824e-01 1.113805e-01 -4.361592e-01 4.491093e-02 -4.090054e-01 -7.017861e-02 1.679985e-01 -1.439521e-01 2.462333e-01 -3.708242e-02
<VARIANCE> 25
 7.774246e+00 2.537203e+01 1.618898e+01 3.521552e+01 3.466539e+01 4.642798e+01 4.603685e+01 3.696103e+01 4.049250e+01 5.880204e+01 3.243252e+01 3.399355e+01 3.810331e-01 9.965913e-01 9.362966e-01 1.369701e+00 2.196692e+00 2.355531e+00 2.492672e+00 2.491043e+00 1.724431e+00 2.199026e+00 1.899379e+00 1.785213e+00 5.493484e-04
<GCONST> 8.497824e+01
<MIXTURE> 93 6.122769e-03
<MEAN> 25
 -6.826870e+00 -9.606258e-01 -2.402504e+00 5.797308e+00 5.908446e+00 3.923141e+00 6.123403e+00 3.608752e+00 4.118401e+00 2.508344e+00 1.817622e+00 3.706599e+00 -6.158915e-02 -1.545074e-01 -2.573441e-01 -3.315009e-01 -3.336175e-01 -2.842773e-01 -2.177278e-01 -1.742467e-01 -1.666116e-01 -1.502470e-01 -1.042458e-01 -3.556939e-02 -3.591860e-06
<VARIANCE> 25
 9.100099e+00 6.029187e+00 8.184419e+00 1.137163e+01 1.149105e+01 1.598096e+01 1.527422e+01 1.644198e+01 1.476562e+01 1.454647e+01 1.678872e+01 1.344992e+01 8.272925e-02 1.534455e-01 2.636901e-01 3.807972e-01 4.978260e-01 6.425018e-01 7.792822e-01 8.871891e-01 9.165703e-01 8.770754e-01 8.924122e-01 9.177601e-01 1.000266e-06
<GCONST> 5.360629e+01
<MIXTURE> 94 6.122769e-03
<MEAN> 25
 -6.826870e+00 -9.606258e-01 -2.402504e+00 5.797308e+00 5.908446e+00 3.923141e+00 6.123403e+00 3.608752e+00 4.118401e+00 2.508344e+00 1.817622e+00 3.706599e+00 -6.158915e-02 -1.545074e-01 -2.573441e-01 -3.315009e-01 -3.336175e-01 -2.842773e-01 -2.177278e-01 -1.742467e-01 -1.666116e-01 -1.502470e-01 -1.042458e-01 -3.556939e-02 -3.591860e-06
<VARIANCE> 25
 9.100099e+00 6.029187e+00 8.184419e+00 1.137163e+01 1.149105e+01 1.598096e+01 1.527422e+01 1.644198e+01 1.476562e+01 1.454647e+01 1.678872e+01 1.344992e+01 8.272925e-02 1.534455e-01 2.636901e-01 3.807972e-01 4.978260e-01 6.425018e-01 7.792822e-01 8.871891e-01 9.165703e-01 8.770754e-01 8.924122e-01 9.177601e-01 1.000266e-06
<GCONST> 5.360629e+01
<MIXTURE> 95 5.258835e-03
<MEAN> 25
 -6.749242e+00 -4.988103e-01 -2.337776e+00 4.991387e+00 5.081327e+00 2.574240e+00 4.081393e+00 1.194188e+00 2.595578e+00 7.998848e-01 5.337537e-01 2.740466e+00 1.438449e-01 8.560303e-02 1.481196e-01 4.078236e-02 -3.181127e-01 -8.519083e-01 -1.077058e+00 -1.258458e+00 -1.092057e+00 -1.145465e+00 -6.806763e-01 -9.561273e-02 -1.248654e-03
<VARIANCE> 25
 1.353740e+01 6.029399e+00 1.140176e+01 1.158670e+01 1.635056e+01 1.823023e+01 1.558517e+01 1.588986e+01 1.407633e+01 1.538567e+01 1.962250e+01 1.438579e+01 1.808383e-01 2.857480e-01 4.368591e-01 6.345551e-01 7.394875e-01 8.896051e-01 7.922533e-01 8.101853e-01 1.081104e+00 1.101109e+00 1.036616e+00 1.236621e+00 4.291532e-05
<GCONST> 6.272130e+01
<MIXTURE> 96 7.034694e-03
<MEAN> 25
 -5.102520e+00 -4.524013e-01 -2.244858e+00 5.160423e+00 3.868046e+00 1.794219e+00 3.543066e+00 1.803965e+00 2.449063e+00 9.470019e-01 1.144846e+00 2.840546e+00 -2.948045e-02 8.706200e-02 2.132421e-01 4.062947e-01 5.391232e-01 5.002244e-01 2.461302e-01 -1.265143e-01 -4.626722e-01 -6.495975e-01 -6.074073e-01 -3.674099e-01 -1.492689e-05
<VARIANCE> 25
 1.105590e+01 9.728322e+00 1.288313e+01 1.429021e+01 1.501733e+01 1.951963e+01 1.806760e+01 1.928995e+01 1.802131e+01 1.661370e+01 1.976591e+01 1.454345e+01 1.204290e-01 2.188536e-01 3.165570e-01 3.979466e-01 4.945115e-01 6.603952e-01 8.669126e-01 9.957190e-01 9.571756e-01 8.704010e-01 8.878824e-01 9.402382e-01 1.001119e-06
<GCONST> 5.758619e+01
<MIXTURE> 97 7.034694e-03
<MEAN> 25
 -5.102520e+00 -4.524013e-01 -2.244858e+00 5.160423e+00 3.868046e+00 1.794219e+00 3.543066e+00 1.803965e+00 2.449063e+00 9.470019e-01 1.144846e+00 2.840546e+00 -2.948045e-02 8.706200e-02 2.132421e-01 4.062947e-01 5.391232e-01 5.002244e-01 2.461302e-01 -1.265143e-01 -4.626722e-01 -6.495975e-01 -6.074073e-01 -3.674099e-01 -1.492689e-05
<VARIANCE> 25
 1.105590e+01 9.728322e+00 1.288313e+01 1.429021e+01 1.501733e+01 1.951963e+01 1.806760e+01 1.928995e+01 1.802131e+01 1.661370e+01 1.976591e+01 1.454345e+01 1.204290e-01 2.188536e-01 3.165570e-01 3.979466e-01 4.945115e-01 6.603952e-01 8.669126e-01 9.957190e-01 9.571756e-01 8.704010e-01 8.878824e-01 9.402382e-01 1.001119e-06
<GCONST> 5.758619e+01
<MIXTURE> 98 9.917808e-03
<MEAN> 25
 -9.092628e-01 1.477143e+00 4.737929e-01 3.940785e+00 2.688988e+00 1.620711e+00 3.348551e+00 3.076845e+00 2.595743e+00 4.197239e-01 -8.182982e-01 1.347454e+00 -1.564154e+00 -1.436948e+00 -7.445354e-01 1.795618e-01 9.987046e-01 9.123063e-01 1.244285e+00 1.335016e+00 1.560011e+00 1.145174e+00 1.014535e+00 5.785541e-01 -2.578023e-02
<VARIANCE> 25
 1.181962e+01 2.143778e+01 2.536623e+01 2.456858e+01 4.141111e+01 3.435149e+01 2.518946e+01 3.639765e+01 2.421317e+01 2.282906e+01 2.628015e+01 2.151836e+01 1.236762e+00 1.638493e+00 2.036816e+00 2.171568e+00 2.900786e+00 2.417468e+00 2.318902e+00 3.166196e+00 2.092257e+00 2.477323e+00 2.524842e+00 2.036435e+00 2.246288e-03
<GCONST> 8.796928e+01
<MIXTURE> 99 6.696178e-03
<MEAN> 25
 -5.068408e+00 9.160022e+00 5.280540e+00 2.082765e+00 1.835250e+00 -4.471423e+00 -1.747441e+00 -3.580443e+00 -3.540751e+00 -3.614932e+00 -2.365121e+00 1.116291e+00 3.241757e-01 -8.229499e-01 5.318638e-01 -4.631347e-01 -1.452750e+00 -3.376500e-01 -3.870986e-01 1.393106e-01 -8.736873e-02 5.287164e-02 3.609619e-01 3.212132e-01 1.494072e-02
<VARIANCE> 25
 3.673397e+01 2.572029e+01 4.917536e+01 3.128490e+01 3.625269e+01 3.125184e+01 2.338760e+01 2.544693e+01 2.385059e+01 2.397140e+01 2.199940e+01 2.700324e+01 2.085644e+00 1.731919e+00 1.380996e+00 1.502836e+00 2.918271e+00 1.949204e+00 1.424771e+00 1.820626e+00 1.292084e+00 1.435834e+00 1.213246e+00 1.179797e+00 1.496724e-03
<GCONST> 8.547173e+01
<MIXTURE> 100 4.498084e-03
<MEAN> 25
 -1.604452e+00 6.330295e+00 1.029027e+01 -7.461578e+00 -1.077581e+01 -5.064993e+00 -4.944111e+00 -9.962978e+00 -4.724442e+00 -8.658421e-01 -2.717781e+00 -2.706428e+00 2.913405e+00 -1.262932e+00 1.302459e+00 -2.185708e+00 -3.420928e+00 -7.865457e-01 -1.220135e+00 -8.208243e-01 -1.479951e+00 3.422090e-01 -1.648390e+00 -2.872666e-01 2.244878e-03
<VARIANCE> 25
 1.361906e+01 2.113468e+01 2.251586e+01 2.637993e+01 2.299722e+01 2.373484e+01 2.906125e+01 2.168535e+01 2.745212e+01 2.267187e+01 2.250043e+01 2.130412e+01 1.806661e+00 3.950058e+00 2.919255e+00 4.278871e+00 4.177925e+00 4.531974e+00 4.009061e+00 4.332983e+00 4.171528e+00 3.899671e+00 3.931205e+00 3.219632e+00 1.700461e-03
<GCONST> 9.258704e+01
<MIXTURE> 101 6.007792e-03
<MEAN> 25
 8.110112e+00 -3.342778e+00 -6.644760e+00 -6.583258e+00 1.084554e+00 -7.165802e-01 -9.735121e+00 -2.393201e+00 1.339080e+00 2.737613e+00 -2.304666e+00 -4.938369e+00 6.756006e-01 6.880391e-01 -1.416169e+00 -1.747918e+00 9.809732e-01 2.228388e+00 1.931576e-01 -1.466300e+00 -9.879271e-01 1.140577e+00 1.437059e+00 -5.416537e-01 -3.264831e-03
<VARIANCE> 25
 8.765460e+00 1.647112e+01 2.988789e+01 4.390134e+01 3.503759e+01 3.876834e+01 4.569093e+01 3.685995e+01 3.721350e+01 4.176609e+01 4.884028e+01 2.477143e+01 2.775235e-01 6.913652e-01 1.141034e+00 1.808628e+00 1.646159e+00 2.099551e+00 1.972191e+00 1.914657e+00 2.299719e+00 2.257572e+00 1.754846e+00 2.072322e+00 3.776264e-04
<GCONST> 8.388773e+01
<MIXTURE> 102 6.007792e-03
<MEAN> 25
 8.110112e+00 -3.342778e+00 -6.644760e+00 -6.583258e+00 1.084554e+00 -7.165802e-01 -9.735121e+00 -2.393201e+00 1.339080e+00 2.737613e+00 -2.304666e+00 -4.938369e+00 6.756006e-01 6.880391e-01 -1.416169e+00 -1.747918e+00 9.809732e-01 2.228388e+00 1.931576e-01 -1.466300e+00 -9.879271e-01 1.140577e+00 1.437059e+00 -5.416537e-01 -3.264831e-03
<VARIANCE> 25
 8.765460e+00 1.647112e+01 2.988789e+01 4.390134e+01 3.503759e+01 3.876834e+01 4.569093e+01 3.685995e+01 3.721350e+01 4.176609e+01 4.884028e+01 2.477143e+01 2.775235e-01 6.913652e-01 1.141034e+00 1.808628e+00 1.646159e+00 2.099551e+00 1.972191e+00 1.914657e+00 2.299719e+00 2.257572e+00 1.754846e+00 2.072322e+00 3.776264e-04
<GCONST> 8.388773e+01
<MIXTURE> 103 5.694618e-03
<MEAN> 25
 3.318316e+00 -9.191917e+00 -5.900912e+00 -2.974667e+00 -1.095626e+00 -1.815378e+00 2.305816e+00 3.003154e+00 -4.462539e+00 -8.985224e+00 -5.388304e+00 4.862831e-01 -1.845253e-01 -1.562498e+00 -9.354525e-01 4.337326e-01 1.322428e+00 9.877152e-01 2.145707e-01 -1.141572e-01 -6.605117e-01 -8.567975e-01 -4.553161e-02 8.499034e-02 2.574411e-02
<VARIANCE> 25
 9.910687e+00 2.077603e+01 2.281611e+01 3.042303e+01 4.687345e+01 3.360434e+01 4.438145e+01 4.015350e+01 4.052696e+01 2.913779e+01 3.063255e+01 2.543433e+01 6.278335e-01 1.311860e+00 1.494052e+00 1.918756e+00 3.127464e+00 2.315791e+00 2.794145e+00 2.911410e+00 2.695075e+00 2.550088e+00 1.999570e+00 1.956379e+00 7.960571e-04
<GCONST> 8.748782e+01
<MIXTURE> 104 5.694618e-03
<MEAN> 25
 3.318316e+00 -9.191917e+00 -5.900912e+00 -2.974667e+00 -1.095626e+00 -1.815378e+00 2.305816e+00 3.003154e+00 -4.462539e+00 -8.985224e+00 -5.388304e+00 4.862831e-01 -1.845253e-01 -1.562498e+00 -9.354525e-01 4.337326e-01 1.322428e+00 9.877152e-01 2.145707e-01 -1.141572e-01 -6.605117e-01 -8.567975e-01 -4.553161e-02 8.499034e-02 2.574411e-02
<VARIANCE> 25
 9.910687e+00 2.077603e+01 2.281611e+01 3.042303e+01 4.687345e+01 3.360434e+01 4.438145e+01 4.015350e+01 4.052696e+01 2.913779e+01 3.063255e+01 2.543433e+01 6.278335e-01 1.311860e+00 1.494052e+00 1.918756e+00 3.127464e+00 2.315791e+00 2.794145e+00 2.911410e+00 2.695075e+00 2.550088e+00 1.999570e+00 1.956379e+00 7.960571e-04
<GCONST> 8.748782e+01
<MIXTURE> 105 4.710235e-03
<MEAN> 25
 1.209619e+00 -8.272247e-01 9.887610e+00 -3.181248e+00 -1.191364e+01 -3.262905e+00 -5.027904e+00 -1.822169e+00 -4.259899e+00 -3.892644e+00 2.833817e+00 -1.310236e+00 2.356910e-02 6.779202e-03 -2.871551e-02 -9.726925e-02 2.354228e-02 -6.048658e-02 -2.907391e-02 1.326868e-01 -6.239344e-02 3.672791e-02 -7.452055e-02 5.026152e-02 -2.651697e-03
<VARIANCE> 25
 1.367999e+01 2.474706e+01 3.480157e+01 3.703592e+01 3.092157e+01 5.243295e+01 3.502375e+01 3.833541e+01 3.235335e+01 3.490710e+01 3.940323e+01 2.465736e+01 7.774833e-02 2.193729e-01 3.503947e-01 3.238504e-01 3.751835e-01 4.582617e-01 4.061875e-01 4.733875e-01 4.306033e-01 4.029870e-01 4.263461e-01 3.744215e-01 9.298485e-05
<GCONST> 6.490861e+01
<MIXTURE> 106 4.710235e-03
<MEAN> 25
 1.209619e+00 -8.272247e-01 9.887610e+00 -3.181248e+00 -1.191364e+01 -3.262905e+00 -5.027904e+00 -1.822169e+00 -4.259899e+00 -3.892644e+00 2.833817e+00 -1.310236e+00 2.356910e-02 6.779202e-03 -2.871551e-02 -9.726925e-02 2.354228e-02 -6.048658e-02 -2.907391e-02 1.326868e-01 -6.239344e-02 3.672791e-02 -7.452055e-02 5.026152e-02 -2.651697e-03
<VARIANCE> 25
 1.367999e+01 2.474706e+01 3.480157e+01 3.703592e+01 3.092157e+01 5.243295e+01 3.502375e+01 3.833541e+01 3.235335e+01 3.490710e+01 3.940323e+01 2.465736e+01 7.774833e-02 2.193729e-01 3.503947e-01 3.238504e-01 3.751835e-01 4.582617e-01 4.061875e-01 4.733875e-01 4.306033e-01 4.029870e-01 4.263461e-01 3.744215e-01 9.298485e-05
<GCONST> 6.490861e+01
<MIXTURE> 107 5.452374e-03
<MEAN> 25
 8.042816e+00 -1.274295e+00 -7.440880e+00 -8.019130e+00 2.503417e+00 2.868058e+00 -7.605235e+00 -5.260236e+00 -1.029966e+00 3.768797e+00 1.503431e+00 -4.869937e+00 -6.907765e-01 -7.267136e-01 1.070737e+00 1.790285e+00 -1.289786e-01 -2.242928e+00 -1.096951e+00 9.887447e-01 1.631681e+00 -1.962385e-01 -1.459936e+00 -6.329013e-01 -2.999503e-03
<VARIANCE> 25
 1.031920e+01 2.252704e+01 2.600654e+01 4.848838e+01 3.186364e+01 3.528811e+01 5.003990e+01 3.315077e+01 4.044133e+01 3.975446e+01 4.508838e+01 2.663688e+01 4.074811e-01 9.600056e-01 1.455398e+00 2.097896e+00 2.607313e+00 2.794869e+00 2.369713e+00 2.420029e+00 2.108404e+00 2.945343e+00 1.827906e+00 2.042226e+00 7.993373e-04
<GCONST> 8.736966e+01
<MIXTURE> 108 5.452374e-03
<MEAN> 25
 8.042816e+00 -1.274295e+00 -7.440880e+00 -8.019130e+00 2.503417e+00 2.868058e+00 -7.605235e+00 -5.260236e+00 -1.029966e+00 3.768797e+00 1.503431e+00 -4.869937e+00 -6.907765e-01 -7.267136e-01 1.070737e+00 1.790285e+00 -1.289786e-01 -2.242928e+00 -1.096951e+00 9.887447e-01 1.631681e+00 -1.962385e-01 -1.459936e+00 -6.329013e-01 -2.999503e-03
<VARIANCE> 25
 1.031920e+01 2.252704e+01 2.600654e+01 4.848838e+01 3.186364e+01 3.528811e+01 5.003990e+01 3.315077e+01 4.044133e+01 3.975446e+01 4.508838e+01 2.663688e+01 4.074811e-01 9.600056e-01 1.455398e+00 2.097896e+00 2.607313e+00 2.794869e+00 2.369713e+00 2.420029e+00 2.108404e+00 2.945343e+00 1.827906e+00 2.042226e+00 7.993373e-04
<GCONST> 8.736966e+01
<MIXTURE> 109 6.661064e-03
<MEAN> 25
 4.105662e+00 -1.036735e+01 -8.230586e+00 -1.305647e+00 2.781128e+00 -6.420795e-03 -1.210748e-01 1.380449e+00 -2.396643e+00 -8.067239e+00 -5.310356e+00 3.261808e-03 -3.755154e-02 -1.256490e-01 -4.122217e-02 2.588573e-01 2.183118e-01 1.082977e-01 -1.047666e-01 -1.250543e-01 -5.221329e-02 -1.148050e-01 2.136142e-01 1.181091e-02 -3.844259e-03
<VARIANCE> 25
 9.022072e+00 2.112111e+01 1.959785e+01 3.075732e+01 4.143643e+01 3.563771e+01 4.592297e+01 3.391574e+01 4.535204e+01 3.777976e+01 2.953600e+01 2.760578e+01 1.909177e-01 4.265032e-01 5.267962e-01 6.408939e-01 1.245412e+00 9.756802e-01 1.312701e+00 1.173750e+00 1.108364e+00 9.973609e-01 8.833789e-01 8.622508e-01 1.847930e-04
<GCONST> 7.466170e+01
<MIXTURE> 110 6.661064e-03
<MEAN> 25
 4.105662e+00 -1.036735e+01 -8.230586e+00 -1.305647e+00 2.781128e+00 -6.420795e-03 -1.210748e-01 1.380449e+00 -2.396643e+00 -8.067239e+00 -5.310356e+00 3.261808e-03 -3.755154e-02 -1.256490e-01 -4.122217e-02 2.588573e-01 2.183118e-01 1.082977e-01 -1.047666e-01 -1.250543e-01 -5.221329e-02 -1.148050e-01 2.136142e-01 1.181091e-02 -3.844259e-03
<VARIANCE> 25
 9.022072e+00 2.112111e+01 1.959785e+01 3.075732e+01 4.143643e+01 3.563771e+01 4.592297e+01 3.391574e+01 4.535204e+01 3.777976e+01 2.953600e+01 2.760578e+01 1.909177e-01 4.265032e-01 5.267962e-01 6.408939e-01 1.245412e+00 9.756802e-01 1.312701e+00 1.173750e+00 1.108364e+00 9.973609e-01 8.833789e-01 8.622508e-01 1.847930e-04
<GCONST> 7.466170e+01
<MIXTURE> 111 4.337247e-03
<MEAN> 25
 -4.472325e+00 -9.055502e-01 -1.716832e+00 1.683973e+00 9.668173e-01 9.652616e-01 3.162631e-01 2.096782e-01 8.681556e-02 -5.409589e-01 -6.302236e-01 1.966476e+00 -2.123061e-02 -3.287084e-02 -7.249619e-02 -7.343646e-02 -3.685452e-02 5.988725e-03 -3.677604e-04 -5.953331e-02 -1.401175e-01 -2.025298e-01 -1.904460e-01 -1.056392e-01 -2.154088e-04
<VARIANCE> 25
 7.014204e+00 4.983279e+00 1.025275e+01 9.451203e+00 1.312107e+01 2.387077e+01 1.466528e+01 1.316473e+01 1.161594e+01 1.191219e+01 1.362515e+01 1.158973e+01 7.919756e-02 1.637785e-01 2.751818e-01 4.204071e-01 5.703178e-01 7.064878e-01 8.014175e-01 8.578175e-01 8.925539e-01 8.561052e-01 8.621647e-01 8.490021e-01 2.236062e-05
<GCONST> 5.600160e+01
<MIXTURE> 112 4.337247e-03
<MEAN> 25
 -4.472325e+00 -9.055502e-01 -1.716832e+00 1.683973e+00 9.668173e-01 9.652616e-01 3.162631e-01 2.096782e-01 8.681556e-02 -5.409589e-01 -6.302236e-01 1.966476e+00 -2.123061e-02 -3.287084e-02 -7.249619e-02 -7.343646e-02 -3.685452e-02 5.988725e-03 -3.677604e-04 -5.953331e-02 -1.401175e-01 -2.025298e-01 -1.904460e-01 -1.056392e-01 -2.154088e-04
<VARIANCE> 25
 7.014204e+00 4.983279e+00 1.025275e+01 9.451203e+00 1.312107e+01 2.387077e+01 1.466528e+01 1.316473e+01 1.161594e+01 1.191219e+01 1.362515e+01 1.158973e+01 7.919756e-02 1.637785e-01 2.751818e-01 4.204071e-01 5.703178e-01 7.064878e-01 8.014175e-01 8.578175e-01 8.925539e-01 8.561052e-01 8.621647e-01 8.490021e-01 2.236062e-05
<GCONST> 5.600160e+01
<MIXTURE> 113 5.938666e-03
<MEAN> 25
 9.970098e+00 1.769704e+00 -8.777733e+00 -1.699888e+01 -1.005684e+00 5.643956e+00 -5.263598e+00 -1.469228e+00 -5.679922e+00 -5.151821e-01 2.751988e-01 -1.945974e-01 3.568555e-03 1.564322e-02 -5.944249e-02 -1.134341e-01 1.073427e-01 1.480040e-01 5.526890e-02 3.812731e-02 -5.842097e-02 -5.199897e-02 1.806636e-01 3.503317e-02 -1.434991e-03
<VARIANCE> 25
 8.873098e+00 1.642521e+01 2.960125e+01 3.499821e+01 5.289661e+01 3.387142e+01 3.971429e+01 3.904709e+01 3.737028e+01 4.645061e+01 3.641264e+01 2.837154e+01 1.222685e-01 3.211879e-01 3.157452e-01 6.301808e-01 6.153966e-01 6.544489e-01 7.805525e-01 8.445219e-01 9.576442e-01 9.055518e-01 7.231635e-01 7.117606e-01 1.246862e-04
<GCONST> 7.113449e+01
<MIXTURE> 114 5.938666e-03
<MEAN> 25
 9.970098e+00 1.769704e+00 -8.777733e+00 -1.699888e+01 -1.005684e+00 5.643956e+00 -5.263598e+00 -1.469228e+00 -5.679922e+00 -5.151821e-01 2.751988e-01 -1.945974e-01 3.568555e-03 1.564322e-02 -5.944249e-02 -1.134341e-01 1.073427e-01 1.480040e-01 5.526890e-02 3.812731e-02 -5.842097e-02 -5.199897e-02 1.806636e-01 3.503317e-02 -1.434991e-03
<VARIANCE> 25
 8.873098e+00 1.642521e+01 2.960125e+01 3.499821e+01 5.289661e+01 3.387142e+01 3.971429e+01 3.904709e+01 3.737028e+01 4.645061e+01 3.641264e+01 2.837154e+01 1.222685e-01 3.211879e-01 3.157452e-01 6.301808e-01 6.153966e-01 6.544489e-01 7.805525e-01 8.445219e-01 9.576442e-01 9.055518e-01 7.231635e-01 7.117606e-01 1.246862e-04
<GCONST> 7.113449e+01
<MIXTURE> 115 2.935202e-03
<MEAN> 25
 -4.031500e+00 -7.523217e-01 -3.108227e+00 3.656879e+00 2.413563e+00 -4.277361e-01 2.235031e+00 4.127750e-01 1.388195e+00 -1.979323e-02 4.044870e-02 2.687745e+00 3.161445e-02 -7.211950e-02 -2.307810e-01 -4.386939e-01 -6.334375e-01 -6.703721e-01 -5.921407e-01 -5.095130e-01 -4.866847e-01 -4.566542e-01 -3.437420e-01 -1.649455e-01 -3.153405e-06
<VARIANCE> 25
 9.267180e+00 9.883642e+00 1.353263e+01 1.270519e+01 1.348812e+01 1.756146e+01 1.708403e+01 2.080717e+01 1.793102e+01 1.721346e+01 1.919545e+01 1.466582e+01 2.037626e-01 3.456436e-01 4.855021e-01 5.616056e-01 6.341749e-01 7.979904e-01 1.008043e+00 1.130838e+00 1.075162e+00 9.943613e-01 1.025554e+00 1.064801e+00 1.000035e-06
<GCONST> 6.016134e+01
<MIXTURE> 116 2.935202e-03
<MEAN> 25
 -4.031500e+00 -7.523217e-01 -3.108227e+00 3.656879e+00 2.413563e+00 -4.277361e-01 2.235031e+00 4.127750e-01 1.388195e+00 -1.979323e-02 4.044870e-02 2.687745e+00 3.161445e-02 -7.211950e-02 -2.307810e-01 -4.386939e-01 -6.334375e-01 -6.703721e-01 -5.921407e-01 -5.095130e-01 -4.866847e-01 -4.566542e-01 -3.437420e-01 -1.649455e-01 -3.153405e-06
<VARIANCE> 25
 9.267180e+00 9.883642e+00 1.353263e+01 1.270519e+01 1.348812e+01 1.756146e+01 1.708403e+01 2.080717e+01 1.793102e+01 1.721346e+01 1.919545e+01 1.466582e+01 2.037626e-01 3.456436e-01 4.855021e-01 5.616056e-01 6.341749e-01 7.979904e-01 1.008043e+00 1.130838e+00 1.075162e+00 9.943613e-01 1.025554e+00 1.064801e+00 1.000035e-06
<GCONST> 6.016134e+01
<MIXTURE> 117 6.506003e-03
<MEAN> 25
 -4.644592e+00 1.117793e+00 1.054499e+00 9.758447e+00 6.260121e+00 6.256477e+00 6.463082e+00 5.044496e+00 6.385674e+00 4.929173e+00 6.367208e+00 2.709929e+00 -7.503008e-02 -2.341336e-01 -3.583474e-01 -4.199596e-01 -3.675186e-01 -3.027199e-01 -2.873273e-01 -3.314594e-01 -3.917833e-01 -3.689738e-01 -2.631080e-01 -1.159785e-01 -9.052962e-06
<VARIANCE> 25
 7.187259e+00 8.753097e+00 9.809425e+00 1.430823e+01 1.561781e+01 1.534934e+01 1.772638e+01 1.796108e+01 1.640261e+01 1.637152e+01 1.674076e+01 1.475332e+01 2.166086e-01 3.075042e-01 4.261350e-01 6.171185e-01 8.536685e-01 1.055364e+00 1.177562e+00 1.232911e+00 1.223976e+00 1.194855e+00 1.167213e+00 1.113683e+00 1.000000e-06
<GCONST> 6.042865e+01
<MIXTURE> 118 6.506003e-03
<MEAN> 25
 -4.644592e+00 1.117793e+00 1.054499e+00 9.758447e+00 6.260121e+00 6.256477e+00 6.463082e+00 5.044496e+00 6.385674e+00 4.929173e+00 6.367208e+00 2.709929e+00 -7.503008e-02 -2.341336e-01 -3.583474e-01 -4.199596e-01 -3.675186e-01 -3.027199e-01 -2.873273e-01 -3.314594e-01 -3.917833e-01 -3.689738e-01 -2.631080e-01 -1.159785e-01 -9.052962e-06
<VARIANCE> 25
 7.187259e+00 8.753097e+00 9.809425e+00 1.430823e+01 1.561781e+01 1.534934e+01 1.772638e+01 1.796108e+01 1.640261e+01 1.637152e+01 1.674076e+01 1.475332e+01 2.166086e-01 3.075042e-01 4.261350e-01 6.171185e-01 8.536685e-01 1.055364e+00 1.177562e+00 1.232911e+00 1.223976e+00 1.194855e+00 1.167213e+00 1.113683e+00 1.000000e-06
<GCONST> 6.042865e+01
<MIXTURE> 119 4.297961e-03
<MEAN> 25
 -4.939921e+00 -7.588426e+00 2.275640e+00 1.929878e+00 2.331589e+00 2.996905e-01 5.262202e+00 5.859342e+00 1.089458e+00 9.911447e-01 6.504791e+00 1.597407e+00 -4.978143e-02 -8.516382e-02 3.249595e-02 -5.708271e-02 -1.100896e-01 -1.916033e-01 -5.982556e-02 -2.330822e-02 -9.328915e-02 -9.596329e-02 -5.706367e-02 -4.816557e-02 1.102969e-03
<VARIANCE> 25
 8.485048e+00 9.928335e+00 1.679263e+01 2.106718e+01 2.358382e+01 2.353403e+01 2.467390e+01 2.693686e+01 2.528317e+01 2.775805e+01 2.109530e+01 2.039311e+01 1.612766e-01 2.845151e-01 4.565007e-01 6.279959e-01 8.129873e-01 1.005610e+00 1.108787e+00 1.269749e+00 1.282272e+00 1.251701e+00 1.205359e+00 1.113087e+00 2.287905e-04
<GCONST> 6.987944e+01
<MIXTURE> 120 4.297961e-03
<MEAN> 25
 -4.939921e+00 -7.588426e+00 2.275640e+00 1.929878e+00 2.331589e+00 2.996905e-01 5.262202e+00 5.859342e+00 1.089458e+00 9.911447e-01 6.504791e+00 1.597407e+00 -4.978143e-02 -8.516382e-02 3.249595e-02 -5.708271e-02 -1.100896e-01 -1.916033e-01 -5.982556e-02 -2.330822e-02 -9.328915e-02 -9.596329e-02 -5.706367e-02 -4.816557e-02 1.102969e-03
<VARIANCE> 25
 8.485048e+00 9.928335e+00 1.679263e+01 2.106718e+01 2.358382e+01 2.353403e+01 2.467390e+01 2.693686e+01 2.528317e+01 2.775805e+01 2.109530e+01 2.039311e+01 1.612766e-01 2.845151e-01 4.565007e-01 6.279959e-01 8.129873e-01 1.005610e+00 1.108787e+00 1.269749e+00 1.282272e+00 1.251701e+00 1.205359e+00 1.113087e+00 2.287905e-04
<GCONST> 6.987944e+01
<MIXTURE> 121 4.567511e-03
<MEAN> 25
 2.003820e-01 -2.519802e+00 5.166776e+00 -1.289117e+01 -1.262086e+01 -1.648096e+00 9.937283e-01 -5.105247e+00 -4.207382e+00 -4.936303e-01 -5.485578e+00 -4.293915e+00 2.394822e-02 1.301571e-01 -4.189964e-02 7.996015e-02 1.601730e-01 7.538331e-02 -7.699811e-02 -1.828737e-01 -2.674510e-01 -2.548196e-01 -1.162129e-01 3.028108e-03 -7.416152e-03
<VARIANCE> 25
 7.731719e+00 1.558123e+01 1.731083e+01 2.036490e+01 2.481962e+01 2.931677e+01 2.958100e+01 2.451785e+01 3.522142e+01 2.831880e+01 1.991112e+01 2.130770e+01 1.550515e-01 6.442210e-01 6.223079e-01 7.034231e-01 7.705315e-01 1.151603e+00 1.118771e+00 1.118929e+00 1.215161e+00 1.192871e+00 9.413967e-01 8.720752e-01 2.105517e-04
<GCONST> 7.141876e+01
<MIXTURE> 122 4.567511e-03
<MEAN> 25
 2.003820e-01 -2.519802e+00 5.166776e+00 -1.289117e+01 -1.262086e+01 -1.648096e+00 9.937283e-01 -5.105247e+00 -4.207382e+00 -4.936303e-01 -5.485578e+00 -4.293915e+00 2.394822e-02 1.301571e-01 -4.189964e-02 7.996015e-02 1.601730e-01 7.538331e-02 -7.699811e-02 -1.828737e-01 -2.674510e-01 -2.548196e-01 -1.162129e-01 3.028108e-03 -7.416152e-03
<VARIANCE> 25
 7.731719e+00 1.558123e+01 1.731083e+01 2.036490e+01 2.481962e+01 2.931677e+01 2.958100e+01 2.451785e+01 3.522142e+01 2.831880e+01 1.991112e+01 2.130770e+01 1.550515e-01 6.442210e-01 6.223079e-01 7.034231e-01 7.705315e-01 1.151603e+00 1.118771e+00 1.118929e+00 1.215161e+00 1.192871e+00 9.413967e-01 8.720752e-01 2.105517e-04
<GCONST> 7.141876e+01
<MIXTURE> 123 4.393044e-03
<MEAN> 25
 -4.093842e+00 1.267220e+00 8.304484e-02 5.704140e+00 5.242688e+00 3.429273e+00 3.440990e+00 5.338106e-01 1.218240e-01 -7.904011e-01 -3.945695e-01 6.224836e-01 -5.000191e-01 -7.217135e-01 -7.939547e-01 -5.635730e-01 -1.788519e-01 1.347830e-01 4.820043e-01 6.807599e-01 8.102494e-01 8.791517e-01 7.282612e-01 5.364809e-01 -3.227729e-03
<VARIANCE> 25
 1.043702e+01 1.143334e+01 1.522470e+01 1.936789e+01 2.057650e+01 2.586654e+01 2.067232e+01 1.791428e+01 1.847500e+01 1.749938e+01 2.295657e+01 1.962527e+01 3.562000e-01 3.758606e-01 5.351106e-01 7.155483e-01 9.863966e-01 1.181080e+00 1.259476e+00 1.155954e+00 1.104878e+00 1.267229e+00 1.160040e+00 1.135300e+00 9.442342e-05
<GCONST> 6.939762e+01
<MIXTURE> 124 4.069876e-03
<MEAN> 25
 -6.734914e+00 -1.107826e+00 -2.953435e+00 4.993626e+00 5.020410e+00 3.454255e+00 5.395192e+00 2.542526e+00 3.025275e+00 1.153173e+00 1.021271e+00 3.159283e+00 -1.937629e-01 -3.381287e-01 -3.529676e-01 -1.857085e-01 1.412096e-01 5.306768e-01 7.955425e-01 8.404039e-01 6.547110e-01 3.795854e-01 9.457187e-02 -2.889499e-02 6.534900e-05
<VARIANCE> 25
 1.198023e+01 7.247252e+00 1.092839e+01 1.265363e+01 1.191938e+01 1.952099e+01 1.514545e+01 1.669315e+01 1.625905e+01 1.639320e+01 1.921188e+01 1.473833e+01 1.079353e-01 1.737744e-01 2.673608e-01 4.463376e-01 5.866337e-01 6.984742e-01 7.417766e-01 8.115343e-01 8.887794e-01 1.069614e+00 1.006072e+00 9.714292e-01 1.773871e-05
<GCONST> 5.903885e+01
<MIXTURE> 125 4.069876e-03
<MEAN> 25
 -6.734914e+00 -1.107826e+00 -2.953435e+00 4.993626e+00 5.020410e+00 3.454255e+00 5.395192e+00 2.542526e+00 3.025275e+00 1.153173e+00 1.021271e+00 3.159283e+00 -1.937629e-01 -3.381287e-01 -3.529676e-01 -1.857085e-01 1.412096e-01 5.306768e-01 7.955425e-01 8.404039e-01 6.547110e-01 3.795854e-01 9.457187e-02 -2.889499e-02 6.534900e-05
<VARIANCE> 25
 1.198023e+01 7.247252e+00 1.092839e+01 1.265363e+01 1.191938e+01 1.952099e+01 1.514545e+01 1.669315e+01 1.625905e+01 1.639320e+01 1.921188e+01 1.473833e+01 1.079353e-01 1.737744e-01 2.673608e-01 4.463376e-01 5.866337e-01 6.984742e-01 7.417766e-01 8.115343e-01 8.887794e-01 1.069614e+00 1.006072e+00 9.714292e-01 1.773871e-05
<GCONST> 5.903885e+01
<MIXTURE> 126 2.402244e-03
<MEAN> 25
 -3.746423e+00 -6.937318e+00 -5.191391e+00 2.371393e+00 4.517729e+00 -3.061226e+00 1.495993e-01 3.613486e+00 3.277909e+00 -2.561513e+00 -1.517614e+00 2.956071e+00 7.187350e-03 -5.097270e-03 -3.608591e-02 -1.683195e-01 -2.905404e-01 -3.839321e-01 -2.864112e-01 -1.818124e-01 -1.410955e-01 -8.041587e-02 -5.909954e-02 -3.641887e-02 -1.560152e-03
<VARIANCE> 25
 7.384837e+00 1.262184e+01 1.391699e+01 1.492144e+01 2.701720e+01 2.494502e+01 2.254232e+01 2.799388e+01 3.078929e+01 2.664388e+01 2.169445e+01 1.922755e+01 1.732158e-01 3.471950e-01 4.755536e-01 5.615985e-01 7.822729e-01 9.773905e-01 1.108263e+00 1.269177e+00 1.349939e+00 1.350158e+00 1.257017e+00 1.125989e+00 2.071947e-04
<GCONST> 6.992860e+01
<MIXTURE> 127 2.402244e-03
<MEAN> 25
 -3.746423e+00 -6.937318e+00 -5.191391e+00 2.371393e+00 4.517729e+00 -3.061226e+00 1.495993e-01 3.613486e+00 3.277909e+00 -2.561513e+00 -1.517614e+00 2.956071e+00 7.187350e-03 -5.097270e-03 -3.608591e-02 -1.683195e-01 -2.905404e-01 -3.839321e-01 -2.864112e-01 -1.818124e-01 -1.410955e-01 -8.041587e-02 -5.909954e-02 -3.641887e-02 -1.560152e-03
<VARIANCE> 25
 7.384837e+00 1.262184e+01 1.391699e+01 1.492144e+01 2.701720e+01 2.494502e+01 2.254232e+01 2.799388e+01 3.078929e+01 2.664388e+01 2.169445e+01 1.922755e+01 1.732158e-01 3.471950e-01 4.755536e-01 5.615985e-01 7.822729e-01 9.773905e-01 1.108263e+00 1.269177e+00 1.349939e+00 1.350158e+00 1.257017e+00 1.125989e+00 2.071947e-04
<GCONST> 6.992860e+01
<MIXTURE> 128 3.790457e-03
<MEAN> 25
 -3.969723e+00 1.559001e+00 -3.499339e-01 6.559907e+00 3.638649e+00 1.862597e+00 3.586637e+00 2.359357e+00 3.942689e+00 3.689474e+00 3.759190e+00 3.534822e+00 -3.917620e-01 -2.028182e-01 9.652553e-02 7.299845e-01 1.185644e+00 1.133245e+00 7.139619e-01 1.304846e-01 -4.312563e-01 -7.769974e-01 -6.969345e-01 -3.968550e-01 -3.963198e-05
<VARIANCE> 25
 1.049345e+01 1.173817e+01 1.495051e+01 1.930037e+01 2.006460e+01 2.108964e+01 2.425566e+01 2.461458e+01 2.641029e+01 2.379732e+01 2.672261e+01 1.814384e+01 8.944237e-01 1.149584e+00 1.361741e+00 1.500268e+00 1.578883e+00 1.856042e+00 2.242714e+00 2.316404e+00 2.152683e+00 1.884468e+00 1.745930e+00 1.746154e+00 9.988948e-07
<GCONST> 7.365584e+01
<TRANSP> 3
 0.000000e+00 1.000000e+00 0.000000e+00
 0.000000e+00 9.999990e-01 9.999998e-07
 0.000000e+00 0.000000e+00 0.000000e+00
<ENDHMM>
