~o
<STREAMINFO> 1 25
<VECSIZE> 25<NULLD><MFCC_E_D_N><DIAGC>
~h "jmodel"
<BEGINHMM>
<NUMSTATES> 3
<STATE> 2
<NUMMIXES> 128
<MIXTURE> 1 5.748963e-03
<MEAN> 25
 -2.559665e+00 3.192482e+00 2.249600e+00 8.643768e+00 4.357037e+00 3.415246e+00 4.002741e+00 3.886050e+00 5.825103e+00 5.206048e+00 5.812697e+00 3.068623e+00 -1.996351e+00 -1.618132e+00 -8.594702e-01 1.057574e+00 1.556613e+00 2.237127e+00 2.139597e+00 2.061324e+00 1.695624e+00 1.255262e+00 1.564033e+00 6.323007e-01 -4.697586e-02
<VARIANCE> 25
 1.024638e+01 1.167255e+01 1.523799e+01 1.932682e+01 2.305296e+01 2.206638e+01 2.197842e+01 2.220744e+01 2.082352e+01 2.246589e+01 2.119080e+01 1.691373e+01 1.782384e+00 2.109149e+00 3.005944e+00 3.216013e+00 3.707098e+00 3.329380e+00 3.304417e+00 3.369015e+00 3.489806e+00 3.694542e+00 3.492831e+00 2.850331e+00 3.097660e-03
<GCONST> 8.846212e+01
<MIXTURE> 2 4.549242e-03
<MEAN> 25
 -4.865547e+00 1.313825e+00 9.860834e-01 9.879410e+00 6.685090e+00 7.416940e+00 7.837562e+00 6.944552e+00 8.379845e+00 6.366814e+00 7.620595e+00 3.080715e+00 -6.195790e-02 4.018743e-02 1.407925e-01 2.262659e-01 2.654397e-01 2.812055e-01 2.957613e-01 3.204159e-01 3.506917e-01 3.103786e-01 1.966638e-01 8.133627e-02 3.138604e-06
<VARIANCE> 25
 6.990901e+00 8.886903e+00 1.066411e+01 1.608423e+01 1.722785e+01 1.556315e+01 1.692437e+01 1.854265e+01 1.658378e+01 1.737841e+01 1.809081e+01 1.433034e+01 1.250464e-01 2.275297e-01 3.374034e-01 4.663655e-01 6.483303e-01 8.135585e-01 9.286870e-01 1.001955e+00 1.050204e+00 1.077153e+00 1.074883e+00 1.012749e+00 1.000185e-06
<GCONST> 5.805486e+01
<MIXTURE> 3 4.549242e-03
<MEAN> 25
 -4.865547e+00 1.313825e+00 9.860834e-01 9.879410e+00 6.685090e+00 7.416940e+00 7.837562e+00 6.944552e+00 8.379845e+00 6.366814e+00 7.620595e+00 3.080715e+00 -6.195790e-02 4.018743e-02 1.407925e-01 2.262659e-01 2.654397e-01 2.812055e-01 2.957613e-01 3.204159e-01 3.506917e-01 3.103786e-01 1.966638e-01 8.133627e-02 3.138604e-06
<VARIANCE> 25
 6.990901e+00 8.886903e+00 1.066411e+01 1.608423e+01 1.722785e+01 1.556315e+01 1.692437e+01 1.854265e+01 1.658378e+01 1.737841e+01 1.809081e+01 1.433034e+01 1.250464e-01 2.275297e-01 3.374034e-01 4.663655e-01 6.483303e-01 8.135585e-01 9.286870e-01 1.001955e+00 1.050204e+00 1.077153e+00 1.074883e+00 1.012749e+00 1.000185e-06
<GCONST> 5.805486e+01
<MIXTURE> 4 1.671429e-02
<MEAN> 25
 2.926345e+00 2.269564e+00 -3.916669e+00 2.629209e-01 3.711994e+00 -1.263045e+00 4.393208e-01 5.952317e-01 1.812721e+00 3.002789e+00 -2.163011e+00 -8.102234e-01 -2.914286e+00 1.557657e+00 1.463731e+00 2.556895e+00 9.440791e-01 3.949803e-01 1.441455e+00 1.187809e+00 1.201269e+00 2.352511e-01 6.908316e-01 1.086785e+00 -9.555582e-02
<VARIANCE> 25
 2.088845e+01 2.702993e+01 2.424217e+01 3.303749e+01 3.792553e+01 5.981242e+01 5.226846e+01 4.429187e+01 4.686418e+01 5.934122e+01 4.081736e+01 3.426358e+01 2.516866e+00 4.709310e+00 3.303386e+00 4.888536e+00 4.382934e+00 5.838704e+00 5.009795e+00 4.533100e+00 5.449273e+00 5.509975e+00 5.828555e+00 3.957815e+00 5.207469e-03
<GCONST> 1.025188e+02
<MIXTURE> 5 3.206198e-03
<MEAN> 25
 -3.437032e+00 2.173497e+00 5.840354e-01 9.397658e+00 6.682184e+00 6.320131e+00 7.111328e+00 4.737278e+00 5.492327e+00 3.872357e+00 4.656799e+00 2.626247e+00 -3.226284e-01 7.413810e-01 1.223718e+00 1.027603e+00 3.131145e-01 -9.519002e-02 -8.748665e-02 3.372525e-02 4.481258e-01 6.752844e-01 4.121158e-01 8.881105e-02 -3.531803e-05
<VARIANCE> 25
 1.031904e+01 1.389541e+01 2.353753e+01 2.572350e+01 2.018834e+01 1.935678e+01 2.003500e+01 2.032751e+01 2.133390e+01 2.133941e+01 2.400286e+01 1.639150e+01 1.205898e+00 1.269487e+00 1.351683e+00 1.672618e+00 2.282048e+00 2.373204e+00 2.294530e+00 2.265853e+00 2.330534e+00 2.245447e+00 2.095140e+00 1.867681e+00 1.010088e-06
<GCONST> 7.518509e+01
<MIXTURE> 6 5.475854e-03
<MEAN> 25
 9.702411e+00 -4.186512e-01 -6.691674e+00 -1.104466e+01 -2.116944e+00 6.734004e+00 -5.899631e+00 -5.296706e+00 -3.657281e+00 1.829780e+00 4.644385e+00 -1.253340e+00 4.850392e-01 8.962219e-01 -3.510177e-01 -1.468579e+00 -6.381775e-01 1.314964e+00 1.536664e+00 2.476543e-01 -1.218723e+00 -1.218145e+00 3.229218e-01 1.228762e+00 -8.166617e-03
<VARIANCE> 25
 8.961496e+00 1.708363e+01 2.395423e+01 3.913046e+01 3.678045e+01 3.066115e+01 4.407713e+01 3.807441e+01 4.075426e+01 3.947403e+01 4.210303e+01 2.842833e+01 3.116004e-01 8.572419e-01 9.456685e-01 1.979030e+00 1.606007e+00 2.015743e+00 1.919557e+00 2.052203e+00 2.398698e+00 1.963760e+00 2.246455e+00 1.438018e+00 5.860039e-04
<GCONST> 8.387782e+01
<MIXTURE> 7 5.475854e-03
<MEAN> 25
 9.702411e+00 -4.186512e-01 -6.691674e+00 -1.104466e+01 -2.116944e+00 6.734004e+00 -5.899631e+00 -5.296706e+00 -3.657281e+00 1.829780e+00 4.644385e+00 -1.253340e+00 4.850392e-01 8.962219e-01 -3.510177e-01 -1.468579e+00 -6.381775e-01 1.314964e+00 1.536664e+00 2.476543e-01 -1.218723e+00 -1.218145e+00 3.229218e-01 1.228762e+00 -8.166617e-03
<VARIANCE> 25
 8.961496e+00 1.708363e+01 2.395423e+01 3.913046e+01 3.678045e+01 3.066115e+01 4.407713e+01 3.807441e+01 4.075426e+01 3.947403e+01 4.210303e+01 2.842833e+01 3.116004e-01 8.572419e-01 9.456685e-01 1.979030e+00 1.606007e+00 2.015743e+00 1.919557e+00 2.052203e+00 2.398698e+00 1.963760e+00 2.246455e+00 1.438018e+00 5.860039e-04
<GCONST> 8.387782e+01
<MIXTURE> 8 1.165917e-02
<MEAN> 25
 -4.728192e+00 1.357675e+00 1.233518e+00 9.495930e+00 6.579349e+00 6.248051e+00 6.445489e+00 5.666393e+00 6.665449e+00 5.624146e+00 6.542387e+00 3.158821e+00 -6.294932e-01 -1.431179e+00 -1.070578e+00 -1.724608e+00 -2.179805e-01 -9.389458e-01 -1.811831e-01 -2.889772e-01 -2.608739e-01 -1.639500e-01 -2.030929e-01 7.821533e-02 9.852255e-02
<VARIANCE> 25
 9.333714e+00 9.789298e+00 1.201540e+01 1.644018e+01 1.653634e+01 1.561005e+01 1.822564e+01 1.751048e+01 1.697604e+01 1.733311e+01 1.886593e+01 1.393332e+01 2.738536e+00 2.811668e+00 3.884822e+00 3.741436e+00 3.469817e+00 3.298404e+00 3.119836e+00 3.063370e+00 2.867536e+00 2.658451e+00 2.433983e+00 1.899129e+00 6.679197e-03
<GCONST> 8.628887e+01
<MIXTURE> 9 1.199672e-02
<MEAN> 25
 9.290201e+00 3.373555e+00 -6.193615e+00 -1.065660e+01 -2.213194e+00 4.961195e+00 -2.205944e+00 -2.300793e+00 -5.382207e+00 -1.241426e+00 5.640984e-01 -2.672348e-02 1.437077e+00 -1.310806e-01 -4.872245e-01 -2.701962e+00 -1.644916e+00 8.558687e-01 -9.758042e-01 -2.267707e-01 -1.816332e-01 -5.817458e-01 6.151865e-01 -1.545434e-01 7.325256e-02
<VARIANCE> 25
 1.226324e+01 2.159987e+01 3.364162e+01 5.356348e+01 5.004966e+01 3.225928e+01 4.314448e+01 5.209450e+01 4.221001e+01 4.160560e+01 3.606116e+01 2.701283e+01 2.097041e+00 2.450178e+00 4.575771e+00 4.870475e+00 5.003711e+00 4.094589e+00 4.235275e+00 6.063867e+00 5.037621e+00 4.090159e+00 4.008093e+00 2.803682e+00 2.212120e-03
<GCONST> 9.881697e+01
<MIXTURE> 10 6.596976e-03
<MEAN> 25
 9.691343e-01 7.668321e+00 5.126135e+00 6.889346e+00 1.628275e+00 -2.023558e+00 -7.119818e-01 -1.623186e+00 1.089439e+00 8.293806e-01 4.889312e-01 6.761901e-01 -1.871399e+00 -6.489137e-01 -4.860647e-01 2.897812e+00 2.451473e+00 2.835134e+00 2.337906e+00 2.189901e+00 1.930077e+00 1.494651e+00 2.247035e+00 5.643793e-01 -1.355964e-01
<VARIANCE> 25
 1.910437e+01 2.011772e+01 2.262857e+01 2.898669e+01 3.672688e+01 3.356230e+01 3.467911e+01 3.237585e+01 2.747439e+01 2.790513e+01 2.834689e+01 2.390433e+01 2.198900e+00 3.282263e+00 5.313908e+00 5.290287e+00 5.331465e+00 4.648261e+00 4.519655e+00 4.767600e+00 4.271596e+00 4.839743e+00 4.423935e+00 3.077792e+00 2.696031e-03
<GCONST> 9.700279e+01
<MIXTURE> 11 1.633820e-02
<MEAN> 25
 7.115198e+00 3.878589e+00 3.251946e+00 4.845984e+00 -4.156534e+00 -2.678824e+00 -2.348792e+00 -6.754189e+00 -3.816663e+00 -4.845257e-01 -2.115700e+00 -2.590529e+00 -3.154953e-01 4.218597e-01 6.074205e-02 2.836653e-01 5.459180e-01 1.141505e-01 2.645470e-01 5.918581e-03 -5.353413e-02 -8.374116e-03 -6.627155e-02 1.785986e-01 -1.905217e-02
<VARIANCE> 25
 1.054012e+01 2.533685e+01 1.923252e+01 2.640010e+01 3.428438e+01 3.697536e+01 4.127701e+01 3.645046e+01 3.657198e+01 3.706966e+01 3.130090e+01 3.046882e+01 8.939479e-01 1.270442e+00 1.683027e+00 2.053916e+00 2.281031e+00 2.181099e+00 1.901223e+00 2.954813e+00 2.353954e+00 1.951695e+00 1.822227e+00 1.514170e+00 9.171673e-04
<GCONST> 8.654149e+01
<MIXTURE> 12 5.904134e-03
<MEAN> 25
 1.076560e+01 3.743735e+00 -4.502602e+00 -1.599388e+01 -8.696410e+00 8.642797e+00 -8.969009e-01 -1.922052e+00 -1.722980e+00 -4.886589e+00 1.774710e+00 7.166889e-01 6.774627e-02 2.937798e-01 7.962041e-02 -3.682872e-01 -3.103059e-01 2.955552e-02 3.055291e-01 4.477949e-01 1.410529e-01 -3.846962e-01 -3.855875e-01 5.392561e-02 -6.303085e-03
<VARIANCE> 25
 8.882922e+00 2.100217e+01 2.335674e+01 3.503046e+01 4.206025e+01 3.095905e+01 4.179796e+01 4.898256e+01 4.406412e+01 3.738961e+01 3.799839e+01 2.892757e+01 2.468068e-01 6.883447e-01 6.860434e-01 1.169912e+00 1.186473e+00 1.053881e+00 1.171063e+00 1.386203e+00 1.240587e+00 1.222250e+00 1.221483e+00 9.564718e-01 5.786435e-04
<GCONST> 7.892069e+01
<MIXTURE> 13 5.904134e-03
<MEAN> 25
 1.076560e+01 3.743735e+00 -4.502602e+00 -1.599388e+01 -8.696410e+00 8.642797e+00 -8.969009e-01 -1.922052e+00 -1.722980e+00 -4.886589e+00 1.774710e+00 7.166889e-01 6.774627e-02 2.937798e-01 7.962041e-02 -3.682872e-01 -3.103059e-01 2.955552e-02 3.055291e-01 4.477949e-01 1.410529e-01 -3.846962e-01 -3.855875e-01 5.392561e-02 -6.303085e-03
<VARIANCE> 25
 8.882922e+00 2.100217e+01 2.335674e+01 3.503046e+01 4.206025e+01 3.095905e+01 4.179796e+01 4.898256e+01 4.406412e+01 3.738961e+01 3.799839e+01 2.892757e+01 2.468068e-01 6.883447e-01 6.860434e-01 1.169912e+00 1.186473e+00 1.053881e+00 1.171063e+00 1.386203e+00 1.240587e+00 1.222250e+00 1.221483e+00 9.564718e-01 5.786435e-04
<GCONST> 7.892069e+01
<MIXTURE> 14 6.488954e-03
<MEAN> 25
 -4.310401e+00 -2.772052e-01 -6.132455e-01 8.430271e+00 7.373815e+00 7.305522e+00 7.750841e+00 7.275520e+00 7.217357e+00 5.371874e+00 6.550202e+00 4.131119e+00 -2.618234e-01 1.123008e-01 3.466668e-01 2.653634e-01 2.958945e-02 8.058797e-02 1.139800e-01 2.095928e-01 2.113558e-01 4.984778e-01 5.547822e-01 8.898500e-02 -9.006078e-03
<VARIANCE> 25
 9.628898e+00 1.299331e+01 1.840298e+01 1.896128e+01 1.998268e+01 1.846791e+01 2.075371e+01 1.952734e+01 1.898901e+01 2.304998e+01 2.114189e+01 1.529759e+01 8.973413e-01 1.656279e+00 1.742741e+00 1.835941e+00 2.187479e+00 2.143426e+00 2.292403e+00 2.242914e+00 2.300566e+00 2.471581e+00 2.226710e+00 1.742922e+00 9.636679e-04
<GCONST> 8.129810e+01
<MIXTURE> 15 2.475190e-03
<MEAN> 25
 -5.336772e+00 -6.208679e-01 -2.613364e-01 7.285227e+00 5.728692e+00 5.707644e+00 6.060660e+00 4.983065e+00 5.234097e+00 4.157071e+00 5.417006e+00 2.542690e+00 -1.263799e-01 -2.818887e-02 8.468582e-02 2.440763e-01 4.740379e-01 7.679785e-01 1.087386e+00 1.200801e+00 1.030828e+00 7.406272e-01 3.992136e-01 1.348453e-01 2.441318e-05
<VARIANCE> 25
 7.254601e+00 5.573902e+00 9.155772e+00 1.296066e+01 1.396575e+01 1.413106e+01 1.471998e+01 1.469983e+01 1.414426e+01 1.407797e+01 1.530621e+01 1.239318e+01 1.260931e-01 2.043237e-01 3.252012e-01 4.983174e-01 7.069302e-01 8.012946e-01 8.012294e-01 8.145875e-01 9.462165e-01 1.033332e+00 1.093422e+00 1.050586e+00 2.885940e-05
<GCONST> 5.881375e+01
<MIXTURE> 16 2.475190e-03
<MEAN> 25
 -5.336772e+00 -6.208679e-01 -2.613364e-01 7.285227e+00 5.728692e+00 5.707644e+00 6.060660e+00 4.983065e+00 5.234097e+00 4.157071e+00 5.417006e+00 2.542690e+00 -1.263799e-01 -2.818887e-02 8.468582e-02 2.440763e-01 4.740379e-01 7.679785e-01 1.087386e+00 1.200801e+00 1.030828e+00 7.406272e-01 3.992136e-01 1.348453e-01 2.441318e-05
<VARIANCE> 25
 7.254601e+00 5.573902e+00 9.155772e+00 1.296066e+01 1.396575e+01 1.413106e+01 1.471998e+01 1.469983e+01 1.414426e+01 1.407797e+01 1.530621e+01 1.239318e+01 1.260931e-01 2.043237e-01 3.252012e-01 4.983174e-01 7.069302e-01 8.012946e-01 8.012294e-01 8.145875e-01 9.462165e-01 1.033332e+00 1.093422e+00 1.050586e+00 2.885940e-05
<GCONST> 5.881375e+01
<MIXTURE> 17 9.518312e-03
<MEAN> 25
 3.102312e+00 -1.398266e+00 6.567375e+00 2.308708e+00 -5.408286e+00 -5.205816e+00 -3.201266e+00 -1.031921e+00 -3.562518e+00 -3.164150e+00 -1.547175e-01 -1.761945e-01 -7.918298e-01 -1.271810e+00 1.367605e+00 -1.837946e+00 -2.333595e+00 -5.564979e-02 -1.391603e-01 6.510208e-01 -5.386257e-01 -2.505179e-01 1.118886e+00 4.224078e-01 8.016746e-02
<VARIANCE> 25
 1.608447e+01 2.845546e+01 2.662931e+01 3.626186e+01 4.321524e+01 4.672121e+01 3.559196e+01 3.340650e+01 3.664238e+01 2.436409e+01 2.423735e+01 2.702292e+01 1.663338e+00 2.442467e+00 3.470433e+00 3.059332e+00 3.823089e+00 4.743420e+00 4.569428e+00 4.649113e+00 4.246087e+00 3.731760e+00 2.676803e+00 2.315006e+00 1.815901e-03
<GCONST> 9.490997e+01
<MIXTURE> 18 1.221018e-02
<MEAN> 25
 3.659294e+00 4.039830e+00 6.190114e+00 4.052670e+00 -4.365983e+00 -7.721044e+00 -1.489978e+00 -1.028631e+00 -3.227561e+00 -2.342469e+00 -1.342264e+00 2.602142e-01 -7.959668e-01 1.981414e+00 -2.510455e-01 1.576033e+00 3.125827e+00 1.510829e+00 7.799495e-01 -1.018219e-01 9.373779e-01 5.914863e-01 -4.074147e-01 1.412323e-01 -1.143510e-01
<VARIANCE> 25
 1.434214e+01 2.338972e+01 3.136035e+01 2.361215e+01 3.468070e+01 3.476605e+01 3.613510e+01 3.165758e+01 3.506601e+01 3.141423e+01 3.072637e+01 2.791802e+01 2.499064e+00 2.876751e+00 4.709258e+00 4.711717e+00 4.192150e+00 4.409600e+00 4.209771e+00 4.044573e+00 4.219346e+00 3.727300e+00 4.147287e+00 3.263997e+00 3.712085e-03
<GCONST> 9.685424e+01
<MIXTURE> 19 9.912824e-03
<MEAN> 25
 -8.583944e+00 1.080884e+00 1.332146e+00 -4.733091e-01 4.727881e+00 5.796748e-01 1.568602e+00 1.181774e+00 1.642333e+00 1.682595e+00 5.802247e-01 2.399801e+00 1.925498e+00 1.861073e+00 2.159036e+00 5.920700e-01 -1.430562e+00 -1.134863e+00 -1.052599e+00 -1.423152e+00 -1.635509e+00 -1.279652e+00 -8.132114e-01 -4.898785e-01 5.310160e-04
<VARIANCE> 25
 4.242102e+01 2.743203e+01 5.339007e+01 4.805161e+01 2.754576e+01 2.907500e+01 2.981296e+01 2.256421e+01 2.435917e+01 2.252269e+01 2.647439e+01 1.685315e+01 1.884639e+00 1.798094e+00 2.299259e+00 2.054717e+00 2.640419e+00 2.395346e+00 1.804003e+00 2.174712e+00 1.945454e+00 1.767154e+00 1.763049e+00 1.628922e+00 1.694351e-03
<GCONST> 8.835530e+01
<MIXTURE> 20 6.308331e-03
<MEAN> 25
 -1.392733e+01 7.361036e+00 7.092155e-01 5.983072e+00 4.747291e+00 1.492399e+00 5.214852e+00 1.127615e+00 9.790060e-01 9.240346e-01 2.217776e+00 -3.025296e-01 -3.276377e+00 -8.254603e-01 -1.512036e+00 3.768250e-01 1.518193e+00 2.059301e+00 1.935683e+00 2.007936e+00 2.087947e+00 1.946824e+00 1.685152e+00 1.055816e+00 4.482752e-02
<VARIANCE> 25
 2.026228e+01 2.267667e+01 3.059299e+01 3.655262e+01 2.976999e+01 2.727477e+01 2.867774e+01 3.188903e+01 2.691604e+01 2.756860e+01 2.768317e+01 2.016458e+01 2.034744e+00 2.130796e+00 1.928454e+00 2.569362e+00 2.655242e+00 2.270855e+00 2.271521e+00 2.274324e+00 2.249041e+00 2.748875e+00 2.150329e+00 2.097233e+00 1.964779e-03
<GCONST> 8.915018e+01
<MIXTURE> 21 7.928653e-03
<MEAN> 25
 4.002543e+00 -4.551984e+00 5.716399e+00 -1.481394e+00 -1.062582e+01 -8.627375e+00 -2.587630e+00 4.215915e+00 -2.062410e+00 -3.398783e+00 2.647178e-01 3.239383e-01 -7.241598e-01 1.356237e+00 2.578547e+00 -2.939633e-02 -1.543963e+00 3.360827e-01 6.091820e-01 -1.496329e+00 -1.940197e+00 3.082778e-01 1.299201e+00 2.677217e-01 -1.316890e-02
<VARIANCE> 25
 8.810712e+00 1.864046e+01 2.969872e+01 2.854133e+01 2.874856e+01 3.379131e+01 4.258031e+01 3.915787e+01 4.275826e+01 3.137098e+01 3.359565e+01 2.302376e+01 3.753978e-01 9.767491e-01 1.849869e+00 1.309953e+00 2.196952e+00 2.184668e+00 3.679692e+00 2.474950e+00 2.180471e+00 2.597113e+00 2.068349e+00 2.332510e+00 4.471047e-04
<GCONST> 8.519515e+01
<MIXTURE> 22 8.827789e-03
<MEAN> 25
 -1.790746e+01 7.148459e+00 -4.130103e+00 7.386903e+00 4.597939e+00 2.756592e+00 8.394803e+00 1.758052e+00 5.374805e+00 3.293426e+00 5.713009e+00 1.186573e+00 -3.104262e-01 -2.084288e-01 -1.272215e-01 -1.443447e-01 -2.821878e-03 1.360268e-01 1.818347e-01 1.789365e-01 2.486247e-01 2.084491e-01 1.748907e-01 1.945139e-01 8.879240e-03
<VARIANCE> 25
 8.213161e+00 1.682234e+01 1.735625e+01 2.515023e+01 2.287230e+01 2.081629e+01 1.941549e+01 1.873715e+01 1.812421e+01 2.087147e+01 1.921854e+01 1.376639e+01 1.089432e+00 1.355747e+00 1.363572e+00 1.584485e+00 1.418429e+00 1.525418e+00 1.507278e+00 1.530943e+00 1.611776e+00 1.543261e+00 1.358332e+00 1.168719e+00 1.743044e-03
<GCONST> 7.831983e+01
<MIXTURE> 23 6.455497e-03
<MEAN> 25
 7.553670e+00 2.196238e+00 2.702123e+00 2.529990e+00 -4.739649e+00 -3.109753e+00 -3.766788e+00 -6.819095e+00 -3.540113e+00 -4.369810e-01 -4.112007e+00 -2.454012e+00 3.313630e-02 1.905516e-01 3.936353e-02 6.045627e-02 3.542108e-02 8.683598e-02 2.704105e-02 -7.154013e-03 -3.551827e-02 6.555804e-02 5.182406e-02 7.331672e-02 -5.137944e-03
<VARIANCE> 25
 1.383059e+01 2.491894e+01 2.369976e+01 3.750876e+01 3.527167e+01 5.086673e+01 5.875360e+01 5.275503e+01 4.417048e+01 4.833123e+01 4.601299e+01 3.879495e+01 1.126456e-01 2.998604e-01 3.789046e-01 4.904938e-01 5.652262e-01 7.291286e-01 7.207267e-01 9.237742e-01 8.534653e-01 8.328443e-01 8.000398e-01 7.307271e-01 8.996975e-05
<GCONST> 7.270595e+01
<MIXTURE> 24 6.455497e-03
<MEAN> 25
 7.553670e+00 2.196238e+00 2.702123e+00 2.529990e+00 -4.739649e+00 -3.109753e+00 -3.766788e+00 -6.819095e+00 -3.540113e+00 -4.369810e-01 -4.112007e+00 -2.454012e+00 3.313630e-02 1.905516e-01 3.936353e-02 6.045627e-02 3.542108e-02 8.683598e-02 2.704105e-02 -7.154013e-03 -3.551827e-02 6.555804e-02 5.182406e-02 7.331672e-02 -5.137944e-03
<VARIANCE> 25
 1.383059e+01 2.491894e+01 2.369976e+01 3.750876e+01 3.527167e+01 5.086673e+01 5.875360e+01 5.275503e+01 4.417048e+01 4.833123e+01 4.601299e+01 3.879495e+01 1.126456e-01 2.998604e-01 3.789046e-01 4.904938e-01 5.652262e-01 7.291286e-01 7.207267e-01 9.237742e-01 8.534653e-01 8.328443e-01 8.000398e-01 7.307271e-01 8.996975e-05
<GCONST> 7.270595e+01
<MIXTURE> 25 1.118642e-02
<MEAN> 25
 3.106155e-01 1.266186e+00 1.639544e+01 -1.426461e+00 -1.331928e+01 -6.085339e-02 -5.576030e+00 -4.548470e+00 -7.435220e+00 -7.543100e+00 4.833969e+00 -8.643947e-01 -9.094927e-02 4.745478e-01 6.590065e-02 -5.861595e-02 7.174130e-02 -3.003950e-01 5.717183e-01 -3.907887e-01 -3.397067e-01 2.656737e-01 -3.119864e-01 -5.227541e-01 -1.210188e-02
<VARIANCE> 25
 6.331215e+00 2.256742e+01 1.484586e+01 2.022783e+01 2.748746e+01 3.367092e+01 2.092859e+01 2.600189e+01 2.146744e+01 3.337302e+01 1.695279e+01 2.147582e+01 6.799389e-01 1.187441e+00 1.227381e+00 1.593481e+00 2.126523e+00 3.010056e+00 1.641098e+00 1.581855e+00 1.715733e+00 2.490981e+00 1.849646e+00 1.449014e+00 1.138757e-03
<GCONST> 8.114283e+01
<MIXTURE> 26 7.727677e-03
<MEAN> 25
 2.245178e+00 -6.420752e+00 -1.025786e+01 -7.306597e-01 7.769256e+00 5.355291e+00 3.962619e+00 -2.720464e-01 2.259808e+00 -7.416399e-01 -2.834848e+00 -1.094283e+00 -6.858907e-01 6.605154e-01 3.680168e-01 6.752692e-01 1.961379e-01 2.227086e-01 2.943756e-01 3.495574e-01 3.112786e-01 8.006845e-02 3.528439e-01 4.295934e-01 -5.260734e-02
<VARIANCE> 25
 2.516577e+01 3.371734e+01 2.585342e+01 6.085701e+01 4.089858e+01 4.277602e+01 4.540256e+01 4.303640e+01 3.901520e+01 5.499678e+01 3.927869e+01 4.647879e+01 1.672093e+00 2.037740e+00 1.894613e+00 1.984060e+00 2.333692e+00 2.477636e+00 2.492214e+00 2.719412e+00 2.391122e+00 2.298719e+00 2.167821e+00 1.981759e+00 3.283536e-03
<GCONST> 9.393838e+01
<MIXTURE> 27 7.727677e-03
<MEAN> 25
 2.245178e+00 -6.420752e+00 -1.025786e+01 -7.306597e-01 7.769256e+00 5.355291e+00 3.962619e+00 -2.720464e-01 2.259808e+00 -7.416399e-01 -2.834848e+00 -1.094283e+00 -6.858907e-01 6.605154e-01 3.680168e-01 6.752692e-01 1.961379e-01 2.227086e-01 2.943756e-01 3.495574e-01 3.112786e-01 8.006845e-02 3.528439e-01 4.295934e-01 -5.260734e-02
<VARIANCE> 25
 2.516577e+01 3.371734e+01 2.585342e+01 6.085701e+01 4.089858e+01 4.277602e+01 4.540256e+01 4.303640e+01 3.901520e+01 5.499678e+01 3.927869e+01 4.647879e+01 1.672093e+00 2.037740e+00 1.894613e+00 1.984060e+00 2.333692e+00 2.477636e+00 2.492214e+00 2.719412e+00 2.391122e+00 2.298719e+00 2.167821e+00 1.981759e+00 3.283536e-03
<GCONST> 9.393838e+01
<MIXTURE> 28 5.036674e-03
<MEAN> 25
 -5.296930e+00 8.657031e-02 -1.620733e+00 6.456086e+00 5.161516e+00 3.505226e+00 5.377274e+00 3.063882e+00 4.017505e+00 2.364246e+00 2.581478e+00 3.256070e+00 -1.126212e-01 2.143603e-01 5.114174e-01 7.796462e-01 8.153043e-01 6.853473e-01 5.098944e-01 3.881009e-01 4.490390e-01 4.796126e-01 3.767543e-01 2.016329e-01 2.008172e-05
<VARIANCE> 25
 1.101720e+01 8.372046e+00 1.196800e+01 1.542990e+01 1.454950e+01 1.736143e+01 1.785894e+01 1.879802e+01 1.726995e+01 1.659016e+01 2.042652e+01 1.476657e+01 2.533433e-01 3.457123e-01 4.144811e-01 4.618358e-01 6.109653e-01 8.478220e-01 1.048454e+00 1.159064e+00 1.086022e+00 1.013792e+00 1.033624e+00 1.053776e+00 1.075572e-06
<GCONST> 6.029258e+01
<MIXTURE> 29 5.036674e-03
<MEAN> 25
 -5.296930e+00 8.657031e-02 -1.620733e+00 6.456086e+00 5.161516e+00 3.505226e+00 5.377274e+00 3.063882e+00 4.017505e+00 2.364246e+00 2.581478e+00 3.256070e+00 -1.126212e-01 2.143603e-01 5.114174e-01 7.796462e-01 8.153043e-01 6.853473e-01 5.098944e-01 3.881009e-01 4.490390e-01 4.796126e-01 3.767543e-01 2.016329e-01 2.008172e-05
<VARIANCE> 25
 1.101720e+01 8.372046e+00 1.196800e+01 1.542990e+01 1.454950e+01 1.736143e+01 1.785894e+01 1.879802e+01 1.726995e+01 1.659016e+01 2.042652e+01 1.476657e+01 2.533433e-01 3.457123e-01 4.144811e-01 4.618358e-01 6.109653e-01 8.478220e-01 1.048454e+00 1.159064e+00 1.086022e+00 1.013792e+00 1.033624e+00 1.053776e+00 1.075572e-06
<GCONST> 6.029258e+01
<MIXTURE> 30 8.917812e-03
<MEAN> 25
 -4.210574e+00 -4.565850e-02 5.779135e-01 8.594177e+00 7.545090e+00 7.192260e+00 7.551805e+00 6.960939e+00 6.648425e+00 4.684204e+00 6.579325e+00 3.531969e+00 -2.050553e-02 3.879393e-02 7.240640e-02 1.084575e-01 9.209839e-02 3.570774e-03 -9.746386e-03 5.938451e-02 3.904176e-02 5.319777e-02 9.949371e-02 3.057821e-02 -4.278713e-04
<VARIANCE> 25
 7.526763e+00 9.454463e+00 1.010833e+01 1.588114e+01 1.573305e+01 1.669713e+01 1.989799e+01 1.791520e+01 1.551619e+01 1.829363e+01 2.232737e+01 1.358564e+01 9.279066e-02 1.905218e-01 3.191832e-01 5.117119e-01 6.228780e-01 7.484607e-01 7.650222e-01 8.504090e-01 8.343561e-01 9.925103e-01 9.470916e-01 8.475146e-01 6.152158e-05
<GCONST> 6.095596e+01
<MIXTURE> 31 4.136493e-03
<MEAN> 25
 -3.204921e+00 -5.409363e+00 -1.369477e-02 4.725640e+00 3.677050e+00 1.762354e+00 5.457985e+00 6.713291e+00 2.861737e+00 1.297985e+00 6.325231e+00 3.186823e+00 2.440295e-01 4.626223e-01 -2.061705e-01 2.755822e-01 9.759781e-02 3.772743e-01 1.627260e-01 4.778304e-02 3.847435e-01 3.786146e-01 1.239705e-01 1.291713e-01 -1.808728e-02
<VARIANCE> 25
 7.211441e+00 1.653128e+01 1.707184e+01 1.792702e+01 2.459008e+01 2.338310e+01 2.513690e+01 2.519694e+01 2.565025e+01 2.743766e+01 2.063820e+01 1.806883e+01 1.884091e-01 4.861828e-01 5.926827e-01 7.765087e-01 9.586884e-01 1.139607e+00 1.251439e+00 1.403388e+00 1.334408e+00 1.304971e+00 1.224947e+00 1.119746e+00 2.565910e-04
<GCONST> 7.182278e+01
<MIXTURE> 32 4.136493e-03
<MEAN> 25
 -3.204921e+00 -5.409363e+00 -1.369477e-02 4.725640e+00 3.677050e+00 1.762354e+00 5.457985e+00 6.713291e+00 2.861737e+00 1.297985e+00 6.325231e+00 3.186823e+00 2.440295e-01 4.626223e-01 -2.061705e-01 2.755822e-01 9.759781e-02 3.772743e-01 1.627260e-01 4.778304e-02 3.847435e-01 3.786146e-01 1.239705e-01 1.291713e-01 -1.808728e-02
<VARIANCE> 25
 7.211441e+00 1.653128e+01 1.707184e+01 1.792702e+01 2.459008e+01 2.338310e+01 2.513690e+01 2.519694e+01 2.565025e+01 2.743766e+01 2.063820e+01 1.806883e+01 1.884091e-01 4.861828e-01 5.926827e-01 7.765087e-01 9.586884e-01 1.139607e+00 1.251439e+00 1.403388e+00 1.334408e+00 1.304971e+00 1.224947e+00 1.119746e+00 2.565910e-04
<GCONST> 7.182278e+01
<MIXTURE> 33 1.508826e-02
<MEAN> 25
 6.537182e+00 -4.176345e+00 -2.182500e+00 -2.868129e+00 -1.936119e+00 -5.590336e+00 -7.246342e+00 1.507917e+00 1.981366e+00 -1.675918e-01 -4.389895e+00 -3.219422e+00 7.020775e-01 -1.193773e+00 -2.365196e+00 -1.844717e+00 1.318852e+00 1.352432e+00 -7.467499e-01 6.695167e-01 1.047279e+00 5.411951e-01 -1.951680e-01 -1.347077e+00 3.823080e-02
<VARIANCE> 25
 9.838075e+00 2.234227e+01 2.861768e+01 3.595472e+01 3.882657e+01 4.522355e+01 4.097260e+01 4.501896e+01 4.033910e+01 4.341435e+01 3.566401e+01 2.827181e+01 1.221456e+00 1.941527e+00 2.232808e+00 2.127430e+00 4.343535e+00 3.417717e+00 4.179540e+00 5.692234e+00 3.615379e+00 4.331245e+00 3.552630e+00 2.629027e+00 1.524891e-03
<GCONST> 9.443895e+01
<MIXTURE> 34 1.588179e-02
<MEAN> 25
 8.588324e+00 -1.500304e+00 -6.278728e-01 1.089609e+00 -3.056498e+00 -1.438308e+00 -4.935003e+00 -5.531171e+00 -2.429830e+00 1.190664e+00 -2.213502e+00 -5.071756e+00 -4.069898e-02 1.340104e+00 1.363329e+00 2.302303e+00 -1.634122e-01 -2.054299e-01 9.188378e-01 -1.666301e+00 -6.894376e-01 4.588860e-01 -8.668005e-01 5.393592e-01 -6.158030e-02
<VARIANCE> 25
 6.836260e+00 3.397860e+01 2.642944e+01 4.140914e+01 3.696672e+01 4.365154e+01 5.481800e+01 5.715396e+01 4.522107e+01 4.205987e+01 4.220513e+01 3.460460e+01 1.205134e+00 1.706825e+00 3.754631e+00 3.528141e+00 5.068690e+00 4.845165e+00 4.688042e+00 5.352682e+00 4.466129e+00 4.263781e+00 4.424694e+00 3.703022e+00 9.925212e-04
<GCONST> 9.722252e+01
<MIXTURE> 35 1.467755e-02
<MEAN> 25
 -2.316696e+00 -5.328492e+00 -9.837717e+00 9.089027e-02 9.843016e+00 6.920853e-01 1.098435e+00 2.271615e+00 1.275731e+00 4.250349e+00 2.167420e-01 1.862598e+00 4.465815e-01 -1.247610e+00 -1.248370e+00 -1.341304e+00 4.865806e-01 -8.779793e-01 -7.715718e-01 -1.444868e-01 -3.210970e-01 2.258093e-01 -5.086209e-01 -4.330468e-01 1.042620e-01
<VARIANCE> 25
 1.806925e+01 2.974625e+01 4.080890e+01 5.558923e+01 3.990982e+01 5.298659e+01 4.768985e+01 3.962140e+01 5.012045e+01 3.529770e+01 3.377492e+01 2.820118e+01 3.340029e+00 3.424800e+00 6.527302e+00 5.025964e+00 4.927241e+00 5.259084e+00 4.436815e+00 4.254763e+00 4.776968e+00 4.230459e+00 3.852280e+00 3.604877e+00 4.897938e-03
<GCONST> 1.019373e+02
<MIXTURE> 36 1.093293e-02
<MEAN> 25
 4.678736e+00 -3.090923e+00 6.689466e+00 2.941839e+00 -9.873361e+00 -8.611889e+00 -5.878811e+00 2.628501e+00 -2.382351e+00 -5.032091e+00 2.824935e+00 -3.681544e-01 3.290745e-01 1.057037e-01 -8.381292e-01 -2.370972e-02 9.772351e-01 1.797021e-01 -1.844845e-01 1.034989e-01 5.914047e-01 5.006067e-01 -6.224464e-01 -1.875039e-01 -2.000920e-02
<VARIANCE> 25
 9.223462e+00 1.683138e+01 2.203571e+01 2.633495e+01 2.987498e+01 3.117984e+01 4.098219e+01 3.261821e+01 3.571302e+01 3.113553e+01 2.472115e+01 2.491554e+01 4.537831e-01 7.026635e-01 1.418526e+00 1.209162e+00 1.573637e+00 1.600665e+00 2.322438e+00 1.562040e+00 2.017951e+00 1.635230e+00 1.725644e+00 1.481618e+00 7.497636e-04
<GCONST> 8.137309e+01
<MIXTURE> 37 1.246826e-02
<MEAN> 25
 2.166183e-01 6.608009e+00 1.198958e+01 -5.508325e+00 -8.719952e+00 -1.904775e+00 -4.241815e+00 -8.595695e+00 -5.162387e+00 -9.610704e-01 -3.359510e+00 -2.042665e+00 8.893672e-02 6.403734e-01 -1.537842e+00 3.320352e+00 2.459201e+00 -3.853058e-01 9.721748e-01 7.166408e-01 5.721238e-01 -8.018558e-02 2.541538e-02 -7.595039e-02 -9.365513e-02
<VARIANCE> 25
 1.457753e+01 2.873984e+01 2.655864e+01 4.444062e+01 3.485910e+01 3.230029e+01 4.159734e+01 3.289149e+01 4.645371e+01 3.312909e+01 3.338941e+01 2.956336e+01 2.569603e+00 2.913767e+00 2.785489e+00 3.974312e+00 5.248202e+00 3.342699e+00 3.929269e+00 3.768820e+00 3.071337e+00 3.590405e+00 4.600827e+00 2.610980e+00 3.428724e-03
<GCONST> 9.672762e+01
<MIXTURE> 38 1.154525e-02
<MEAN> 25
 -4.560608e+00 7.826252e+00 4.518427e+00 2.412009e+00 3.195732e-01 -4.230307e+00 -7.554990e-01 -2.575142e+00 -3.046485e+00 -2.947739e+00 -1.580147e+00 -7.357222e-01 -4.338331e+00 1.273885e+00 -3.268472e-01 1.369164e+00 2.469390e+00 1.133240e+00 1.919539e+00 9.005476e-01 5.427210e-01 4.566739e-01 1.018046e+00 5.881452e-01 4.604464e-02
<VARIANCE> 25
 2.858455e+01 3.414087e+01 3.592984e+01 3.308892e+01 4.593066e+01 3.716301e+01 3.479391e+01 3.774604e+01 3.408345e+01 3.082111e+01 2.205234e+01 2.630256e+01 2.273190e+00 3.469035e+00 3.664592e+00 5.149595e+00 3.904238e+00 4.833889e+00 4.302384e+00 4.066182e+00 4.906292e+00 4.728074e+00 3.873914e+00 3.264867e+00 2.060451e-03
<GCONST> 9.815288e+01
<MIXTURE> 39 9.501865e-03
<MEAN> 25
 1.284306e+00 2.499052e+00 1.011844e+01 -9.099450e+00 -1.109556e+01 -8.828672e-01 -2.949285e+00 -6.413293e+00 -4.329480e+00 8.524882e-01 -3.618998e+00 -2.426178e+00 -7.759693e-01 1.510794e+00 1.602840e+00 -1.377270e+00 1.105419e-01 1.200881e+00 -1.162888e+00 -1.247637e+00 3.393117e-01 4.078435e-01 -4.940304e-01 1.404980e-01 2.071030e-03
<VARIANCE> 25
 8.808437e+00 2.967338e+01 3.155020e+01 3.782330e+01 3.826200e+01 4.210105e+01 4.345205e+01 3.400302e+01 4.078569e+01 3.263457e+01 3.547942e+01 2.978423e+01 7.744992e-01 1.514013e+00 1.512093e+00 2.882549e+00 2.431353e+00 2.837776e+00 3.037597e+00 2.686677e+00 2.848513e+00 2.738436e+00 2.095359e+00 2.061711e+00 1.225342e-03
<GCONST> 8.991183e+01
<MIXTURE> 40 1.030800e-02
<MEAN> 25
 -8.351955e+00 2.057363e+00 -1.424465e+00 7.356539e+00 3.907864e+00 5.417226e+00 5.370926e+00 4.310569e+00 4.787655e+00 4.057686e+00 5.170601e+00 2.006790e+00 -1.070689e-01 -2.642950e-01 -6.902169e-02 -2.337116e-01 -1.018250e-01 -9.618433e-02 9.181016e-02 1.138921e-01 -2.170615e-02 5.998993e-02 1.437639e-01 5.183157e-02 2.475089e-03
<VARIANCE> 25
 4.364419e+01 1.836400e+01 2.663270e+01 2.799926e+01 2.400452e+01 1.770161e+01 1.999156e+01 1.742771e+01 1.682305e+01 1.829190e+01 1.908210e+01 1.401437e+01 6.814917e-01 7.514033e-01 8.899555e-01 1.066795e+00 1.111992e+00 1.186527e+00 1.441303e+00 1.305865e+00 1.350174e+00 1.244171e+00 1.198255e+00 1.036791e+00 8.008583e-04
<GCONST> 7.626527e+01
<MIXTURE> 41 6.713375e-03
<MEAN> 25
 1.283076e+00 1.726999e+00 1.048129e+01 -6.901707e+00 -1.045059e+01 -3.797310e+00 -2.498895e+00 -5.064860e+00 -4.679702e+00 2.576607e+00 -1.708594e+00 -9.789410e-01 6.118329e-02 -7.449750e-01 1.678638e+00 -3.519444e+00 -2.430490e+00 -1.235942e-01 -4.958532e-01 -3.644782e-01 -8.442537e-01 1.075016e+00 -1.033277e+00 7.618399e-02 8.534016e-02
<VARIANCE> 25
 1.159994e+01 2.955500e+01 3.244603e+01 3.995810e+01 3.886740e+01 3.996830e+01 3.666113e+01 2.992362e+01 3.354593e+01 2.904505e+01 3.156054e+01 2.719652e+01 3.175308e+00 3.298783e+00 3.821211e+00 3.851937e+00 4.987458e+00 5.880830e+00 4.699670e+00 4.511813e+00 3.985782e+00 4.294335e+00 3.851010e+00 3.214853e+00 2.983654e-03
<GCONST> 9.794941e+01
<MIXTURE> 42 1.106211e-02
<MEAN> 25
 -1.644099e+00 4.219546e+00 4.707227e+00 1.883444e+00 6.027323e-01 -6.591203e+00 -2.113193e+00 -1.725057e+00 -2.408076e+00 -1.235549e+00 -2.079362e+00 1.838310e+00 3.689501e+00 -9.588256e-02 1.124947e+00 1.093361e-01 -2.983193e+00 -1.132510e+00 -2.023083e+00 -1.002077e+00 -7.573205e-01 -1.022053e+00 5.273916e-01 -1.059213e+00 1.089145e-02
<VARIANCE> 25
 2.890129e+01 1.987020e+01 4.030260e+01 2.901029e+01 3.425198e+01 3.749744e+01 3.176343e+01 2.287444e+01 2.647533e+01 2.265717e+01 1.964120e+01 1.895090e+01 3.286434e+00 4.725383e+00 5.630677e+00 4.530411e+00 4.065008e+00 4.856747e+00 4.139721e+00 4.210848e+00 4.664408e+00 5.210848e+00 4.124709e+00 2.831687e+00 3.617552e-03
<GCONST> 9.727611e+01
<MIXTURE> 43 7.108249e-03
<MEAN> 25
 3.166441e+00 -6.294092e+00 -2.227869e+00 -5.093869e+00 -7.434177e+00 -3.368741e+00 4.099936e+00 1.326097e+00 -5.048544e+00 -7.022261e+00 -4.257173e+00 -1.267674e+00 2.287224e-01 2.169298e+00 1.908268e+00 -1.172247e-01 -1.422809e+00 -7.874615e-01 -9.379522e-01 -7.828543e-01 8.170454e-01 1.460694e+00 3.246888e-01 4.256335e-02 -4.523481e-02
<VARIANCE> 25
 9.628496e+00 1.978300e+01 2.713766e+01 3.567631e+01 3.875731e+01 3.639567e+01 3.307418e+01 4.015451e+01 3.932100e+01 3.885368e+01 2.669245e+01 2.949381e+01 7.038240e-01 1.246910e+00 1.557346e+00 2.503359e+00 2.361217e+00 2.368551e+00 2.758764e+00 3.010242e+00 2.585667e+00 2.558120e+00 2.338264e+00 1.960886e+00 9.375655e-04
<GCONST> 8.802342e+01
<MIXTURE> 44 7.328289e-03
<MEAN> 25
 -1.434322e+01 1.466626e+00 3.786563e+00 -3.530763e+00 3.163276e+00 1.704361e+00 -2.350047e-01 2.810015e+00 1.850013e+00 -2.380958e-01 1.700016e+00 2.171061e+00 -3.100192e-01 3.683784e-02 2.467381e-01 1.687582e-01 1.009308e-01 1.472964e-01 2.564494e-01 1.520069e-01 2.743398e-01 1.743580e-01 7.109974e-02 1.409641e-01 6.584659e-03
<VARIANCE> 25
 4.269719e+01 2.583489e+01 3.395020e+01 3.234519e+01 2.627702e+01 2.750097e+01 2.260194e+01 3.219428e+01 2.953073e+01 2.635875e+01 2.442740e+01 1.751920e+01 1.390490e+00 1.496982e+00 1.284739e+00 1.502229e+00 2.277419e+00 1.637605e+00 1.668227e+00 1.506268e+00 1.454219e+00 1.354538e+00 1.232306e+00 1.097157e+00 1.172437e-03
<GCONST> 8.370226e+01
<MIXTURE> 45 1.364932e-02
<MEAN> 25
 -1.169361e+01 3.369452e+00 -1.081789e+00 2.313934e+00 5.449802e+00 2.310752e-01 4.520432e+00 2.969080e+00 3.239229e+00 2.169254e+00 2.015266e+00 2.543642e+00 -2.878636e+00 5.172979e-01 -5.367479e-01 -4.142304e-01 4.820087e-01 2.372848e-02 4.626023e-01 9.888475e-02 -1.042301e-01 -1.837053e-02 3.336896e-01 2.826241e-01 1.096353e-01
<VARIANCE> 25
 3.412770e+01 2.733555e+01 3.183998e+01 3.459142e+01 2.896880e+01 2.623538e+01 2.717154e+01 2.511678e+01 2.338297e+01 2.144449e+01 2.673795e+01 1.484534e+01 2.280714e+00 3.032696e+00 2.921773e+00 3.248590e+00 2.789815e+00 2.417954e+00 2.312098e+00 2.030339e+00 2.419701e+00 2.023299e+00 1.822877e+00 1.927554e+00 4.360380e-03
<GCONST> 9.019929e+01
<MIXTURE> 46 9.336259e-03
<MEAN> 25
 -9.405203e+00 2.302324e+00 1.202307e+00 7.450561e+00 5.876600e+00 3.288555e+00 7.023940e+00 4.520210e+00 5.705503e+00 4.689919e+00 4.992671e+00 2.900981e+00 1.020409e+00 -2.350823e-01 4.823811e-02 9.799211e-01 6.185441e-01 9.508029e-01 3.816631e-01 6.767097e-01 4.920571e-01 5.095782e-01 6.453974e-01 5.302859e-01 -1.045142e-01
<VARIANCE> 25
 3.425777e+01 4.332653e+01 3.855773e+01 5.063174e+01 5.057525e+01 4.067769e+01 3.680750e+01 3.507893e+01 3.286411e+01 3.074818e+01 2.815924e+01 2.008139e+01 4.008764e+00 4.105019e+00 3.859554e+00 4.188786e+00 4.171577e+00 3.683862e+00 3.357449e+00 3.080501e+00 3.009832e+00 2.846674e+00 2.296966e+00 1.787729e+00 7.982811e-03
<GCONST> 9.825695e+01
<MIXTURE> 47 7.116147e-03
<MEAN> 25
 7.283846e+00 -7.706117e+00 -7.551674e+00 -6.624874e+00 1.257444e+00 5.491748e-01 -2.663232e+00 1.289135e+00 2.446956e+00 4.831811e-01 -3.566318e+00 -7.130291e+00 -1.799166e-01 -1.198068e+00 -6.868361e-01 -3.014376e-01 6.303374e-01 8.396841e-01 9.209296e-01 3.043243e-01 1.139191e-01 -9.095121e-01 -3.939290e-01 -5.241160e-01 2.909725e-02
<VARIANCE> 25
 1.013449e+01 2.109014e+01 2.014346e+01 3.153216e+01 3.444006e+01 5.339602e+01 4.311882e+01 3.790024e+01 4.414474e+01 4.511521e+01 5.105016e+01 3.308182e+01 5.058473e-01 7.615484e-01 1.053459e+00 1.734662e+00 1.852815e+00 2.060899e+00 2.268996e+00 2.335530e+00 2.043916e+00 2.011568e+00 2.092735e+00 1.940896e+00 5.404300e-04
<GCONST> 8.565857e+01
<MIXTURE> 48 7.116147e-03
<MEAN> 25
 7.283846e+00 -7.706117e+00 -7.551674e+00 -6.624874e+00 1.257444e+00 5.491748e-01 -2.663232e+00 1.289135e+00 2.446956e+00 4.831811e-01 -3.566318e+00 -7.130291e+00 -1.799166e-01 -1.198068e+00 -6.868361e-01 -3.014376e-01 6.303374e-01 8.396841e-01 9.209296e-01 3.043243e-01 1.139191e-01 -9.095121e-01 -3.939290e-01 -5.241160e-01 2.909725e-02
<VARIANCE> 25
 1.013449e+01 2.109014e+01 2.014346e+01 3.153216e+01 3.444006e+01 5.339602e+01 4.311882e+01 3.790024e+01 4.414474e+01 4.511521e+01 5.105016e+01 3.308182e+01 5.058473e-01 7.615484e-01 1.053459e+00 1.734662e+00 1.852815e+00 2.060899e+00 2.268996e+00 2.335530e+00 2.043916e+00 2.011568e+00 2.092735e+00 1.940896e+00 5.404300e-04
<GCONST> 8.565857e+01
<MIXTURE> 49 5.548473e-03
<MEAN> 25
 -5.083732e+00 3.516098e-01 1.361572e-01 8.382029e+00 6.107414e+00 5.534488e+00 5.997737e+00 4.470362e+00 4.958457e+00 3.687494e+00 4.902953e+00 2.883247e+00 3.695005e-01 6.461681e-01 7.009046e-01 3.513370e-01 -1.914832e-01 -6.726009e-01 -1.004021e+00 -1.126528e+00 -9.423171e-01 -6.780820e-01 -5.052823e-01 -2.750319e-01 -3.083204e-05
<VARIANCE> 25
 9.814085e+00 9.939692e+00 1.413646e+01 1.616489e+01 1.583642e+01 1.735296e+01 1.946749e+01 1.916737e+01 1.845657e+01 1.785325e+01 2.044160e+01 1.412083e+01 2.869159e-01 2.655431e-01 3.540768e-01 6.136689e-01 8.577315e-01 9.639769e-01 9.806812e-01 1.053913e+00 1.133489e+00 1.204134e+00 1.281020e+00 1.196886e+00 1.467889e-05
<GCONST> 6.431085e+01
<MIXTURE> 50 6.234641e-03
<MEAN> 25
 -4.278174e+00 3.359560e-01 -1.582247e+00 5.902137e+00 4.236871e+00 2.377541e+00 3.724950e+00 1.921129e+00 2.945142e+00 1.258131e+00 1.995962e+00 2.984075e+00 6.255219e-02 1.851884e-01 8.181041e-02 -2.032146e-01 -4.794413e-01 -5.886471e-01 -3.732277e-01 -3.228430e-02 4.364194e-01 7.395266e-01 7.410891e-01 4.611747e-01 -7.500767e-06
<VARIANCE> 25
 1.130497e+01 1.106661e+01 1.348559e+01 1.531536e+01 1.442046e+01 1.743383e+01 1.773746e+01 1.821416e+01 1.833601e+01 1.722769e+01 2.051059e+01 1.448900e+01 1.397648e-01 2.396552e-01 3.579981e-01 5.515687e-01 6.325069e-01 7.334042e-01 9.429526e-01 1.242516e+00 1.053605e+00 9.017243e-01 8.971290e-01 9.366384e-01 1.215842e-06
<GCONST> 5.938763e+01
<MIXTURE> 51 6.234641e-03
<MEAN> 25
 -4.278174e+00 3.359560e-01 -1.582247e+00 5.902137e+00 4.236871e+00 2.377541e+00 3.724950e+00 1.921129e+00 2.945142e+00 1.258131e+00 1.995962e+00 2.984075e+00 6.255219e-02 1.851884e-01 8.181041e-02 -2.032146e-01 -4.794413e-01 -5.886471e-01 -3.732277e-01 -3.228430e-02 4.364194e-01 7.395266e-01 7.410891e-01 4.611747e-01 -7.500767e-06
<VARIANCE> 25
 1.130497e+01 1.106661e+01 1.348559e+01 1.531536e+01 1.442046e+01 1.743383e+01 1.773746e+01 1.821416e+01 1.833601e+01 1.722769e+01 2.051059e+01 1.448900e+01 1.397648e-01 2.396552e-01 3.579981e-01 5.515687e-01 6.325069e-01 7.334042e-01 9.429526e-01 1.242516e+00 1.053605e+00 9.017243e-01 8.971290e-01 9.366384e-01 1.215842e-06
<GCONST> 5.938763e+01
<MIXTURE> 52 6.367945e-03
<MEAN> 25
 1.012327e+01 2.049196e+00 -6.196427e+00 -1.428459e+01 -4.222789e+00 8.536702e+00 -2.752549e+00 -3.061574e+00 -4.407589e+00 -2.134036e+00 3.353964e+00 7.465276e-01 -3.856929e-01 -4.801470e-01 -6.989738e-02 1.140516e+00 1.340113e+00 -4.735883e-01 -6.027082e-01 -6.591696e-01 4.268001e-02 1.246582e+00 3.871760e-01 -5.456884e-01 -1.382270e-02
<VARIANCE> 25
 9.290155e+00 2.048754e+01 2.536144e+01 3.860474e+01 4.572680e+01 3.071759e+01 4.654140e+01 4.893905e+01 4.306324e+01 4.604242e+01 3.994860e+01 3.000557e+01 4.496426e-01 1.480760e+00 1.310915e+00 2.757679e+00 2.329554e+00 2.199564e+00 2.986011e+00 2.799207e+00 3.006258e+00 2.666809e+00 2.520767e+00 2.277307e+00 1.546037e-03
<GCONST> 8.973461e+01
<MIXTURE> 53 6.367945e-03
<MEAN> 25
 1.012327e+01 2.049196e+00 -6.196427e+00 -1.428459e+01 -4.222789e+00 8.536702e+00 -2.752549e+00 -3.061574e+00 -4.407589e+00 -2.134036e+00 3.353964e+00 7.465276e-01 -3.856929e-01 -4.801470e-01 -6.989738e-02 1.140516e+00 1.340113e+00 -4.735883e-01 -6.027082e-01 -6.591696e-01 4.268001e-02 1.246582e+00 3.871760e-01 -5.456884e-01 -1.382270e-02
<VARIANCE> 25
 9.290155e+00 2.048754e+01 2.536144e+01 3.860474e+01 4.572680e+01 3.071759e+01 4.654140e+01 4.893905e+01 4.306324e+01 4.604242e+01 3.994860e+01 3.000557e+01 4.496426e-01 1.480760e+00 1.310915e+00 2.757679e+00 2.329554e+00 2.199564e+00 2.986011e+00 2.799207e+00 3.006258e+00 2.666809e+00 2.520767e+00 2.277307e+00 1.546037e-03
<GCONST> 8.973461e+01
<MIXTURE> 54 7.368620e-03
<MEAN> 25
 -3.580707e+00 9.307716e-02 -7.093381e-01 7.910558e+00 6.416685e+00 4.622028e+00 4.702881e+00 4.560894e+00 4.120050e+00 3.549112e+00 4.428133e+00 2.362819e+00 -1.757671e-05 2.463290e-02 2.425817e-02 5.598745e-02 6.339782e-02 4.188955e-02 3.342931e-02 4.492900e-02 4.027941e-02 3.053806e-02 2.564317e-02 8.530378e-03 2.914950e-06
<VARIANCE> 25
 9.190348e+00 1.034877e+01 9.213836e+00 1.897788e+01 1.344586e+01 1.338191e+01 1.193764e+01 1.123757e+01 1.151950e+01 1.352930e+01 1.765029e+01 1.245065e+01 4.086393e-02 8.772281e-02 1.588031e-01 2.293773e-01 3.155085e-01 3.946760e-01 4.603279e-01 5.385056e-01 5.414057e-01 5.185184e-01 5.258516e-01 5.144899e-01 1.008560e-06
<GCONST> 4.739263e+01
<MIXTURE> 55 7.368620e-03
<MEAN> 25
 -3.580707e+00 9.307716e-02 -7.093381e-01 7.910558e+00 6.416685e+00 4.622028e+00 4.702881e+00 4.560894e+00 4.120050e+00 3.549112e+00 4.428133e+00 2.362819e+00 -1.757671e-05 2.463290e-02 2.425817e-02 5.598745e-02 6.339782e-02 4.188955e-02 3.342931e-02 4.492900e-02 4.027941e-02 3.053806e-02 2.564317e-02 8.530378e-03 2.914950e-06
<VARIANCE> 25
 9.190348e+00 1.034877e+01 9.213836e+00 1.897788e+01 1.344586e+01 1.338191e+01 1.193764e+01 1.123757e+01 1.151950e+01 1.352930e+01 1.765029e+01 1.245065e+01 4.086393e-02 8.772281e-02 1.588031e-01 2.293773e-01 3.155085e-01 3.946760e-01 4.603279e-01 5.385056e-01 5.414057e-01 5.185184e-01 5.258516e-01 5.144899e-01 1.008560e-06
<GCONST> 4.739263e+01
<MIXTURE> 56 6.132464e-03
<MEAN> 25
 7.516384e+00 -7.137126e+00 -9.059574e+00 -8.589408e+00 3.752431e+00 3.787615e+00 -2.095693e+00 -1.432143e+00 1.648588e+00 8.742579e-01 -2.195453e+00 -7.444416e+00 -3.333438e-02 4.961162e-02 -1.142771e-01 9.312382e-02 3.078925e-01 1.090707e-01 2.312445e-01 -1.622977e-01 -6.123580e-02 -8.375745e-02 -3.626759e-02 -6.409001e-02 -6.588496e-03
<VARIANCE> 25
 8.853726e+00 2.409086e+01 1.941982e+01 3.947247e+01 3.209260e+01 5.006443e+01 5.918171e+01 3.529251e+01 3.809510e+01 3.629879e+01 3.948425e+01 3.062620e+01 2.124933e-01 4.289898e-01 4.463015e-01 8.101409e-01 7.925063e-01 1.081992e+00 1.097789e+00 8.883107e-01 8.604030e-01 9.125238e-01 1.029530e+00 8.699505e-01 2.374631e-04
<GCONST> 7.501837e+01
<MIXTURE> 57 6.132464e-03
<MEAN> 25
 7.516384e+00 -7.137126e+00 -9.059574e+00 -8.589408e+00 3.752431e+00 3.787615e+00 -2.095693e+00 -1.432143e+00 1.648588e+00 8.742579e-01 -2.195453e+00 -7.444416e+00 -3.333438e-02 4.961162e-02 -1.142771e-01 9.312382e-02 3.078925e-01 1.090707e-01 2.312445e-01 -1.622977e-01 -6.123580e-02 -8.375745e-02 -3.626759e-02 -6.409001e-02 -6.588496e-03
<VARIANCE> 25
 8.853726e+00 2.409086e+01 1.941982e+01 3.947247e+01 3.209260e+01 5.006443e+01 5.918171e+01 3.529251e+01 3.809510e+01 3.629879e+01 3.948425e+01 3.062620e+01 2.124933e-01 4.289898e-01 4.463015e-01 8.101409e-01 7.925063e-01 1.081992e+00 1.097789e+00 8.883107e-01 8.604030e-01 9.125238e-01 1.029530e+00 8.699505e-01 2.374631e-04
<GCONST> 7.501837e+01
<MIXTURE> 58 6.172147e-03
<MEAN> 25
 2.586624e+00 -3.084566e+00 7.341566e+00 -5.243034e+00 -1.344409e+01 -5.623980e+00 1.632843e+00 8.211169e-01 -2.424904e+00 1.820095e+00 5.606738e-01 -8.624753e-01 -3.098400e-02 -1.395533e-01 -7.257605e-02 -1.588189e-01 -1.534689e-02 2.383201e-01 3.782366e-01 2.274697e-01 2.098917e-02 1.486406e-02 -7.339029e-02 -1.373224e-01 -2.974096e-03
<VARIANCE> 25
 7.355504e+00 1.528273e+01 2.036567e+01 2.741287e+01 2.334337e+01 4.628619e+01 3.279664e+01 3.472163e+01 3.216766e+01 3.137511e+01 2.284105e+01 2.036340e+01 3.074957e-01 8.030347e-01 7.497569e-01 1.019712e+00 8.866825e-01 1.211017e+00 1.148236e+00 1.296748e+00 1.076017e+00 1.063821e+00 9.178399e-01 8.862037e-01 7.243754e-04
<GCONST> 7.557661e+01
<MIXTURE> 59 6.172147e-03
<MEAN> 25
 2.586624e+00 -3.084566e+00 7.341566e+00 -5.243034e+00 -1.344409e+01 -5.623980e+00 1.632843e+00 8.211169e-01 -2.424904e+00 1.820095e+00 5.606738e-01 -8.624753e-01 -3.098400e-02 -1.395533e-01 -7.257605e-02 -1.588189e-01 -1.534689e-02 2.383201e-01 3.782366e-01 2.274697e-01 2.098917e-02 1.486406e-02 -7.339029e-02 -1.373224e-01 -2.974096e-03
<VARIANCE> 25
 7.355504e+00 1.528273e+01 2.036567e+01 2.741287e+01 2.334337e+01 4.628619e+01 3.279664e+01 3.472163e+01 3.216766e+01 3.137511e+01 2.284105e+01 2.036340e+01 3.074957e-01 8.030347e-01 7.497569e-01 1.019712e+00 8.866825e-01 1.211017e+00 1.148236e+00 1.296748e+00 1.076017e+00 1.063821e+00 9.178399e-01 8.862037e-01 7.243754e-04
<GCONST> 7.557661e+01
<MIXTURE> 60 4.479129e-03
<MEAN> 25
 -3.029322e+00 1.896846e-01 -1.738274e+00 2.647333e+00 1.789353e+00 2.399533e+00 2.511690e+00 1.920073e+00 3.041879e+00 6.350083e-01 1.922250e+00 2.276750e+00 -3.635940e-02 6.066671e-02 8.298603e-02 1.212424e-01 3.038884e-02 6.071899e-02 6.040338e-02 2.658037e-01 5.712082e-01 6.618569e-01 5.938558e-01 3.622384e-01 -6.930006e-04
<VARIANCE> 25
 7.576431e+00 4.960952e+00 8.601906e+00 1.079595e+01 1.274964e+01 1.370019e+01 1.349553e+01 1.119813e+01 1.203089e+01 1.157915e+01 1.475159e+01 1.194229e+01 9.905460e-02 1.873873e-01 2.764914e-01 4.494496e-01 5.774702e-01 6.299363e-01 7.044092e-01 9.953431e-01 8.157358e-01 7.452483e-01 8.342735e-01 8.109894e-01 3.097813e-05
<GCONST> 5.568497e+01
<MIXTURE> 61 4.479129e-03
<MEAN> 25
 -3.029322e+00 1.896846e-01 -1.738274e+00 2.647333e+00 1.789353e+00 2.399533e+00 2.511690e+00 1.920073e+00 3.041879e+00 6.350083e-01 1.922250e+00 2.276750e+00 -3.635940e-02 6.066671e-02 8.298603e-02 1.212424e-01 3.038884e-02 6.071899e-02 6.040338e-02 2.658037e-01 5.712082e-01 6.618569e-01 5.938558e-01 3.622384e-01 -6.930006e-04
<VARIANCE> 25
 7.576431e+00 4.960952e+00 8.601906e+00 1.079595e+01 1.274964e+01 1.370019e+01 1.349553e+01 1.119813e+01 1.203089e+01 1.157915e+01 1.475159e+01 1.194229e+01 9.905460e-02 1.873873e-01 2.764914e-01 4.494496e-01 5.774702e-01 6.299363e-01 7.044092e-01 9.953431e-01 8.157358e-01 7.452483e-01 8.342735e-01 8.109894e-01 3.097813e-05
<GCONST> 5.568497e+01
<MIXTURE> 62 3.278034e-03
<MEAN> 25
 -5.196351e+00 1.294648e+00 7.721235e-01 8.516831e+00 5.931596e+00 4.866626e+00 5.341716e+00 4.107371e+00 4.995510e+00 3.939341e+00 4.765938e+00 2.966775e+00 -1.004516e+00 -1.205010e+00 -9.230301e-01 -2.329795e-01 4.372612e-01 1.042331e+00 1.343664e+00 1.533078e+00 1.401696e+00 1.177510e+00 1.126195e+00 7.495477e-01 -1.403689e-03
<VARIANCE> 25
 9.888077e+00 9.672457e+00 1.429802e+01 1.845550e+01 1.781051e+01 1.776781e+01 1.962740e+01 1.860394e+01 1.822591e+01 1.807895e+01 2.185891e+01 1.427890e+01 3.883601e-01 4.564449e-01 5.578243e-01 8.020077e-01 1.000753e+00 1.188345e+00 1.252577e+00 1.242959e+00 1.436873e+00 1.428625e+00 1.448143e+00 1.336865e+00 1.628748e-05
<GCONST> 6.771772e+01
<MIXTURE> 63 4.351215e-03
<MEAN> 25
 -3.308623e+00 -9.659887e-01 -4.082560e+00 2.326412e+00 3.347066e+00 5.639976e-01 2.709171e+00 1.677163e+00 2.751073e+00 -6.820776e-01 -1.249159e+00 2.510075e+00 -7.816086e-02 2.641808e-01 4.557019e-01 4.769618e-01 4.112461e-01 3.341621e-01 2.854959e-01 1.944892e-01 1.798658e-01 2.848110e-01 1.583909e-01 1.285928e-01 -1.176419e-03
<VARIANCE> 25
 8.715974e+00 1.616015e+01 1.475557e+01 1.347556e+01 1.577091e+01 2.464131e+01 2.086208e+01 2.138375e+01 2.422430e+01 1.826947e+01 1.642545e+01 1.354182e+01 2.517299e-01 4.310875e-01 5.911347e-01 6.466635e-01 9.228868e-01 1.234849e+00 1.159184e+00 1.245948e+00 1.215914e+00 1.206738e+00 1.245129e+00 1.152565e+00 2.262017e-04
<GCONST> 6.941386e+01
<MIXTURE> 64 4.351215e-03
<MEAN> 25
 -3.308623e+00 -9.659887e-01 -4.082560e+00 2.326412e+00 3.347066e+00 5.639976e-01 2.709171e+00 1.677163e+00 2.751073e+00 -6.820776e-01 -1.249159e+00 2.510075e+00 -7.816086e-02 2.641808e-01 4.557019e-01 4.769618e-01 4.112461e-01 3.341621e-01 2.854959e-01 1.944892e-01 1.798658e-01 2.848110e-01 1.583909e-01 1.285928e-01 -1.176419e-03
<VARIANCE> 25
 8.715974e+00 1.616015e+01 1.475557e+01 1.347556e+01 1.577091e+01 2.464131e+01 2.086208e+01 2.138375e+01 2.422430e+01 1.826947e+01 1.642545e+01 1.354182e+01 2.517299e-01 4.310875e-01 5.911347e-01 6.466635e-01 9.228868e-01 1.234849e+00 1.159184e+00 1.245948e+00 1.215914e+00 1.206738e+00 1.245129e+00 1.152565e+00 2.262017e-04
<GCONST> 6.941386e+01
<MIXTURE> 65 1.721197e-02
<MEAN> 25
 7.586265e+00 1.902752e+00 1.766595e+00 1.185449e+00 -5.477102e+00 -4.617388e+00 -5.375165e+00 -6.966513e+00 -4.058303e+00 -2.032614e+00 -4.978640e+00 -2.259356e+00 1.674494e-01 2.065167e-01 1.369901e-02 9.920432e-02 -2.445640e-01 3.878419e-01 -1.172195e-01 -5.024304e-02 2.613689e-01 -9.393474e-02 2.811158e-02 -2.255157e-01 -6.975103e-03
<VARIANCE> 25
 1.034408e+01 2.278932e+01 2.350589e+01 3.350539e+01 3.402607e+01 5.395169e+01 5.538744e+01 5.320549e+01 4.907006e+01 5.636335e+01 5.160751e+01 4.967754e+01 5.567315e-01 1.002901e+00 1.651639e+00 1.872633e+00 2.123946e+00 2.101064e+00 2.221648e+00 3.408708e+00 2.256201e+00 2.286077e+00 2.179118e+00 2.165692e+00 4.259491e-04
<GCONST> 8.885424e+01
<MIXTURE> 66 1.191532e-02
<MEAN> 25
 6.676806e+00 -4.344031e+00 -5.517824e+00 -4.544780e+00 1.086882e+00 -4.915449e+00 -6.471177e+00 7.296467e-01 3.176755e-01 -1.552180e+00 -5.622628e+00 -3.900173e+00 -1.016385e-01 1.669804e+00 2.111982e+00 2.241152e+00 -1.186414e+00 -1.184507e+00 1.821343e-01 -5.902044e-01 -8.410353e-02 -8.146957e-02 -3.426515e-01 1.100501e+00 -6.416471e-02
<VARIANCE> 25
 8.471759e+00 2.183456e+01 2.555234e+01 3.216538e+01 3.710658e+01 5.181083e+01 5.581301e+01 4.646807e+01 5.238618e+01 6.539153e+01 3.843401e+01 3.766602e+01 1.323130e+00 2.313903e+00 2.448565e+00 2.480102e+00 4.110679e+00 4.128181e+00 4.316848e+00 4.783153e+00 4.114835e+00 4.831118e+00 3.857632e+00 3.204631e+00 1.405264e-03
<GCONST> 9.643626e+01
<MIXTURE> 67 1.559142e-02
<MEAN> 25
 8.867098e+00 1.317752e+00 -5.875952e+00 -7.750355e+00 5.837004e-01 2.844224e+00 -3.070442e+00 -2.049295e+00 -3.528163e+00 1.399987e+00 -8.592049e-02 -2.264481e+00 -1.227272e+00 1.965791e+00 9.859210e-01 2.837162e+00 1.439437e+00 -6.215983e-01 1.282810e+00 2.048053e-01 2.372858e-01 2.447226e-01 -4.047722e-01 6.898397e-01 -1.234682e-01
<VARIANCE> 25
 1.082518e+01 4.100845e+01 2.838559e+01 5.383597e+01 4.680334e+01 5.205753e+01 5.808306e+01 4.931684e+01 6.010928e+01 5.686579e+01 5.132129e+01 4.641653e+01 2.336774e+00 3.406101e+00 3.076207e+00 4.699605e+00 4.255465e+00 4.378010e+00 4.378013e+00 4.791855e+00 5.097271e+00 4.454380e+00 4.874644e+00 3.544588e+00 3.218820e-03
<GCONST> 1.019926e+02
<MIXTURE> 68 1.485092e-02
<MEAN> 25
 -2.459102e+00 -2.226354e+00 -3.609346e+00 1.047397e+00 5.388689e+00 -4.767342e-01 1.797567e+00 2.553054e+00 1.055123e+00 1.113410e+00 5.312397e-01 1.446998e+00 2.929105e+00 2.063424e-01 -8.059907e-02 -2.597641e+00 -2.373510e+00 -1.467937e+00 -2.343660e+00 -1.918376e+00 -1.630074e+00 -1.238085e+00 -1.808822e+00 -1.254565e+00 9.656741e-02
<VARIANCE> 25
 2.450165e+01 2.851052e+01 5.361010e+01 4.687470e+01 4.165673e+01 4.939271e+01 4.093082e+01 4.170144e+01 4.212178e+01 4.172587e+01 3.396936e+01 2.623838e+01 1.998443e+00 4.212781e+00 5.497809e+00 5.292315e+00 4.223936e+00 5.160889e+00 5.098392e+00 4.553006e+00 4.490911e+00 5.361322e+00 4.680007e+00 3.364508e+00 5.725452e-03
<GCONST> 1.021639e+02
<MIXTURE> 69 1.204884e-02
<MEAN> 25
 4.643568e+00 -4.201745e+00 -3.536348e+00 -3.607455e+00 -3.456584e+00 -7.836155e+00 -1.127053e+00 2.210897e+00 -3.409139e-01 -4.681789e+00 -5.673260e+00 9.208237e-01 1.669619e+00 -2.222645e+00 -1.324413e+00 -2.241282e+00 -5.367350e-01 -3.375398e-01 -4.865381e-01 6.089187e-01 -6.367987e-01 -1.457749e+00 -2.177348e+00 -1.811298e-01 6.223309e-02
<VARIANCE> 25
 8.982584e+00 2.183868e+01 2.670678e+01 2.583274e+01 4.272440e+01 3.610172e+01 4.873881e+01 3.145353e+01 4.003330e+01 3.806465e+01 3.089382e+01 2.464910e+01 3.570406e+00 2.935023e+00 3.369884e+00 3.676980e+00 5.730259e+00 5.028076e+00 7.077197e+00 6.084951e+00 5.917299e+00 5.882377e+00 4.421577e+00 3.692397e+00 2.452236e-03
<GCONST> 9.872456e+01
<MIXTURE> 70 1.329190e-02
<MEAN> 25
 7.137916e+00 -3.674578e+00 -3.639438e+00 -4.536771e+00 -7.611999e-01 -1.576620e+00 -7.066760e+00 -3.641084e+00 -2.599761e-01 4.163943e+00 3.365839e-01 -5.332698e+00 1.976990e+00 -1.451277e+00 -8.523786e-01 -2.185516e+00 -1.613774e+00 8.109906e-01 -1.194835e+00 9.250718e-03 4.905733e-01 2.403604e-01 1.091639e+00 -1.848395e+00 6.156974e-02
<VARIANCE> 25
 8.447083e+00 2.309955e+01 2.513124e+01 3.849934e+01 2.592929e+01 4.758451e+01 4.007748e+01 3.354902e+01 3.923218e+01 2.616960e+01 3.474298e+01 2.275917e+01 3.419182e+00 2.791022e+00 3.973287e+00 3.886142e+00 4.081660e+00 5.133953e+00 5.290689e+00 7.026533e+00 4.769768e+00 5.210876e+00 5.429632e+00 3.769053e+00 1.994488e-03
<GCONST> 9.768925e+01
<MIXTURE> 71 1.406903e-02
<MEAN> 25
 6.000721e+00 3.651880e+00 4.272667e+00 2.357703e+00 -3.673684e+00 -2.442312e+00 -2.759103e+00 -6.150316e+00 -4.335987e+00 -1.803659e+00 -4.659339e+00 -3.705215e+00 -1.610881e+00 -6.392434e-01 1.581650e-03 -1.714218e+00 1.138611e+00 -1.687665e-01 -2.998687e-01 1.625406e+00 1.039016e-01 -2.929395e-01 6.322586e-01 1.952408e-01 3.765497e-02
<VARIANCE> 25
 1.864983e+01 3.231403e+01 2.229896e+01 4.158323e+01 3.472242e+01 3.690413e+01 3.943715e+01 3.755069e+01 3.567818e+01 4.366580e+01 3.109540e+01 3.662418e+01 1.619856e+00 2.711892e+00 4.635639e+00 4.798336e+00 4.088728e+00 3.977746e+00 4.951371e+00 6.345492e+00 5.037841e+00 4.417923e+00 2.959391e+00 2.836801e+00 1.348540e-03
<GCONST> 9.746545e+01
<MIXTURE> 72 8.134747e-03
<MEAN> 25
 3.191133e+00 -3.440007e+00 5.091109e+00 -1.932475e+00 -9.089114e+00 -9.326035e+00 -2.904676e+00 1.110188e+00 -5.566749e+00 -2.425068e+00 -2.399505e+00 7.268208e-01 9.632845e-01 -8.421971e-01 -2.612339e+00 4.126138e-01 2.272578e+00 -6.885819e-01 -1.488666e+00 1.548555e+00 1.903914e+00 -4.422076e-01 -1.140396e+00 5.590261e-01 -6.190814e-03
<VARIANCE> 25
 1.308212e+01 1.828335e+01 3.107679e+01 3.747403e+01 4.500200e+01 3.120537e+01 3.911708e+01 3.886647e+01 4.322525e+01 3.805861e+01 3.784264e+01 2.612481e+01 4.037543e-01 9.686749e-01 1.858865e+00 1.361589e+00 2.171977e+00 2.162365e+00 3.083786e+00 2.489919e+00 2.439908e+00 2.911178e+00 2.047556e+00 2.166097e+00 4.957095e-04
<GCONST> 8.677579e+01
<MIXTURE> 73 1.213625e-02
<MEAN> 25
 -5.636365e+00 -7.697256e-01 -1.611883e+00 4.611998e+00 4.471482e+00 2.479466e+00 5.116150e+00 3.404317e+00 4.311110e+00 3.286692e+00 4.123455e+00 3.055919e+00 7.787283e-01 -1.155288e+00 -9.403902e-01 -2.584529e+00 -1.076622e+00 -1.670080e+00 -9.790390e-01 -5.451253e-01 -1.006186e+00 -6.143305e-01 -1.016897e+00 -4.040568e-01 1.500844e-01
<VARIANCE> 25
 1.238850e+01 1.251421e+01 1.648300e+01 2.217518e+01 2.254842e+01 2.337532e+01 2.097092e+01 1.943372e+01 1.976567e+01 1.817309e+01 2.170664e+01 1.484714e+01 4.123381e+00 3.111089e+00 5.609857e+00 4.420545e+00 6.391817e+00 4.379032e+00 4.103733e+00 4.046613e+00 3.721348e+00 4.192100e+00 3.445032e+00 2.736115e+00 4.400621e-03
<GCONST> 9.229748e+01
<MIXTURE> 74 1.756491e-02
<MEAN> 25
 4.359900e+00 -1.785741e+00 5.147621e+00 -5.026755e-01 -9.001529e+00 -6.692362e+00 -2.759307e+00 4.625567e-01 -3.945867e+00 -3.632818e+00 -1.115138e+00 1.080451e-02 1.407018e-01 2.022792e+00 -9.021807e-02 1.338993e+00 1.243705e+00 3.247034e-01 6.165459e-01 -1.038267e+00 4.947995e-01 4.687327e-01 -6.779943e-01 1.895754e-01 -7.672104e-02
<VARIANCE> 25
 9.231544e+00 2.082062e+01 3.736737e+01 3.016974e+01 4.098748e+01 4.525853e+01 4.020607e+01 4.367302e+01 4.013163e+01 4.304547e+01 3.321179e+01 2.652073e+01 2.135042e+00 1.758973e+00 3.676605e+00 2.469385e+00 3.933106e+00 3.546001e+00 4.567139e+00 3.419559e+00 3.500375e+00 3.373791e+00 3.441035e+00 3.144744e+00 1.380510e-03
<GCONST> 9.464272e+01
<MIXTURE> 75 9.711651e-03
<MEAN> 25
 2.066572e+00 -1.028940e+00 1.113384e+01 2.327330e-01 -1.141072e+01 -5.395671e+00 -5.617524e+00 -1.880558e+00 -5.461915e+00 -6.082679e+00 3.802125e+00 8.014622e-01 1.481593e+00 -1.794231e+00 5.158899e-01 -2.118500e-02 -2.884821e+00 -7.255714e-02 -1.448886e+00 4.536257e-01 -3.107736e-01 -1.045752e+00 1.345428e+00 -7.049655e-01 4.319011e-02
<VARIANCE> 25
 9.160574e+00 1.921903e+01 2.490743e+01 2.769242e+01 2.740100e+01 3.794492e+01 2.679227e+01 2.682593e+01 2.769310e+01 3.467626e+01 1.707709e+01 1.802709e+01 1.958515e+00 2.608045e+00 3.479837e+00 2.514004e+00 3.347979e+00 3.521503e+00 3.103699e+00 3.113189e+00 3.143280e+00 3.589042e+00 2.737363e+00 2.279916e+00 1.219743e-03
<GCONST> 8.985544e+01
<MIXTURE> 76 1.052359e-02
<MEAN> 25
 -6.121175e+00 -1.090465e+00 -2.986387e+00 3.634223e+00 4.728059e+00 1.646000e+00 2.996386e+00 1.540459e+00 1.581300e+00 2.370871e-01 1.201985e+00 2.784876e+00 -7.488762e-02 -6.534637e-01 -1.868159e-01 -6.267762e-01 -4.369687e-01 -8.775367e-01 -4.808448e-01 -2.466834e-01 -4.966912e-01 -3.344719e-01 -1.968169e-01 -1.653562e-01 1.840701e-02
<VARIANCE> 25
 3.224754e+01 2.660749e+01 2.670233e+01 2.254765e+01 2.833987e+01 2.918987e+01 2.682097e+01 2.369738e+01 3.066829e+01 2.048701e+01 2.351658e+01 1.715933e+01 1.112777e+00 1.219725e+00 1.228174e+00 1.281193e+00 1.336607e+00 1.540368e+00 1.545677e+00 1.471058e+00 1.490684e+00 1.317283e+00 1.243567e+00 1.126826e+00 1.167639e-03
<GCONST> 8.127970e+01
<MIXTURE> 77 1.244626e-02
<MEAN> 25
 -5.244177e-01 8.569500e+00 1.211605e+01 -1.124622e+01 -6.790147e+00 9.741972e-01 -9.096690e+00 -7.126857e+00 -3.420637e+00 -1.141674e-01 -4.612303e+00 -1.409353e+00 5.985383e-02 1.400665e-01 7.269807e-02 2.442769e-01 -1.146112e-02 8.823147e-02 -8.328696e-02 -4.499608e-02 8.987961e-02 -3.423521e-02 4.039359e-02 1.471264e-01 -9.529396e-03
<VARIANCE> 25
 1.026791e+01 1.953249e+01 3.051220e+01 4.485617e+01 3.386673e+01 3.330429e+01 3.675218e+01 3.133924e+01 3.437963e+01 3.255927e+01 3.674093e+01 3.433673e+01 2.959351e-01 7.616273e-01 6.286089e-01 1.065524e+00 1.210821e+00 1.027090e+00 1.205965e+00 1.070044e+00 1.030308e+00 1.047276e+00 9.646357e-01 9.428100e-01 5.321740e-04
<GCONST> 7.773236e+01
<MIXTURE> 78 9.702551e-03
<MEAN> 25
 -1.122253e+01 1.139031e+00 -1.631705e+00 2.270047e+00 4.351856e+00 -2.313629e+00 3.589422e+00 2.524619e+00 2.477163e+00 6.925719e-01 -6.113495e-01 2.903023e+00 2.330366e+00 -1.963530e-01 2.091371e-01 4.850258e-01 -9.159445e-02 3.977289e-02 -3.140058e-01 -9.042647e-02 2.620540e-01 1.203507e-01 -3.960129e-01 -4.865451e-01 -6.037267e-02
<VARIANCE> 25
 4.215820e+01 3.158107e+01 3.136263e+01 3.121580e+01 3.835117e+01 3.599108e+01 3.493886e+01 3.215899e+01 2.913616e+01 2.740085e+01 2.630448e+01 1.983808e+01 4.899247e+00 2.647233e+00 2.770240e+00 3.156923e+00 2.840790e+00 3.606065e+00 3.138906e+00 2.760772e+00 2.373821e+00 2.297697e+00 2.187888e+00 2.086450e+00 4.568180e-03
<GCONST> 9.426509e+01
<MIXTURE> 79 1.156824e-02
<MEAN> 25
 2.254755e+00 1.356586e+00 9.401883e+00 -6.546017e+00 -1.237977e+01 -2.009764e+00 -2.007895e+00 -6.787646e+00 -6.986006e+00 -8.346685e-02 -3.307546e+00 -3.341266e+00 1.152716e+00 -4.520351e-01 -1.444623e+00 2.257762e+00 5.229950e-01 -1.484026e+00 6.208846e-01 9.155580e-01 -3.919252e-01 -3.724826e-01 1.626465e-01 1.958825e-01 -3.824897e-02
<VARIANCE> 25
 1.417435e+01 2.386488e+01 3.678636e+01 4.767999e+01 3.340668e+01 4.326327e+01 4.095327e+01 3.740795e+01 4.130389e+01 4.141630e+01 4.290205e+01 2.971148e+01 1.006320e+00 2.238541e+00 1.807748e+00 2.169504e+00 2.804559e+00 2.754129e+00 3.161611e+00 3.468570e+00 2.473980e+00 3.110112e+00 2.841343e+00 2.068681e+00 1.246572e-03
<GCONST> 9.218806e+01
<MIXTURE> 80 7.550998e-03
<MEAN> 25
 -1.450715e+01 3.915277e+00 6.797988e-01 2.844252e+00 2.527972e+00 1.429075e+00 6.318151e+00 2.562376e+00 2.605659e+00 2.335847e+00 4.836382e+00 1.212883e+00 4.276910e+00 -4.020166e-02 1.612283e+00 -1.154489e+00 -2.865337e+00 -2.755272e+00 -2.329704e+00 -2.028195e+00 -1.981620e+00 -1.676724e+00 -1.644626e+00 -6.414071e-01 -4.316927e-02
<VARIANCE> 25
 2.137665e+01 1.989591e+01 3.400355e+01 3.427780e+01 3.019955e+01 2.883206e+01 2.832692e+01 2.847184e+01 2.730541e+01 2.851678e+01 2.652339e+01 1.790532e+01 2.331824e+00 2.676481e+00 2.682424e+00 4.089513e+00 3.387927e+00 2.702495e+00 2.987629e+00 3.163262e+00 2.715598e+00 2.669915e+00 2.746371e+00 2.224634e+00 1.570635e-03
<GCONST> 9.136488e+01
<MIXTURE> 81 8.025434e-03
<MEAN> 25
 -1.119754e+00 4.053777e+00 1.019126e+01 -1.477091e+01 -9.089725e+00 -1.421404e+00 -6.753500e+00 -8.427688e+00 -4.165608e+00 -4.318006e-01 -7.545182e+00 -2.241650e+00 1.323208e-01 -5.823606e-01 -5.553003e-03 -5.563260e-01 -4.606156e-01 3.247035e-01 3.225485e-01 1.324714e-01 -1.475394e-01 1.111985e-01 -4.731878e-01 -1.291228e-01 1.140829e-02
<VARIANCE> 25
 1.012498e+01 3.278539e+01 2.644761e+01 2.947788e+01 3.376599e+01 3.044296e+01 4.533426e+01 2.825332e+01 3.811320e+01 3.186228e+01 2.545920e+01 3.104205e+01 7.786481e-01 2.276484e+00 1.544564e+00 2.865895e+00 2.674770e+00 2.160473e+00 3.283608e+00 2.290015e+00 2.365785e+00 2.582110e+00 2.307878e+00 2.081101e+00 1.187912e-03
<GCONST> 8.875083e+01
<MIXTURE> 82 8.213053e-03
<MEAN> 25
 -9.920567e+00 -3.873006e+00 1.617100e+00 -2.981461e+00 3.123167e+00 6.988127e-01 1.960833e+00 9.587092e-01 3.015472e+00 1.739697e+00 1.739681e+00 3.062273e+00 -1.317166e+00 -1.357825e-01 2.854823e-01 -2.590743e+00 -1.072807e+00 -1.251445e+00 -1.016503e+00 -8.659573e-01 -3.297991e-01 -4.688453e-01 -3.086731e-01 -9.583156e-02 1.773542e-01
<VARIANCE> 25
 1.812065e+01 2.479461e+01 3.279226e+01 3.078807e+01 3.288425e+01 3.209818e+01 3.159453e+01 3.284179e+01 3.083139e+01 2.491765e+01 3.050891e+01 1.772947e+01 3.734908e+00 3.075184e+00 3.299756e+00 3.257599e+00 3.638374e+00 3.278778e+00 2.918695e+00 2.992646e+00 2.824960e+00 2.498608e+00 2.433565e+00 1.863907e+00 3.524899e-03
<GCONST> 9.309636e+01
<MIXTURE> 83 1.167529e-02
<MEAN> 25
 -2.003800e+01 5.502327e+00 -1.790326e+00 -4.036719e-01 7.829844e+00 -1.232418e+00 5.459006e+00 3.043015e+00 1.189890e+00 2.189595e+00 7.243460e-01 2.881314e+00 -2.630808e-02 -4.505192e-01 5.040750e-03 -3.651297e-01 -4.971238e-01 -1.259003e-01 -1.345796e-01 -9.961882e-02 -4.176282e-02 -3.936581e-02 -3.056159e-02 -3.464098e-02 4.409096e-03
<VARIANCE> 25
 8.844047e+00 1.646212e+01 2.850745e+01 2.248850e+01 2.127052e+01 2.408839e+01 2.202536e+01 2.336801e+01 2.044991e+01 2.221939e+01 2.318950e+01 1.448426e+01 1.060662e+00 9.364169e-01 1.240556e+00 1.066231e+00 1.359457e+00 1.291080e+00 1.283282e+00 1.387939e+00 1.349035e+00 1.310480e+00 1.220507e+00 1.071374e+00 8.922513e-04
<GCONST> 7.703815e+01
<MIXTURE> 84 1.066614e-02
<MEAN> 25
 1.252524e+00 8.371888e+00 6.624180e+00 7.175320e+00 2.472805e+00 -1.032735e+00 -1.382498e+00 -3.993823e+00 -3.455415e+00 -2.708642e+00 -2.843239e+00 -1.491588e+00 -1.604755e+00 -1.016436e+00 -1.294619e+00 1.184986e+00 2.505346e+00 1.724962e+00 1.293805e+00 1.260711e+00 1.423736e+00 4.226779e-01 2.007714e-01 5.781286e-01 -7.235380e-02
<VARIANCE> 25
 2.109282e+01 1.931150e+01 2.305973e+01 2.403937e+01 2.643772e+01 2.490651e+01 2.606689e+01 2.461222e+01 2.850035e+01 2.322856e+01 2.483094e+01 2.392684e+01 2.007344e+00 2.332246e+00 3.459520e+00 3.283268e+00 3.806021e+00 3.938859e+00 3.338415e+00 3.209370e+00 3.400158e+00 2.837543e+00 3.566874e+00 2.621239e+00 3.055095e-03
<GCONST> 9.187437e+01
<MIXTURE> 85 7.591393e-03
<MEAN> 25
 -3.036977e+00 7.794341e+00 5.845589e+00 1.028162e+00 -3.453460e+00 -5.292470e+00 -3.067296e+00 -5.985157e+00 -3.570029e+00 -3.141484e+00 -4.549522e-01 -1.684552e+00 3.880462e+00 3.431453e-01 1.691663e+00 -1.989784e+00 -3.433528e+00 -2.506837e+00 -2.833598e+00 -2.334936e+00 -2.241883e+00 -1.345267e+00 -2.183293e+00 -6.350487e-01 9.602502e-03
<VARIANCE> 25
 4.149496e+01 2.332709e+01 3.653117e+01 3.985765e+01 3.858062e+01 4.096736e+01 3.126196e+01 2.746291e+01 2.703933e+01 2.540435e+01 2.606370e+01 2.193471e+01 2.712727e+00 4.240056e+00 4.035727e+00 5.284350e+00 4.295878e+00 3.905612e+00 3.825509e+00 3.847873e+00 3.772079e+00 4.152551e+00 4.227078e+00 3.467566e+00 5.261557e-03
<GCONST> 9.830793e+01
<MIXTURE> 86 1.273941e-02
<MEAN> 25
 -3.221504e+00 -9.069680e-02 -1.660869e+00 4.530309e+00 4.534205e+00 4.254378e+00 5.142098e+00 5.056879e+00 5.389636e+00 3.098957e+00 3.938027e+00 3.064811e+00 -2.846444e-04 -8.539045e-03 -2.292500e-02 2.404332e-02 -2.175573e-02 -1.657251e-01 -2.482074e-01 -1.704212e-01 -3.123312e-01 -3.823153e-01 -3.382163e-01 -2.988185e-01 -1.446937e-03
<VARIANCE> 25
 8.363303e+00 5.132143e+00 9.298695e+00 1.214385e+01 1.139614e+01 1.020803e+01 1.061883e+01 1.146126e+01 1.095046e+01 1.366298e+01 1.221700e+01 1.000596e+01 8.615255e-02 1.603213e-01 2.877661e-01 5.470980e-01 5.553235e-01 6.521926e-01 7.043737e-01 9.391730e-01 6.917561e-01 7.938768e-01 8.732256e-01 9.492055e-01 8.392468e-05
<GCONST> 5.607274e+01
<MIXTURE> 87 1.100681e-02
<MEAN> 25
 -3.018274e+00 4.207300e+00 3.015332e+00 6.417275e+00 5.753902e+00 5.913880e-01 1.178219e+00 -8.790670e-01 -7.767738e-01 -8.514621e-01 -1.115422e+00 1.873903e-02 -1.939651e+00 -2.775835e+00 -2.068180e+00 -2.175112e+00 9.578217e-02 -2.870479e-01 4.238107e-01 1.151126e+00 1.190970e+00 1.104125e+00 1.084581e+00 8.282920e-01 1.026279e-01
<VARIANCE> 25
 3.515431e+01 2.769774e+01 2.854458e+01 3.309801e+01 2.650813e+01 3.209183e+01 2.895057e+01 2.463057e+01 2.520354e+01 2.226911e+01 2.441515e+01 2.091347e+01 4.120205e+00 2.523345e+00 3.562247e+00 3.459230e+00 4.731906e+00 4.051416e+00 4.100600e+00 3.661440e+00 4.104404e+00 3.162456e+00 3.401452e+00 2.716287e+00 4.537330e-03
<GCONST> 9.546716e+01
<MIXTURE> 88 1.256585e-02
<MEAN> 25
 -3.945848e+00 -1.939230e-01 -2.271062e+00 4.161128e+00 4.259092e+00 3.280568e+00 4.439442e+00 3.497149e+00 4.076548e+00 2.116614e+00 1.933398e+00 2.700599e+00 -1.008379e-01 -1.198789e-01 2.320115e-01 3.014912e-01 3.529796e-01 3.650452e-01 1.639711e-01 1.375618e-01 -4.457540e-01 -3.835497e-01 1.062050e-01 -7.679664e-03 -4.122883e-03
<VARIANCE> 25
 1.260592e+01 8.170613e+00 1.119238e+01 1.294932e+01 1.571150e+01 1.716603e+01 1.737147e+01 1.583039e+01 1.852421e+01 1.648984e+01 1.844222e+01 1.262475e+01 1.127058e+00 1.527591e+00 1.981361e+00 2.100811e+00 2.408677e+00 2.522384e+00 2.658829e+00 2.146502e+00 2.741820e+00 2.381132e+00 2.001184e+00 1.837979e+00 1.179204e-03
<GCONST> 7.989523e+01
<MIXTURE> 89 9.333527e-03
<MEAN> 25
 6.050217e+00 -7.503202e+00 -2.792166e+00 -3.442560e+00 -2.054283e+00 -4.974474e+00 -6.042138e+00 4.689373e+00 2.614067e+00 -2.326784e+00 -5.033814e+00 -4.194345e+00 -6.078618e-01 2.211918e-01 1.583765e+00 1.053792e+00 -1.993940e+00 -1.619089e+00 8.706555e-01 1.568765e+00 -5.564387e-01 -1.359441e+00 4.414241e-01 1.747680e+00 -4.751892e-04
<VARIANCE> 25
 7.583172e+00 2.431781e+01 2.939733e+01 2.945016e+01 3.299970e+01 3.692743e+01 5.116329e+01 3.812730e+01 3.649806e+01 3.672335e+01 3.431500e+01 3.347325e+01 3.047511e-01 8.758268e-01 1.958672e+00 1.329896e+00 1.721435e+00 1.813045e+00 2.548603e+00 2.464572e+00 2.174183e+00 1.884816e+00 1.977254e+00 1.436525e+00 4.773769e-04
<GCONST> 8.427554e+01
<MIXTURE> 90 7.114505e-03
<MEAN> 25
 2.448133e+00 -9.721892e+00 -4.754847e+00 -3.977677e+00 -3.383054e+00 -1.812786e+00 3.366670e+00 1.181074e+00 -7.530953e+00 -1.021520e+01 -3.429604e+00 -7.390676e-01 -1.636150e-01 9.089656e-01 1.168681e+00 -8.539802e-01 -1.612909e+00 -2.119427e-01 6.446082e-01 -2.097835e-01 -1.686726e-01 7.370703e-01 1.830346e-01 -5.501212e-01 -1.114873e-02
<VARIANCE> 25
 8.492457e+00 1.780677e+01 1.980869e+01 2.801857e+01 3.683703e+01 3.217471e+01 3.851855e+01 3.640672e+01 3.522874e+01 2.770874e+01 2.699866e+01 2.613684e+01 2.237310e-01 6.127301e-01 7.867399e-01 1.042765e+00 1.469938e+00 1.591532e+00 1.780592e+00 1.654758e+00 1.810267e+00 1.678194e+00 1.495296e+00 1.308635e+00 2.149641e-04
<GCONST> 7.813383e+01
<MIXTURE> 91 7.852945e-03
<MEAN> 25
 6.410382e+00 -7.887492e+00 -8.419628e+00 -4.950076e+00 3.584447e+00 1.191549e-02 -1.904859e+00 1.604599e-01 2.549288e-01 -1.928547e+00 -3.771569e+00 -6.177578e+00 2.500942e-01 9.979230e-01 2.408895e-01 7.071614e-01 -1.504954e-01 -4.867721e-01 -1.497639e-01 -4.141745e-01 -1.754248e-01 4.541233e-01 -2.846425e-01 2.090463e-01 -3.616337e-02
<VARIANCE> 25
 8.866967e+00 2.053660e+01 1.845029e+01 3.749969e+01 3.228507e+01 5.224721e+01 5.058932e+01 3.931404e+01 4.847757e+01 6.282224e+01 4.291975e+01 4.307793e+01 3.981058e-01 7.869933e-01 1.092286e+00 1.656113e+00 2.200012e+00 2.217743e+00 2.481747e+00 2.989465e+00 2.016274e+00 2.008531e+00 2.035219e+00 1.740201e+00 5.339449e-04
<GCONST> 8.640977e+01
<MIXTURE> 92 7.852945e-03
<MEAN> 25
 6.410382e+00 -7.887492e+00 -8.419628e+00 -4.950076e+00 3.584447e+00 1.191549e-02 -1.904859e+00 1.604599e-01 2.549288e-01 -1.928547e+00 -3.771569e+00 -6.177578e+00 2.500942e-01 9.979230e-01 2.408895e-01 7.071614e-01 -1.504954e-01 -4.867721e-01 -1.497639e-01 -4.141745e-01 -1.754248e-01 4.541233e-01 -2.846425e-01 2.090463e-01 -3.616337e-02
<VARIANCE> 25
 8.866967e+00 2.053660e+01 1.845029e+01 3.749969e+01 3.228507e+01 5.224721e+01 5.058932e+01 3.931404e+01 4.847757e+01 6.282224e+01 4.291975e+01 4.307793e+01 3.981058e-01 7.869933e-01 1.092286e+00 1.656113e+00 2.200012e+00 2.217743e+00 2.481747e+00 2.989465e+00 2.016274e+00 2.008531e+00 2.035219e+00 1.740201e+00 5.339449e-04
<GCONST> 8.640977e+01
<MIXTURE> 93 6.122769e-03
<MEAN> 25
 -6.741524e+00 -9.214882e-01 -2.410197e+00 5.745395e+00 5.880012e+00 3.912908e+00 6.106190e+00 3.573324e+00 4.141900e+00 2.478769e+00 1.813402e+00 3.702740e+00 -5.969338e-02 -1.540399e-01 -2.603143e-01 -3.336644e-01 -3.323827e-01 -2.856278e-01 -2.122904e-01 -1.661215e-01 -1.645291e-01 -1.471364e-01 -1.081603e-01 -3.366527e-02 -9.362682e-06
<VARIANCE> 25
 9.551793e+00 6.094740e+00 8.098419e+00 1.148801e+01 1.150086e+01 1.584899e+01 1.519329e+01 1.638102e+01 1.487457e+01 1.456174e+01 1.676238e+01 1.337026e+01 8.276979e-02 1.549633e-01 2.637213e-01 3.858101e-01 5.027757e-01 6.385481e-01 7.808865e-01 8.975775e-01 9.109131e-01 8.730742e-01 8.896866e-01 9.132723e-01 1.013587e-06
<GCONST> 5.368504e+01
<MIXTURE> 94 6.122769e-03
<MEAN> 25
 -6.741524e+00 -9.214882e-01 -2.410197e+00 5.745395e+00 5.880012e+00 3.912908e+00 6.106190e+00 3.573324e+00 4.141900e+00 2.478769e+00 1.813402e+00 3.702740e+00 -5.969338e-02 -1.540399e-01 -2.603143e-01 -3.336644e-01 -3.323827e-01 -2.856278e-01 -2.122904e-01 -1.661215e-01 -1.645291e-01 -1.471364e-01 -1.081603e-01 -3.366527e-02 -9.362682e-06
<VARIANCE> 25
 9.551793e+00 6.094740e+00 8.098419e+00 1.148801e+01 1.150086e+01 1.584899e+01 1.519329e+01 1.638102e+01 1.487457e+01 1.456174e+01 1.676238e+01 1.337026e+01 8.276979e-02 1.549633e-01 2.637213e-01 3.858101e-01 5.027757e-01 6.385481e-01 7.808865e-01 8.975775e-01 9.109131e-01 8.730742e-01 8.896866e-01 9.132723e-01 1.013587e-06
<GCONST> 5.368504e+01
<MIXTURE> 95 5.258835e-03
<MEAN> 25
 -5.758481e+00 -5.740906e-01 -1.925513e+00 4.892588e+00 4.245289e+00 2.440020e+00 3.722222e+00 1.881507e+00 1.934085e+00 8.243840e-01 1.384081e+00 2.735005e+00 2.343898e-01 1.360706e-01 1.390480e-01 -8.846541e-02 -3.160133e-01 -7.298689e-01 -1.025640e+00 -1.288711e+00 -1.168406e+00 -9.053453e-01 -7.492968e-01 -3.512597e-01 -5.446528e-04
<VARIANCE> 25
 1.188249e+01 6.818286e+00 1.131444e+01 1.286937e+01 1.284424e+01 1.730432e+01 1.699896e+01 1.557575e+01 1.533678e+01 1.370663e+01 1.924781e+01 1.316619e+01 2.709734e-01 2.745598e-01 4.381814e-01 5.892219e-01 7.468461e-01 8.470145e-01 8.108262e-01 9.072623e-01 9.622543e-01 1.084072e+00 1.155040e+00 1.039910e+00 4.380500e-05
<GCONST> 6.266085e+01
<MIXTURE> 96 7.034694e-03
<MEAN> 25
 -4.703446e+00 -2.305118e-01 -2.280746e+00 4.943378e+00 3.726822e+00 1.832835e+00 3.490212e+00 1.519696e+00 2.693555e+00 7.684488e-01 8.209156e-01 2.622303e+00 -1.611449e-02 1.108731e-01 1.808794e-01 4.149027e-01 5.883965e-01 5.061120e-01 2.227619e-01 -1.229019e-01 -4.961329e-01 -7.097114e-01 -5.740013e-01 -3.126140e-01 -7.154334e-05
<VARIANCE> 25
 1.133976e+01 9.652975e+00 1.201152e+01 1.365368e+01 1.401042e+01 1.795592e+01 1.743536e+01 1.873930e+01 1.827471e+01 1.576888e+01 1.898324e+01 1.428395e+01 1.158641e-01 2.269548e-01 3.089531e-01 4.205523e-01 4.934776e-01 7.132443e-01 8.327308e-01 9.424829e-01 9.465954e-01 1.004355e+00 8.364173e-01 9.216771e-01 1.186186e-06
<GCONST> 5.740441e+01
<MIXTURE> 97 7.034694e-03
<MEAN> 25
 -4.703446e+00 -2.305118e-01 -2.280746e+00 4.943378e+00 3.726822e+00 1.832835e+00 3.490212e+00 1.519696e+00 2.693555e+00 7.684488e-01 8.209156e-01 2.622303e+00 -1.611449e-02 1.108731e-01 1.808794e-01 4.149027e-01 5.883965e-01 5.061120e-01 2.227619e-01 -1.229019e-01 -4.961329e-01 -7.097114e-01 -5.740013e-01 -3.126140e-01 -7.154334e-05
<VARIANCE> 25
 1.133976e+01 9.652975e+00 1.201152e+01 1.365368e+01 1.401042e+01 1.795592e+01 1.743536e+01 1.873930e+01 1.827471e+01 1.576888e+01 1.898324e+01 1.428395e+01 1.158641e-01 2.269548e-01 3.089531e-01 4.205523e-01 4.934776e-01 7.132443e-01 8.327308e-01 9.424829e-01 9.465954e-01 1.004355e+00 8.364173e-01 9.216771e-01 1.186186e-06
<GCONST> 5.740441e+01
<MIXTURE> 98 9.917808e-03
<MEAN> 25
 -1.414292e+00 1.696997e+00 -5.804979e-01 3.576778e+00 3.292120e+00 1.824255e+00 2.559502e+00 1.641222e+00 2.565897e+00 1.282398e+00 1.140845e-01 1.186850e+00 -1.752554e+00 -1.131612e+00 -8.411321e-01 1.548058e-02 8.599883e-01 1.302339e+00 1.153087e+00 1.231773e+00 1.770764e+00 8.759788e-01 1.152982e+00 1.184264e+00 -3.889632e-02
<VARIANCE> 25
 1.534331e+01 1.690975e+01 2.853225e+01 2.744036e+01 3.386008e+01 3.149316e+01 2.671705e+01 2.684670e+01 2.401911e+01 2.733771e+01 2.573249e+01 1.822100e+01 1.370795e+00 1.571210e+00 2.212183e+00 2.355900e+00 2.792938e+00 3.017841e+00 2.402316e+00 2.154320e+00 2.537668e+00 2.513366e+00 2.734628e+00 2.292751e+00 2.126855e-03
<GCONST> 8.808262e+01
<MIXTURE> 99 6.696178e-03
<MEAN> 25
 -5.511591e+00 8.485898e+00 5.189871e+00 3.303784e+00 1.464533e+00 -4.759319e+00 -2.261830e+00 -3.532959e+00 -3.434862e+00 -2.318566e+00 -1.951100e+00 8.010942e-01 6.310641e-01 -4.598683e-01 2.994628e-01 -2.809285e-01 -8.997779e-01 -8.573777e-01 -4.094493e-01 -8.816303e-02 3.106041e-02 -1.636091e-02 9.236009e-02 3.544532e-02 7.820102e-03
<VARIANCE> 25
 2.748303e+01 2.240942e+01 3.822801e+01 2.446535e+01 2.800755e+01 3.032251e+01 2.209821e+01 2.289728e+01 2.019917e+01 2.509519e+01 1.565917e+01 2.219288e+01 1.968435e+00 1.986115e+00 1.188104e+00 1.628446e+00 2.277538e+00 2.144187e+00 1.381550e+00 1.743327e+00 1.327461e+00 1.395136e+00 1.107283e+00 1.125036e+00 1.287924e-03
<GCONST> 8.293034e+01
<MIXTURE> 100 4.498084e-03
<MEAN> 25
 -1.646975e+00 6.377630e+00 1.036562e+01 -7.546192e+00 -1.057867e+01 -4.933635e+00 -4.951623e+00 -9.778924e+00 -4.605413e+00 -9.322175e-01 -2.712545e+00 -2.426528e+00 2.897926e+00 -1.214368e+00 1.253594e+00 -2.099369e+00 -3.422064e+00 -7.792289e-01 -1.241504e+00 -8.603716e-01 -1.517670e+00 2.120647e-01 -1.560652e+00 -2.806916e-01 2.598526e-03
<VARIANCE> 25
 1.337623e+01 2.061731e+01 2.214126e+01 2.600539e+01 2.388921e+01 2.374023e+01 2.830337e+01 2.234750e+01 2.757557e+01 2.220445e+01 2.201233e+01 2.344978e+01 1.771637e+00 3.925189e+00 2.904528e+00 4.409102e+00 4.095660e+00 4.422466e+00 3.943915e+00 4.268801e+00 4.108203e+00 4.460955e+00 4.128019e+00 3.143112e+00 1.645180e-03
<GCONST> 9.264712e+01
<MIXTURE> 101 6.007792e-03
<MEAN> 25
 8.091015e+00 -3.495456e+00 -6.306098e+00 -6.865014e+00 8.408092e-01 -1.274230e+00 -1.058535e+01 -2.053008e+00 1.615552e+00 2.713502e+00 -2.373071e+00 -5.152405e+00 6.733286e-01 6.495188e-01 -1.456396e+00 -1.605687e+00 1.031663e+00 2.317782e+00 1.971711e-01 -1.458174e+00 -1.063346e+00 1.032912e+00 1.372056e+00 -4.172781e-01 -4.810772e-03
<VARIANCE> 25
 9.275478e+00 1.673712e+01 2.982853e+01 4.273970e+01 3.620416e+01 3.592894e+01 3.698620e+01 3.620198e+01 3.784399e+01 4.392894e+01 5.185731e+01 2.425926e+01 2.933097e-01 6.701011e-01 1.171013e+00 1.566569e+00 1.685563e+00 2.094320e+00 2.083523e+00 1.993466e+00 2.347349e+00 2.223989e+00 1.785078e+00 1.935465e+00 3.448305e-04
<GCONST> 8.365133e+01
<MIXTURE> 102 6.007792e-03
<MEAN> 25
 8.091015e+00 -3.495456e+00 -6.306098e+00 -6.865014e+00 8.408092e-01 -1.274230e+00 -1.058535e+01 -2.053008e+00 1.615552e+00 2.713502e+00 -2.373071e+00 -5.152405e+00 6.733286e-01 6.495188e-01 -1.456396e+00 -1.605687e+00 1.031663e+00 2.317782e+00 1.971711e-01 -1.458174e+00 -1.063346e+00 1.032912e+00 1.372056e+00 -4.172781e-01 -4.810772e-03
<VARIANCE> 25
 9.275478e+00 1.673712e+01 2.982853e+01 4.273970e+01 3.620416e+01 3.592894e+01 3.698620e+01 3.620198e+01 3.784399e+01 4.392894e+01 5.185731e+01 2.425926e+01 2.933097e-01 6.701011e-01 1.171013e+00 1.566569e+00 1.685563e+00 2.094320e+00 2.083523e+00 1.993466e+00 2.347349e+00 2.223989e+00 1.785078e+00 1.935465e+00 3.448305e-04
<GCONST> 8.365133e+01
<MIXTURE> 103 5.694618e-03
<MEAN> 25
 3.362816e+00 -9.479022e+00 -6.132921e+00 -3.088799e+00 -1.322430e+00 -1.973143e+00 2.431735e+00 2.513572e+00 -4.611661e+00 -9.246201e+00 -5.053472e+00 3.595349e-01 -1.582503e-01 -1.488934e+00 -9.791691e-01 3.752035e-01 1.213009e+00 1.018338e+00 1.576460e-01 -2.668564e-01 -7.819976e-01 -9.457781e-01 -3.438386e-02 1.205119e-01 2.697243e-02
<VARIANCE> 25
 1.035684e+01 2.032796e+01 2.292910e+01 3.165960e+01 4.816936e+01 3.500172e+01 4.641078e+01 3.666080e+01 4.210136e+01 2.941911e+01 3.011640e+01 2.642747e+01 6.439018e-01 1.251418e+00 1.540169e+00 1.939172e+00 2.925945e+00 2.415964e+00 2.889131e+00 2.574978e+00 2.562434e+00 2.523847e+00 2.095326e+00 2.016764e+00 8.083832e-04
<GCONST> 8.758277e+01
<MIXTURE> 104 5.694618e-03
<MEAN> 25
 3.362816e+00 -9.479022e+00 -6.132921e+00 -3.088799e+00 -1.322430e+00 -1.973143e+00 2.431735e+00 2.513572e+00 -4.611661e+00 -9.246201e+00 -5.053472e+00 3.595349e-01 -1.582503e-01 -1.488934e+00 -9.791691e-01 3.752035e-01 1.213009e+00 1.018338e+00 1.576460e-01 -2.668564e-01 -7.819976e-01 -9.457781e-01 -3.438386e-02 1.205119e-01 2.697243e-02
<VARIANCE> 25
 1.035684e+01 2.032796e+01 2.292910e+01 3.165960e+01 4.816936e+01 3.500172e+01 4.641078e+01 3.666080e+01 4.210136e+01 2.941911e+01 3.011640e+01 2.642747e+01 6.439018e-01 1.251418e+00 1.540169e+00 1.939172e+00 2.925945e+00 2.415964e+00 2.889131e+00 2.574978e+00 2.562434e+00 2.523847e+00 2.095326e+00 2.016764e+00 8.083832e-04
<GCONST> 8.758277e+01
<MIXTURE> 105 4.710235e-03
<MEAN> 25
 2.153150e+00 -1.385011e+00 9.114443e+00 -2.613182e+00 -1.144327e+01 -5.032043e+00 -4.155977e+00 -8.510731e-01 -3.835374e+00 -3.120796e+00 1.388566e+00 -1.187335e+00 8.126094e-03 3.592630e-02 4.639276e-02 -5.195230e-02 6.485752e-03 6.395007e-02 -1.530770e-02 3.957550e-02 -5.011764e-02 3.898541e-02 3.537944e-02 -2.748642e-02 -2.258519e-03
<VARIANCE> 25
 1.350054e+01 2.901863e+01 4.140111e+01 4.465575e+01 3.888153e+01 5.310176e+01 4.072862e+01 4.330391e+01 3.917279e+01 4.178243e+01 4.248890e+01 3.053309e+01 8.266108e-02 1.859824e-01 3.380756e-01 2.949896e-01 3.684301e-01 4.499530e-01 4.675541e-01 4.987087e-01 5.031279e-01 4.440577e-01 4.259201e-01 4.007960e-01 8.856184e-05
<GCONST> 6.678448e+01
<MIXTURE> 106 4.710235e-03
<MEAN> 25
 2.153150e+00 -1.385011e+00 9.114443e+00 -2.613182e+00 -1.144327e+01 -5.032043e+00 -4.155977e+00 -8.510731e-01 -3.835374e+00 -3.120796e+00 1.388566e+00 -1.187335e+00 8.126094e-03 3.592630e-02 4.639276e-02 -5.195230e-02 6.485752e-03 6.395007e-02 -1.530770e-02 3.957550e-02 -5.011764e-02 3.898541e-02 3.537944e-02 -2.748642e-02 -2.258519e-03
<VARIANCE> 25
 1.350054e+01 2.901863e+01 4.140111e+01 4.465575e+01 3.888153e+01 5.310176e+01 4.072862e+01 4.330391e+01 3.917279e+01 4.178243e+01 4.248890e+01 3.053309e+01 8.266108e-02 1.859824e-01 3.380756e-01 2.949896e-01 3.684301e-01 4.499530e-01 4.675541e-01 4.987087e-01 5.031279e-01 4.440577e-01 4.259201e-01 4.007960e-01 8.856184e-05
<GCONST> 6.678448e+01
<MIXTURE> 107 5.452374e-03
<MEAN> 25
 8.638440e+00 -2.321095e+00 -8.024670e+00 -9.549957e+00 1.957633e+00 2.955696e+00 -8.629629e+00 -4.554489e+00 -8.939839e-01 3.391716e+00 8.516366e-01 -5.085486e+00 -6.097920e-01 -7.676503e-01 8.364528e-01 1.767947e+00 2.249759e-01 -2.009863e+00 -9.236732e-01 8.546555e-01 1.765964e+00 4.375778e-02 -1.654822e+00 -8.174914e-01 -1.766793e-03
<VARIANCE> 25
 9.238181e+00 2.049730e+01 2.848637e+01 4.286268e+01 3.575169e+01 3.843615e+01 5.122485e+01 3.628723e+01 4.578143e+01 4.168795e+01 5.130856e+01 3.038233e+01 3.553847e-01 9.680283e-01 1.460718e+00 2.431465e+00 2.285027e+00 2.825714e+00 2.616258e+00 2.568536e+00 2.296833e+00 3.033314e+00 1.949833e+00 2.208869e+00 7.037832e-04
<GCONST> 8.807006e+01
<MIXTURE> 108 5.452374e-03
<MEAN> 25
 8.638440e+00 -2.321095e+00 -8.024670e+00 -9.549957e+00 1.957633e+00 2.955696e+00 -8.629629e+00 -4.554489e+00 -8.939839e-01 3.391716e+00 8.516366e-01 -5.085486e+00 -6.097920e-01 -7.676503e-01 8.364528e-01 1.767947e+00 2.249759e-01 -2.009863e+00 -9.236732e-01 8.546555e-01 1.765964e+00 4.375778e-02 -1.654822e+00 -8.174914e-01 -1.766793e-03
<VARIANCE> 25
 9.238181e+00 2.049730e+01 2.848637e+01 4.286268e+01 3.575169e+01 3.843615e+01 5.122485e+01 3.628723e+01 4.578143e+01 4.168795e+01 5.130856e+01 3.038233e+01 3.553847e-01 9.680283e-01 1.460718e+00 2.431465e+00 2.285027e+00 2.825714e+00 2.616258e+00 2.568536e+00 2.296833e+00 3.033314e+00 1.949833e+00 2.208869e+00 7.037832e-04
<GCONST> 8.807006e+01
<MIXTURE> 109 6.661064e-03
<MEAN> 25
 4.082752e+00 -1.054875e+01 -8.300254e+00 -1.367859e+00 2.748815e+00 -4.675374e-02 -7.129856e-02 1.456941e+00 -2.569625e+00 -8.352252e+00 -5.367702e+00 4.629773e-02 -3.337350e-02 -1.314121e-01 -3.403499e-02 2.520023e-01 1.979679e-01 1.202584e-01 -1.224348e-01 -1.059002e-01 -4.081308e-02 -1.323027e-01 2.201584e-01 9.377175e-03 -3.510863e-03
<VARIANCE> 25
 9.084901e+00 1.824487e+01 1.999361e+01 3.142906e+01 4.076275e+01 3.679949e+01 4.659410e+01 3.431419e+01 4.598496e+01 3.543539e+01 2.968800e+01 2.837750e+01 1.932222e-01 4.230589e-01 5.382450e-01 6.358538e-01 1.230078e+00 9.935958e-01 1.263022e+00 1.091493e+00 1.115586e+00 9.526783e-01 8.766029e-01 8.889917e-01 1.817254e-04
<GCONST> 7.446707e+01
<MIXTURE> 110 6.661064e-03
<MEAN> 25
 4.082752e+00 -1.054875e+01 -8.300254e+00 -1.367859e+00 2.748815e+00 -4.675374e-02 -7.129856e-02 1.456941e+00 -2.569625e+00 -8.352252e+00 -5.367702e+00 4.629773e-02 -3.337350e-02 -1.314121e-01 -3.403499e-02 2.520023e-01 1.979679e-01 1.202584e-01 -1.224348e-01 -1.059002e-01 -4.081308e-02 -1.323027e-01 2.201584e-01 9.377175e-03 -3.510863e-03
<VARIANCE> 25
 9.084901e+00 1.824487e+01 1.999361e+01 3.142906e+01 4.076275e+01 3.679949e+01 4.659410e+01 3.431419e+01 4.598496e+01 3.543539e+01 2.968800e+01 2.837750e+01 1.932222e-01 4.230589e-01 5.382450e-01 6.358538e-01 1.230078e+00 9.935958e-01 1.263022e+00 1.091493e+00 1.115586e+00 9.526783e-01 8.766029e-01 8.889917e-01 1.817254e-04
<GCONST> 7.446707e+01
<MIXTURE> 111 4.337247e-03
<MEAN> 25
 -3.400263e+00 -1.117799e-01 -2.014520e+00 1.451503e+00 1.171166e+00 9.454163e-01 7.736727e-01 6.057147e-01 6.268823e-01 -7.633239e-01 -7.433782e-01 1.982612e+00 4.329929e-03 2.295199e-02 -8.050321e-02 -9.593194e-02 -6.275580e-02 -1.643048e-02 -3.785283e-02 -1.069857e-01 -1.562479e-01 -6.838723e-02 -1.701760e-01 -1.464447e-01 -1.753953e-04
<VARIANCE> 25
 8.153063e+00 6.622402e+00 9.909406e+00 8.468002e+00 1.138133e+01 2.056978e+01 1.743587e+01 1.346831e+01 1.296578e+01 1.046567e+01 1.246649e+01 1.046493e+01 8.443103e-02 1.897386e-01 2.462173e-01 4.752209e-01 6.373242e-01 7.837726e-01 7.441489e-01 8.690702e-01 7.470658e-01 7.653787e-01 8.270361e-01 9.018802e-01 2.871460e-05
<GCONST> 5.634203e+01
<MIXTURE> 112 4.337247e-03
<MEAN> 25
 -3.400263e+00 -1.117799e-01 -2.014520e+00 1.451503e+00 1.171166e+00 9.454163e-01 7.736727e-01 6.057147e-01 6.268823e-01 -7.633239e-01 -7.433782e-01 1.982612e+00 4.329929e-03 2.295199e-02 -8.050321e-02 -9.593194e-02 -6.275580e-02 -1.643048e-02 -3.785283e-02 -1.069857e-01 -1.562479e-01 -6.838723e-02 -1.701760e-01 -1.464447e-01 -1.753953e-04
<VARIANCE> 25
 8.153063e+00 6.622402e+00 9.909406e+00 8.468002e+00 1.138133e+01 2.056978e+01 1.743587e+01 1.346831e+01 1.296578e+01 1.046567e+01 1.246649e+01 1.046493e+01 8.443103e-02 1.897386e-01 2.462173e-01 4.752209e-01 6.373242e-01 7.837726e-01 7.441489e-01 8.690702e-01 7.470658e-01 7.653787e-01 8.270361e-01 9.018802e-01 2.871460e-05
<GCONST> 5.634203e+01
<MIXTURE> 113 5.938666e-03
<MEAN> 25
 9.978294e+00 1.755221e+00 -8.781588e+00 -1.704802e+01 -1.034117e+00 5.659573e+00 -5.280962e+00 -1.466085e+00 -5.695916e+00 -4.937754e-01 2.990378e-01 -1.976170e-01 4.813643e-03 1.383514e-02 -5.952149e-02 -1.134089e-01 1.043195e-01 1.506031e-01 5.929760e-02 3.607302e-02 -5.698735e-02 -5.124811e-02 1.797139e-01 3.524448e-02 -1.410310e-03
<VARIANCE> 25
 8.872237e+00 1.639154e+01 2.967447e+01 3.419499e+01 5.273901e+01 3.386631e+01 3.970886e+01 3.914336e+01 3.737568e+01 4.640507e+01 3.629882e+01 2.844280e+01 1.217921e-01 3.205915e-01 3.161440e-01 6.314186e-01 6.128678e-01 6.536614e-01 7.765678e-01 8.452081e-01 9.594563e-01 9.052553e-01 7.245085e-01 7.135799e-01 1.247804e-04
<GCONST> 7.110387e+01
<MIXTURE> 114 5.938666e-03
<MEAN> 25
 9.978294e+00 1.755221e+00 -8.781588e+00 -1.704802e+01 -1.034117e+00 5.659573e+00 -5.280962e+00 -1.466085e+00 -5.695916e+00 -4.937754e-01 2.990378e-01 -1.976170e-01 4.813643e-03 1.383514e-02 -5.952149e-02 -1.134089e-01 1.043195e-01 1.506031e-01 5.929760e-02 3.607302e-02 -5.698735e-02 -5.124811e-02 1.797139e-01 3.524448e-02 -1.410310e-03
<VARIANCE> 25
 8.872237e+00 1.639154e+01 2.967447e+01 3.419499e+01 5.273901e+01 3.386631e+01 3.970886e+01 3.914336e+01 3.737568e+01 4.640507e+01 3.629882e+01 2.844280e+01 1.217921e-01 3.205915e-01 3.161440e-01 6.314186e-01 6.128678e-01 6.536614e-01 7.765678e-01 8.452081e-01 9.594563e-01 9.052553e-01 7.245085e-01 7.135799e-01 1.247804e-04
<GCONST> 7.110387e+01
<MIXTURE> 115 2.935202e-03
<MEAN> 25
 -3.644289e+00 -4.645676e-01 -3.098958e+00 3.627689e+00 2.453708e+00 -1.369304e-01 2.467355e+00 4.635433e-01 1.604727e+00 -2.878503e-01 -1.669069e-01 2.557622e+00 3.210090e-02 -3.582101e-02 -2.688762e-01 -4.732963e-01 -6.241011e-01 -6.948462e-01 -5.287692e-01 -4.973831e-01 -4.946523e-01 -4.643296e-01 -3.589661e-01 -1.980303e-01 -8.065277e-05
<VARIANCE> 25
 9.833968e+00 1.001633e+01 1.235519e+01 1.173436e+01 1.259858e+01 1.698313e+01 1.698887e+01 1.928738e+01 1.703641e+01 1.681515e+01 1.872749e+01 1.434619e+01 1.890147e-01 3.592210e-01 4.775969e-01 5.433512e-01 6.196708e-01 7.638791e-01 9.940395e-01 1.240282e+00 9.878163e-01 9.210419e-01 9.981464e-01 1.001511e+00 1.040618e-06
<GCONST> 5.947466e+01
<MIXTURE> 116 2.935202e-03
<MEAN> 25
 -3.644289e+00 -4.645676e-01 -3.098958e+00 3.627689e+00 2.453708e+00 -1.369304e-01 2.467355e+00 4.635433e-01 1.604727e+00 -2.878503e-01 -1.669069e-01 2.557622e+00 3.210090e-02 -3.582101e-02 -2.688762e-01 -4.732963e-01 -6.241011e-01 -6.948462e-01 -5.287692e-01 -4.973831e-01 -4.946523e-01 -4.643296e-01 -3.589661e-01 -1.980303e-01 -8.065277e-05
<VARIANCE> 25
 9.833968e+00 1.001633e+01 1.235519e+01 1.173436e+01 1.259858e+01 1.698313e+01 1.698887e+01 1.928738e+01 1.703641e+01 1.681515e+01 1.872749e+01 1.434619e+01 1.890147e-01 3.592210e-01 4.775969e-01 5.433512e-01 6.196708e-01 7.638791e-01 9.940395e-01 1.240282e+00 9.878163e-01 9.210419e-01 9.981464e-01 1.001511e+00 1.040618e-06
<GCONST> 5.947466e+01
<MIXTURE> 117 6.506003e-03
<MEAN> 25
 -4.639225e+00 1.118935e+00 1.046617e+00 9.743631e+00 6.255924e+00 6.253053e+00 6.458350e+00 5.038573e+00 6.389868e+00 4.927017e+00 6.364539e+00 2.715196e+00 -7.484581e-02 -2.350914e-01 -3.581976e-01 -4.193687e-01 -3.665171e-01 -3.017799e-01 -2.861704e-01 -3.298628e-01 -3.911299e-01 -3.676742e-01 -2.622240e-01 -1.148548e-01 -9.120443e-06
<VARIANCE> 25
 7.212056e+00 8.740425e+00 9.830980e+00 1.441638e+01 1.560504e+01 1.533670e+01 1.772209e+01 1.797117e+01 1.642233e+01 1.637608e+01 1.673118e+01 1.475088e+01 2.163502e-01 3.086285e-01 4.262975e-01 6.171352e-01 8.541225e-01 1.054939e+00 1.177434e+00 1.232926e+00 1.224618e+00 1.195786e+00 1.168192e+00 1.112893e+00 1.001926e-06
<GCONST> 6.044605e+01
<MIXTURE> 118 6.506003e-03
<MEAN> 25
 -4.639225e+00 1.118935e+00 1.046617e+00 9.743631e+00 6.255924e+00 6.253053e+00 6.458350e+00 5.038573e+00 6.389868e+00 4.927017e+00 6.364539e+00 2.715196e+00 -7.484581e-02 -2.350914e-01 -3.581976e-01 -4.193687e-01 -3.665171e-01 -3.017799e-01 -2.861704e-01 -3.298628e-01 -3.911299e-01 -3.676742e-01 -2.622240e-01 -1.148548e-01 -9.120443e-06
<VARIANCE> 25
 7.212056e+00 8.740425e+00 9.830980e+00 1.441638e+01 1.560504e+01 1.533670e+01 1.772209e+01 1.797117e+01 1.642233e+01 1.637608e+01 1.673118e+01 1.475088e+01 2.163502e-01 3.086285e-01 4.262975e-01 6.171352e-01 8.541225e-01 1.054939e+00 1.177434e+00 1.232926e+00 1.224618e+00 1.195786e+00 1.168192e+00 1.112893e+00 1.001926e-06
<GCONST> 6.044605e+01
<MIXTURE> 119 4.297961e-03
<MEAN> 25
 -4.947968e+00 -7.556319e+00 2.198770e+00 2.002398e+00 2.236328e+00 2.269834e-01 5.357424e+00 5.977813e+00 1.207657e+00 9.978319e-01 6.569913e+00 1.592329e+00 -4.841789e-02 -7.803044e-02 3.849517e-02 -6.212281e-02 -1.301336e-01 -1.896163e-01 -7.113631e-02 -7.091255e-04 -9.007132e-02 -1.148843e-01 -4.915662e-02 -5.107638e-02 1.011386e-03
<VARIANCE> 25
 8.517171e+00 1.038352e+01 1.654194e+01 2.003022e+01 2.266897e+01 2.307395e+01 2.568249e+01 2.659058e+01 2.506442e+01 2.796189e+01 2.043505e+01 2.029327e+01 1.599082e-01 2.815936e-01 4.562032e-01 6.318878e-01 8.002373e-01 1.014619e+00 1.105951e+00 1.289630e+00 1.282891e+00 1.236860e+00 1.186888e+00 1.109817e+00 2.320825e-04
<GCONST> 6.976950e+01
<MIXTURE> 120 4.297961e-03
<MEAN> 25
 -4.947968e+00 -7.556319e+00 2.198770e+00 2.002398e+00 2.236328e+00 2.269834e-01 5.357424e+00 5.977813e+00 1.207657e+00 9.978319e-01 6.569913e+00 1.592329e+00 -4.841789e-02 -7.803044e-02 3.849517e-02 -6.212281e-02 -1.301336e-01 -1.896163e-01 -7.113631e-02 -7.091255e-04 -9.007132e-02 -1.148843e-01 -4.915662e-02 -5.107638e-02 1.011386e-03
<VARIANCE> 25
 8.517171e+00 1.038352e+01 1.654194e+01 2.003022e+01 2.266897e+01 2.307395e+01 2.568249e+01 2.659058e+01 2.506442e+01 2.796189e+01 2.043505e+01 2.029327e+01 1.599082e-01 2.815936e-01 4.562032e-01 6.318878e-01 8.002373e-01 1.014619e+00 1.105951e+00 1.289630e+00 1.282891e+00 1.236860e+00 1.186888e+00 1.109817e+00 2.320825e-04
<GCONST> 6.976950e+01
<MIXTURE> 121 4.567511e-03
<MEAN> 25
 2.060604e-01 -2.519985e+00 5.150475e+00 -1.289534e+01 -1.264124e+01 -1.667776e+00 9.973963e-01 -5.108871e+00 -4.199718e+00 -4.891096e-01 -5.509352e+00 -4.313709e+00 2.405206e-02 1.325275e-01 -4.156517e-02 7.923046e-02 1.584445e-01 7.914887e-02 -7.937102e-02 -1.835050e-01 -2.689230e-01 -2.571121e-01 -1.140619e-01 9.921885e-04 -7.434662e-03
<VARIANCE> 25
 7.733595e+00 1.563115e+01 1.728208e+01 2.046805e+01 2.445928e+01 2.925365e+01 2.952877e+01 2.456984e+01 3.527233e+01 2.832673e+01 1.974379e+01 2.117169e+01 1.549401e-01 6.428334e-01 6.227747e-01 7.049306e-01 7.702723e-01 1.150501e+00 1.117580e+00 1.120550e+00 1.217369e+00 1.192683e+00 9.416819e-01 8.716081e-01 2.107370e-04
<GCONST> 7.139748e+01
<MIXTURE> 122 4.567511e-03
<MEAN> 25
 2.060604e-01 -2.519985e+00 5.150475e+00 -1.289534e+01 -1.264124e+01 -1.667776e+00 9.973963e-01 -5.108871e+00 -4.199718e+00 -4.891096e-01 -5.509352e+00 -4.313709e+00 2.405206e-02 1.325275e-01 -4.156517e-02 7.923046e-02 1.584445e-01 7.914887e-02 -7.937102e-02 -1.835050e-01 -2.689230e-01 -2.571121e-01 -1.140619e-01 9.921885e-04 -7.434662e-03
<VARIANCE> 25
 7.733595e+00 1.563115e+01 1.728208e+01 2.046805e+01 2.445928e+01 2.925365e+01 2.952877e+01 2.456984e+01 3.527233e+01 2.832673e+01 1.974379e+01 2.117169e+01 1.549401e-01 6.428334e-01 6.227747e-01 7.049306e-01 7.702723e-01 1.150501e+00 1.117580e+00 1.120550e+00 1.217369e+00 1.192683e+00 9.416819e-01 8.716081e-01 2.107370e-04
<GCONST> 7.139748e+01
<MIXTURE> 123 4.393044e-03
<MEAN> 25
 -3.246217e+00 1.693772e+00 -5.464970e-01 4.945624e+00 4.592881e+00 2.984257e+00 2.801158e+00 5.449761e-01 7.624605e-01 -6.165166e-01 2.335273e-02 1.283535e+00 -4.749076e-01 -7.223284e-01 -7.330188e-01 -5.934871e-01 -1.948825e-01 2.597589e-02 3.694291e-01 5.718022e-01 7.006271e-01 6.970606e-01 7.570828e-01 6.111200e-01 -3.369513e-03
<VARIANCE> 25
 1.067258e+01 1.045876e+01 1.431936e+01 1.743291e+01 2.070239e+01 2.363936e+01 2.202052e+01 1.863678e+01 2.200848e+01 1.682016e+01 1.967556e+01 1.735217e+01 3.265318e-01 3.430542e-01 5.087062e-01 6.809323e-01 9.009797e-01 1.065838e+00 1.045469e+00 1.072785e+00 1.003932e+00 1.036628e+00 1.065027e+00 1.163740e+00 1.235526e-04
<GCONST> 6.822003e+01
<MIXTURE> 124 4.069876e-03
<MEAN> 25
 -5.531196e+00 -6.673103e-01 -3.050116e+00 4.458451e+00 4.837400e+00 3.328532e+00 5.198142e+00 2.708218e+00 3.819773e+00 9.850246e-01 1.075554e+00 3.164932e+00 -2.193439e-01 -3.521150e-01 -3.370295e-01 -2.466421e-01 8.617495e-02 4.844587e-01 7.755833e-01 8.625302e-01 5.969668e-01 2.963040e-01 1.152338e-02 -4.831879e-02 -3.654798e-04
<VARIANCE> 25
 1.429153e+01 7.567985e+00 9.709750e+00 1.275956e+01 1.114760e+01 1.729863e+01 1.409337e+01 1.624031e+01 1.608217e+01 1.729992e+01 1.839244e+01 1.387829e+01 1.005569e-01 1.779498e-01 2.665450e-01 4.105545e-01 5.647459e-01 6.439947e-01 7.565567e-01 7.761251e-01 8.621873e-01 9.245895e-01 1.045606e+00 1.010085e+00 2.033687e-05
<GCONST> 5.856092e+01
<MIXTURE> 125 4.069876e-03
<MEAN> 25
 -5.531196e+00 -6.673103e-01 -3.050116e+00 4.458451e+00 4.837400e+00 3.328532e+00 5.198142e+00 2.708218e+00 3.819773e+00 9.850246e-01 1.075554e+00 3.164932e+00 -2.193439e-01 -3.521150e-01 -3.370295e-01 -2.466421e-01 8.617495e-02 4.844587e-01 7.755833e-01 8.625302e-01 5.969668e-01 2.963040e-01 1.152338e-02 -4.831879e-02 -3.654798e-04
<VARIANCE> 25
 1.429153e+01 7.567985e+00 9.709750e+00 1.275956e+01 1.114760e+01 1.729863e+01 1.409337e+01 1.624031e+01 1.608217e+01 1.729992e+01 1.839244e+01 1.387829e+01 1.005569e-01 1.779498e-01 2.665450e-01 4.105545e-01 5.647459e-01 6.439947e-01 7.565567e-01 7.761251e-01 8.621873e-01 9.245895e-01 1.045606e+00 1.010085e+00 2.033687e-05
<GCONST> 5.856092e+01
<MIXTURE> 126 2.402244e-03
<MEAN> 25
 -3.734415e+00 -6.763072e+00 -5.244415e+00 2.296231e+00 4.247999e+00 -3.156872e+00 1.209927e-01 3.605829e+00 3.357482e+00 -2.709882e+00 -1.466890e+00 3.046068e+00 -4.598330e-04 -5.331205e-03 -3.436807e-02 -1.584885e-01 -3.194036e-01 -3.900330e-01 -2.736641e-01 -1.535035e-01 -1.157583e-01 -1.022048e-01 -9.850010e-02 -3.541024e-02 -1.446825e-03
<VARIANCE> 25
 7.464787e+00 1.382289e+01 1.367845e+01 1.489959e+01 2.435314e+01 2.373454e+01 2.263970e+01 2.818887e+01 3.094532e+01 2.594517e+01 2.168392e+01 1.894045e+01 1.710131e-01 3.526174e-01 4.762651e-01 5.641856e-01 7.484104e-01 9.865395e-01 1.115780e+00 1.262608e+00 1.314741e+00 1.309252e+00 1.208883e+00 1.144372e+00 2.090039e-04
<GCONST> 6.973622e+01
<MIXTURE> 127 2.402244e-03
<MEAN> 25
 -3.734415e+00 -6.763072e+00 -5.244415e+00 2.296231e+00 4.247999e+00 -3.156872e+00 1.209927e-01 3.605829e+00 3.357482e+00 -2.709882e+00 -1.466890e+00 3.046068e+00 -4.598330e-04 -5.331205e-03 -3.436807e-02 -1.584885e-01 -3.194036e-01 -3.900330e-01 -2.736641e-01 -1.535035e-01 -1.157583e-01 -1.022048e-01 -9.850010e-02 -3.541024e-02 -1.446825e-03
<VARIANCE> 25
 7.464787e+00 1.382289e+01 1.367845e+01 1.489959e+01 2.435314e+01 2.373454e+01 2.263970e+01 2.818887e+01 3.094532e+01 2.594517e+01 2.168392e+01 1.894045e+01 1.710131e-01 3.526174e-01 4.762651e-01 5.641856e-01 7.484104e-01 9.865395e-01 1.115780e+00 1.262608e+00 1.314741e+00 1.309252e+00 1.208883e+00 1.144372e+00 2.090039e-04
<GCONST> 6.973622e+01
<MIXTURE> 128 3.790457e-03
<MEAN> 25
 -4.206474e+00 1.463087e+00 -5.497811e-01 6.217680e+00 3.716246e+00 1.964950e+00 3.458759e+00 2.667511e+00 3.764625e+00 3.750068e+00 3.559527e+00 3.363299e+00 -3.297105e-01 -2.656921e-01 1.870256e-01 6.299216e-01 1.191852e+00 1.087555e+00 6.078703e-01 1.453154e-01 -6.048794e-01 -8.846358e-01 -5.942547e-01 -4.370247e-01 -1.247346e-04
<VARIANCE> 25
 1.076668e+01 1.138895e+01 1.465249e+01 1.915595e+01 1.884519e+01 2.026618e+01 2.360184e+01 2.561184e+01 2.546023e+01 2.295997e+01 2.574422e+01 1.827177e+01 8.783879e-01 1.166772e+00 1.388093e+00 1.490153e+00 1.470881e+00 1.848743e+00 2.242635e+00 2.153037e+00 2.364082e+00 1.962982e+00 1.843900e+00 1.809209e+00 1.047505e-06
<GCONST> 7.356409e+01
<TRANSP> 3
 0.000000e+00 1.000000e+00 0.000000e+00
 0.000000e+00 9.999990e-01 9.999998e-07
 0.000000e+00 0.000000e+00 0.000000e+00
<ENDHMM>
