~o
<STREAMINFO> 1 25
<VECSIZE> 25<NULLD><MFCC_E_D_N><DIAGC>
~h "jmodel"
<BEGINHMM>
<NUMSTATES> 3
<STATE> 2
<NUMMIXES> 128
<MIXTURE> 1 5.748963e-03
<MEAN> 25
 -2.583832e+00 3.181376e+00 2.312069e+00 8.754522e+00 4.371562e+00 3.449357e+00 4.062675e+00 3.935380e+00 5.832047e+00 5.253253e+00 5.885212e+00 3.080200e+00 -2.004665e+00 -1.634837e+00 -8.642455e-01 1.076051e+00 1.560823e+00 2.232457e+00 2.154581e+00 2.085098e+00 1.693505e+00 1.269631e+00 1.567541e+00 6.133600e-01 -4.692636e-02
<VARIANCE> 25
 1.006360e+01 1.175973e+01 1.494412e+01 1.868782e+01 2.319374e+01 2.214913e+01 2.189335e+01 2.197592e+01 2.099853e+01 2.253557e+01 2.094375e+01 1.708119e+01 1.788783e+00 2.111540e+00 3.026011e+00 3.209838e+00 3.739249e+00 3.356595e+00 3.318626e+00 3.379949e+00 3.521417e+00 3.726992e+00 3.513661e+00 2.834136e+00 3.121343e-03
<GCONST> 8.846293e+01
<MIXTURE> 2 4.549242e-03
<MEAN> 25
 -4.874981e+00 1.311399e+00 9.944088e-01 9.898569e+00 6.691287e+00 7.423806e+00 7.846169e+00 6.957700e+00 8.373304e+00 6.372865e+00 7.624077e+00 3.074631e+00 -6.198759e-02 4.161221e-02 1.425662e-01 2.257724e-01 2.651760e-01 2.814117e-01 2.954179e-01 3.194475e-01 3.496786e-01 3.088480e-01 1.971489e-01 8.009137e-02 1.284209e-06
<VARIANCE> 25
 6.955105e+00 8.901791e+00 1.064990e+01 1.592054e+01 1.724097e+01 1.556707e+01 1.690329e+01 1.848442e+01 1.658543e+01 1.738440e+01 1.810882e+01 1.433863e+01 1.252812e-01 2.266582e-01 3.364511e-01 4.671761e-01 6.492927e-01 8.148332e-01 9.298134e-01 1.003175e+00 1.051578e+00 1.077683e+00 1.075540e+00 1.013813e+00 1.000302e-06
<GCONST> 5.804449e+01
<MIXTURE> 3 4.549242e-03
<MEAN> 25
 -4.874981e+00 1.311399e+00 9.944088e-01 9.898569e+00 6.691287e+00 7.423806e+00 7.846169e+00 6.957700e+00 8.373304e+00 6.372865e+00 7.624077e+00 3.074631e+00 -6.198759e-02 4.161221e-02 1.425662e-01 2.257724e-01 2.651760e-01 2.814117e-01 2.954179e-01 3.194475e-01 3.496786e-01 3.088480e-01 1.971489e-01 8.009137e-02 1.284209e-06
<VARIANCE> 25
 6.955105e+00 8.901791e+00 1.064990e+01 1.592054e+01 1.724097e+01 1.556707e+01 1.690329e+01 1.848442e+01 1.658543e+01 1.738440e+01 1.810882e+01 1.433863e+01 1.252812e-01 2.266582e-01 3.364511e-01 4.671761e-01 6.492927e-01 8.148332e-01 9.298134e-01 1.003175e+00 1.051578e+00 1.077683e+00 1.075540e+00 1.013813e+00 1.000302e-06
<GCONST> 5.804449e+01
<MIXTURE> 4 1.671429e-02
<MEAN> 25
 3.441534e+00 2.551238e+00 -3.801079e+00 9.389148e-01 4.324547e+00 -2.121216e-01 7.343985e-02 9.797017e-03 1.506709e+00 1.302235e+00 -1.888448e+00 1.042349e-01 -2.772172e+00 1.218131e+00 1.778249e+00 3.092450e+00 9.219545e-01 5.017766e-01 1.518266e+00 1.044309e+00 9.764402e-01 4.319067e-01 1.241612e+00 8.999342e-01 -1.041142e-01
<VARIANCE> 25
 2.117780e+01 2.952881e+01 2.922187e+01 3.982779e+01 4.574664e+01 6.881508e+01 6.535436e+01 5.379548e+01 5.545019e+01 6.222405e+01 4.980657e+01 3.594554e+01 2.348849e+00 5.057686e+00 3.736448e+00 4.945498e+00 5.022284e+00 6.164909e+00 6.105663e+00 5.577152e+00 5.970262e+00 6.437005e+00 6.122280e+00 4.466474e+00 6.090122e-03
<GCONST> 1.055091e+02
<MIXTURE> 5 3.206198e-03
<MEAN> 25
 -3.416849e+00 2.181121e+00 6.104866e-01 9.428363e+00 6.696765e+00 6.315743e+00 7.112036e+00 4.723107e+00 5.495834e+00 3.847918e+00 4.658463e+00 2.606621e+00 -3.246358e-01 7.528105e-01 1.224799e+00 1.032568e+00 3.075771e-01 -1.001472e-01 -8.377494e-02 3.351895e-02 4.580124e-01 6.836790e-01 4.038381e-01 8.805783e-02 -2.769313e-05
<VARIANCE> 25
 1.025115e+01 1.394259e+01 2.348528e+01 2.561902e+01 2.022188e+01 1.942597e+01 2.011551e+01 2.036036e+01 2.141931e+01 2.128376e+01 2.409724e+01 1.635940e+01 1.210045e+00 1.244456e+00 1.357089e+00 1.673668e+00 2.284870e+00 2.376225e+00 2.301416e+00 2.275255e+00 2.315517e+00 2.238197e+00 2.085517e+00 1.873850e+00 1.000056e-06
<GCONST> 7.516658e+01
<MIXTURE> 6 5.475854e-03
<MEAN> 25
 9.701873e+00 -4.178390e-01 -6.691732e+00 -1.104561e+01 -2.117042e+00 6.734533e+00 -5.900076e+00 -5.296667e+00 -3.656886e+00 1.829641e+00 4.644135e+00 -1.252262e+00 4.850577e-01 8.962317e-01 -3.511192e-01 -1.468808e+00 -6.383278e-01 1.314981e+00 1.536737e+00 2.476070e-01 -1.218702e+00 -1.218090e+00 3.230253e-01 1.228798e+00 -8.162044e-03
<VARIANCE> 25
 8.970158e+00 1.707843e+01 2.395500e+01 3.911789e+01 3.678099e+01 3.065346e+01 4.407409e+01 3.807176e+01 4.075801e+01 3.947417e+01 4.210453e+01 2.841745e+01 3.116026e-01 8.572722e-01 9.455165e-01 1.977916e+00 1.605736e+00 2.015771e+00 1.919213e+00 2.051714e+00 2.398872e+00 1.963915e+00 2.246053e+00 1.438010e+00 5.860315e-04
<GCONST> 8.387634e+01
<MIXTURE> 7 5.475854e-03
<MEAN> 25
 9.701873e+00 -4.178390e-01 -6.691732e+00 -1.104561e+01 -2.117042e+00 6.734533e+00 -5.900076e+00 -5.296667e+00 -3.656886e+00 1.829641e+00 4.644135e+00 -1.252262e+00 4.850577e-01 8.962317e-01 -3.511192e-01 -1.468808e+00 -6.383278e-01 1.314981e+00 1.536737e+00 2.476070e-01 -1.218702e+00 -1.218090e+00 3.230253e-01 1.228798e+00 -8.162044e-03
<VARIANCE> 25
 8.970158e+00 1.707843e+01 2.395500e+01 3.911789e+01 3.678099e+01 3.065346e+01 4.407409e+01 3.807176e+01 4.075801e+01 3.947417e+01 4.210453e+01 2.841745e+01 3.116026e-01 8.572722e-01 9.455165e-01 1.977916e+00 1.605736e+00 2.015771e+00 1.919213e+00 2.051714e+00 2.398872e+00 1.963915e+00 2.246053e+00 1.438010e+00 5.860315e-04
<GCONST> 8.387634e+01
<MIXTURE> 8 1.165917e-02
<MEAN> 25
 -4.730254e+00 1.362816e+00 1.292753e+00 9.559783e+00 6.575360e+00 6.255145e+00 6.480060e+00 5.688742e+00 6.659307e+00 5.632579e+00 6.573775e+00 3.153080e+00 -6.298342e-01 -1.425823e+00 -1.071365e+00 -1.731286e+00 -2.311759e-01 -9.455870e-01 -1.777569e-01 -2.895934e-01 -2.530249e-01 -1.740528e-01 -2.134061e-01 8.127955e-02 9.889490e-02
<VARIANCE> 25
 9.340280e+00 9.847154e+00 1.161102e+01 1.605407e+01 1.663595e+01 1.570618e+01 1.812856e+01 1.751122e+01 1.704186e+01 1.737476e+01 1.887391e+01 1.399754e+01 2.757250e+00 2.815371e+00 3.907003e+00 3.761773e+00 3.455980e+00 3.315989e+00 3.128960e+00 3.080770e+00 2.871937e+00 2.655821e+00 2.434841e+00 1.902020e+00 6.682036e-03
<GCONST> 8.628761e+01
<MIXTURE> 9 1.199672e-02
<MEAN> 25
 9.301972e+00 3.394514e+00 -6.209826e+00 -1.067627e+01 -2.213504e+00 4.969028e+00 -2.208699e+00 -2.304520e+00 -5.395236e+00 -1.256763e+00 5.693500e-01 -1.026967e-02 1.441240e+00 -1.286764e-01 -4.914074e-01 -2.704865e+00 -1.646779e+00 8.552980e-01 -9.725450e-01 -2.307204e-01 -1.804379e-01 -5.770750e-01 6.150120e-01 -1.526510e-01 7.334814e-02
<VARIANCE> 25
 1.221777e+01 2.140637e+01 3.355613e+01 5.350280e+01 5.017770e+01 3.229086e+01 4.320274e+01 5.216861e+01 4.207890e+01 4.159667e+01 3.612042e+01 2.692384e+01 2.088169e+00 2.451021e+00 4.573528e+00 4.876304e+00 5.010339e+00 4.096229e+00 4.237775e+00 6.042570e+00 5.039431e+00 4.079893e+00 4.016123e+00 2.804712e+00 2.212812e-03
<GCONST> 9.879805e+01
<MIXTURE> 10 6.596976e-03
<MEAN> 25
 8.210059e-01 7.634367e+00 5.375957e+00 7.148989e+00 1.587359e+00 -2.115164e+00 -5.181956e-01 -1.685375e+00 8.743564e-01 8.599326e-01 8.390179e-01 6.573990e-01 -1.924940e+00 -6.733400e-01 -4.585977e-01 3.028214e+00 2.463276e+00 2.710474e+00 2.373911e+00 2.277892e+00 1.861639e+00 1.545136e+00 2.335875e+00 5.248725e-01 -1.381432e-01
<VARIANCE> 25
 1.954187e+01 2.068566e+01 2.230444e+01 2.906123e+01 3.831321e+01 3.494081e+01 3.514595e+01 3.384125e+01 2.761283e+01 2.904954e+01 2.695905e+01 2.501452e+01 2.234845e+00 3.426175e+00 5.535602e+00 5.169560e+00 5.552354e+00 4.469520e+00 4.699816e+00 4.843578e+00 4.388601e+00 5.021101e+00 4.442219e+00 3.191094e+00 2.696751e-03
<GCONST> 9.745956e+01
<MIXTURE> 11 1.633820e-02
<MEAN> 25
 7.756791e+00 4.270311e+00 3.517400e+00 5.156433e+00 -3.236991e+00 -2.050571e+00 -2.440754e+00 -6.536249e+00 -3.585132e+00 1.195742e-01 -2.573616e+00 -2.141833e+00 -2.564157e-01 5.220807e-01 1.855018e-01 2.983560e-01 5.021409e-01 -8.390592e-02 2.396978e-01 -1.465253e-01 -1.720367e-01 -2.286126e-02 -1.410965e-01 1.412504e-01 -1.666702e-02
<VARIANCE> 25
 1.135720e+01 2.423470e+01 2.015756e+01 3.146594e+01 3.875012e+01 3.877240e+01 4.808000e+01 4.317082e+01 4.303632e+01 3.510773e+01 3.478611e+01 2.955145e+01 9.386235e-01 1.263036e+00 1.675374e+00 2.216005e+00 2.067333e+00 2.166407e+00 2.108983e+00 2.739414e+00 2.142213e+00 1.978501e+00 1.850841e+00 1.641880e+00 9.816999e-04
<GCONST> 8.759039e+01
<MIXTURE> 12 5.904134e-03
<MEAN> 25
 1.076553e+01 3.743710e+00 -4.502581e+00 -1.599380e+01 -8.696367e+00 8.642731e+00 -8.969001e-01 -1.922082e+00 -1.722989e+00 -4.886581e+00 1.774645e+00 7.166809e-01 6.774233e-02 2.937737e-01 7.962599e-02 -3.682910e-01 -3.103182e-01 2.955768e-02 3.055250e-01 4.477910e-01 1.410578e-01 -3.846918e-01 -3.855874e-01 5.392978e-02 -6.303060e-03
<VARIANCE> 25
 8.883543e+00 2.100212e+01 2.335665e+01 3.503125e+01 4.206025e+01 3.095950e+01 4.179768e+01 4.898237e+01 4.406384e+01 3.738937e+01 3.799878e+01 2.892739e+01 2.468075e-01 6.883456e-01 6.860434e-01 1.169906e+00 1.186488e+00 1.053875e+00 1.171058e+00 1.386196e+00 1.240582e+00 1.222245e+00 1.221475e+00 9.564680e-01 5.786397e-04
<GCONST> 7.892074e+01
<MIXTURE> 13 5.904134e-03
<MEAN> 25
 1.076553e+01 3.743710e+00 -4.502581e+00 -1.599380e+01 -8.696367e+00 8.642731e+00 -8.969001e-01 -1.922082e+00 -1.722989e+00 -4.886581e+00 1.774645e+00 7.166809e-01 6.774233e-02 2.937737e-01 7.962599e-02 -3.682910e-01 -3.103182e-01 2.955768e-02 3.055250e-01 4.477910e-01 1.410578e-01 -3.846918e-01 -3.855874e-01 5.392978e-02 -6.303060e-03
<VARIANCE> 25
 8.883543e+00 2.100212e+01 2.335665e+01 3.503125e+01 4.206025e+01 3.095950e+01 4.179768e+01 4.898237e+01 4.406384e+01 3.738937e+01 3.799878e+01 2.892739e+01 2.468075e-01 6.883456e-01 6.860434e-01 1.169906e+00 1.186488e+00 1.053875e+00 1.171058e+00 1.386196e+00 1.240582e+00 1.222245e+00 1.221475e+00 9.564680e-01 5.786397e-04
<GCONST> 7.892074e+01
<MIXTURE> 14 6.488954e-03
<MEAN> 25
 -4.318450e+00 -3.794462e-01 -3.107463e-01 8.910483e+00 7.514469e+00 7.379623e+00 7.830903e+00 7.327819e+00 7.251761e+00 5.226540e+00 6.867594e+00 4.102032e+00 -2.744353e-01 1.936165e-01 3.654519e-01 3.104850e-01 6.964487e-03 6.039050e-02 9.719407e-02 1.774102e-01 2.958260e-01 5.399126e-01 5.067223e-01 7.580364e-02 -9.336637e-03
<VARIANCE> 25
 9.288855e+00 1.385765e+01 1.862802e+01 1.784624e+01 2.090916e+01 1.958813e+01 2.150031e+01 2.062389e+01 2.008793e+01 2.391571e+01 2.137740e+01 1.598018e+01 9.620836e-01 1.640642e+00 1.773769e+00 1.935500e+00 2.245752e+00 2.258523e+00 2.256216e+00 2.240601e+00 2.285101e+00 2.507612e+00 2.196733e+00 1.812679e+00 1.029944e-03
<GCONST> 8.191238e+01
<MIXTURE> 15 2.475190e-03
<MEAN> 25
 -5.368434e+00 -6.451791e-01 -2.072936e-01 7.293758e+00 5.676590e+00 5.666240e+00 6.028662e+00 4.964665e+00 5.136609e+00 4.131280e+00 5.462338e+00 2.537730e+00 -1.192552e-01 -2.885699e-02 7.535356e-02 2.476639e-01 4.910279e-01 7.885751e-01 1.075761e+00 1.179665e+00 1.055782e+00 7.529325e-01 4.197276e-01 1.534032e-01 3.910458e-05
<VARIANCE> 25
 7.195100e+00 5.563678e+00 8.980251e+00 1.321795e+01 1.412603e+01 1.429016e+01 1.489780e+01 1.486193e+01 1.409035e+01 1.414062e+01 1.516228e+01 1.243585e+01 1.253929e-01 2.053512e-01 3.177639e-01 5.047807e-01 6.982380e-01 7.912113e-01 7.575099e-01 7.870973e-01 9.024004e-01 1.022474e+00 1.075016e+00 1.035855e+00 2.945424e-05
<GCONST> 5.864923e+01
<MIXTURE> 16 2.475190e-03
<MEAN> 25
 -5.368434e+00 -6.451791e-01 -2.072936e-01 7.293758e+00 5.676590e+00 5.666240e+00 6.028662e+00 4.964665e+00 5.136609e+00 4.131280e+00 5.462338e+00 2.537730e+00 -1.192552e-01 -2.885699e-02 7.535356e-02 2.476639e-01 4.910279e-01 7.885751e-01 1.075761e+00 1.179665e+00 1.055782e+00 7.529325e-01 4.197276e-01 1.534032e-01 3.910458e-05
<VARIANCE> 25
 7.195100e+00 5.563678e+00 8.980251e+00 1.321795e+01 1.412603e+01 1.429016e+01 1.489780e+01 1.486193e+01 1.409035e+01 1.414062e+01 1.516228e+01 1.243585e+01 1.253929e-01 2.053512e-01 3.177639e-01 5.047807e-01 6.982380e-01 7.912113e-01 7.575099e-01 7.870973e-01 9.024004e-01 1.022474e+00 1.075016e+00 1.035855e+00 2.945424e-05
<GCONST> 5.864923e+01
<MIXTURE> 17 9.518312e-03
<MEAN> 25
 3.770036e+00 -7.759898e-01 6.427045e+00 2.402946e+00 -6.004833e+00 -6.397739e+00 -3.139936e+00 -1.422121e-01 -2.674685e+00 -3.277725e+00 6.668284e-02 -1.543627e-02 -7.667227e-01 -1.221384e+00 1.310918e+00 -2.136331e+00 -2.367910e+00 -1.559728e-01 1.857199e-01 7.668634e-01 -2.805972e-01 -1.804215e-01 1.036189e+00 4.025472e-01 8.248733e-02
<VARIANCE> 25
 1.654790e+01 3.167082e+01 3.006106e+01 3.971953e+01 4.500949e+01 4.894493e+01 4.236697e+01 3.431392e+01 3.557596e+01 2.702230e+01 2.812966e+01 2.807286e+01 1.834314e+00 2.707340e+00 4.017018e+00 3.085799e+00 4.104428e+00 5.487460e+00 5.000135e+00 4.725291e+00 4.079768e+00 4.040058e+00 3.065998e+00 2.736730e+00 2.125596e-03
<GCONST> 9.698574e+01
<MIXTURE> 18 1.221018e-02
<MEAN> 25
 3.954076e+00 4.622225e+00 6.747098e+00 4.742354e+00 -4.614797e+00 -8.359703e+00 -1.743268e+00 -1.171636e+00 -3.371473e+00 -2.455255e+00 -8.810807e-01 5.777451e-01 -7.618715e-01 2.161514e+00 -1.998481e-01 2.032734e+00 3.117743e+00 1.484844e+00 8.039185e-01 -2.110654e-01 6.188470e-01 5.194060e-01 -2.900786e-01 -6.148125e-02 -1.239128e-01
<VARIANCE> 25
 1.609111e+01 2.533071e+01 3.288725e+01 2.616922e+01 4.005161e+01 3.366574e+01 3.867952e+01 3.512817e+01 3.920535e+01 3.453730e+01 3.254007e+01 3.097587e+01 2.563406e+00 3.033637e+00 4.736675e+00 4.049720e+00 4.091705e+00 4.672080e+00 4.657683e+00 4.455257e+00 4.489399e+00 4.314505e+00 4.570981e+00 3.628103e+00 4.106019e-03
<GCONST> 9.852749e+01
<MIXTURE> 19 9.912824e-03
<MEAN> 25
 -1.014024e+01 1.821598e+00 3.061104e-01 1.080256e+00 3.993762e+00 1.587056e+00 3.401747e+00 1.124760e+00 2.056018e+00 1.175350e+00 1.103549e+00 2.024480e+00 2.090130e+00 1.748893e+00 2.160368e+00 7.544516e-01 -1.054089e+00 -1.027894e+00 -1.049185e+00 -1.415533e+00 -1.496788e+00 -1.144590e+00 -8.343101e-01 -8.078582e-01 1.327642e-03
<VARIANCE> 25
 5.359776e+01 3.017527e+01 4.820191e+01 5.354726e+01 3.377120e+01 3.275067e+01 3.123228e+01 2.980008e+01 2.871299e+01 2.701845e+01 3.026400e+01 1.983406e+01 2.402207e+00 2.214448e+00 2.194812e+00 2.338468e+00 2.565138e+00 2.240750e+00 2.451697e+00 2.394514e+00 2.097847e+00 2.044660e+00 2.247591e+00 1.773523e+00 2.403256e-03
<GCONST> 9.172095e+01
<MIXTURE> 20 6.308331e-03
<MEAN> 25
 -1.418145e+01 7.416194e+00 8.452314e-01 6.152289e+00 4.843555e+00 1.637090e+00 5.209284e+00 8.536933e-01 9.223132e-01 7.987435e-01 2.568580e+00 -3.024292e-01 -3.285946e+00 -8.668866e-01 -1.565170e+00 3.325815e-01 1.541046e+00 2.063141e+00 1.979244e+00 2.056207e+00 2.144594e+00 2.040245e+00 1.684746e+00 9.453121e-01 4.732136e-02
<VARIANCE> 25
 1.966348e+01 2.345561e+01 3.096064e+01 3.717621e+01 3.084978e+01 2.789033e+01 2.993287e+01 3.147528e+01 2.796411e+01 2.821392e+01 2.515978e+01 2.091775e+01 2.092036e+00 2.182255e+00 1.909938e+00 2.541362e+00 2.702739e+00 2.313095e+00 2.310106e+00 2.320019e+00 2.235433e+00 2.652243e+00 2.241424e+00 1.865659e+00 1.886420e-03
<GCONST> 8.921882e+01
<MIXTURE> 21 7.928653e-03
<MEAN> 25
 4.005486e+00 -4.530648e+00 5.774699e+00 -1.546798e+00 -1.058289e+01 -8.727345e+00 -2.615559e+00 4.175283e+00 -2.071662e+00 -3.410146e+00 2.436580e-01 3.406367e-01 -7.193663e-01 1.341567e+00 2.589387e+00 -4.472331e-02 -1.551992e+00 3.357148e-01 5.888838e-01 -1.498013e+00 -1.958189e+00 3.135476e-01 1.326474e+00 2.465203e-01 -1.278299e-02
<VARIANCE> 25
 8.901678e+00 1.873069e+01 2.966104e+01 2.840743e+01 2.856268e+01 3.320111e+01 4.294617e+01 3.936914e+01 4.293082e+01 3.159644e+01 3.382929e+01 2.323752e+01 3.763344e-01 9.498371e-01 1.854967e+00 1.290562e+00 2.212202e+00 2.187795e+00 3.641607e+00 2.501309e+00 2.161590e+00 2.595438e+00 2.017718e+00 2.285193e+00 4.286399e-04
<GCONST> 8.509561e+01
<MIXTURE> 22 8.827789e-03
<MEAN> 25
 -1.792091e+01 7.154785e+00 -4.131347e+00 7.392482e+00 4.602546e+00 2.761039e+00 8.399819e+00 1.748462e+00 5.379299e+00 3.301012e+00 5.716434e+00 1.185148e+00 -3.095726e-01 -2.075880e-01 -1.255633e-01 -1.492641e-01 -7.208806e-03 1.369678e-01 1.807591e-01 1.779423e-01 2.484757e-01 2.073076e-01 1.726615e-01 1.924446e-01 8.857626e-03
<VARIANCE> 25
 8.116920e+00 1.682541e+01 1.738343e+01 2.517213e+01 2.289636e+01 2.083704e+01 1.943101e+01 1.871084e+01 1.813996e+01 2.086667e+01 1.924184e+01 1.378720e+01 1.090756e+00 1.357369e+00 1.363971e+00 1.572030e+00 1.408815e+00 1.526971e+00 1.508942e+00 1.532825e+00 1.614233e+00 1.544764e+00 1.357418e+00 1.168007e+00 1.745583e-03
<GCONST> 7.830949e+01
<MIXTURE> 23 6.455497e-03
<MEAN> 25
 7.151387e+00 2.273152e+00 2.844995e+00 2.254909e+00 -4.506981e+00 -3.127954e+00 -4.316093e+00 -6.211032e+00 -3.503126e+00 -1.462827e+00 -4.038641e+00 -2.302185e+00 3.050421e-02 1.742158e-01 5.047614e-02 4.007844e-02 -3.542874e-02 -2.935812e-03 -3.391027e-02 -7.894455e-03 9.321820e-02 7.467703e-02 6.546831e-02 1.319639e-01 -4.295666e-03
<VARIANCE> 25
 1.391453e+01 2.017653e+01 2.253037e+01 3.673492e+01 3.522029e+01 4.829541e+01 5.392029e+01 5.010073e+01 4.343018e+01 4.392458e+01 4.367633e+01 3.692136e+01 1.204712e-01 2.736229e-01 3.678444e-01 4.543938e-01 5.850992e-01 7.026999e-01 8.112332e-01 8.309633e-01 9.374678e-01 8.293330e-01 7.888581e-01 9.466268e-01 8.962809e-05
<GCONST> 7.223473e+01
<MIXTURE> 24 6.455497e-03
<MEAN> 25
 7.151387e+00 2.273152e+00 2.844995e+00 2.254909e+00 -4.506981e+00 -3.127954e+00 -4.316093e+00 -6.211032e+00 -3.503126e+00 -1.462827e+00 -4.038641e+00 -2.302185e+00 3.050421e-02 1.742158e-01 5.047614e-02 4.007844e-02 -3.542874e-02 -2.935812e-03 -3.391027e-02 -7.894455e-03 9.321820e-02 7.467703e-02 6.546831e-02 1.319639e-01 -4.295666e-03
<VARIANCE> 25
 1.391453e+01 2.017653e+01 2.253037e+01 3.673492e+01 3.522029e+01 4.829541e+01 5.392029e+01 5.010073e+01 4.343018e+01 4.392458e+01 4.367633e+01 3.692136e+01 1.204712e-01 2.736229e-01 3.678444e-01 4.543938e-01 5.850992e-01 7.026999e-01 8.112332e-01 8.309633e-01 9.374678e-01 8.293330e-01 7.888581e-01 9.466268e-01 8.962809e-05
<GCONST> 7.223473e+01
<MIXTURE> 25 1.118642e-02
<MEAN> 25
 2.951694e-01 3.480266e+00 1.678655e+01 -1.034443e+00 -1.133002e+01 -1.760070e+00 -4.993347e+00 -2.947845e+00 -6.939334e+00 -5.447735e+00 4.101904e+00 -1.644514e+00 -1.349264e-01 4.404260e-01 1.692450e-01 1.517779e-01 2.170348e-01 1.099771e-01 1.932766e-01 -1.689560e-01 -2.484439e-01 7.500871e-02 -7.312272e-02 -1.073586e-01 -1.292761e-02
<VARIANCE> 25
 8.847031e+00 2.222930e+01 2.088932e+01 2.867370e+01 3.164857e+01 4.109000e+01 2.735550e+01 2.998321e+01 2.837405e+01 3.661523e+01 2.096012e+01 2.760180e+01 5.959794e-01 1.445156e+00 1.404893e+00 1.382928e+00 2.275911e+00 2.037170e+00 1.747492e+00 1.629901e+00 1.536292e+00 1.649893e+00 1.348572e+00 1.298323e+00 1.282447e-03
<GCONST> 8.273677e+01
<MIXTURE> 26 7.727677e-03
<MEAN> 25
 2.177577e+00 -6.451297e+00 -1.039853e+01 -7.022107e-01 8.010168e+00 5.493423e+00 4.063396e+00 -2.794550e-01 2.273808e+00 -9.611290e-01 -2.899274e+00 -9.912310e-01 -6.543392e-01 6.285395e-01 3.663054e-01 6.967540e-01 1.748948e-01 2.415384e-01 2.876402e-01 3.349913e-01 2.880654e-01 8.372317e-02 3.868747e-01 4.275565e-01 -5.280662e-02
<VARIANCE> 25
 2.511814e+01 3.403157e+01 2.566085e+01 6.239731e+01 3.896141e+01 4.243987e+01 4.614594e+01 4.402707e+01 3.936764e+01 5.443829e+01 4.010120e+01 4.676617e+01 1.651195e+00 1.959003e+00 1.929162e+00 2.002757e+00 2.320098e+00 2.368581e+00 2.521878e+00 2.737590e+00 2.333847e+00 2.337982e+00 2.164038e+00 2.002569e+00 3.321300e-03
<GCONST> 9.392750e+01
<MIXTURE> 27 7.727677e-03
<MEAN> 25
 2.177577e+00 -6.451297e+00 -1.039853e+01 -7.022107e-01 8.010168e+00 5.493423e+00 4.063396e+00 -2.794550e-01 2.273808e+00 -9.611290e-01 -2.899274e+00 -9.912310e-01 -6.543392e-01 6.285395e-01 3.663054e-01 6.967540e-01 1.748948e-01 2.415384e-01 2.876402e-01 3.349913e-01 2.880654e-01 8.372317e-02 3.868747e-01 4.275565e-01 -5.280662e-02
<VARIANCE> 25
 2.511814e+01 3.403157e+01 2.566085e+01 6.239731e+01 3.896141e+01 4.243987e+01 4.614594e+01 4.402707e+01 3.936764e+01 5.443829e+01 4.010120e+01 4.676617e+01 1.651195e+00 1.959003e+00 1.929162e+00 2.002757e+00 2.320098e+00 2.368581e+00 2.521878e+00 2.737590e+00 2.333847e+00 2.337982e+00 2.164038e+00 2.002569e+00 3.321300e-03
<GCONST> 9.392750e+01
<MIXTURE> 28 5.036674e-03
<MEAN> 25
 -5.438086e+00 1.234283e-02 -1.564934e+00 6.603709e+00 5.220970e+00 3.515188e+00 5.407906e+00 3.127777e+00 3.923537e+00 2.393994e+00 2.638868e+00 3.215461e+00 -1.141984e-01 2.218351e-01 5.277808e-01 7.838193e-01 8.200315e-01 7.017173e-01 5.233911e-01 3.909457e-01 4.440182e-01 4.818320e-01 3.709501e-01 1.896176e-01 -1.416430e-05
<VARIANCE> 25
 1.050226e+01 8.336668e+00 1.214731e+01 1.489464e+01 1.475152e+01 1.770939e+01 1.804443e+01 1.899261e+01 1.716819e+01 1.670673e+01 2.057740e+01 1.499567e+01 2.570974e-01 3.372746e-01 4.065992e-01 4.646196e-01 6.231124e-01 8.464210e-01 1.055528e+00 1.143977e+00 1.101411e+00 1.028859e+00 1.035206e+00 1.065258e+00 1.002825e-06
<GCONST> 6.025777e+01
<MIXTURE> 29 5.036674e-03
<MEAN> 25
 -5.438086e+00 1.234283e-02 -1.564934e+00 6.603709e+00 5.220970e+00 3.515188e+00 5.407906e+00 3.127777e+00 3.923537e+00 2.393994e+00 2.638868e+00 3.215461e+00 -1.141984e-01 2.218351e-01 5.277808e-01 7.838193e-01 8.200315e-01 7.017173e-01 5.233911e-01 3.909457e-01 4.440182e-01 4.818320e-01 3.709501e-01 1.896176e-01 -1.416430e-05
<VARIANCE> 25
 1.050226e+01 8.336668e+00 1.214731e+01 1.489464e+01 1.475152e+01 1.770939e+01 1.804443e+01 1.899261e+01 1.716819e+01 1.670673e+01 2.057740e+01 1.499567e+01 2.570974e-01 3.372746e-01 4.065992e-01 4.646196e-01 6.231124e-01 8.464210e-01 1.055528e+00 1.143977e+00 1.101411e+00 1.028859e+00 1.035206e+00 1.065258e+00 1.002825e-06
<GCONST> 6.025777e+01
<MIXTURE> 30 8.917812e-03
<MEAN> 25
 -4.482587e+00 -1.953008e-01 6.541539e-01 9.062348e+00 7.755623e+00 7.491922e+00 7.569369e+00 6.878480e+00 6.524873e+00 4.890130e+00 7.001723e+00 3.502374e+00 -2.336836e-02 3.074846e-02 5.684882e-02 8.990304e-02 8.044197e-02 4.507898e-02 1.490118e-02 -3.601196e-03 1.722028e-02 5.071070e-02 6.108922e-02 3.414414e-02 -5.334734e-04
<VARIANCE> 25
 6.966472e+00 9.841590e+00 1.037324e+01 1.394173e+01 1.584968e+01 1.649267e+01 1.915321e+01 1.814246e+01 1.629389e+01 1.834171e+01 2.124705e+01 1.435828e+01 9.740068e-02 1.995005e-01 3.245001e-01 4.835176e-01 6.195253e-01 7.237641e-01 7.747787e-01 8.119835e-01 8.743829e-01 9.356840e-01 9.184827e-01 8.609897e-01 5.114328e-05
<GCONST> 6.061123e+01
<MIXTURE> 31 4.136493e-03
<MEAN> 25
 -3.185934e+00 -5.405900e+00 5.567719e-02 4.640391e+00 3.538161e+00 1.640191e+00 5.088868e+00 6.499800e+00 2.637524e+00 1.234222e+00 6.346474e+00 3.090341e+00 2.552214e-01 4.652433e-01 -2.102714e-01 3.125114e-01 1.330725e-01 3.991308e-01 1.837734e-01 1.308756e-02 3.314409e-01 3.663772e-01 1.046662e-01 8.635386e-02 -1.784085e-02
<VARIANCE> 25
 7.123888e+00 1.624216e+01 1.674418e+01 1.843866e+01 2.489074e+01 2.292307e+01 2.335492e+01 2.502194e+01 2.542867e+01 2.733343e+01 2.047702e+01 1.841167e+01 1.899268e-01 5.049420e-01 5.804903e-01 7.533002e-01 9.441355e-01 1.127113e+00 1.228962e+00 1.374548e+00 1.378511e+00 1.283406e+00 1.270734e+00 1.121934e+00 2.659616e-04
<GCONST> 7.173184e+01
<MIXTURE> 32 4.136493e-03
<MEAN> 25
 -3.185934e+00 -5.405900e+00 5.567719e-02 4.640391e+00 3.538161e+00 1.640191e+00 5.088868e+00 6.499800e+00 2.637524e+00 1.234222e+00 6.346474e+00 3.090341e+00 2.552214e-01 4.652433e-01 -2.102714e-01 3.125114e-01 1.330725e-01 3.991308e-01 1.837734e-01 1.308756e-02 3.314409e-01 3.663772e-01 1.046662e-01 8.635386e-02 -1.784085e-02
<VARIANCE> 25
 7.123888e+00 1.624216e+01 1.674418e+01 1.843866e+01 2.489074e+01 2.292307e+01 2.335492e+01 2.502194e+01 2.542867e+01 2.733343e+01 2.047702e+01 1.841167e+01 1.899268e-01 5.049420e-01 5.804903e-01 7.533002e-01 9.441355e-01 1.127113e+00 1.228962e+00 1.374548e+00 1.378511e+00 1.283406e+00 1.270734e+00 1.121934e+00 2.659616e-04
<GCONST> 7.173184e+01
<MIXTURE> 33 1.508826e-02
<MEAN> 25
 6.594127e+00 -4.019310e+00 -2.219592e+00 -2.636480e+00 -1.963362e+00 -5.625619e+00 -7.278354e+00 1.740809e+00 2.317600e+00 -4.610103e-01 -4.713437e+00 -3.007495e+00 6.536149e-01 -1.173155e+00 -2.443074e+00 -1.869794e+00 1.462053e+00 1.420319e+00 -7.541472e-01 6.577227e-01 1.023944e+00 5.596943e-01 -3.068388e-01 -1.334568e+00 3.769640e-02
<VARIANCE> 25
 9.904303e+00 2.115112e+01 2.903490e+01 3.615237e+01 4.065783e+01 4.407776e+01 4.311979e+01 4.672548e+01 4.054039e+01 4.387511e+01 3.495527e+01 2.841685e+01 1.161176e+00 1.944038e+00 2.200871e+00 2.193303e+00 4.214190e+00 3.438503e+00 4.323484e+00 5.626951e+00 3.783257e+00 4.406460e+00 3.382322e+00 2.606125e+00 1.476279e-03
<GCONST> 9.445738e+01
<MIXTURE> 34 1.588179e-02
<MEAN> 25
 8.926195e+00 4.692995e-02 1.344522e-01 1.214873e+00 -2.944998e+00 -1.522830e+00 -6.153666e+00 -4.691818e+00 -1.807146e+00 1.537163e-01 -2.652928e+00 -3.698689e+00 -1.724781e-02 1.346650e+00 1.474737e+00 2.397324e+00 -4.153283e-02 -1.531193e-01 7.906673e-01 -1.642123e+00 -9.015011e-01 2.589974e-01 -5.560190e-01 2.446087e-01 -6.237700e-02
<VARIANCE> 25
 7.678153e+00 3.104770e+01 2.944693e+01 4.993349e+01 4.238401e+01 4.946436e+01 5.500927e+01 5.671477e+01 5.267646e+01 4.326715e+01 4.834679e+01 3.154047e+01 1.263891e+00 1.984270e+00 4.268039e+00 4.050914e+00 5.634423e+00 5.835355e+00 5.512949e+00 6.165793e+00 5.201553e+00 4.982060e+00 5.025318e+00 3.880040e+00 1.153832e-03
<GCONST> 9.971786e+01
<MIXTURE> 35 1.467755e-02
<MEAN> 25
 -2.156183e+00 -5.252936e+00 -9.991486e+00 2.181981e-01 9.715116e+00 7.988053e-01 1.607451e+00 2.539463e+00 1.471751e+00 4.583057e+00 4.638860e-02 1.883595e+00 5.479572e-01 -1.117785e+00 -1.429094e+00 -1.387479e+00 4.082983e-01 -7.986901e-01 -6.816595e-01 -1.320543e-01 -1.599524e-01 1.641411e-01 -6.521700e-01 -4.976056e-01 1.077545e-01
<VARIANCE> 25
 1.959291e+01 2.945945e+01 4.335477e+01 6.241822e+01 4.209457e+01 5.750279e+01 5.103831e+01 4.364090e+01 5.043362e+01 3.853433e+01 3.660132e+01 3.097173e+01 3.466229e+00 3.575458e+00 6.785414e+00 5.560507e+00 5.223676e+00 5.584285e+00 4.926630e+00 4.748522e+00 5.056023e+00 4.519725e+00 4.080021e+00 3.798667e+00 5.301561e-03
<GCONST> 1.036174e+02
<MIXTURE> 36 1.093293e-02
<MEAN> 25
 5.000060e+00 -3.516187e+00 7.024326e+00 2.681775e+00 -1.010909e+01 -8.906623e+00 -6.257620e+00 3.062497e+00 -1.912690e+00 -4.573109e+00 2.793970e+00 -1.660733e-01 3.633775e-01 1.516015e-01 -9.068467e-01 2.204148e-02 8.689848e-01 3.841946e-02 -4.743840e-01 2.788529e-02 4.222553e-01 5.642120e-01 -4.240706e-01 -3.244399e-01 -1.585843e-02
<VARIANCE> 25
 9.950016e+00 1.679284e+01 2.232391e+01 2.794755e+01 3.182081e+01 3.216596e+01 4.610096e+01 3.537476e+01 3.924191e+01 3.269997e+01 2.774935e+01 2.672087e+01 4.638804e-01 7.441611e-01 1.522314e+00 1.245046e+00 1.632319e+00 1.630566e+00 2.144202e+00 1.735857e+00 2.009821e+00 1.694772e+00 1.408505e+00 1.455830e+00 7.271193e-04
<GCONST> 8.218134e+01
<MIXTURE> 37 1.246826e-02
<MEAN> 25
 5.455434e-01 7.774139e+00 1.205803e+01 -5.555005e+00 -8.031156e+00 -1.052829e+00 -5.080716e+00 -8.324405e+00 -3.710855e+00 -9.074033e-01 -3.669880e+00 -1.292091e+00 1.826276e-01 6.471209e-01 -1.353980e+00 3.583890e+00 1.987996e+00 -3.008421e-01 1.091318e+00 4.360632e-01 5.280151e-01 -3.233159e-01 5.375170e-01 -9.757450e-02 -9.494599e-02
<VARIANCE> 25
 1.593172e+01 2.598486e+01 3.083619e+01 5.101350e+01 3.393765e+01 3.201453e+01 4.398006e+01 3.505210e+01 3.861287e+01 3.596911e+01 3.775261e+01 3.089186e+01 2.956447e+00 3.416134e+00 3.018413e+00 4.091923e+00 4.618020e+00 3.753014e+00 4.208364e+00 3.810841e+00 3.449718e+00 3.621681e+00 3.870072e+00 2.792189e+00 3.927692e-03
<GCONST> 9.778194e+01
<MIXTURE> 38 1.154525e-02
<MEAN> 25
 -4.476925e+00 8.975993e+00 4.601865e+00 3.232454e+00 8.471134e-01 -5.220717e+00 -6.072919e-01 -2.745167e+00 -2.856310e+00 -3.103466e+00 -1.492068e+00 -5.423204e-01 -4.519026e+00 1.252010e+00 -3.116252e-01 1.455030e+00 2.563421e+00 1.392644e+00 2.051610e+00 9.537174e-01 7.858362e-01 6.377710e-01 1.004859e+00 3.258498e-01 4.857297e-02
<VARIANCE> 25
 3.140203e+01 2.955972e+01 3.901703e+01 3.301396e+01 4.886661e+01 3.559236e+01 3.636649e+01 4.165480e+01 3.488081e+01 3.250525e+01 2.429137e+01 2.873221e+01 2.351595e+00 3.941722e+00 3.909839e+00 5.163619e+00 4.248078e+00 5.021264e+00 4.782423e+00 4.644341e+00 4.447000e+00 4.939046e+00 4.390529e+00 3.264287e+00 2.049505e-03
<GCONST> 9.926125e+01
<MIXTURE> 39 9.501865e-03
<MEAN> 25
 1.337330e+00 2.602107e+00 1.020049e+01 -9.209528e+00 -1.127469e+01 -9.884906e-01 -2.967523e+00 -6.573757e+00 -4.518095e+00 8.716966e-01 -3.677543e+00 -2.296789e+00 -7.286071e-01 1.521585e+00 1.623993e+00 -1.390691e+00 7.814679e-02 1.222250e+00 -1.199262e+00 -1.251526e+00 4.300055e-01 4.451506e-01 -5.053425e-01 1.240895e-01 1.341183e-03
<VARIANCE> 25
 8.899795e+00 3.005842e+01 3.176238e+01 3.827571e+01 3.735144e+01 4.264608e+01 4.436708e+01 3.343207e+01 3.942003e+01 3.318207e+01 3.618744e+01 2.940129e+01 6.907064e-01 1.546648e+00 1.513944e+00 2.922115e+00 2.416040e+00 2.819545e+00 3.050023e+00 2.746223e+00 2.432414e+00 2.614452e+00 2.118513e+00 2.067909e+00 1.183007e-03
<GCONST> 8.964520e+01
<MIXTURE> 40 1.030800e-02
<MEAN> 25
 -8.310435e+00 2.012261e+00 -9.074290e-01 7.241868e+00 3.231588e+00 5.091604e+00 4.825755e+00 3.939737e+00 4.551364e+00 4.185952e+00 5.546885e+00 1.487062e+00 -1.096848e-01 -2.419920e-01 -4.977435e-02 -2.470750e-01 -3.266981e-02 -3.596063e-02 9.128508e-02 1.497102e-01 2.243659e-02 -3.030889e-02 3.073126e-02 3.081320e-02 2.922224e-03
<VARIANCE> 25
 4.565528e+01 1.871575e+01 2.688934e+01 3.130795e+01 2.618523e+01 1.833115e+01 1.905678e+01 1.775006e+01 1.611722e+01 1.699559e+01 1.752891e+01 1.426792e+01 7.061407e-01 7.378515e-01 8.089380e-01 1.031950e+00 1.068423e+00 1.182983e+00 1.203832e+00 1.257293e+00 1.170449e+00 1.134573e+00 1.123976e+00 1.019519e+00 8.306507e-04
<GCONST> 7.570803e+01
<MIXTURE> 41 6.713375e-03
<MEAN> 25
 1.308522e+00 1.785497e+00 1.047871e+01 -6.963661e+00 -1.047376e+01 -3.857802e+00 -2.486302e+00 -5.044209e+00 -4.655778e+00 2.663100e+00 -1.745247e+00 -9.518741e-01 7.795545e-02 -7.607557e-01 1.697224e+00 -3.559617e+00 -2.461392e+00 -1.131322e-01 -5.064960e-01 -3.570406e-01 -8.271093e-01 1.086993e+00 -1.046001e+00 8.311511e-02 8.630297e-02
<VARIANCE> 25
 1.169643e+01 2.965750e+01 3.259214e+01 4.003585e+01 3.868323e+01 4.016262e+01 3.714257e+01 2.987174e+01 3.309362e+01 2.877591e+01 3.186060e+01 2.719314e+01 3.178348e+00 3.311763e+00 3.824817e+00 3.795231e+00 4.904287e+00 5.875442e+00 4.715901e+00 4.558514e+00 3.976243e+00 4.220455e+00 3.833248e+00 3.223604e+00 2.929962e-03
<GCONST> 9.791266e+01
<MIXTURE> 42 1.106211e-02
<MEAN> 25
 -1.925651e+00 4.567405e+00 4.667758e+00 2.879150e+00 1.974169e-01 -6.298557e+00 -9.993265e-01 -1.874201e+00 -1.514799e+00 -1.231654e+00 -2.288341e+00 1.269783e+00 4.183500e+00 -3.496345e-01 1.527494e+00 1.987217e-01 -2.962310e+00 -1.153580e+00 -2.257710e+00 -8.177072e-01 -7.874475e-01 -7.357999e-01 5.316610e-01 -1.059233e+00 9.578222e-03
<VARIANCE> 25
 3.627713e+01 2.117800e+01 4.670538e+01 2.621188e+01 3.927209e+01 3.906369e+01 3.724071e+01 2.727831e+01 2.863479e+01 2.756473e+01 2.008669e+01 1.791891e+01 3.561347e+00 4.891604e+00 6.149285e+00 4.788185e+00 4.649925e+00 6.015490e+00 5.083921e+00 5.293663e+00 4.976176e+00 4.856308e+00 4.234719e+00 3.413412e+00 4.468819e-03
<GCONST> 9.982669e+01
<MIXTURE> 43 7.108249e-03
<MEAN> 25
 3.164577e+00 -6.305857e+00 -2.250457e+00 -5.186748e+00 -7.395595e+00 -3.402892e+00 4.138768e+00 1.307862e+00 -5.064582e+00 -7.092994e+00 -4.324205e+00 -1.250619e+00 2.376357e-01 2.164213e+00 1.913413e+00 -1.332725e-01 -1.429877e+00 -7.950317e-01 -9.701586e-01 -7.790660e-01 8.211929e-01 1.467685e+00 3.423965e-01 2.064090e-02 -4.508561e-02
<VARIANCE> 25
 9.601890e+00 1.969813e+01 2.733312e+01 3.520723e+01 3.843019e+01 3.662848e+01 3.328701e+01 3.980689e+01 3.963765e+01 3.863389e+01 2.653187e+01 2.955219e+01 6.903962e-01 1.250697e+00 1.570511e+00 2.490187e+00 2.375151e+00 2.382237e+00 2.652891e+00 3.025878e+00 2.606563e+00 2.579295e+00 2.330839e+00 1.919157e+00 9.437352e-04
<GCONST> 8.796696e+01
<MIXTURE> 44 7.328289e-03
<MEAN> 25
 -1.462851e+01 1.535551e+00 3.403754e+00 -3.228915e+00 3.200620e+00 2.047272e+00 -9.234196e-02 2.213953e+00 1.481027e+00 -7.100950e-01 1.752630e+00 1.869920e+00 -1.417659e-01 1.451364e-02 1.649002e-01 2.998072e-01 -8.923937e-02 2.044157e-01 4.630504e-01 1.160027e-01 2.362659e-01 1.492850e-01 5.035790e-02 1.269113e-01 5.107890e-03
<VARIANCE> 25
 4.942305e+01 2.682444e+01 3.368021e+01 2.916094e+01 2.862496e+01 2.899159e+01 2.425959e+01 3.144249e+01 2.693243e+01 2.633775e+01 2.606057e+01 1.892249e+01 1.183753e+00 1.500654e+00 1.339269e+00 1.320571e+00 2.083863e+00 1.605707e+00 1.465793e+00 1.592654e+00 1.533055e+00 1.478530e+00 1.324049e+00 1.228812e+00 1.244830e-03
<GCONST> 8.396639e+01
<MIXTURE> 45 1.364932e-02
<MEAN> 25
 -1.244777e+01 3.421551e+00 -1.253085e+00 2.845325e+00 5.735166e+00 1.093089e-01 4.762284e+00 2.861270e+00 3.300648e+00 2.190794e+00 2.367071e+00 2.589683e+00 -2.940262e+00 5.945372e-01 -4.862111e-01 -5.342081e-01 1.939876e-01 -1.677352e-02 4.600764e-01 6.711457e-02 -6.874492e-02 -6.727429e-02 2.506059e-01 9.424806e-02 1.190975e-01
<VARIANCE> 25
 3.354781e+01 3.029543e+01 3.081347e+01 3.501901e+01 3.140312e+01 2.911965e+01 2.968503e+01 2.655740e+01 2.480332e+01 2.335915e+01 2.803630e+01 1.560586e+01 2.426386e+00 3.064978e+00 2.851532e+00 2.681623e+00 2.500523e+00 2.632304e+00 2.312775e+00 2.268005e+00 2.143072e+00 2.118116e+00 1.973383e+00 1.641723e+00 4.085445e-03
<GCONST> 9.055647e+01
<MIXTURE> 46 9.336259e-03
<MEAN> 25
 -9.465749e+00 2.309941e+00 1.199517e+00 7.570922e+00 5.944087e+00 3.338093e+00 7.069860e+00 4.497067e+00 5.709344e+00 4.694303e+00 5.041430e+00 2.926946e+00 1.061145e+00 -2.406231e-01 4.067056e-02 1.001982e+00 6.038411e-01 9.430310e-01 3.870621e-01 6.747308e-01 4.730706e-01 5.081114e-01 6.408301e-01 5.241310e-01 -1.057160e-01
<VARIANCE> 25
 3.422536e+01 4.384706e+01 3.853973e+01 4.994680e+01 5.084054e+01 4.080793e+01 3.706890e+01 3.537604e+01 3.316380e+01 3.095601e+01 2.823938e+01 2.023105e+01 3.912269e+00 4.144549e+00 3.883224e+00 4.140028e+00 4.176429e+00 3.698353e+00 3.382104e+00 3.115813e+00 2.982638e+00 2.866424e+00 2.309479e+00 1.784056e+00 7.951599e-03
<GCONST> 9.830460e+01
<MIXTURE> 47 7.116147e-03
<MEAN> 25
 7.323250e+00 -7.372007e+00 -7.755906e+00 -6.454385e+00 1.503080e+00 8.345691e-01 -2.395406e+00 1.223142e+00 3.020355e+00 1.528661e-01 -4.254713e+00 -6.709412e+00 -1.834854e-01 -1.255708e+00 -6.925973e-01 -4.197128e-01 6.224190e-01 8.180526e-01 8.775774e-01 3.000283e-01 1.180856e-01 -8.854124e-01 -4.685577e-01 -4.555850e-01 3.011527e-02
<VARIANCE> 25
 1.076929e+01 2.106062e+01 2.051531e+01 3.314153e+01 3.618523e+01 5.274226e+01 4.527439e+01 4.074436e+01 4.336513e+01 4.699311e+01 4.860192e+01 3.353663e+01 5.189738e-01 7.737549e-01 1.123122e+00 1.665795e+00 1.977014e+00 2.200747e+00 2.317383e+00 2.478232e+00 2.190930e+00 2.142161e+00 2.184401e+00 2.012863e+00 5.492539e-04
<GCONST> 8.643554e+01
<MIXTURE> 48 7.116147e-03
<MEAN> 25
 7.323250e+00 -7.372007e+00 -7.755906e+00 -6.454385e+00 1.503080e+00 8.345691e-01 -2.395406e+00 1.223142e+00 3.020355e+00 1.528661e-01 -4.254713e+00 -6.709412e+00 -1.834854e-01 -1.255708e+00 -6.925973e-01 -4.197128e-01 6.224190e-01 8.180526e-01 8.775774e-01 3.000283e-01 1.180856e-01 -8.854124e-01 -4.685577e-01 -4.555850e-01 3.011527e-02
<VARIANCE> 25
 1.076929e+01 2.106062e+01 2.051531e+01 3.314153e+01 3.618523e+01 5.274226e+01 4.527439e+01 4.074436e+01 4.336513e+01 4.699311e+01 4.860192e+01 3.353663e+01 5.189738e-01 7.737549e-01 1.123122e+00 1.665795e+00 1.977014e+00 2.200747e+00 2.317383e+00 2.478232e+00 2.190930e+00 2.142161e+00 2.184401e+00 2.012863e+00 5.492539e-04
<GCONST> 8.643554e+01
<MIXTURE> 49 5.548473e-03
<MEAN> 25
 -5.037488e+00 3.545537e-01 1.635140e-01 8.384559e+00 6.099367e+00 5.587590e+00 6.049775e+00 4.476836e+00 5.012444e+00 3.710290e+00 4.890222e+00 2.819559e+00 3.650524e-01 6.549262e-01 6.994132e-01 3.496781e-01 -1.943827e-01 -6.626018e-01 -1.010693e+00 -1.127035e+00 -9.593228e-01 -6.829272e-01 -4.907782e-01 -2.711633e-01 6.529081e-06
<VARIANCE> 25
 9.795117e+00 9.961272e+00 1.415488e+01 1.628103e+01 1.610080e+01 1.712621e+01 1.938153e+01 1.932758e+01 1.818974e+01 1.786208e+01 2.073502e+01 1.449016e+01 2.790809e-01 2.635014e-01 3.582906e-01 6.100259e-01 8.652125e-01 9.740961e-01 9.901028e-01 1.048942e+00 1.131055e+00 1.215655e+00 1.275540e+00 1.206359e+00 1.444141e-05
<GCONST> 6.434193e+01
<MIXTURE> 50 6.234641e-03
<MEAN> 25
 -4.273218e+00 8.606047e-02 -1.330533e+00 5.849329e+00 3.931249e+00 2.177920e+00 3.374709e+00 1.747069e+00 2.666583e+00 1.419683e+00 2.133215e+00 2.821765e+00 4.322622e-02 1.717831e-01 9.205458e-02 -1.942749e-01 -5.015144e-01 -5.945998e-01 -4.204247e-01 -5.430932e-02 4.416404e-01 7.686739e-01 7.022569e-01 4.492314e-01 -3.137410e-05
<VARIANCE> 25
 1.160803e+01 1.043073e+01 1.363478e+01 1.581145e+01 1.553652e+01 1.747723e+01 1.879128e+01 1.990574e+01 1.797566e+01 1.650985e+01 2.044141e+01 1.569032e+01 1.503095e-01 2.406682e-01 3.589122e-01 5.369714e-01 5.891256e-01 7.284463e-01 9.582452e-01 1.181758e+00 1.018244e+00 9.396687e-01 8.809178e-01 9.762408e-01 1.097218e-06
<GCONST> 5.950360e+01
<MIXTURE> 51 6.234641e-03
<MEAN> 25
 -4.273218e+00 8.606047e-02 -1.330533e+00 5.849329e+00 3.931249e+00 2.177920e+00 3.374709e+00 1.747069e+00 2.666583e+00 1.419683e+00 2.133215e+00 2.821765e+00 4.322622e-02 1.717831e-01 9.205458e-02 -1.942749e-01 -5.015144e-01 -5.945998e-01 -4.204247e-01 -5.430932e-02 4.416404e-01 7.686739e-01 7.022569e-01 4.492314e-01 -3.137410e-05
<VARIANCE> 25
 1.160803e+01 1.043073e+01 1.363478e+01 1.581145e+01 1.553652e+01 1.747723e+01 1.879128e+01 1.990574e+01 1.797566e+01 1.650985e+01 2.044141e+01 1.569032e+01 1.503095e-01 2.406682e-01 3.589122e-01 5.369714e-01 5.891256e-01 7.284463e-01 9.582452e-01 1.181758e+00 1.018244e+00 9.396687e-01 8.809178e-01 9.762408e-01 1.097218e-06
<GCONST> 5.950360e+01
<MIXTURE> 52 6.367945e-03
<MEAN> 25
 1.012364e+01 2.049206e+00 -6.198318e+00 -1.428599e+01 -4.222158e+00 8.537211e+00 -2.752733e+00 -3.061183e+00 -4.408440e+00 -2.132830e+00 3.354537e+00 7.468861e-01 -3.855432e-01 -4.803266e-01 -6.963996e-02 1.140574e+00 1.339654e+00 -4.735486e-01 -6.029762e-01 -6.590873e-01 4.286411e-02 1.246314e+00 3.874419e-01 -5.458651e-01 -1.382080e-02
<VARIANCE> 25
 9.290975e+00 2.048911e+01 2.533465e+01 3.859106e+01 4.573092e+01 3.071901e+01 4.654625e+01 4.894302e+01 4.306279e+01 4.603929e+01 3.994993e+01 3.000858e+01 4.496413e-01 1.480720e+00 1.310535e+00 2.757966e+00 2.328951e+00 2.199796e+00 2.985857e+00 2.799494e+00 3.006183e+00 2.667094e+00 2.520405e+00 2.277617e+00 1.546054e-03
<GCONST> 8.973351e+01
<MIXTURE> 53 6.367945e-03
<MEAN> 25
 1.012364e+01 2.049206e+00 -6.198318e+00 -1.428599e+01 -4.222158e+00 8.537211e+00 -2.752733e+00 -3.061183e+00 -4.408440e+00 -2.132830e+00 3.354537e+00 7.468861e-01 -3.855432e-01 -4.803266e-01 -6.963996e-02 1.140574e+00 1.339654e+00 -4.735486e-01 -6.029762e-01 -6.590873e-01 4.286411e-02 1.246314e+00 3.874419e-01 -5.458651e-01 -1.382080e-02
<VARIANCE> 25
 9.290975e+00 2.048911e+01 2.533465e+01 3.859106e+01 4.573092e+01 3.071901e+01 4.654625e+01 4.894302e+01 4.306279e+01 4.603929e+01 3.994993e+01 3.000858e+01 4.496413e-01 1.480720e+00 1.310535e+00 2.757966e+00 2.328951e+00 2.199796e+00 2.985857e+00 2.799494e+00 3.006183e+00 2.667094e+00 2.520405e+00 2.277617e+00 1.546054e-03
<GCONST> 8.973351e+01
<MIXTURE> 54 7.368620e-03
<MEAN> 25
 -3.536007e+00 3.843930e-02 -6.484434e-01 7.880074e+00 6.408874e+00 4.544260e+00 4.580259e+00 4.542713e+00 4.001719e+00 3.552509e+00 4.382185e+00 2.257642e+00 1.461763e-03 2.822137e-02 3.505059e-02 4.709977e-02 4.035918e-02 3.317585e-02 3.181376e-02 8.358563e-03 2.672218e-02 3.601650e-04 3.695660e-03 5.805009e-03 -1.034479e-05
<VARIANCE> 25
 9.316061e+00 1.014878e+01 9.159086e+00 1.880284e+01 1.342001e+01 1.356830e+01 1.212169e+01 1.135306e+01 1.137235e+01 1.336025e+01 1.773619e+01 1.278842e+01 4.156595e-02 8.750309e-02 1.525441e-01 2.263253e-01 3.092410e-01 4.030473e-01 4.586765e-01 5.347132e-01 5.419085e-01 5.438924e-01 5.153015e-01 5.171934e-01 1.010403e-06
<GCONST> 4.740178e+01
<MIXTURE> 55 7.368620e-03
<MEAN> 25
 -3.536007e+00 3.843930e-02 -6.484434e-01 7.880074e+00 6.408874e+00 4.544260e+00 4.580259e+00 4.542713e+00 4.001719e+00 3.552509e+00 4.382185e+00 2.257642e+00 1.461763e-03 2.822137e-02 3.505059e-02 4.709977e-02 4.035918e-02 3.317585e-02 3.181376e-02 8.358563e-03 2.672218e-02 3.601650e-04 3.695660e-03 5.805009e-03 -1.034479e-05
<VARIANCE> 25
 9.316061e+00 1.014878e+01 9.159086e+00 1.880284e+01 1.342001e+01 1.356830e+01 1.212169e+01 1.135306e+01 1.137235e+01 1.336025e+01 1.773619e+01 1.278842e+01 4.156595e-02 8.750309e-02 1.525441e-01 2.263253e-01 3.092410e-01 4.030473e-01 4.586765e-01 5.347132e-01 5.419085e-01 5.438924e-01 5.153015e-01 5.171934e-01 1.010403e-06
<GCONST> 4.740178e+01
<MIXTURE> 56 6.132464e-03
<MEAN> 25
 7.495881e+00 -6.729307e+00 -9.109615e+00 -8.629982e+00 3.920390e+00 3.879222e+00 -2.192841e+00 -1.476156e+00 1.960994e+00 6.752750e-01 -2.464032e+00 -7.113460e+00 -9.485830e-03 2.720508e-02 -8.801003e-02 1.905578e-02 2.554044e-01 6.873991e-02 1.164905e-01 -1.338537e-01 -4.609102e-02 -3.617650e-02 -8.584366e-02 2.376663e-02 -6.923715e-03
<VARIANCE> 25
 9.777328e+00 2.338698e+01 2.015590e+01 4.111758e+01 3.313342e+01 5.102061e+01 6.162760e+01 3.657178e+01 3.871548e+01 3.750209e+01 4.003418e+01 3.107361e+01 2.052652e-01 4.301872e-01 4.522855e-01 7.694654e-01 7.937940e-01 1.113711e+00 9.166908e-01 9.041616e-01 9.039500e-01 9.213454e-01 1.032921e+00 7.900370e-01 2.423187e-04
<GCONST> 7.515410e+01
<MIXTURE> 57 6.132464e-03
<MEAN> 25
 7.495881e+00 -6.729307e+00 -9.109615e+00 -8.629982e+00 3.920390e+00 3.879222e+00 -2.192841e+00 -1.476156e+00 1.960994e+00 6.752750e-01 -2.464032e+00 -7.113460e+00 -9.485830e-03 2.720508e-02 -8.801003e-02 1.905578e-02 2.554044e-01 6.873991e-02 1.164905e-01 -1.338537e-01 -4.609102e-02 -3.617650e-02 -8.584366e-02 2.376663e-02 -6.923715e-03
<VARIANCE> 25
 9.777328e+00 2.338698e+01 2.015590e+01 4.111758e+01 3.313342e+01 5.102061e+01 6.162760e+01 3.657178e+01 3.871548e+01 3.750209e+01 4.003418e+01 3.107361e+01 2.052652e-01 4.301872e-01 4.522855e-01 7.694654e-01 7.937940e-01 1.113711e+00 9.166908e-01 9.041616e-01 9.039500e-01 9.213454e-01 1.032921e+00 7.900370e-01 2.423187e-04
<GCONST> 7.515410e+01
<MIXTURE> 58 6.172147e-03
<MEAN> 25
 2.356442e+00 -3.005208e+00 6.916043e+00 -5.082107e+00 -1.282856e+01 -5.245460e+00 1.478805e+00 6.754570e-01 -2.193481e+00 1.651086e+00 4.233356e-01 -7.837252e-01 -4.080299e-02 -1.448575e-01 -6.577194e-02 -1.690619e-01 -3.259096e-02 2.490061e-01 3.660499e-01 2.357701e-01 3.189564e-02 1.018426e-02 -9.403992e-02 -1.380339e-01 -2.700899e-03
<VARIANCE> 25
 7.683919e+00 1.457850e+01 2.193894e+01 2.615103e+01 2.742236e+01 4.566853e+01 3.146380e+01 3.345361e+01 3.173251e+01 3.044437e+01 2.217316e+01 1.949330e+01 2.978043e-01 7.781422e-01 7.130901e-01 9.874197e-01 9.227982e-01 1.206880e+00 1.116469e+00 1.251660e+00 1.041418e+00 1.013282e+00 8.743566e-01 8.795569e-01 6.992192e-04
<GCONST> 7.520671e+01
<MIXTURE> 59 6.172147e-03
<MEAN> 25
 2.356442e+00 -3.005208e+00 6.916043e+00 -5.082107e+00 -1.282856e+01 -5.245460e+00 1.478805e+00 6.754570e-01 -2.193481e+00 1.651086e+00 4.233356e-01 -7.837252e-01 -4.080299e-02 -1.448575e-01 -6.577194e-02 -1.690619e-01 -3.259096e-02 2.490061e-01 3.660499e-01 2.357701e-01 3.189564e-02 1.018426e-02 -9.403992e-02 -1.380339e-01 -2.700899e-03
<VARIANCE> 25
 7.683919e+00 1.457850e+01 2.193894e+01 2.615103e+01 2.742236e+01 4.566853e+01 3.146380e+01 3.345361e+01 3.173251e+01 3.044437e+01 2.217316e+01 1.949330e+01 2.978043e-01 7.781422e-01 7.130901e-01 9.874197e-01 9.227982e-01 1.206880e+00 1.116469e+00 1.251660e+00 1.041418e+00 1.013282e+00 8.743566e-01 8.795569e-01 6.992192e-04
<GCONST> 7.520671e+01
<MIXTURE> 60 4.479129e-03
<MEAN> 25
 -1.768495e+00 -1.781399e-01 -3.789180e-01 1.882446e+00 8.757032e-01 1.104541e+00 1.015856e+00 1.050495e+00 1.653208e+00 1.383582e+00 1.571532e+00 1.394137e+00 -3.319028e-02 3.447090e-02 -5.721381e-03 9.310148e-02 1.360550e-01 1.168264e-01 3.395821e-01 4.368753e-01 5.560688e-01 6.084927e-01 5.017360e-01 2.566192e-01 1.038399e-03
<VARIANCE> 25
 5.697825e+00 3.817019e+00 6.145285e+00 8.162705e+00 8.649766e+00 1.019071e+01 1.046003e+01 1.027464e+01 1.053243e+01 8.621445e+00 1.078772e+01 9.243722e+00 9.593292e-02 2.102489e-01 2.600586e-01 4.597732e-01 5.331699e-01 6.485456e-01 7.979183e-01 8.516002e-01 6.906089e-01 6.648344e-01 7.325216e-01 8.679317e-01 4.457788e-05
<GCONST> 5.248371e+01
<MIXTURE> 61 4.479129e-03
<MEAN> 25
 -1.768495e+00 -1.781399e-01 -3.789180e-01 1.882446e+00 8.757032e-01 1.104541e+00 1.015856e+00 1.050495e+00 1.653208e+00 1.383582e+00 1.571532e+00 1.394137e+00 -3.319028e-02 3.447090e-02 -5.721381e-03 9.310148e-02 1.360550e-01 1.168264e-01 3.395821e-01 4.368753e-01 5.560688e-01 6.084927e-01 5.017360e-01 2.566192e-01 1.038399e-03
<VARIANCE> 25
 5.697825e+00 3.817019e+00 6.145285e+00 8.162705e+00 8.649766e+00 1.019071e+01 1.046003e+01 1.027464e+01 1.053243e+01 8.621445e+00 1.078772e+01 9.243722e+00 9.593292e-02 2.102489e-01 2.600586e-01 4.597732e-01 5.331699e-01 6.485456e-01 7.979183e-01 8.516002e-01 6.906089e-01 6.648344e-01 7.325216e-01 8.679317e-01 4.457788e-05
<GCONST> 5.248371e+01
<MIXTURE> 62 3.278034e-03
<MEAN> 25
 -5.088546e+00 1.239943e+00 1.024878e+00 8.813097e+00 6.127795e+00 5.049104e+00 5.499445e+00 4.032433e+00 4.982325e+00 3.917091e+00 4.965284e+00 2.949850e+00 -1.003009e+00 -1.166678e+00 -9.527824e-01 -2.766468e-01 4.273212e-01 1.004993e+00 1.384331e+00 1.551373e+00 1.477994e+00 1.243709e+00 1.066960e+00 7.256355e-01 -1.267100e-03
<VARIANCE> 25
 9.877679e+00 9.956261e+00 1.311220e+01 1.677921e+01 1.742166e+01 1.752092e+01 1.969460e+01 1.910895e+01 1.887391e+01 1.871842e+01 2.155154e+01 1.479203e+01 4.016876e-01 4.319356e-01 5.542574e-01 7.789808e-01 1.034579e+00 1.191716e+00 1.251878e+00 1.280010e+00 1.330115e+00 1.363200e+00 1.399290e+00 1.371031e+00 1.632485e-05
<GCONST> 6.752579e+01
<MIXTURE> 63 4.351215e-03
<MEAN> 25
 -2.482419e+00 -1.449423e+00 -2.620303e+00 1.143638e+00 2.038674e+00 2.479496e-01 1.462435e+00 1.035263e+00 1.318832e+00 -6.076043e-01 -1.032181e+00 1.169113e+00 -6.056689e-02 3.555775e-01 3.406428e-01 4.522527e-01 4.707907e-01 5.140948e-01 3.707977e-01 2.935467e-01 2.229881e-01 3.313952e-01 2.671434e-01 2.017343e-01 3.578063e-03
<VARIANCE> 25
 7.342995e+00 1.107495e+01 1.373062e+01 1.359518e+01 1.357946e+01 1.866350e+01 1.845884e+01 1.829137e+01 1.854798e+01 1.651572e+01 1.530614e+01 1.379669e+01 2.286978e-01 3.733709e-01 4.619740e-01 6.329172e-01 7.316809e-01 9.518025e-01 1.131475e+00 1.127160e+00 1.126907e+00 1.228565e+00 1.204828e+00 1.120188e+00 2.436013e-04
<GCONST> 6.650556e+01
<MIXTURE> 64 4.351215e-03
<MEAN> 25
 -2.482419e+00 -1.449423e+00 -2.620303e+00 1.143638e+00 2.038674e+00 2.479496e-01 1.462435e+00 1.035263e+00 1.318832e+00 -6.076043e-01 -1.032181e+00 1.169113e+00 -6.056689e-02 3.555775e-01 3.406428e-01 4.522527e-01 4.707907e-01 5.140948e-01 3.707977e-01 2.935467e-01 2.229881e-01 3.313952e-01 2.671434e-01 2.017343e-01 3.578063e-03
<VARIANCE> 25
 7.342995e+00 1.107495e+01 1.373062e+01 1.359518e+01 1.357946e+01 1.866350e+01 1.845884e+01 1.829137e+01 1.854798e+01 1.651572e+01 1.530614e+01 1.379669e+01 2.286978e-01 3.733709e-01 4.619740e-01 6.329172e-01 7.316809e-01 9.518025e-01 1.131475e+00 1.127160e+00 1.126907e+00 1.228565e+00 1.204828e+00 1.120188e+00 2.436013e-04
<GCONST> 6.650556e+01
<MIXTURE> 65 1.721197e-02
<MEAN> 25
 7.789325e+00 2.015120e+00 1.902347e+00 6.219161e-01 -5.263887e+00 -4.270320e+00 -5.817653e+00 -6.757861e+00 -3.859137e+00 -2.305001e+00 -5.439642e+00 -1.812274e+00 1.835670e-01 9.996826e-02 2.138032e-02 1.601853e-01 -1.912145e-01 2.287051e-01 -1.278861e-01 -1.649949e-01 1.846559e-01 9.337546e-03 -4.002390e-02 -1.676198e-01 -4.885423e-03
<VARIANCE> 25
 1.135212e+01 1.884515e+01 2.517659e+01 3.530684e+01 3.779315e+01 5.689512e+01 5.693426e+01 5.750358e+01 5.418563e+01 5.690754e+01 5.516975e+01 5.078842e+01 5.443348e-01 9.588863e-01 1.568990e+00 1.805013e+00 1.968914e+00 2.202600e+00 2.258598e+00 2.903025e+00 2.425585e+00 2.446044e+00 2.353787e+00 2.189523e+00 4.259209e-04
<GCONST> 8.923902e+01
<MIXTURE> 66 1.191532e-02
<MEAN> 25
 6.681005e+00 -4.094016e+00 -5.623155e+00 -4.830368e+00 1.277599e+00 -5.092050e+00 -6.923812e+00 1.192229e+00 6.835260e-01 -2.051050e+00 -6.140538e+00 -3.475135e+00 -4.555074e-02 1.667173e+00 2.240200e+00 2.317873e+00 -1.251040e+00 -1.253585e+00 5.515652e-02 -5.470168e-01 -1.448480e-01 -1.946893e-01 -2.017821e-01 1.044528e+00 -6.379964e-02
<VARIANCE> 25
 8.932139e+00 2.234412e+01 2.705924e+01 3.306566e+01 3.851424e+01 5.342390e+01 5.599982e+01 4.541619e+01 5.411368e+01 6.677669e+01 3.698239e+01 3.644906e+01 1.283564e+00 2.446100e+00 2.352484e+00 2.470161e+00 4.197083e+00 4.308199e+00 4.369298e+00 4.845073e+00 4.249018e+00 4.994216e+00 3.899924e+00 3.262864e+00 1.468935e-03
<GCONST> 9.683564e+01
<MIXTURE> 67 1.559142e-02
<MEAN> 25
 8.985456e+00 2.035448e+00 -5.978737e+00 -8.274504e+00 9.031860e-01 3.083229e+00 -3.325229e+00 -2.242070e+00 -3.773560e+00 7.784979e-01 -5.461008e-02 -1.732939e+00 -1.074132e+00 1.831960e+00 1.062773e+00 3.073161e+00 1.392620e+00 -5.098513e-01 1.302791e+00 1.202588e-01 1.569752e-01 2.512395e-01 -2.766193e-01 6.252995e-01 -1.299931e-01
<VARIANCE> 25
 1.146567e+01 3.885957e+01 3.078913e+01 5.585363e+01 4.915367e+01 5.406945e+01 6.210220e+01 5.280804e+01 6.478790e+01 5.711977e+01 5.578411e+01 4.738020e+01 2.179849e+00 3.465775e+00 3.290490e+00 4.517694e+00 4.523180e+00 4.553678e+00 4.706660e+00 5.071122e+00 5.476764e+00 4.779429e+00 5.135092e+00 3.746339e+00 3.042452e-03
<GCONST> 1.029183e+02
<MIXTURE> 68 1.485092e-02
<MEAN> 25
 -2.018435e+00 -2.311402e+00 -4.105287e+00 1.255172e+00 5.263046e+00 -6.685248e-01 2.130783e+00 1.825577e+00 2.006029e+00 1.690535e+00 4.856065e-01 1.877334e+00 2.768653e+00 5.489839e-01 1.388398e-02 -2.585489e+00 -2.417556e+00 -1.591602e+00 -2.354160e+00 -1.792104e+00 -1.651282e+00 -1.481287e+00 -1.985801e+00 -1.059367e+00 1.032975e-01
<VARIANCE> 25
 2.600414e+01 3.204374e+01 5.877025e+01 5.261741e+01 4.669925e+01 5.512022e+01 4.528392e+01 4.228299e+01 4.044844e+01 4.351709e+01 3.739819e+01 2.576398e+01 1.863749e+00 3.745616e+00 5.939499e+00 5.868844e+00 4.699069e+00 5.611647e+00 5.773390e+00 4.975325e+00 4.979718e+00 5.262811e+00 5.044347e+00 3.421921e+00 6.138991e-03
<GCONST> 1.036092e+02
<MIXTURE> 69 1.204884e-02
<MEAN> 25
 4.674144e+00 -4.232543e+00 -3.568994e+00 -3.631214e+00 -3.506900e+00 -7.881807e+00 -1.110568e+00 2.213844e+00 -3.480180e-01 -4.740236e+00 -5.688697e+00 9.579555e-01 1.678553e+00 -2.236248e+00 -1.338656e+00 -2.244771e+00 -5.300686e-01 -3.493143e-01 -4.729644e-01 6.160506e-01 -6.424533e-01 -1.460818e+00 -2.205036e+00 -1.727985e-01 6.255468e-02
<VARIANCE> 25
 8.860227e+00 2.179550e+01 2.675415e+01 2.593562e+01 4.271207e+01 3.562786e+01 4.896777e+01 3.160158e+01 3.977848e+01 3.791934e+01 3.108757e+01 2.461616e+01 3.548387e+00 2.921997e+00 3.335912e+00 3.701353e+00 5.768957e+00 5.011930e+00 7.119025e+00 6.080517e+00 5.914182e+00 5.867999e+00 4.351915e+00 3.705778e+00 2.446883e-03
<GCONST> 9.868230e+01
<MIXTURE> 70 1.329190e-02
<MEAN> 25
 7.524356e+00 -2.036010e+00 -3.890086e+00 -3.609539e+00 -4.098985e-01 -6.676827e-01 -7.691594e+00 -4.028446e+00 5.706415e-01 2.893832e+00 -1.315610e-01 -4.912020e+00 1.936141e+00 -1.138636e+00 -8.204613e-01 -2.206477e+00 -1.519487e+00 1.178149e+00 -1.337909e+00 -8.800200e-02 3.375627e-01 -2.778226e-02 6.878911e-01 -1.455075e+00 5.869242e-02
<VARIANCE> 25
 9.918056e+00 2.257648e+01 2.833798e+01 4.698892e+01 3.550760e+01 4.451455e+01 4.988221e+01 4.410293e+01 4.709255e+01 3.279269e+01 4.499960e+01 2.729199e+01 3.501877e+00 3.212313e+00 4.743467e+00 4.958789e+00 5.217322e+00 6.448577e+00 6.795434e+00 7.556551e+00 6.175942e+00 5.389048e+00 5.868526e+00 4.306528e+00 2.537638e-03
<GCONST> 1.018606e+02
<MIXTURE> 71 1.406903e-02
<MEAN> 25
 6.401437e+00 5.194683e+00 4.271432e+00 3.117893e+00 -3.468787e+00 -3.428534e+00 -3.433317e+00 -6.656758e+00 -4.677363e+00 -2.514121e+00 -5.244271e+00 -3.245094e+00 -1.576662e+00 -6.983981e-01 -2.525662e-01 -1.780044e+00 1.130175e+00 -1.476203e-01 5.122951e-02 1.538608e+00 3.091124e-01 -1.794794e-01 6.872401e-01 1.840166e-01 4.096271e-02
<VARIANCE> 25
 1.884983e+01 2.571688e+01 2.409445e+01 4.503117e+01 4.075439e+01 4.064686e+01 4.263280e+01 4.153407e+01 3.905884e+01 4.415736e+01 3.654401e+01 3.455886e+01 1.754539e+00 3.047781e+00 5.305015e+00 4.889373e+00 4.710833e+00 4.743368e+00 4.879868e+00 5.395012e+00 4.309910e+00 4.100590e+00 3.633162e+00 3.302253e+00 1.422265e-03
<GCONST> 9.871634e+01
<MIXTURE> 72 8.134747e-03
<MEAN> 25
 3.791610e+00 -3.683964e+00 5.456498e+00 -2.467209e+00 -1.040407e+01 -9.624646e+00 -2.451273e+00 1.922629e+00 -4.944014e+00 -2.199933e+00 -1.886764e+00 6.184924e-01 9.326255e-01 -7.863703e-01 -2.577020e+00 4.634079e-01 2.137104e+00 -6.551853e-01 -1.317452e+00 1.525463e+00 1.814449e+00 -5.968032e-01 -1.289496e+00 4.022880e-01 -6.135036e-03
<VARIANCE> 25
 1.078863e+01 1.948231e+01 3.287273e+01 3.842951e+01 3.232919e+01 3.339115e+01 4.107040e+01 3.622218e+01 4.369799e+01 4.136882e+01 3.879821e+01 2.852056e+01 4.321810e-01 1.026104e+00 2.022441e+00 1.469742e+00 2.184754e+00 2.355854e+00 3.061094e+00 2.732400e+00 2.604845e+00 2.961115e+00 2.024139e+00 2.130030e+00 5.409222e-04
<GCONST> 8.725504e+01
<MIXTURE> 73 1.213625e-02
<MEAN> 25
 -5.640583e+00 -7.917950e-01 -1.304344e+00 4.916990e+00 4.240465e+00 2.343225e+00 5.519120e+00 3.455062e+00 4.368961e+00 3.435386e+00 4.270480e+00 3.028830e+00 8.031647e-01 -1.030957e+00 -9.460267e-01 -2.649157e+00 -1.261647e+00 -1.752366e+00 -9.019945e-01 -5.084323e-01 -9.206680e-01 -7.017606e-01 -1.105198e+00 -2.827606e-01 1.549263e-01
<VARIANCE> 25
 1.284171e+01 1.340068e+01 1.520364e+01 2.263543e+01 2.333790e+01 2.477562e+01 2.038696e+01 2.000595e+01 1.777452e+01 1.906358e+01 2.279726e+01 1.558005e+01 4.047508e+00 3.091469e+00 5.966963e+00 4.675757e+00 6.153916e+00 4.561663e+00 4.304325e+00 4.250906e+00 3.899000e+00 4.232470e+00 3.542212e+00 2.674337e+00 4.296202e-03
<GCONST> 9.270385e+01
<MIXTURE> 74 1.756491e-02
<MEAN> 25
 4.520806e+00 -1.596381e+00 5.273867e+00 -1.154366e+00 -8.772093e+00 -8.326742e+00 -2.708110e+00 7.585396e-01 -4.124356e+00 -2.841693e+00 -1.705892e+00 2.628981e-01 3.115064e-01 2.024736e+00 4.406409e-02 1.720997e+00 1.235326e+00 3.574434e-01 -3.650560e-03 -1.334355e+00 1.741697e-01 1.784642e-01 -2.385975e-01 -1.067383e-01 -7.877029e-02
<VARIANCE> 25
 1.170370e+01 2.202493e+01 3.768088e+01 3.872848e+01 3.720742e+01 3.973626e+01 5.168810e+01 4.673922e+01 4.814632e+01 4.480605e+01 4.121474e+01 3.448441e+01 2.103421e+00 2.055609e+00 3.930538e+00 2.595036e+00 3.933540e+00 3.920726e+00 5.069915e+00 4.288617e+00 4.176497e+00 4.045112e+00 3.658068e+00 3.206521e+00 1.753810e-03
<GCONST> 9.735396e+01
<MIXTURE> 75 9.711651e-03
<MEAN> 25
 2.665305e+00 -1.247202e+00 1.104071e+01 1.730519e+00 -1.184531e+01 -7.675629e+00 -4.582139e+00 -4.828429e-01 -4.512501e+00 -4.625853e+00 3.268408e+00 1.550525e-01 1.754133e+00 -1.768711e+00 2.012771e-01 -2.579174e-01 -2.404152e+00 -5.195159e-01 -1.468226e+00 9.668322e-01 -1.532415e-01 -3.533949e-01 1.083256e+00 -6.312428e-01 3.865704e-02
<VARIANCE> 25
 1.114177e+01 1.783486e+01 3.037468e+01 2.782823e+01 2.689748e+01 3.276397e+01 3.148114e+01 3.115898e+01 3.372778e+01 3.163828e+01 2.045389e+01 2.172938e+01 2.381639e+00 1.901637e+00 4.294538e+00 2.492493e+00 3.880135e+00 4.348652e+00 4.161841e+00 3.520293e+00 3.951946e+00 3.383176e+00 3.107298e+00 2.513571e+00 1.544363e-03
<GCONST> 9.228452e+01
<MIXTURE> 76 1.052359e-02
<MEAN> 25
 -5.647417e+00 -1.309053e+00 -2.396705e+00 2.975427e+00 3.836244e+00 1.716342e+00 3.607299e+00 1.396818e+00 1.978922e+00 6.076995e-01 1.514879e+00 2.279013e+00 -8.720647e-02 -4.918166e-01 -2.927802e-01 -8.116784e-01 -5.873027e-01 -9.566925e-01 -6.177475e-01 -3.431072e-01 -4.923815e-01 -3.443946e-01 -2.310346e-01 -1.953320e-01 1.468254e-02
<VARIANCE> 25
 3.561728e+01 2.366863e+01 2.553888e+01 2.734930e+01 2.688951e+01 2.717081e+01 2.545360e+01 2.615661e+01 2.239936e+01 2.136880e+01 2.324984e+01 1.741147e+01 9.403535e-01 1.019391e+00 1.179827e+00 1.319508e+00 1.270959e+00 1.687070e+00 1.466439e+00 1.497034e+00 1.419208e+00 1.430373e+00 1.324732e+00 1.296060e+00 1.217540e-03
<GCONST> 8.098911e+01
<MIXTURE> 77 1.244626e-02
<MEAN> 25
 -4.643913e-01 8.486894e+00 1.231944e+01 -1.149431e+01 -6.938871e+00 9.330940e-01 -9.212439e+00 -7.202603e+00 -3.359606e+00 -2.186394e-01 -4.628114e+00 -1.484115e+00 6.845309e-02 1.360374e-01 7.472669e-02 2.461881e-01 -2.769271e-02 7.820233e-02 -6.502933e-02 -6.030750e-02 8.837477e-02 -4.194595e-02 2.689946e-02 1.264460e-01 -9.772320e-03
<VARIANCE> 25
 1.033619e+01 2.068802e+01 2.888695e+01 4.243867e+01 3.323125e+01 3.355476e+01 3.678328e+01 3.153689e+01 3.502122e+01 3.303490e+01 3.729457e+01 3.463070e+01 2.985472e-01 7.749808e-01 6.405282e-01 1.085709e+00 1.234824e+00 9.806297e-01 1.216659e+00 1.063936e+00 1.046377e+00 1.058421e+00 9.663044e-01 9.358436e-01 5.383466e-04
<GCONST> 7.781055e+01
<MIXTURE> 78 9.702551e-03
<MEAN> 25
 -1.161892e+01 1.100128e+00 -1.643262e+00 2.253968e+00 4.439754e+00 -2.268711e+00 3.779247e+00 2.642006e+00 2.602479e+00 7.540227e-01 -4.780139e-01 3.066004e+00 2.406103e+00 -2.767147e-01 1.849175e-01 5.895177e-01 -3.275853e-02 1.538101e-02 -3.087377e-01 -8.855573e-02 2.153324e-01 1.430693e-01 -3.763792e-01 -4.662534e-01 -6.209805e-02
<VARIANCE> 25
 4.107494e+01 3.285247e+01 3.275980e+01 3.261591e+01 3.980437e+01 3.727213e+01 3.591278e+01 3.309441e+01 2.834053e+01 2.770377e+01 2.716934e+01 2.018429e+01 4.931547e+00 2.590293e+00 2.860915e+00 3.076385e+00 2.859429e+00 3.522614e+00 3.269073e+00 2.834632e+00 2.355358e+00 2.371662e+00 2.251083e+00 2.136373e+00 4.708352e-03
<GCONST> 9.467484e+01
<MIXTURE> 79 1.156824e-02
<MEAN> 25
 2.415373e+00 1.563709e+00 9.143844e+00 -6.582977e+00 -1.201752e+01 -1.813236e+00 -1.924043e+00 -6.475996e+00 -6.568460e+00 3.280984e-01 -3.502590e+00 -3.252345e+00 1.218801e+00 -5.299626e-01 -1.425622e+00 2.351342e+00 3.744631e-01 -1.473793e+00 5.282583e-01 8.842700e-01 -4.384732e-01 -5.439886e-01 3.543693e-01 2.669884e-01 -3.631650e-02
<VARIANCE> 25
 1.417326e+01 2.406375e+01 3.821884e+01 4.968101e+01 3.395100e+01 4.331694e+01 4.267074e+01 3.659505e+01 3.879270e+01 3.962038e+01 4.376250e+01 3.092400e+01 9.406024e-01 2.254215e+00 1.896654e+00 2.077833e+00 2.467844e+00 2.801797e+00 3.190955e+00 3.519824e+00 2.504901e+00 2.722203e+00 2.308934e+00 2.052506e+00 1.226406e-03
<GCONST> 9.176992e+01
<MIXTURE> 80 7.550998e-03
<MEAN> 25
 -1.460866e+01 3.982978e+00 6.888527e-01 2.865978e+00 2.449390e+00 1.410288e+00 6.397008e+00 2.496773e+00 2.719634e+00 2.373497e+00 4.852879e+00 1.186962e+00 4.286331e+00 -1.602020e-02 1.637934e+00 -1.135554e+00 -2.889475e+00 -2.777582e+00 -2.323244e+00 -2.021465e+00 -1.975032e+00 -1.685194e+00 -1.650844e+00 -6.027454e-01 -4.423228e-02
<VARIANCE> 25
 2.094969e+01 1.984664e+01 3.444448e+01 3.470766e+01 3.018093e+01 2.920889e+01 2.828683e+01 2.855507e+01 2.674643e+01 2.881129e+01 2.685423e+01 1.810697e+01 2.357266e+00 2.666195e+00 2.673126e+00 4.119907e+00 3.394136e+00 2.705081e+00 3.025253e+00 3.204086e+00 2.749122e+00 2.701698e+00 2.782157e+00 2.145745e+00 1.512166e-03
<GCONST> 9.139670e+01
<MIXTURE> 81 8.025434e-03
<MEAN> 25
 -1.119395e+00 4.057598e+00 1.016903e+01 -1.479093e+01 -9.075790e+00 -1.418265e+00 -6.761198e+00 -8.422504e+00 -4.143612e+00 -4.186945e-01 -7.570958e+00 -2.242972e+00 1.333473e-01 -5.868587e-01 -2.391774e-03 -5.564958e-01 -4.656556e-01 3.345362e-01 3.196702e-01 1.376057e-01 -1.401940e-01 1.066786e-01 -4.691011e-01 -1.245288e-01 1.148803e-02
<VARIANCE> 25
 1.014405e+01 3.284562e+01 2.652191e+01 2.937438e+01 3.369769e+01 3.051484e+01 4.542695e+01 2.823164e+01 3.801525e+01 3.186373e+01 2.528780e+01 3.102929e+01 7.716880e-01 2.274852e+00 1.544275e+00 2.869834e+00 2.662842e+00 2.124365e+00 3.276948e+00 2.285758e+00 2.353174e+00 2.535973e+00 2.295966e+00 2.077487e+00 1.182557e-03
<GCONST> 8.867723e+01
<MIXTURE> 82 8.213053e-03
<MEAN> 25
 -9.966219e+00 -3.903445e+00 1.640089e+00 -2.971868e+00 3.113820e+00 6.711922e-01 1.994711e+00 9.378123e-01 2.976407e+00 1.729328e+00 1.742746e+00 3.085335e+00 -1.314333e+00 -1.249129e-01 2.896804e-01 -2.604466e+00 -1.105533e+00 -1.265392e+00 -1.013549e+00 -8.702834e-01 -3.166729e-01 -4.782938e-01 -3.166657e-01 -9.515404e-02 1.784492e-01
<VARIANCE> 25
 1.801089e+01 2.493746e+01 3.237089e+01 3.088870e+01 3.302569e+01 3.229242e+01 3.178305e+01 3.298333e+01 3.085969e+01 2.512625e+01 3.079036e+01 1.750383e+01 3.754979e+00 3.049258e+00 3.316915e+00 3.268493e+00 3.562301e+00 3.286674e+00 2.943620e+00 3.016149e+00 2.795063e+00 2.490971e+00 2.449381e+00 1.865938e+00 3.429859e-03
<GCONST> 9.308209e+01
<MIXTURE> 83 1.167529e-02
<MEAN> 25
 -2.004081e+01 5.504238e+00 -1.789702e+00 -4.051103e-01 7.829639e+00 -1.234488e+00 5.460100e+00 3.044532e+00 1.192393e+00 2.190908e+00 7.244872e-01 2.881716e+00 -2.631321e-02 -4.501706e-01 4.872012e-03 -3.655977e-01 -4.974648e-01 -1.258521e-01 -1.343577e-01 -9.942717e-02 -4.144356e-02 -3.920248e-02 -3.058213e-02 -3.465528e-02 4.403248e-03
<VARIANCE> 25
 8.819281e+00 1.645402e+01 2.851271e+01 2.248555e+01 2.127508e+01 2.407955e+01 2.202746e+01 2.336420e+01 2.042958e+01 2.221887e+01 2.319599e+01 1.448780e+01 1.060910e+00 9.362046e-01 1.240790e+00 1.065688e+00 1.359398e+00 1.291389e+00 1.283447e+00 1.388157e+00 1.349015e+00 1.310737e+00 1.220778e+00 1.071650e+00 8.923843e-04
<GCONST> 7.703519e+01
<MIXTURE> 84 1.066614e-02
<MEAN> 25
 1.178693e+00 9.025975e+00 7.247310e+00 7.990361e+00 2.833865e+00 -9.179832e-01 -1.527055e+00 -4.482256e+00 -4.120931e+00 -2.911705e+00 -2.414218e+00 -1.596446e+00 -1.788067e+00 -1.185831e+00 -1.206622e+00 1.289487e+00 2.254658e+00 1.504381e+00 1.453557e+00 1.290322e+00 1.169319e+00 4.031039e-01 4.168944e-01 4.255921e-01 -7.174040e-02
<VARIANCE> 25
 2.350528e+01 1.823659e+01 2.160563e+01 2.412363e+01 2.918630e+01 2.831498e+01 2.795683e+01 2.655127e+01 2.529694e+01 2.525325e+01 2.360480e+01 2.461566e+01 2.102456e+00 2.541828e+00 3.850189e+00 3.302237e+00 3.275818e+00 3.378446e+00 3.291639e+00 3.408175e+00 3.484344e+00 3.251788e+00 3.589289e+00 2.806521e+00 3.526569e-03
<GCONST> 9.254524e+01
<MIXTURE> 85 7.591393e-03
<MEAN> 25
 -3.110702e+00 7.892307e+00 5.725064e+00 1.286132e+00 -3.493832e+00 -5.325537e+00 -2.980315e+00 -6.121616e+00 -3.542557e+00 -3.184649e+00 -4.793966e-01 -1.899567e+00 3.943512e+00 3.248001e-01 1.756032e+00 -2.091541e+00 -3.414661e+00 -2.583323e+00 -2.886128e+00 -2.341576e+00 -2.249166e+00 -1.264168e+00 -2.302936e+00 -6.158326e-01 9.208658e-03
<VARIANCE> 25
 4.247445e+01 2.343149e+01 3.647614e+01 3.822314e+01 3.974867e+01 4.119107e+01 3.216676e+01 2.789564e+01 2.664469e+01 2.611902e+01 2.622751e+01 2.056936e+01 2.704196e+00 4.326297e+00 4.058774e+00 5.182826e+00 4.408419e+00 3.880870e+00 3.853518e+00 3.987220e+00 3.849557e+00 4.040548e+00 3.941520e+00 3.485175e+00 5.446248e-03
<GCONST> 9.835506e+01
<MIXTURE> 86 1.273941e-02
<MEAN> 25
 -3.757833e+00 -1.018210e+00 -5.961461e-01 4.752041e+00 3.964140e+00 3.738990e+00 4.500976e+00 4.450130e+00 4.402707e+00 3.788517e+00 4.734419e+00 2.711136e+00 1.303348e-03 -6.030844e-03 1.910623e-02 -4.918240e-02 -1.652905e-01 -1.015668e-01 -2.613720e-01 -4.159368e-01 -3.744317e-01 -2.766606e-01 -2.124380e-01 -1.504681e-01 -2.958438e-04
<VARIANCE> 25
 9.089379e+00 4.819606e+00 8.030645e+00 1.497859e+01 1.518978e+01 1.332162e+01 1.344489e+01 1.155798e+01 1.361268e+01 1.194998e+01 1.444111e+01 1.211172e+01 1.029271e-01 1.993224e-01 3.034744e-01 5.193652e-01 6.095327e-01 7.045496e-01 7.531970e-01 7.268382e-01 7.755365e-01 7.532284e-01 7.846417e-01 7.991965e-01 6.859804e-05
<GCONST> 5.735514e+01
<MIXTURE> 87 1.100681e-02
<MEAN> 25
 -3.303408e+00 4.544382e+00 3.506586e+00 7.025071e+00 5.571553e+00 8.928848e-01 1.643931e+00 -9.470286e-01 -5.885022e-01 -8.886763e-01 -7.870739e-01 2.991234e-02 -2.152488e+00 -2.787636e+00 -2.103155e+00 -2.226331e+00 -3.753086e-02 -1.826160e-01 6.134509e-01 1.299812e+00 1.403975e+00 1.031013e+00 9.450868e-01 1.003969e+00 1.047301e-01
<VARIANCE> 25
 3.812397e+01 2.954791e+01 2.806347e+01 3.372201e+01 2.872475e+01 3.192198e+01 2.815067e+01 2.731473e+01 2.594715e+01 2.470365e+01 2.482458e+01 2.316611e+01 3.861038e+00 2.714477e+00 3.918074e+00 3.653969e+00 4.795259e+00 4.312526e+00 4.156943e+00 3.899169e+00 3.535849e+00 3.387072e+00 3.384315e+00 2.733350e+00 4.956023e-03
<GCONST> 9.633609e+01
<MIXTURE> 88 1.256585e-02
<MEAN> 25
 -3.793726e+00 -6.517715e-01 -1.259749e+00 4.711018e+00 4.316311e+00 3.127234e+00 4.274580e+00 3.044769e+00 2.924440e+00 2.075881e+00 2.717236e+00 2.294297e+00 3.142590e-02 2.145914e-01 1.991841e-01 3.756065e-01 3.058322e-01 1.003071e-01 -8.601702e-02 -1.459280e-01 -3.350675e-01 -1.753473e-01 -6.583749e-02 -1.053809e-01 -6.481272e-03
<VARIANCE> 25
 9.716907e+00 9.214119e+00 1.359536e+01 1.715578e+01 1.871342e+01 1.889430e+01 1.854442e+01 1.781481e+01 1.830351e+01 1.768961e+01 1.962992e+01 1.472156e+01 1.181779e+00 1.567062e+00 1.877717e+00 2.049078e+00 2.330032e+00 2.550153e+00 2.391653e+00 2.288685e+00 2.306362e+00 2.403578e+00 2.313298e+00 1.917927e+00 1.359522e-03
<GCONST> 8.105594e+01
<MIXTURE> 89 9.333527e-03
<MEAN> 25
 6.076326e+00 -6.830151e+00 -3.558515e+00 -3.167710e+00 -1.611755e+00 -5.589785e+00 -6.117693e+00 4.098186e+00 3.471955e+00 -2.806529e+00 -6.030934e+00 -3.287106e+00 -5.711677e-01 1.564801e-01 1.989994e+00 9.011213e-01 -1.868941e+00 -1.648531e+00 8.833530e-01 1.264424e+00 -7.888330e-01 -1.316202e+00 4.042930e-01 1.536031e+00 -4.885079e-03
<VARIANCE> 25
 9.002255e+00 2.671818e+01 3.106682e+01 3.019935e+01 3.608829e+01 4.165272e+01 5.964813e+01 4.213671e+01 3.909542e+01 4.239936e+01 3.581144e+01 3.238956e+01 3.535742e-01 8.414111e-01 1.472777e+00 1.317423e+00 1.918324e+00 2.126491e+00 2.577302e+00 2.041380e+00 2.248346e+00 2.127864e+00 2.330021e+00 1.471980e+00 3.665975e-04
<GCONST> 8.529102e+01
<MIXTURE> 90 7.114505e-03
<MEAN> 25
 2.409005e+00 -9.547873e+00 -4.681248e+00 -3.947334e+00 -3.371041e+00 -1.807111e+00 3.287946e+00 1.061454e+00 -7.431296e+00 -1.008557e+01 -3.473950e+00 -7.548064e-01 -1.690512e-01 8.864492e-01 1.159323e+00 -8.502853e-01 -1.613628e+00 -2.086703e-01 6.305593e-01 -2.014587e-01 -1.558383e-01 7.231570e-01 1.757172e-01 -5.393621e-01 -1.108009e-02
<VARIANCE> 25
 8.428100e+00 1.904450e+01 1.976863e+01 2.763634e+01 3.621777e+01 3.167353e+01 3.812912e+01 3.651194e+01 3.515338e+01 2.805547e+01 2.676344e+01 2.583366e+01 2.213077e-01 6.307261e-01 7.788106e-01 1.029593e+00 1.453573e+00 1.570810e+00 1.762170e+00 1.636481e+00 1.790328e+00 1.663458e+00 1.471075e+00 1.310915e+00 2.125665e-04
<GCONST> 7.803133e+01
<MIXTURE> 91 7.852945e-03
<MEAN> 25
 6.368727e+00 -7.627407e+00 -8.558382e+00 -5.145135e+00 3.963882e+00 -1.167661e-01 -2.185785e+00 7.114819e-01 7.548950e-01 -2.934458e+00 -4.930340e+00 -5.181913e+00 2.590736e-01 1.000074e+00 1.927010e-01 4.506505e-01 -7.149228e-02 -5.637833e-01 -3.958873e-01 -1.036521e-01 -1.050018e-01 4.494993e-01 -1.202383e-01 2.068652e-01 -3.493400e-02
<VARIANCE> 25
 1.023431e+01 2.269480e+01 2.000603e+01 4.059586e+01 3.510516e+01 5.533307e+01 5.428208e+01 3.963707e+01 5.205123e+01 6.407406e+01 3.818672e+01 4.146565e+01 4.445833e-01 8.891433e-01 1.124460e+00 1.383977e+00 2.188790e+00 2.376252e+00 2.381754e+00 2.386539e+00 2.239156e+00 2.230273e+00 2.010128e+00 1.821916e+00 5.854594e-04
<GCONST> 8.718371e+01
<MIXTURE> 92 7.852945e-03
<MEAN> 25
 6.368727e+00 -7.627407e+00 -8.558382e+00 -5.145135e+00 3.963882e+00 -1.167661e-01 -2.185785e+00 7.114819e-01 7.548950e-01 -2.934458e+00 -4.930340e+00 -5.181913e+00 2.590736e-01 1.000074e+00 1.927010e-01 4.506505e-01 -7.149228e-02 -5.637833e-01 -3.958873e-01 -1.036521e-01 -1.050018e-01 4.494993e-01 -1.202383e-01 2.068652e-01 -3.493400e-02
<VARIANCE> 25
 1.023431e+01 2.269480e+01 2.000603e+01 4.059586e+01 3.510516e+01 5.533307e+01 5.428208e+01 3.963707e+01 5.205123e+01 6.407406e+01 3.818672e+01 4.146565e+01 4.445833e-01 8.891433e-01 1.124460e+00 1.383977e+00 2.188790e+00 2.376252e+00 2.381754e+00 2.386539e+00 2.239156e+00 2.230273e+00 2.010128e+00 1.821916e+00 5.854594e-04
<GCONST> 8.718371e+01
<MIXTURE> 93 6.122769e-03
<MEAN> 25
 -6.776565e+00 -9.565676e-01 -2.380890e+00 5.770782e+00 5.890991e+00 3.904966e+00 6.086838e+00 3.597233e+00 4.106110e+00 2.504331e+00 1.812804e+00 3.676518e+00 -6.040502e-02 -1.532709e-01 -2.547448e-01 -3.285685e-01 -3.346218e-01 -2.858676e-01 -2.192030e-01 -1.790924e-01 -1.664949e-01 -1.556311e-01 -1.066191e-01 -3.445666e-02 -4.544843e-06
<VARIANCE> 25
 9.388717e+00 5.998261e+00 8.208958e+00 1.141732e+01 1.150784e+01 1.594668e+01 1.539240e+01 1.642719e+01 1.477073e+01 1.447023e+01 1.673090e+01 1.361504e+01 8.288928e-02 1.531692e-01 2.634895e-01 3.809095e-01 4.963122e-01 6.408226e-01 7.777179e-01 8.882620e-01 9.143201e-01 8.771366e-01 8.889606e-01 9.157518e-01 1.003632e-06
<GCONST> 5.363743e+01
<MIXTURE> 94 6.122769e-03
<MEAN> 25
 -6.776565e+00 -9.565676e-01 -2.380890e+00 5.770782e+00 5.890991e+00 3.904966e+00 6.086838e+00 3.597233e+00 4.106110e+00 2.504331e+00 1.812804e+00 3.676518e+00 -6.040502e-02 -1.532709e-01 -2.547448e-01 -3.285685e-01 -3.346218e-01 -2.858676e-01 -2.192030e-01 -1.790924e-01 -1.664949e-01 -1.556311e-01 -1.066191e-01 -3.445666e-02 -4.544843e-06
<VARIANCE> 25
 9.388717e+00 5.998261e+00 8.208958e+00 1.141732e+01 1.150784e+01 1.594668e+01 1.539240e+01 1.642719e+01 1.477073e+01 1.447023e+01 1.673090e+01 1.361504e+01 8.288928e-02 1.531692e-01 2.634895e-01 3.809095e-01 4.963122e-01 6.408226e-01 7.777179e-01 8.882620e-01 9.143201e-01 8.771366e-01 8.889606e-01 9.157518e-01 1.003632e-06
<GCONST> 5.363743e+01
<MIXTURE> 95 5.258835e-03
<MEAN> 25
 -2.982733e+00 -5.034913e-01 -1.316983e+00 2.854331e+00 2.714804e+00 2.423338e+00 3.031911e+00 4.822335e-01 6.733221e-01 1.109815e+00 7.128293e-01 1.002333e+00 1.768516e-01 6.162588e-02 6.426114e-02 3.297470e-02 -2.219034e-01 -7.454006e-01 -1.203155e+00 -1.412853e+00 -1.279255e+00 -9.339738e-01 -6.113439e-01 -4.209908e-01 -3.558514e-03
<VARIANCE> 25
 1.043477e+01 4.212543e+00 7.834850e+00 1.196642e+01 1.141165e+01 1.131275e+01 1.561454e+01 1.472267e+01 1.851313e+01 1.155969e+01 1.581170e+01 1.683452e+01 1.528929e-01 3.003879e-01 3.481548e-01 6.037696e-01 6.207791e-01 9.116676e-01 1.044270e+00 5.858221e-01 6.811324e-01 9.284422e-01 1.338418e+00 1.112047e+00 5.699967e-05
<GCONST> 5.998509e+01
<MIXTURE> 96 7.034694e-03
<MEAN> 25
 -4.582202e+00 -4.187978e-01 -2.069815e+00 4.850709e+00 3.654474e+00 1.690452e+00 3.262785e+00 1.677356e+00 2.406658e+00 9.352326e-01 1.064140e+00 2.589825e+00 -9.399415e-03 8.127508e-02 2.076264e-01 3.930726e-01 4.870364e-01 4.428410e-01 1.883202e-01 -1.948905e-01 -4.576598e-01 -6.559114e-01 -6.051723e-01 -3.668297e-01 -5.735818e-06
<VARIANCE> 25
 1.249019e+01 8.930557e+00 1.224129e+01 1.422105e+01 1.480844e+01 1.818689e+01 1.754418e+01 1.850959e+01 1.773679e+01 1.569516e+01 1.866539e+01 1.422117e+01 1.278548e-01 2.106591e-01 3.051647e-01 4.181634e-01 4.921378e-01 6.930425e-01 9.008829e-01 9.797193e-01 9.407504e-01 8.276169e-01 8.411058e-01 9.108438e-01 1.083495e-06
<GCONST> 5.728449e+01
<MIXTURE> 97 7.034694e-03
<MEAN> 25
 -4.582202e+00 -4.187978e-01 -2.069815e+00 4.850709e+00 3.654474e+00 1.690452e+00 3.262785e+00 1.677356e+00 2.406658e+00 9.352326e-01 1.064140e+00 2.589825e+00 -9.399415e-03 8.127508e-02 2.076264e-01 3.930726e-01 4.870364e-01 4.428410e-01 1.883202e-01 -1.948905e-01 -4.576598e-01 -6.559114e-01 -6.051723e-01 -3.668297e-01 -5.735818e-06
<VARIANCE> 25
 1.249019e+01 8.930557e+00 1.224129e+01 1.422105e+01 1.480844e+01 1.818689e+01 1.754418e+01 1.850959e+01 1.773679e+01 1.569516e+01 1.866539e+01 1.422117e+01 1.278548e-01 2.106591e-01 3.051647e-01 4.181634e-01 4.921378e-01 6.930425e-01 9.008829e-01 9.797193e-01 9.407504e-01 8.276169e-01 8.411058e-01 9.108438e-01 1.083495e-06
<GCONST> 5.728449e+01
<MIXTURE> 98 9.917808e-03
<MEAN> 25
 -1.477900e+00 9.593684e-01 -1.643417e-01 4.565615e+00 3.663290e+00 2.644424e+00 3.158234e+00 1.692614e+00 1.610421e+00 9.224631e-01 7.580709e-01 1.013240e+00 -1.807099e+00 -1.487394e+00 -1.016896e+00 1.534340e-01 6.362359e-01 8.143458e-01 1.264527e+00 1.449600e+00 1.687313e+00 1.144636e+00 1.326290e+00 9.675813e-01 -3.487176e-02
<VARIANCE> 25
 1.425008e+01 1.989696e+01 3.157268e+01 3.275144e+01 4.281110e+01 3.646372e+01 3.233919e+01 2.899818e+01 2.749671e+01 3.009675e+01 2.665883e+01 2.362502e+01 1.356219e+00 1.513524e+00 2.357461e+00 2.442006e+00 2.857161e+00 2.903331e+00 2.863870e+00 2.769532e+00 2.604885e+00 2.999758e+00 2.764395e+00 2.134522e+00 2.381985e-03
<GCONST> 9.034329e+01
<MIXTURE> 99 6.696178e-03
<MEAN> 25
 -6.344264e+00 9.863404e+00 6.718467e+00 3.432105e+00 9.281070e-01 -5.234741e+00 -1.731326e+00 -4.179866e+00 -3.495133e+00 -3.712065e+00 -1.603036e+00 3.954833e-01 5.659336e-01 -7.209179e-01 3.168423e-01 -3.713186e-01 -1.130499e+00 -5.166428e-01 -3.330061e-01 -2.471647e-01 -1.026980e-01 -4.641452e-02 2.351805e-01 1.610952e-01 1.028333e-02
<VARIANCE> 25
 3.615333e+01 2.640142e+01 4.700282e+01 3.152213e+01 3.612343e+01 3.521265e+01 2.742132e+01 2.911040e+01 2.650381e+01 2.777613e+01 2.051317e+01 2.892535e+01 2.168642e+00 1.881596e+00 1.424419e+00 1.763480e+00 2.658657e+00 2.084773e+00 1.580542e+00 1.634005e+00 1.552185e+00 1.585745e+00 1.297866e+00 1.295341e+00 1.560845e-03
<GCONST> 8.687328e+01
<MIXTURE> 100 4.498084e-03
<MEAN> 25
 -1.598878e+00 6.344827e+00 1.027700e+01 -7.462759e+00 -1.078206e+01 -5.075294e+00 -4.941668e+00 -9.968847e+00 -4.718240e+00 -8.551691e-01 -2.733300e+00 -2.708267e+00 2.917895e+00 -1.260455e+00 1.299659e+00 -2.185945e+00 -3.419489e+00 -7.841161e-01 -1.218778e+00 -8.197802e-01 -1.475479e+00 3.466953e-01 -1.655620e+00 -2.862392e-01 2.015521e-03
<VARIANCE> 25
 1.362666e+01 2.105913e+01 2.246177e+01 2.642710e+01 2.301848e+01 2.372172e+01 2.911146e+01 2.170685e+01 2.748231e+01 2.265230e+01 2.241141e+01 2.134114e+01 1.799129e+00 3.953767e+00 2.919965e+00 4.286306e+00 4.184435e+00 4.537227e+00 4.015484e+00 4.340374e+00 4.167888e+00 3.896067e+00 3.910382e+00 3.225015e+00 1.674840e-03
<GCONST> 9.256865e+01
<MIXTURE> 101 6.007792e-03
<MEAN> 25
 8.094624e+00 -3.487871e+00 -6.312152e+00 -6.867098e+00 8.467463e-01 -1.259195e+00 -1.058870e+01 -2.059156e+00 1.622836e+00 2.714529e+00 -2.387197e+00 -5.142603e+00 6.734315e-01 6.510332e-01 -1.456970e+00 -1.610559e+00 1.032232e+00 2.318546e+00 1.971439e-01 -1.460317e+00 -1.064393e+00 1.036705e+00 1.373064e+00 -4.153616e-01 -4.804708e-03
<VARIANCE> 25
 9.283660e+00 1.671344e+01 2.983994e+01 4.278745e+01 3.622416e+01 3.581346e+01 3.702596e+01 3.622303e+01 3.786147e+01 4.398413e+01 5.177364e+01 2.422698e+01 2.937163e-01 6.692185e-01 1.172304e+00 1.551473e+00 1.687543e+00 2.096223e+00 2.086195e+00 1.992599e+00 2.349067e+00 2.216379e+00 1.786157e+00 1.935540e+00 3.450199e-04
<GCONST> 8.364298e+01
<MIXTURE> 102 6.007792e-03
<MEAN> 25
 8.094624e+00 -3.487871e+00 -6.312152e+00 -6.867098e+00 8.467463e-01 -1.259195e+00 -1.058870e+01 -2.059156e+00 1.622836e+00 2.714529e+00 -2.387197e+00 -5.142603e+00 6.734315e-01 6.510332e-01 -1.456970e+00 -1.610559e+00 1.032232e+00 2.318546e+00 1.971439e-01 -1.460317e+00 -1.064393e+00 1.036705e+00 1.373064e+00 -4.153616e-01 -4.804708e-03
<VARIANCE> 25
 9.283660e+00 1.671344e+01 2.983994e+01 4.278745e+01 3.622416e+01 3.581346e+01 3.702596e+01 3.622303e+01 3.786147e+01 4.398413e+01 5.177364e+01 2.422698e+01 2.937163e-01 6.692185e-01 1.172304e+00 1.551473e+00 1.687543e+00 2.096223e+00 2.086195e+00 1.992599e+00 2.349067e+00 2.216379e+00 1.786157e+00 1.935540e+00 3.450199e-04
<GCONST> 8.364298e+01
<MIXTURE> 103 5.694618e-03
<MEAN> 25
 3.362770e+00 -9.472199e+00 -6.125377e+00 -3.087741e+00 -1.334087e+00 -1.968429e+00 2.434931e+00 2.510290e+00 -4.610846e+00 -9.250629e+00 -5.060465e+00 3.618211e-01 -1.575180e-01 -1.487722e+00 -9.795704e-01 3.756101e-01 1.213195e+00 1.020114e+00 1.587472e-01 -2.671054e-01 -7.794989e-01 -9.460073e-01 -3.564936e-02 1.193346e-01 2.692045e-02
<VARIANCE> 25
 1.034355e+01 2.035957e+01 2.292993e+01 3.165201e+01 4.800394e+01 3.498702e+01 4.637253e+01 3.668751e+01 4.208303e+01 2.934425e+01 3.003964e+01 2.638726e+01 6.431808e-01 1.251961e+00 1.537409e+00 1.938327e+00 2.924859e+00 2.409732e+00 2.888262e+00 2.574599e+00 2.563634e+00 2.521823e+00 2.095521e+00 2.015851e+00 8.073110e-04
<GCONST> 8.756351e+01
<MIXTURE> 104 5.694618e-03
<MEAN> 25
 3.362770e+00 -9.472199e+00 -6.125377e+00 -3.087741e+00 -1.334087e+00 -1.968429e+00 2.434931e+00 2.510290e+00 -4.610846e+00 -9.250629e+00 -5.060465e+00 3.618211e-01 -1.575180e-01 -1.487722e+00 -9.795704e-01 3.756101e-01 1.213195e+00 1.020114e+00 1.587472e-01 -2.671054e-01 -7.794989e-01 -9.460073e-01 -3.564936e-02 1.193346e-01 2.692045e-02
<VARIANCE> 25
 1.034355e+01 2.035957e+01 2.292993e+01 3.165201e+01 4.800394e+01 3.498702e+01 4.637253e+01 3.668751e+01 4.208303e+01 2.934425e+01 3.003964e+01 2.638726e+01 6.431808e-01 1.251961e+00 1.537409e+00 1.938327e+00 2.924859e+00 2.409732e+00 2.888262e+00 2.574599e+00 2.563634e+00 2.521823e+00 2.095521e+00 2.015851e+00 8.073110e-04
<GCONST> 8.756351e+01
<MIXTURE> 105 4.710235e-03
<MEAN> 25
 1.784031e+00 -1.105887e+00 7.766868e+00 -2.292099e+00 -9.957916e+00 -4.726083e+00 -3.732073e+00 -6.713576e-01 -3.599852e+00 -3.516047e+00 8.095415e-01 -9.808459e-01 -5.264691e-03 3.415580e-02 8.979104e-02 -5.452899e-02 -1.914988e-02 6.712734e-02 3.267028e-03 1.034326e-01 -2.944195e-02 6.338409e-02 5.352335e-02 -2.526585e-02 -1.524420e-03
<VARIANCE> 25
 1.171489e+01 2.428221e+01 4.200911e+01 3.796735e+01 4.168961e+01 4.550963e+01 3.581549e+01 3.751248e+01 3.389138e+01 3.639040e+01 3.691782e+01 2.671041e+01 7.858910e-02 1.692437e-01 3.039611e-01 2.739395e-01 3.964159e-01 4.136827e-01 4.979959e-01 5.252323e-01 4.448018e-01 3.976254e-01 3.808088e-01 4.471150e-01 1.010957e-04
<GCONST> 6.507771e+01
<MIXTURE> 106 4.710235e-03
<MEAN> 25
 1.784031e+00 -1.105887e+00 7.766868e+00 -2.292099e+00 -9.957916e+00 -4.726083e+00 -3.732073e+00 -6.713576e-01 -3.599852e+00 -3.516047e+00 8.095415e-01 -9.808459e-01 -5.264691e-03 3.415580e-02 8.979104e-02 -5.452899e-02 -1.914988e-02 6.712734e-02 3.267028e-03 1.034326e-01 -2.944195e-02 6.338409e-02 5.352335e-02 -2.526585e-02 -1.524420e-03
<VARIANCE> 25
 1.171489e+01 2.428221e+01 4.200911e+01 3.796735e+01 4.168961e+01 4.550963e+01 3.581549e+01 3.751248e+01 3.389138e+01 3.639040e+01 3.691782e+01 2.671041e+01 7.858910e-02 1.692437e-01 3.039611e-01 2.739395e-01 3.964159e-01 4.136827e-01 4.979959e-01 5.252323e-01 4.448018e-01 3.976254e-01 3.808088e-01 4.471150e-01 1.010957e-04
<GCONST> 6.507771e+01
<MIXTURE> 107 5.452374e-03
<MEAN> 25
 8.639822e+00 -2.310429e+00 -8.039206e+00 -9.559843e+00 1.965479e+00 2.957706e+00 -8.640553e+00 -4.554435e+00 -8.855069e-01 3.388473e+00 8.542979e-01 -5.072905e+00 -6.097032e-01 -7.685300e-01 8.358700e-01 1.773309e+00 2.252418e-01 -2.012849e+00 -9.219026e-01 8.483745e-01 1.766826e+00 4.674784e-02 -1.657929e+00 -8.206472e-01 -1.800151e-03
<VARIANCE> 25
 9.258690e+00 2.046548e+01 2.835797e+01 4.282372e+01 3.576454e+01 3.847407e+01 5.117296e+01 3.626580e+01 4.579565e+01 4.173293e+01 5.137098e+01 3.038581e+01 3.559670e-01 9.685262e-01 1.461770e+00 2.413515e+00 2.286448e+00 2.823630e+00 2.614395e+00 2.541902e+00 2.298924e+00 3.031019e+00 1.945227e+00 2.206791e+00 7.030031e-04
<GCONST> 8.804771e+01
<MIXTURE> 108 5.452374e-03
<MEAN> 25
 8.639822e+00 -2.310429e+00 -8.039206e+00 -9.559843e+00 1.965479e+00 2.957706e+00 -8.640553e+00 -4.554435e+00 -8.855069e-01 3.388473e+00 8.542979e-01 -5.072905e+00 -6.097032e-01 -7.685300e-01 8.358700e-01 1.773309e+00 2.252418e-01 -2.012849e+00 -9.219026e-01 8.483745e-01 1.766826e+00 4.674784e-02 -1.657929e+00 -8.206472e-01 -1.800151e-03
<VARIANCE> 25
 9.258690e+00 2.046548e+01 2.835797e+01 4.282372e+01 3.576454e+01 3.847407e+01 5.117296e+01 3.626580e+01 4.579565e+01 4.173293e+01 5.137098e+01 3.038581e+01 3.559670e-01 9.685262e-01 1.461770e+00 2.413515e+00 2.286448e+00 2.823630e+00 2.614395e+00 2.541902e+00 2.298924e+00 3.031019e+00 1.945227e+00 2.206791e+00 7.030031e-04
<GCONST> 8.804771e+01
<MIXTURE> 109 6.661064e-03
<MEAN> 25
 3.972504e+00 -1.037439e+01 -8.091017e+00 -1.352220e+00 2.649373e+00 -2.662878e-03 -1.005405e-01 1.342635e+00 -2.540111e+00 -8.266223e+00 -5.360246e+00 2.664044e-02 -3.386650e-02 -1.270995e-01 -2.841157e-02 2.501282e-01 2.048412e-01 1.235732e-01 -1.199919e-01 -9.523236e-02 -2.913564e-02 -1.275895e-01 2.181336e-01 8.004091e-03 -3.349306e-03
<VARIANCE> 25
 9.382862e+00 1.927386e+01 2.161395e+01 3.077387e+01 4.037270e+01 3.646848e+01 4.563696e+01 3.426856e+01 4.514509e+01 3.515820e+01 2.925685e+01 2.773649e+01 1.903117e-01 4.231278e-01 5.317242e-01 6.303183e-01 1.256851e+00 9.922823e-01 1.258066e+00 1.087913e+00 1.116281e+00 9.405640e-01 8.674140e-01 8.828615e-01 1.835091e-04
<GCONST> 7.446371e+01
<MIXTURE> 110 6.661064e-03
<MEAN> 25
 3.972504e+00 -1.037439e+01 -8.091017e+00 -1.352220e+00 2.649373e+00 -2.662878e-03 -1.005405e-01 1.342635e+00 -2.540111e+00 -8.266223e+00 -5.360246e+00 2.664044e-02 -3.386650e-02 -1.270995e-01 -2.841157e-02 2.501282e-01 2.048412e-01 1.235732e-01 -1.199919e-01 -9.523236e-02 -2.913564e-02 -1.275895e-01 2.181336e-01 8.004091e-03 -3.349306e-03
<VARIANCE> 25
 9.382862e+00 1.927386e+01 2.161395e+01 3.077387e+01 4.037270e+01 3.646848e+01 4.563696e+01 3.426856e+01 4.514509e+01 3.515820e+01 2.925685e+01 2.773649e+01 1.903117e-01 4.231278e-01 5.317242e-01 6.303183e-01 1.256851e+00 9.922823e-01 1.258066e+00 1.087913e+00 1.116281e+00 9.405640e-01 8.674140e-01 8.828615e-01 1.835091e-04
<GCONST> 7.446371e+01
<MIXTURE> 111 4.337247e-03
<MEAN> 25
 -1.145788e+00 -1.766018e-01 -5.055670e-01 3.816023e-01 -2.042633e-03 -1.720147e-01 -1.718904e-01 -2.724079e-02 -4.177120e-01 -6.578345e-01 -3.981537e-01 3.643444e-01 1.583006e-02 -1.667595e-02 -2.979780e-02 -6.670164e-02 -4.151744e-02 -1.656056e-02 5.268174e-03 -8.878779e-02 -1.559139e-01 -2.444328e-01 -1.952460e-01 -1.346498e-01 -7.870503e-04
<VARIANCE> 25
 3.634736e+00 3.131915e+00 5.493353e+00 6.158065e+00 8.572512e+00 1.330706e+01 9.995142e+00 1.001365e+01 9.527811e+00 8.622807e+00 8.798480e+00 8.405295e+00 9.160099e-02 1.644595e-01 2.616729e-01 4.164050e-01 5.714222e-01 6.712490e-01 8.883095e-01 9.101011e-01 8.445779e-01 5.668226e-01 7.156518e-01 8.125296e-01 4.493152e-05
<GCONST> 5.108316e+01
<MIXTURE> 112 4.337247e-03
<MEAN> 25
 -1.145788e+00 -1.766018e-01 -5.055670e-01 3.816023e-01 -2.042633e-03 -1.720147e-01 -1.718904e-01 -2.724079e-02 -4.177120e-01 -6.578345e-01 -3.981537e-01 3.643444e-01 1.583006e-02 -1.667595e-02 -2.979780e-02 -6.670164e-02 -4.151744e-02 -1.656056e-02 5.268174e-03 -8.878779e-02 -1.559139e-01 -2.444328e-01 -1.952460e-01 -1.346498e-01 -7.870503e-04
<VARIANCE> 25
 3.634736e+00 3.131915e+00 5.493353e+00 6.158065e+00 8.572512e+00 1.330706e+01 9.995142e+00 1.001365e+01 9.527811e+00 8.622807e+00 8.798480e+00 8.405295e+00 9.160099e-02 1.644595e-01 2.616729e-01 4.164050e-01 5.714222e-01 6.712490e-01 8.883095e-01 9.101011e-01 8.445779e-01 5.668226e-01 7.156518e-01 8.125296e-01 4.493152e-05
<GCONST> 5.108316e+01
<MIXTURE> 113 5.938666e-03
<MEAN> 25
 9.976859e+00 1.754866e+00 -8.780664e+00 -1.704600e+01 -1.034157e+00 5.658522e+00 -5.280508e+00 -1.465905e+00 -5.694949e+00 -4.935273e-01 2.990115e-01 -1.977563e-01 4.827148e-03 1.382743e-02 -5.955176e-02 -1.134040e-01 1.042647e-01 1.506166e-01 5.926980e-02 3.606128e-02 -5.702706e-02 -5.124276e-02 1.797215e-01 3.530818e-02 -1.409529e-03
<VARIANCE> 25
 8.884481e+00 1.638963e+01 2.967563e+01 3.421663e+01 5.273109e+01 3.386919e+01 3.970602e+01 3.913903e+01 3.737754e+01 4.640038e+01 3.629424e+01 2.843929e+01 1.217885e-01 3.205658e-01 3.161581e-01 6.313788e-01 6.128693e-01 6.536393e-01 7.767335e-01 8.451254e-01 9.594512e-01 9.051299e-01 7.245120e-01 7.135554e-01 1.248016e-04
<GCONST> 7.110523e+01
<MIXTURE> 114 5.938666e-03
<MEAN> 25
 9.976859e+00 1.754866e+00 -8.780664e+00 -1.704600e+01 -1.034157e+00 5.658522e+00 -5.280508e+00 -1.465905e+00 -5.694949e+00 -4.935273e-01 2.990115e-01 -1.977563e-01 4.827148e-03 1.382743e-02 -5.955176e-02 -1.134040e-01 1.042647e-01 1.506166e-01 5.926980e-02 3.606128e-02 -5.702706e-02 -5.124276e-02 1.797215e-01 3.530818e-02 -1.409529e-03
<VARIANCE> 25
 8.884481e+00 1.638963e+01 2.967563e+01 3.421663e+01 5.273109e+01 3.386919e+01 3.970602e+01 3.913903e+01 3.737754e+01 4.640038e+01 3.629424e+01 2.843929e+01 1.217885e-01 3.205658e-01 3.161581e-01 6.313788e-01 6.128693e-01 6.536393e-01 7.767335e-01 8.451254e-01 9.594512e-01 9.051299e-01 7.245120e-01 7.135554e-01 1.248016e-04
<GCONST> 7.110523e+01
<MIXTURE> 115 2.935202e-03
<MEAN> 25
 -3.099449e+00 -6.847677e-01 -2.548754e+00 3.299501e+00 2.170922e+00 -2.982322e-01 1.740584e+00 2.049719e-01 1.379495e+00 2.443078e-02 -1.515982e-02 2.206125e+00 3.255854e-02 -1.100926e-01 -1.136156e-01 -3.566824e-01 -6.485365e-01 -6.032151e-01 -5.990339e-01 -5.819971e-01 -4.252397e-01 -4.888775e-01 -3.303549e-01 -1.113098e-01 -2.624930e-05
<VARIANCE> 25
 1.023419e+01 8.006461e+00 1.238687e+01 1.155328e+01 1.216432e+01 1.456530e+01 1.479395e+01 1.790640e+01 1.635879e+01 1.539770e+01 1.642750e+01 1.359732e+01 2.108229e-01 3.444196e-01 4.772251e-01 6.649882e-01 6.741173e-01 7.354420e-01 9.563670e-01 1.009943e+00 1.107306e+00 8.768793e-01 8.874223e-01 1.032643e+00 1.021410e-06
<GCONST> 5.859300e+01
<MIXTURE> 116 2.935202e-03
<MEAN> 25
 -3.099449e+00 -6.847677e-01 -2.548754e+00 3.299501e+00 2.170922e+00 -2.982322e-01 1.740584e+00 2.049719e-01 1.379495e+00 2.443078e-02 -1.515982e-02 2.206125e+00 3.255854e-02 -1.100926e-01 -1.136156e-01 -3.566824e-01 -6.485365e-01 -6.032151e-01 -5.990339e-01 -5.819971e-01 -4.252397e-01 -4.888775e-01 -3.303549e-01 -1.113098e-01 -2.624930e-05
<VARIANCE> 25
 1.023419e+01 8.006461e+00 1.238687e+01 1.155328e+01 1.216432e+01 1.456530e+01 1.479395e+01 1.790640e+01 1.635879e+01 1.539770e+01 1.642750e+01 1.359732e+01 2.108229e-01 3.444196e-01 4.772251e-01 6.649882e-01 6.741173e-01 7.354420e-01 9.563670e-01 1.009943e+00 1.107306e+00 8.768793e-01 8.874223e-01 1.032643e+00 1.021410e-06
<GCONST> 5.859300e+01
<MIXTURE> 117 6.506003e-03
<MEAN> 25
 -4.638025e+00 1.115136e+00 1.054945e+00 9.746968e+00 6.252383e+00 6.249642e+00 6.455567e+00 5.042009e+00 6.386313e+00 4.928266e+00 6.364470e+00 2.709190e+00 -7.494977e-02 -2.338457e-01 -3.573345e-01 -4.198976e-01 -3.678587e-01 -3.017901e-01 -2.869469e-01 -3.318483e-01 -3.914260e-01 -3.690453e-01 -2.630123e-01 -1.155749e-01 -8.418036e-06
<VARIANCE> 25
 7.211554e+00 8.749953e+00 9.797247e+00 1.439193e+01 1.565044e+01 1.537070e+01 1.774795e+01 1.794979e+01 1.640763e+01 1.635962e+01 1.673093e+01 1.474459e+01 2.167001e-01 3.076921e-01 4.264962e-01 6.169212e-01 8.528445e-01 1.055352e+00 1.176769e+00 1.231914e+00 1.222853e+00 1.193644e+00 1.165951e+00 1.112641e+00 1.002445e-06
<GCONST> 6.043631e+01
<MIXTURE> 118 6.506003e-03
<MEAN> 25
 -4.638025e+00 1.115136e+00 1.054945e+00 9.746968e+00 6.252383e+00 6.249642e+00 6.455567e+00 5.042009e+00 6.386313e+00 4.928266e+00 6.364470e+00 2.709190e+00 -7.494977e-02 -2.338457e-01 -3.573345e-01 -4.198976e-01 -3.678587e-01 -3.017901e-01 -2.869469e-01 -3.318483e-01 -3.914260e-01 -3.690453e-01 -2.630123e-01 -1.155749e-01 -8.418036e-06
<VARIANCE> 25
 7.211554e+00 8.749953e+00 9.797247e+00 1.439193e+01 1.565044e+01 1.537070e+01 1.774795e+01 1.794979e+01 1.640763e+01 1.635962e+01 1.673093e+01 1.474459e+01 2.167001e-01 3.076921e-01 4.264962e-01 6.169212e-01 8.528445e-01 1.055352e+00 1.176769e+00 1.231914e+00 1.222853e+00 1.193644e+00 1.165951e+00 1.112641e+00 1.002445e-06
<GCONST> 6.043631e+01
<MIXTURE> 119 4.297961e-03
<MEAN> 25
 -4.824061e+00 -7.407994e+00 2.139520e+00 1.892026e+00 2.133394e+00 1.981310e-01 5.117064e+00 5.803415e+00 1.170728e+00 1.007185e+00 6.453073e+00 1.533877e+00 -4.620477e-02 -7.998569e-02 3.595943e-02 -5.444144e-02 -1.193918e-01 -1.703497e-01 -8.004681e-02 -2.228106e-02 -1.048079e-01 -1.075548e-01 -6.258784e-02 -6.299053e-02 1.016719e-03
<VARIANCE> 25
 8.876620e+00 1.097002e+01 1.637464e+01 2.010895e+01 2.265740e+01 2.271828e+01 2.514300e+01 2.647595e+01 2.458140e+01 2.753594e+01 2.079999e+01 2.022495e+01 1.604110e-01 2.803370e-01 4.510072e-01 6.330499e-01 8.022749e-01 1.011434e+00 1.117323e+00 1.269413e+00 1.271160e+00 1.222172e+00 1.181834e+00 1.103717e+00 2.328919e-04
<GCONST> 6.975291e+01
<MIXTURE> 120 4.297961e-03
<MEAN> 25
 -4.824061e+00 -7.407994e+00 2.139520e+00 1.892026e+00 2.133394e+00 1.981310e-01 5.117064e+00 5.803415e+00 1.170728e+00 1.007185e+00 6.453073e+00 1.533877e+00 -4.620477e-02 -7.998569e-02 3.595943e-02 -5.444144e-02 -1.193918e-01 -1.703497e-01 -8.004681e-02 -2.228106e-02 -1.048079e-01 -1.075548e-01 -6.258784e-02 -6.299053e-02 1.016719e-03
<VARIANCE> 25
 8.876620e+00 1.097002e+01 1.637464e+01 2.010895e+01 2.265740e+01 2.271828e+01 2.514300e+01 2.647595e+01 2.458140e+01 2.753594e+01 2.079999e+01 2.022495e+01 1.604110e-01 2.803370e-01 4.510072e-01 6.330499e-01 8.022749e-01 1.011434e+00 1.117323e+00 1.269413e+00 1.271160e+00 1.222172e+00 1.181834e+00 1.103717e+00 2.328919e-04
<GCONST> 6.975291e+01
<MIXTURE> 121 4.567511e-03
<MEAN> 25
 9.383699e-02 -2.596864e+00 5.038595e+00 -1.252788e+01 -1.238268e+01 -1.475906e+00 9.160165e-01 -5.086506e+00 -3.889149e+00 -5.914081e-01 -5.433287e+00 -4.095462e+00 7.138242e-03 1.179895e-01 -3.146728e-02 4.705539e-02 8.588403e-02 6.525524e-02 -6.939368e-02 -1.386679e-01 -2.657531e-01 -2.390490e-01 -1.124987e-01 1.987861e-02 -7.358423e-03
<VARIANCE> 25
 7.759526e+00 1.531022e+01 1.714378e+01 2.249373e+01 2.513487e+01 2.931153e+01 2.851142e+01 2.367778e+01 3.633085e+01 2.754368e+01 1.921171e+01 2.140086e+01 1.580839e-01 6.233429e-01 6.019158e-01 7.087855e-01 9.122143e-01 1.125996e+00 1.091469e+00 1.130514e+00 1.180237e+00 1.152723e+00 9.069538e-01 8.548007e-01 2.079991e-04
<GCONST> 7.136689e+01
<MIXTURE> 122 4.567511e-03
<MEAN> 25
 9.383699e-02 -2.596864e+00 5.038595e+00 -1.252788e+01 -1.238268e+01 -1.475906e+00 9.160165e-01 -5.086506e+00 -3.889149e+00 -5.914081e-01 -5.433287e+00 -4.095462e+00 7.138242e-03 1.179895e-01 -3.146728e-02 4.705539e-02 8.588403e-02 6.525524e-02 -6.939368e-02 -1.386679e-01 -2.657531e-01 -2.390490e-01 -1.124987e-01 1.987861e-02 -7.358423e-03
<VARIANCE> 25
 7.759526e+00 1.531022e+01 1.714378e+01 2.249373e+01 2.513487e+01 2.931153e+01 2.851142e+01 2.367778e+01 3.633085e+01 2.754368e+01 1.921171e+01 2.140086e+01 1.580839e-01 6.233429e-01 6.019158e-01 7.087855e-01 9.122143e-01 1.125996e+00 1.091469e+00 1.130514e+00 1.180237e+00 1.152723e+00 9.069538e-01 8.548007e-01 2.079991e-04
<GCONST> 7.136689e+01
<MIXTURE> 123 4.393044e-03
<MEAN> 25
 -3.126872e+00 9.018347e-01 1.595469e-01 4.379888e+00 3.938739e+00 2.421790e+00 2.228545e+00 6.544452e-02 1.354567e-02 -3.527212e-01 3.271296e-01 3.858842e-02 -3.965800e-01 -6.708314e-01 -7.497190e-01 -6.381262e-01 -2.118129e-01 6.484616e-02 3.480724e-01 5.589685e-01 6.162891e-01 8.016440e-01 7.154236e-01 5.357985e-01 -3.797749e-03
<VARIANCE> 25
 9.531475e+00 7.671554e+00 1.126946e+01 1.765145e+01 1.886315e+01 2.353784e+01 2.037658e+01 1.547685e+01 1.554470e+01 1.349221e+01 1.755374e+01 1.716455e+01 3.447928e-01 3.965748e-01 4.478815e-01 6.540840e-01 7.963946e-01 1.005649e+00 1.287230e+00 9.996666e-01 9.941424e-01 1.133815e+00 1.088256e+00 1.182075e+00 1.056489e-04
<GCONST> 6.646431e+01
<MIXTURE> 124 4.069876e-03
<MEAN> 25
 -5.997508e+00 -1.178962e+00 -2.726753e+00 4.795773e+00 4.720248e+00 3.176957e+00 5.206239e+00 2.413776e+00 2.864333e+00 1.288702e+00 1.141612e+00 2.845190e+00 -1.951980e-01 -3.398977e-01 -3.630826e-01 -2.043037e-01 1.253870e-01 5.244108e-01 8.369849e-01 8.784078e-01 6.642267e-01 3.689981e-01 9.295686e-02 -2.576073e-02 1.244052e-04
<VARIANCE> 25
 1.309047e+01 6.501484e+00 1.067452e+01 1.258944e+01 1.191003e+01 1.881199e+01 1.535344e+01 1.643489e+01 1.566288e+01 1.502843e+01 1.783841e+01 1.426298e+01 1.033155e-01 1.765097e-01 2.639226e-01 4.140365e-01 5.723465e-01 6.924254e-01 7.214189e-01 8.010734e-01 8.893583e-01 9.502636e-01 9.923446e-01 9.552085e-01 2.039234e-05
<GCONST> 5.852017e+01
<MIXTURE> 125 4.069876e-03
<MEAN> 25
 -5.997508e+00 -1.178962e+00 -2.726753e+00 4.795773e+00 4.720248e+00 3.176957e+00 5.206239e+00 2.413776e+00 2.864333e+00 1.288702e+00 1.141612e+00 2.845190e+00 -1.951980e-01 -3.398977e-01 -3.630826e-01 -2.043037e-01 1.253870e-01 5.244108e-01 8.369849e-01 8.784078e-01 6.642267e-01 3.689981e-01 9.295686e-02 -2.576073e-02 1.244052e-04
<VARIANCE> 25
 1.309047e+01 6.501484e+00 1.067452e+01 1.258944e+01 1.191003e+01 1.881199e+01 1.535344e+01 1.643489e+01 1.566288e+01 1.502843e+01 1.783841e+01 1.426298e+01 1.033155e-01 1.765097e-01 2.639226e-01 4.140365e-01 5.723465e-01 6.924254e-01 7.214189e-01 8.010734e-01 8.893583e-01 9.502636e-01 9.923446e-01 9.552085e-01 2.039234e-05
<GCONST> 5.852017e+01
<MIXTURE> 126 2.402244e-03
<MEAN> 25
 -3.389309e+00 -6.309999e+00 -4.945965e+00 1.928188e+00 3.792110e+00 -3.162129e+00 -5.539588e-02 3.165001e+00 3.108315e+00 -2.398495e+00 -1.277658e+00 2.628916e+00 -9.294196e-03 -1.175768e-02 -4.787833e-02 -1.954755e-01 -3.412345e-01 -4.229068e-01 -3.489263e-01 -1.149388e-01 -1.277966e-01 -1.206512e-01 -9.023007e-02 1.277278e-02 -2.180398e-03
<VARIANCE> 25
 7.960598e+00 1.447445e+01 1.354332e+01 1.536190e+01 2.436877e+01 2.194859e+01 2.132312e+01 2.719927e+01 2.927625e+01 2.497873e+01 2.008736e+01 1.957211e+01 1.645230e-01 3.310688e-01 4.555592e-01 5.657451e-01 7.325579e-01 1.026943e+00 1.193510e+00 1.184552e+00 1.252989e+00 1.222024e+00 1.145066e+00 1.157664e+00 2.225098e-04
<GCONST> 6.933862e+01
<MIXTURE> 127 2.402244e-03
<MEAN> 25
 -3.389309e+00 -6.309999e+00 -4.945965e+00 1.928188e+00 3.792110e+00 -3.162129e+00 -5.539588e-02 3.165001e+00 3.108315e+00 -2.398495e+00 -1.277658e+00 2.628916e+00 -9.294196e-03 -1.175768e-02 -4.787833e-02 -1.954755e-01 -3.412345e-01 -4.229068e-01 -3.489263e-01 -1.149388e-01 -1.277966e-01 -1.206512e-01 -9.023007e-02 1.277278e-02 -2.180398e-03
<VARIANCE> 25
 7.960598e+00 1.447445e+01 1.354332e+01 1.536190e+01 2.436877e+01 2.194859e+01 2.132312e+01 2.719927e+01 2.927625e+01 2.497873e+01 2.008736e+01 1.957211e+01 1.645230e-01 3.310688e-01 4.555592e-01 5.657451e-01 7.325579e-01 1.026943e+00 1.193510e+00 1.184552e+00 1.252989e+00 1.222024e+00 1.145066e+00 1.157664e+00 2.225098e-04
<GCONST> 6.933862e+01
<MIXTURE> 128 3.790457e-03
<MEAN> 25
 -3.912206e+00 1.534664e+00 -3.420624e-01 6.551397e+00 3.612185e+00 1.856123e+00 3.562877e+00 2.356457e+00 3.957990e+00 3.689748e+00 3.752409e+00 3.519383e+00 -3.931014e-01 -1.983996e-01 9.953863e-02 7.264589e-01 1.177174e+00 1.130226e+00 7.160677e-01 1.282734e-01 -4.406917e-01 -7.883931e-01 -7.012511e-01 -3.926747e-01 -3.651375e-05
<VARIANCE> 25
 1.027117e+01 1.166828e+01 1.494516e+01 1.939705e+01 1.999301e+01 2.110187e+01 2.427468e+01 2.465951e+01 2.635092e+01 2.383915e+01 2.681841e+01 1.815419e+01 8.929680e-01 1.143558e+00 1.361362e+00 1.506237e+00 1.590934e+00 1.864732e+00 2.241809e+00 2.319542e+00 2.148048e+00 1.852655e+00 1.738436e+00 1.743135e+00 1.002946e-06
<GCONST> 7.362522e+01
<TRANSP> 3
 0.000000e+00 1.000000e+00 0.000000e+00
 0.000000e+00 9.999990e-01 9.999998e-07
 0.000000e+00 0.000000e+00 0.000000e+00
<ENDHMM>
