~o
<STREAMINFO> 1 25
<VECSIZE> 25<NULLD><MFCC_E_D_N><DIAGC>
~h "jmodel"
<BEGINHMM>
<NUMSTATES> 3
<STATE> 2
<NUMMIXES> 128
<MIXTURE> 1 5.748963e-03
<MEAN> 25
 -2.582387e+00 3.180964e+00 2.312318e+00 8.753953e+00 4.369431e+00 3.445021e+00 4.061232e+00 3.934561e+00 5.829660e+00 5.249872e+00 5.882001e+00 3.079988e+00 -2.003949e+00 -1.634274e+00 -8.642042e-01 1.075597e+00 1.561149e+00 2.232496e+00 2.154392e+00 2.084926e+00 1.693315e+00 1.269064e+00 1.566509e+00 6.135778e-01 -4.692158e-02
<VARIANCE> 25
 1.006663e+01 1.175721e+01 1.494024e+01 1.867813e+01 2.320008e+01 2.218903e+01 2.189397e+01 2.197407e+01 2.100846e+01 2.255797e+01 2.096027e+01 1.707719e+01 1.789572e+00 2.111713e+00 3.025442e+00 3.209865e+00 3.739355e+00 3.355383e+00 3.318650e+00 3.379118e+00 3.520382e+00 3.727016e+00 3.515176e+00 2.833272e+00 3.120448e-03
<GCONST> 8.846558e+01
<MIXTURE> 2 4.549242e-03
<MEAN> 25
 -4.867012e+00 1.307141e+00 9.933084e-01 9.891453e+00 6.689968e+00 7.409492e+00 7.835491e+00 6.960356e+00 8.370611e+00 6.367941e+00 7.599121e+00 3.067199e+00 -6.198417e-02 4.253363e-02 1.428079e-01 2.250204e-01 2.650826e-01 2.807904e-01 2.993301e-01 3.214926e-01 3.500282e-01 3.073052e-01 1.963394e-01 8.205140e-02 3.081612e-06
<VARIANCE> 25
 6.966717e+00 8.894908e+00 1.062932e+01 1.590255e+01 1.719705e+01 1.563606e+01 1.691728e+01 1.847555e+01 1.657222e+01 1.736071e+01 1.832690e+01 1.434045e+01 1.249678e-01 2.264673e-01 3.361912e-01 4.668152e-01 6.483926e-01 8.132060e-01 9.346672e-01 1.002594e+00 1.050305e+00 1.078428e+00 1.074487e+00 1.014412e+00 1.002505e-06
<GCONST> 5.805214e+01
<MIXTURE> 3 4.549242e-03
<MEAN> 25
 -4.867012e+00 1.307141e+00 9.933084e-01 9.891453e+00 6.689968e+00 7.409492e+00 7.835491e+00 6.960356e+00 8.370611e+00 6.367941e+00 7.599121e+00 3.067199e+00 -6.198417e-02 4.253363e-02 1.428079e-01 2.250204e-01 2.650826e-01 2.807904e-01 2.993301e-01 3.214926e-01 3.500282e-01 3.073052e-01 1.963394e-01 8.205140e-02 3.081612e-06
<VARIANCE> 25
 6.966717e+00 8.894908e+00 1.062932e+01 1.590255e+01 1.719705e+01 1.563606e+01 1.691728e+01 1.847555e+01 1.657222e+01 1.736071e+01 1.832690e+01 1.434045e+01 1.249678e-01 2.264673e-01 3.361912e-01 4.668152e-01 6.483926e-01 8.132060e-01 9.346672e-01 1.002594e+00 1.050305e+00 1.078428e+00 1.074487e+00 1.014412e+00 1.002505e-06
<GCONST> 5.805214e+01
<MIXTURE> 4 1.671429e-02
<MEAN> 25
 3.483170e+00 2.485617e+00 -3.836196e+00 8.325601e-01 4.121511e+00 -3.346342e-01 -3.486329e-02 3.735152e-02 1.527535e+00 1.401086e+00 -1.820414e+00 -2.253518e-03 -2.713024e+00 1.213386e+00 1.764875e+00 3.013830e+00 9.362347e-01 5.339393e-01 1.537370e+00 1.025249e+00 9.995168e-01 3.999400e-01 1.154150e+00 8.707732e-01 -1.033132e-01
<VARIANCE> 25
 2.068274e+01 2.878500e+01 2.875541e+01 4.013907e+01 4.555346e+01 6.828976e+01 6.464683e+01 5.227171e+01 5.402498e+01 6.110247e+01 4.875405e+01 3.523224e+01 2.375864e+00 4.910313e+00 3.639566e+00 5.057044e+00 4.916964e+00 6.001571e+00 6.166034e+00 5.415181e+00 5.892065e+00 6.285573e+00 6.199872e+00 4.368373e+00 5.941675e-03
<GCONST> 1.051534e+02
<MIXTURE> 5 3.206198e-03
<MEAN> 25
 -3.411307e+00 2.180689e+00 6.074305e-01 9.422142e+00 6.692742e+00 6.305056e+00 7.108024e+00 4.728894e+00 5.497070e+00 3.842406e+00 4.641480e+00 2.603533e+00 -3.253351e-01 7.521319e-01 1.223178e+00 1.031106e+00 3.082478e-01 -9.896827e-02 -8.343621e-02 3.463258e-02 4.613029e-01 6.845710e-01 4.018708e-01 8.732889e-02 -2.516569e-05
<VARIANCE> 25
 1.025191e+01 1.392167e+01 2.345259e+01 2.559983e+01 2.020997e+01 1.945943e+01 2.009035e+01 2.034362e+01 2.138862e+01 2.126613e+01 2.422591e+01 1.633845e+01 1.208957e+00 1.242592e+00 1.356511e+00 1.674850e+00 2.281447e+00 2.373186e+00 2.298032e+00 2.272480e+00 2.318532e+00 2.235137e+00 2.085772e+00 1.871602e+00 1.003301e-06
<GCONST> 7.515834e+01
<MIXTURE> 6 5.475854e-03
<MEAN> 25
 9.680205e+00 -6.997542e-01 -6.973591e+00 -1.091102e+01 -2.127612e+00 6.841994e+00 -5.666910e+00 -5.350298e+00 -3.678251e+00 1.934133e+00 4.676325e+00 -1.480744e+00 4.823451e-01 9.108166e-01 -3.248899e-01 -1.414965e+00 -5.963814e-01 1.279239e+00 1.543837e+00 1.928264e-01 -1.200215e+00 -1.197638e+00 3.116861e-01 1.182019e+00 -9.033352e-03
<VARIANCE> 25
 8.654475e+00 1.845096e+01 2.509323e+01 3.831884e+01 3.546339e+01 2.997815e+01 4.394473e+01 3.686916e+01 3.934961e+01 3.852534e+01 4.067236e+01 2.871735e+01 3.029298e-01 8.389723e-01 9.524770e-01 1.983664e+00 1.597476e+00 1.992847e+00 1.889647e+00 2.075693e+00 2.326195e+00 1.925374e+00 2.206808e+00 1.443954e+00 6.078660e-04
<GCONST> 8.367862e+01
<MIXTURE> 7 5.475854e-03
<MEAN> 25
 9.680205e+00 -6.997542e-01 -6.973591e+00 -1.091102e+01 -2.127612e+00 6.841994e+00 -5.666910e+00 -5.350298e+00 -3.678251e+00 1.934133e+00 4.676325e+00 -1.480744e+00 4.823451e-01 9.108166e-01 -3.248899e-01 -1.414965e+00 -5.963814e-01 1.279239e+00 1.543837e+00 1.928264e-01 -1.200215e+00 -1.197638e+00 3.116861e-01 1.182019e+00 -9.033352e-03
<VARIANCE> 25
 8.654475e+00 1.845096e+01 2.509323e+01 3.831884e+01 3.546339e+01 2.997815e+01 4.394473e+01 3.686916e+01 3.934961e+01 3.852534e+01 4.067236e+01 2.871735e+01 3.029298e-01 8.389723e-01 9.524770e-01 1.983664e+00 1.597476e+00 1.992847e+00 1.889647e+00 2.075693e+00 2.326195e+00 1.925374e+00 2.206808e+00 1.443954e+00 6.078660e-04
<GCONST> 8.367862e+01
<MIXTURE> 8 1.165917e-02
<MEAN> 25
 -4.716949e+00 1.357420e+00 1.284676e+00 9.543508e+00 6.575905e+00 6.237593e+00 6.480124e+00 5.706329e+00 6.675798e+00 5.619200e+00 6.537032e+00 3.150116e+00 -6.295565e-01 -1.418547e+00 -1.068912e+00 -1.730570e+00 -2.317400e-01 -9.420850e-01 -1.776442e-01 -2.912793e-01 -2.550046e-01 -1.753389e-01 -2.076377e-01 8.517112e-02 9.846959e-02
<VARIANCE> 25
 9.344945e+00 9.824579e+00 1.158853e+01 1.607677e+01 1.659369e+01 1.572049e+01 1.805733e+01 1.756432e+01 1.715310e+01 1.735880e+01 1.911924e+01 1.396663e+01 2.750019e+00 2.816597e+00 3.894221e+00 3.750083e+00 3.442330e+00 3.305539e+00 3.119191e+00 3.070515e+00 2.861155e+00 2.649747e+00 2.433777e+00 1.901869e+00 6.697892e-03
<GCONST> 8.627269e+01
<MIXTURE> 9 1.199672e-02
<MEAN> 25
 9.093113e+00 2.839455e+00 -6.379457e+00 -1.048697e+01 -1.911139e+00 4.902487e+00 -2.161448e+00 -2.573853e+00 -5.133606e+00 -4.030233e-01 8.368030e-01 -2.902396e-01 1.362315e+00 -2.849274e-01 -6.540069e-01 -2.668946e+00 -1.586112e+00 7.017680e-01 -9.841680e-01 -2.005562e-01 -2.455764e-01 -4.222384e-01 6.599088e-01 -1.575461e-01 7.504123e-02
<VARIANCE> 25
 1.182715e+01 2.439293e+01 3.246615e+01 5.127986e+01 4.795391e+01 3.001717e+01 4.109772e+01 4.963871e+01 3.945084e+01 4.735923e+01 3.497674e+01 2.583588e+01 2.004461e+00 2.657693e+00 4.655259e+00 4.648406e+00 5.110057e+00 4.005975e+00 4.134596e+00 5.552674e+00 5.027114e+00 4.042132e+00 3.815615e+00 2.598695e+00 2.159595e-03
<GCONST> 9.832902e+01
<MIXTURE> 10 6.596976e-03
<MEAN> 25
 8.283306e-01 7.594793e+00 5.348546e+00 7.128482e+00 1.563119e+00 -2.149137e+00 -5.440623e-01 -1.691642e+00 8.621475e-01 8.488818e-01 8.430299e-01 6.531460e-01 -1.917901e+00 -6.668120e-01 -4.515801e-01 3.018935e+00 2.448099e+00 2.702553e+00 2.382413e+00 2.268725e+00 1.857872e+00 1.536710e+00 2.313919e+00 5.263700e-01 -1.378031e-01
<VARIANCE> 25
 1.943548e+01 2.082137e+01 2.230710e+01 2.898606e+01 3.820683e+01 3.493439e+01 3.517809e+01 3.365120e+01 2.748142e+01 2.892635e+01 2.686820e+01 2.488088e+01 2.230462e+00 3.412570e+00 5.512973e+00 5.155339e+00 5.558643e+00 4.453213e+00 4.686114e+00 4.833469e+00 4.365982e+00 5.009215e+00 4.495689e+00 3.178753e+00 2.702276e-03
<GCONST> 9.741502e+01
<MIXTURE> 11 1.633820e-02
<MEAN> 25
 7.171796e+00 3.631228e+00 2.203792e+00 4.700266e+00 -2.704952e+00 -3.917107e-01 -5.398040e-01 -7.476887e+00 -4.626316e+00 -5.503804e-01 -2.243241e+00 -2.060520e+00 -3.560195e-01 6.500525e-01 3.349210e-01 1.446922e-01 4.683613e-01 2.766655e-02 1.974490e-01 2.772339e-02 1.650167e-02 1.957459e-01 -3.193956e-01 1.017505e-01 -1.978270e-02
<VARIANCE> 25
 1.058668e+01 2.130194e+01 1.841251e+01 2.283624e+01 3.140066e+01 4.876186e+01 5.307456e+01 3.908955e+01 4.630966e+01 3.308023e+01 2.651794e+01 2.350497e+01 7.024865e-01 1.014114e+00 1.339566e+00 2.066848e+00 1.556694e+00 1.858050e+00 2.581639e+00 2.844386e+00 2.006941e+00 1.924782e+00 1.557379e+00 1.566522e+00 9.277097e-04
<GCONST> 8.514298e+01
<MIXTURE> 12 5.904134e-03
<MEAN> 25
 1.076349e+01 3.738888e+00 -4.506283e+00 -1.598411e+01 -8.689897e+00 8.640706e+00 -8.943798e-01 -1.927217e+00 -1.725756e+00 -4.881113e+00 1.774784e+00 7.133408e-01 6.775825e-02 2.944468e-01 7.999527e-02 -3.679744e-01 -3.097656e-01 2.923659e-02 3.055780e-01 4.467621e-01 1.403292e-01 -3.841935e-01 -3.854380e-01 5.384443e-02 -6.315322e-03
<VARIANCE> 25
 8.882184e+00 2.105675e+01 2.338345e+01 3.514915e+01 4.208774e+01 3.096018e+01 4.178678e+01 4.898073e+01 4.405127e+01 3.742477e+01 3.799149e+01 2.893588e+01 2.467540e-01 6.885498e-01 6.858896e-01 1.169639e+00 1.186088e+00 1.053516e+00 1.172045e+00 1.387599e+00 1.240593e+00 1.222387e+00 1.221661e+00 9.561426e-01 5.792291e-04
<GCONST> 7.893062e+01
<MIXTURE> 13 5.904134e-03
<MEAN> 25
 1.076349e+01 3.738888e+00 -4.506283e+00 -1.598411e+01 -8.689897e+00 8.640706e+00 -8.943798e-01 -1.927217e+00 -1.725756e+00 -4.881113e+00 1.774784e+00 7.133408e-01 6.775825e-02 2.944468e-01 7.999527e-02 -3.679744e-01 -3.097656e-01 2.923659e-02 3.055780e-01 4.467621e-01 1.403292e-01 -3.841935e-01 -3.854380e-01 5.384443e-02 -6.315322e-03
<VARIANCE> 25
 8.882184e+00 2.105675e+01 2.338345e+01 3.514915e+01 4.208774e+01 3.096018e+01 4.178678e+01 4.898073e+01 4.405127e+01 3.742477e+01 3.799149e+01 2.893588e+01 2.467540e-01 6.885498e-01 6.858896e-01 1.169639e+00 1.186088e+00 1.053516e+00 1.172045e+00 1.387599e+00 1.240593e+00 1.222387e+00 1.221661e+00 9.561426e-01 5.792291e-04
<GCONST> 7.893062e+01
<MIXTURE> 14 6.488954e-03
<MEAN> 25
 -4.183951e+00 -3.463797e-01 -3.661979e-01 8.701363e+00 7.536642e+00 7.153845e+00 7.759243e+00 7.456063e+00 7.586415e+00 5.119871e+00 6.397275e+00 4.067374e+00 -3.117424e-01 1.912541e-01 3.302306e-01 2.230006e-01 -7.092939e-03 5.981788e-02 5.759646e-02 1.140082e-01 2.483628e-01 5.078643e-01 5.314181e-01 9.822523e-02 -9.324274e-03
<VARIANCE> 25
 9.152369e+00 1.322110e+01 1.780308e+01 1.779935e+01 1.997710e+01 1.952070e+01 2.050371e+01 2.002531e+01 2.179093e+01 2.308926e+01 2.420887e+01 1.536240e+01 9.781784e-01 1.561662e+00 1.710804e+00 2.002113e+00 2.140829e+00 2.148073e+00 2.184076e+00 2.209536e+00 2.212106e+00 2.404919e+00 2.101220e+00 1.753028e+00 9.811283e-04
<GCONST> 8.142757e+01
<MIXTURE> 15 2.475190e-03
<MEAN> 25
 -5.278667e+00 -8.181443e-01 -2.726654e-01 7.128369e+00 5.649823e+00 5.431021e+00 5.901863e+00 5.232179e+00 5.397269e+00 4.188067e+00 5.251919e+00 2.413337e+00 -9.410980e-02 -2.127568e-02 6.678760e-02 2.331830e-01 5.307539e-01 8.180681e-01 1.039656e+00 1.228735e+00 1.125622e+00 8.397245e-01 4.877437e-01 1.894489e-01 -2.282432e-04
<VARIANCE> 25
 6.924112e+00 5.892547e+00 8.631295e+00 1.299796e+01 1.344335e+01 1.476380e+01 1.459237e+01 1.527055e+01 1.450372e+01 1.343086e+01 1.527611e+01 1.207084e+01 1.307200e-01 1.972922e-01 3.258405e-01 4.777752e-01 7.241086e-01 7.858136e-01 7.593091e-01 7.940798e-01 9.600976e-01 1.139530e+00 1.153946e+00 1.021902e+00 2.690692e-05
<GCONST> 5.870608e+01
<MIXTURE> 16 2.475190e-03
<MEAN> 25
 -5.278667e+00 -8.181443e-01 -2.726654e-01 7.128369e+00 5.649823e+00 5.431021e+00 5.901863e+00 5.232179e+00 5.397269e+00 4.188067e+00 5.251919e+00 2.413337e+00 -9.410980e-02 -2.127568e-02 6.678760e-02 2.331830e-01 5.307539e-01 8.180681e-01 1.039656e+00 1.228735e+00 1.125622e+00 8.397245e-01 4.877437e-01 1.894489e-01 -2.282432e-04
<VARIANCE> 25
 6.924112e+00 5.892547e+00 8.631295e+00 1.299796e+01 1.344335e+01 1.476380e+01 1.459237e+01 1.527055e+01 1.450372e+01 1.343086e+01 1.527611e+01 1.207084e+01 1.307200e-01 1.972922e-01 3.258405e-01 4.777752e-01 7.241086e-01 7.858136e-01 7.593091e-01 7.940798e-01 9.600976e-01 1.139530e+00 1.153946e+00 1.021902e+00 2.690692e-05
<GCONST> 5.870608e+01
<MIXTURE> 17 9.518312e-03
<MEAN> 25
 3.507388e+00 -6.030592e-01 6.650780e+00 2.133136e+00 -5.517186e+00 -6.405578e+00 -3.559579e+00 -9.296489e-02 -2.052055e+00 -3.565644e+00 -3.759685e-01 2.718678e-02 -7.704269e-01 -9.032646e-01 1.600789e+00 -2.021160e+00 -2.273435e+00 -1.673473e-01 -1.596341e-01 4.873446e-01 -3.103680e-01 -5.242655e-01 9.602362e-01 4.208984e-01 7.860915e-02
<VARIANCE> 25
 1.510382e+01 3.011519e+01 2.818167e+01 3.525916e+01 3.971685e+01 4.222012e+01 3.877675e+01 2.951234e+01 3.236285e+01 2.877080e+01 2.475526e+01 2.822345e+01 1.614811e+00 2.812578e+00 3.967664e+00 2.973371e+00 3.822623e+00 4.659076e+00 4.890569e+00 4.392406e+00 3.468621e+00 4.213699e+00 3.078543e+00 2.334575e+00 2.016132e-03
<GCONST> 9.519712e+01
<MIXTURE> 18 1.221018e-02
<MEAN> 25
 3.944668e+00 3.937523e+00 5.842731e+00 4.700182e+00 -4.503644e+00 -8.507921e+00 -2.125669e+00 -1.179907e+00 -2.968883e+00 -2.338400e+00 -9.446716e-01 3.355246e-01 -7.657256e-01 1.999463e+00 -8.052922e-02 1.796060e+00 2.835057e+00 1.492430e+00 9.491019e-01 -1.588936e-01 6.361505e-01 5.348807e-01 -3.274297e-01 -4.755757e-02 -1.175038e-01
<VARIANCE> 25
 1.532860e+01 2.632323e+01 3.415438e+01 2.449816e+01 3.638091e+01 3.001828e+01 3.897368e+01 3.085604e+01 3.653775e+01 3.140947e+01 3.185195e+01 2.847277e+01 2.276152e+00 2.999189e+00 4.350385e+00 4.129505e+00 4.279196e+00 4.032115e+00 5.067705e+00 4.032740e+00 3.908998e+00 3.998736e+00 4.062967e+00 3.485045e+00 3.886344e-03
<GCONST> 9.714419e+01
<MIXTURE> 19 9.912824e-03
<MEAN> 25
 -8.484412e+00 2.677793e+00 6.120317e-01 1.201003e+00 3.643490e+00 1.843697e+00 3.514440e+00 9.552140e-01 2.026177e+00 1.450954e-01 6.429421e-01 2.546063e+00 1.866767e+00 1.578281e+00 2.066646e+00 6.307138e-01 -1.081836e+00 -1.025505e+00 -9.078174e-01 -1.292040e+00 -1.423810e+00 -1.416450e+00 -8.939291e-01 -6.412848e-01 1.289674e-02
<VARIANCE> 25
 7.217184e+01 2.582267e+01 4.151090e+01 4.314812e+01 3.188044e+01 3.125133e+01 2.562066e+01 2.351807e+01 2.298590e+01 3.218470e+01 2.534121e+01 1.741658e+01 2.229214e+00 1.928517e+00 2.251055e+00 2.012307e+00 2.107692e+00 1.852033e+00 2.131146e+00 1.979544e+00 1.674561e+00 1.845404e+00 1.816567e+00 1.486065e+00 2.442939e-03
<GCONST> 8.884653e+01
<MIXTURE> 20 6.308331e-03
<MEAN> 25
 -1.404392e+01 7.444449e+00 1.234792e+00 5.782496e+00 4.869781e+00 1.606660e+00 5.026554e+00 1.031811e+00 8.385325e-01 8.837848e-01 2.450124e+00 -2.561916e-01 -3.313285e+00 -8.594751e-01 -1.566599e+00 2.546260e-01 1.610559e+00 2.093700e+00 1.938088e+00 2.019865e+00 2.043566e+00 2.024701e+00 1.639475e+00 8.773268e-01 4.741729e-02
<VARIANCE> 25
 1.962924e+01 2.271060e+01 3.421450e+01 3.977242e+01 2.987002e+01 2.721528e+01 2.997026e+01 3.134813e+01 2.724535e+01 2.749463e+01 2.471706e+01 2.030716e+01 2.049152e+00 2.111874e+00 1.847086e+00 2.629068e+00 2.761316e+00 2.271797e+00 2.281067e+00 2.283393e+00 2.448197e+00 2.573756e+00 2.224845e+00 1.933499e+00 1.824846e-03
<GCONST> 8.917124e+01
<MIXTURE> 21 7.928653e-03
<MEAN> 25
 3.960192e+00 -4.185129e+00 5.958077e+00 -1.555236e+00 -1.033010e+01 -8.872216e+00 -3.238530e+00 3.689093e+00 -1.722300e+00 -3.729433e+00 3.025442e-01 -5.470771e-02 -7.135034e-01 1.396930e+00 2.365129e+00 -9.298399e-02 -1.545357e+00 3.436534e-01 3.341121e-01 -1.535377e+00 -1.768025e+00 -7.710814e-02 1.346109e+00 2.915558e-01 -9.503411e-03
<VARIANCE> 25
 8.262852e+00 1.865395e+01 2.747888e+01 2.622803e+01 2.700353e+01 3.055860e+01 4.252240e+01 3.805910e+01 3.986170e+01 3.063557e+01 3.126454e+01 2.247430e+01 3.533448e-01 9.230109e-01 2.264744e+00 1.291764e+00 2.019231e+00 1.985827e+00 3.914874e+00 2.382804e+00 2.259966e+00 3.851717e+00 1.844008e+00 2.084249e+00 4.998810e-04
<GCONST> 8.481615e+01
<MIXTURE> 22 8.827789e-03
<MEAN> 25
 -1.792251e+01 7.153641e+00 -4.122539e+00 7.380733e+00 4.602676e+00 2.767179e+00 8.395213e+00 1.749010e+00 5.375772e+00 3.300020e+00 5.711690e+00 1.185331e+00 -3.093161e-01 -2.077771e-01 -1.251275e-01 -1.483865e-01 -7.788206e-03 1.371016e-01 1.810392e-01 1.778172e-01 2.486483e-01 2.073013e-01 1.723741e-01 1.922082e-01 8.847886e-03
<VARIANCE> 25
 8.114663e+00 1.682127e+01 1.746011e+01 2.531208e+01 2.289943e+01 2.086736e+01 1.944400e+01 1.870494e+01 1.814444e+01 2.085686e+01 1.925645e+01 1.379376e+01 1.090314e+00 1.357305e+00 1.363546e+00 1.572206e+00 1.408312e+00 1.526914e+00 1.508366e+00 1.532269e+00 1.613742e+00 1.544242e+00 1.357913e+00 1.168656e+00 1.744310e-03
<GCONST> 7.831961e+01
<MIXTURE> 23 6.455497e-03
<MEAN> 25
 7.952330e+00 2.320828e+00 1.801932e+00 2.776927e+00 -3.707619e+00 -1.439382e+00 -1.584617e+00 -7.476058e+00 -4.274231e+00 -1.542952e+00 -3.932827e+00 -1.569456e+00 1.836649e-02 2.352769e-01 1.059604e-01 6.543987e-02 -7.302284e-02 -6.038016e-02 -1.866920e-01 -8.271138e-02 -1.128515e-01 9.977291e-02 1.357164e-01 8.119825e-02 -4.126653e-03
<VARIANCE> 25
 8.757627e+00 2.441487e+01 2.455800e+01 3.291010e+01 3.486349e+01 5.930840e+01 7.329334e+01 5.169847e+01 4.621904e+01 3.991943e+01 3.989712e+01 3.524299e+01 1.055328e-01 2.525124e-01 3.603381e-01 4.137551e-01 4.864341e-01 6.169132e-01 7.752270e-01 8.482361e-01 7.353387e-01 7.007583e-01 1.067500e+00 6.398402e-01 1.124771e-04
<GCONST> 7.136168e+01
<MIXTURE> 24 6.455497e-03
<MEAN> 25
 7.952330e+00 2.320828e+00 1.801932e+00 2.776927e+00 -3.707619e+00 -1.439382e+00 -1.584617e+00 -7.476058e+00 -4.274231e+00 -1.542952e+00 -3.932827e+00 -1.569456e+00 1.836649e-02 2.352769e-01 1.059604e-01 6.543987e-02 -7.302284e-02 -6.038016e-02 -1.866920e-01 -8.271138e-02 -1.128515e-01 9.977291e-02 1.357164e-01 8.119825e-02 -4.126653e-03
<VARIANCE> 25
 8.757627e+00 2.441487e+01 2.455800e+01 3.291010e+01 3.486349e+01 5.930840e+01 7.329334e+01 5.169847e+01 4.621904e+01 3.991943e+01 3.989712e+01 3.524299e+01 1.055328e-01 2.525124e-01 3.603381e-01 4.137551e-01 4.864341e-01 6.169132e-01 7.752270e-01 8.482361e-01 7.353387e-01 7.007583e-01 1.067500e+00 6.398402e-01 1.124771e-04
<GCONST> 7.136168e+01
<MIXTURE> 25 1.118642e-02
<MEAN> 25
 4.240223e-01 3.798449e+00 1.529944e+01 -4.740453e-01 -1.092746e+01 -2.378307e+00 -5.705626e+00 -3.348852e+00 -5.030738e+00 -6.584900e+00 3.422227e+00 -1.171247e+00 -2.402951e-01 3.811376e-01 2.661607e-01 1.009972e-01 2.682047e-01 5.569018e-02 3.297369e-01 1.023893e-01 -2.135787e-01 2.786622e-01 -8.478257e-02 -6.848791e-02 -1.231648e-02
<VARIANCE> 25
 7.314180e+00 1.800935e+01 2.373568e+01 2.405774e+01 2.630957e+01 3.527461e+01 2.639687e+01 2.534214e+01 3.367675e+01 3.615121e+01 1.953209e+01 2.700082e+01 5.914071e-01 1.227090e+00 1.467587e+00 1.244195e+00 2.085505e+00 1.894810e+00 1.649995e+00 1.867195e+00 1.253370e+00 1.578934e+00 1.237632e+00 1.232664e+00 1.202542e-03
<GCONST> 8.104881e+01
<MIXTURE> 26 7.727677e-03
<MEAN> 25
 2.307612e+00 -6.298877e+00 -1.034608e+01 -8.423700e-01 7.781985e+00 5.502533e+00 4.060771e+00 -3.449645e-01 2.224761e+00 -7.788619e-01 -2.779502e+00 -1.043626e+00 -6.478285e-01 6.309201e-01 3.891028e-01 7.114028e-01 2.123156e-01 2.557382e-01 3.255795e-01 3.243872e-01 2.806429e-01 6.175347e-02 3.389063e-01 4.268953e-01 -5.261451e-02
<VARIANCE> 25
 2.530005e+01 3.431003e+01 2.539649e+01 6.192861e+01 3.994981e+01 4.181628e+01 4.527341e+01 4.371864e+01 3.938971e+01 5.480856e+01 4.009365e+01 4.575494e+01 1.616341e+00 1.928884e+00 1.924693e+00 1.992120e+00 2.387102e+00 2.335174e+00 2.581811e+00 2.706948e+00 2.372187e+00 2.313532e+00 2.269598e+00 1.957835e+00 3.282274e-03
<GCONST> 9.389541e+01
<MIXTURE> 27 7.727677e-03
<MEAN> 25
 2.307612e+00 -6.298877e+00 -1.034608e+01 -8.423700e-01 7.781985e+00 5.502533e+00 4.060771e+00 -3.449645e-01 2.224761e+00 -7.788619e-01 -2.779502e+00 -1.043626e+00 -6.478285e-01 6.309201e-01 3.891028e-01 7.114028e-01 2.123156e-01 2.557382e-01 3.255795e-01 3.243872e-01 2.806429e-01 6.175347e-02 3.389063e-01 4.268953e-01 -5.261451e-02
<VARIANCE> 25
 2.530005e+01 3.431003e+01 2.539649e+01 6.192861e+01 3.994981e+01 4.181628e+01 4.527341e+01 4.371864e+01 3.938971e+01 5.480856e+01 4.009365e+01 4.575494e+01 1.616341e+00 1.928884e+00 1.924693e+00 1.992120e+00 2.387102e+00 2.335174e+00 2.581811e+00 2.706948e+00 2.372187e+00 2.313532e+00 2.269598e+00 1.957835e+00 3.282274e-03
<GCONST> 9.389541e+01
<MIXTURE> 28 5.036674e-03
<MEAN> 25
 -5.043362e+00 1.264376e-01 -1.483215e+00 6.626866e+00 5.295159e+00 3.331806e+00 5.365894e+00 3.466740e+00 4.025786e+00 2.340024e+00 2.151082e+00 3.000563e+00 -1.178371e-01 2.287748e-01 5.310845e-01 7.978725e-01 8.077539e-01 6.816168e-01 5.233992e-01 4.369401e-01 5.654460e-01 4.957139e-01 2.568915e-01 1.424924e-01 5.931947e-05
<VARIANCE> 25
 1.155086e+01 8.105224e+00 1.142952e+01 1.381614e+01 1.382412e+01 1.700028e+01 1.684946e+01 1.923230e+01 1.629622e+01 1.577815e+01 2.191323e+01 1.473166e+01 2.463711e-01 3.127967e-01 3.931918e-01 4.830704e-01 6.178196e-01 7.953057e-01 1.018648e+00 1.094762e+00 1.288639e+00 9.860376e-01 1.169183e+00 1.069049e+00 1.048397e-06
<GCONST> 5.998405e+01
<MIXTURE> 29 5.036674e-03
<MEAN> 25
 -5.043362e+00 1.264376e-01 -1.483215e+00 6.626866e+00 5.295159e+00 3.331806e+00 5.365894e+00 3.466740e+00 4.025786e+00 2.340024e+00 2.151082e+00 3.000563e+00 -1.178371e-01 2.287748e-01 5.310845e-01 7.978725e-01 8.077539e-01 6.816168e-01 5.233992e-01 4.369401e-01 5.654460e-01 4.957139e-01 2.568915e-01 1.424924e-01 5.931947e-05
<VARIANCE> 25
 1.155086e+01 8.105224e+00 1.142952e+01 1.381614e+01 1.382412e+01 1.700028e+01 1.684946e+01 1.923230e+01 1.629622e+01 1.577815e+01 2.191323e+01 1.473166e+01 2.463711e-01 3.127967e-01 3.931918e-01 4.830704e-01 6.178196e-01 7.953057e-01 1.018648e+00 1.094762e+00 1.288639e+00 9.860376e-01 1.169183e+00 1.069049e+00 1.048397e-06
<GCONST> 5.998405e+01
<MIXTURE> 30 8.917812e-03
<MEAN> 25
 -4.397262e+00 -2.842434e-01 4.963541e-01 8.852581e+00 7.780497e+00 7.342656e+00 7.538780e+00 6.982798e+00 6.556663e+00 4.795765e+00 6.682197e+00 3.428792e+00 -5.063514e-03 2.737304e-02 4.127315e-02 7.160434e-02 7.670225e-02 4.484946e-02 -1.719439e-02 1.534685e-02 2.764580e-02 5.601129e-02 6.520580e-02 8.005575e-02 -7.606199e-04
<VARIANCE> 25
 6.897491e+00 9.849014e+00 1.061739e+01 1.432248e+01 1.520516e+01 1.672402e+01 1.870555e+01 1.769084e+01 1.580531e+01 1.782509e+01 2.254074e+01 1.387207e+01 1.040381e-01 1.944248e-01 3.277240e-01 4.832148e-01 5.976646e-01 7.068748e-01 8.004627e-01 8.234344e-01 8.864630e-01 9.197203e-01 8.985665e-01 9.046894e-01 5.076065e-05
<GCONST> 6.059451e+01
<MIXTURE> 31 4.136493e-03
<MEAN> 25
 -3.289720e+00 -5.440866e+00 1.992114e-01 4.562662e+00 3.776196e+00 1.621767e+00 5.114857e+00 6.758372e+00 2.776353e+00 1.301765e+00 6.199723e+00 2.977352e+00 2.602060e-01 4.938861e-01 -2.515853e-01 2.692881e-01 1.252705e-01 3.838037e-01 1.679530e-01 -9.082193e-03 3.869424e-01 3.932177e-01 1.222046e-01 1.019833e-01 -1.835219e-02
<VARIANCE> 25
 6.943672e+00 1.558370e+01 1.838228e+01 2.026952e+01 2.422514e+01 2.305736e+01 2.313175e+01 2.450155e+01 2.528552e+01 2.709934e+01 2.138049e+01 1.890516e+01 1.877121e-01 4.970663e-01 6.583166e-01 8.300179e-01 9.407884e-01 1.083058e+00 1.185952e+00 1.402540e+00 1.333806e+00 1.312343e+00 1.218680e+00 1.150306e+00 2.578033e-04
<GCONST> 7.193413e+01
<MIXTURE> 32 4.136493e-03
<MEAN> 25
 -3.289720e+00 -5.440866e+00 1.992114e-01 4.562662e+00 3.776196e+00 1.621767e+00 5.114857e+00 6.758372e+00 2.776353e+00 1.301765e+00 6.199723e+00 2.977352e+00 2.602060e-01 4.938861e-01 -2.515853e-01 2.692881e-01 1.252705e-01 3.838037e-01 1.679530e-01 -9.082193e-03 3.869424e-01 3.932177e-01 1.222046e-01 1.019833e-01 -1.835219e-02
<VARIANCE> 25
 6.943672e+00 1.558370e+01 1.838228e+01 2.026952e+01 2.422514e+01 2.305736e+01 2.313175e+01 2.450155e+01 2.528552e+01 2.709934e+01 2.138049e+01 1.890516e+01 1.877121e-01 4.970663e-01 6.583166e-01 8.300179e-01 9.407884e-01 1.083058e+00 1.185952e+00 1.402540e+00 1.333806e+00 1.312343e+00 1.218680e+00 1.150306e+00 2.578033e-04
<GCONST> 7.193413e+01
<MIXTURE> 33 1.508826e-02
<MEAN> 25
 6.479525e+00 -3.857318e+00 -2.173311e+00 -2.506196e+00 -1.888747e+00 -5.469362e+00 -6.991679e+00 1.755589e+00 2.268034e+00 -4.996052e-01 -4.639365e+00 -2.853569e+00 6.355972e-01 -1.212167e+00 -2.442929e+00 -1.890570e+00 1.540579e+00 1.420176e+00 -8.025622e-01 6.163930e-01 9.790505e-01 6.052164e-01 -2.469958e-01 -1.298116e+00 3.897922e-02
<VARIANCE> 25
 1.017003e+01 2.160508e+01 2.881638e+01 3.667976e+01 3.976194e+01 4.435007e+01 4.500636e+01 4.603373e+01 3.961451e+01 4.414302e+01 3.449730e+01 2.866786e+01 1.139191e+00 1.993662e+00 2.192961e+00 2.170358e+00 4.533855e+00 3.398389e+00 4.322302e+00 5.539022e+00 3.802751e+00 4.359949e+00 3.403912e+00 2.580098e+00 1.566826e-03
<GCONST> 9.459012e+01
<MIXTURE> 34 1.588179e-02
<MEAN> 25
 9.001822e+00 -1.273044e+00 -1.156994e+00 1.152723e+00 -3.193211e+00 -1.416819e+00 -4.154728e+00 -4.307810e+00 -1.829897e+00 1.814073e-01 -2.802560e+00 -4.127042e+00 -1.523971e-01 1.363967e+00 1.545168e+00 2.309002e+00 7.743159e-02 -1.425895e-01 9.125276e-01 -1.525920e+00 -8.354625e-01 1.839724e-02 -9.215559e-01 3.313478e-01 -6.292655e-02
<VARIANCE> 25
 7.170718e+00 3.812874e+01 2.953891e+01 4.320781e+01 4.095966e+01 6.185623e+01 6.477456e+01 5.217293e+01 4.693932e+01 3.588245e+01 4.065242e+01 2.646209e+01 1.169964e+00 1.798068e+00 3.557704e+00 4.586860e+00 5.025198e+00 5.127645e+00 5.563318e+00 5.002904e+00 4.423913e+00 4.282131e+00 5.014312e+00 3.323850e+00 1.004900e-03
<GCONST> 9.804572e+01
<MIXTURE> 35 1.467755e-02
<MEAN> 25
 -9.539667e-01 -5.599860e+00 -9.580531e+00 -1.928586e+00 1.135673e+01 9.215831e-01 -9.822711e-01 1.628485e+00 -6.391968e-01 5.854270e+00 1.832845e+00 1.154277e+00 5.355107e-01 -1.606332e+00 -1.464474e+00 -1.507477e+00 4.705074e-01 -6.460172e-01 -1.137093e+00 -4.155914e-01 -8.899877e-01 7.126852e-01 2.814879e-01 -9.057105e-01 1.135809e-01
<VARIANCE> 25
 1.576437e+01 3.256196e+01 3.275540e+01 5.587116e+01 3.719611e+01 4.081114e+01 5.135793e+01 4.074705e+01 4.749915e+01 3.031856e+01 3.579780e+01 2.271350e+01 2.533768e+00 3.638399e+00 5.758678e+00 4.342060e+00 8.280070e+00 4.147704e+00 4.282762e+00 3.880550e+00 4.636055e+00 4.607492e+00 4.409524e+00 3.000664e+00 4.191784e-03
<GCONST> 1.006014e+02
<MIXTURE> 36 1.093293e-02
<MEAN> 25
 3.961863e+00 -1.885072e+00 5.248167e+00 4.525623e+00 -9.473353e+00 -1.087996e+01 -7.027352e+00 1.101286e+00 -1.588451e+00 -6.838091e+00 2.877834e+00 1.343251e+00 2.173309e-01 1.954014e-01 -9.234515e-01 -3.492614e-01 1.196256e+00 -4.371879e-02 -6.994990e-01 3.227452e-01 2.987393e-01 6.340654e-01 -6.244553e-01 -3.288187e-01 -1.942297e-02
<VARIANCE> 25
 7.640927e+00 1.496093e+01 2.141402e+01 2.347144e+01 2.309254e+01 2.618315e+01 3.484252e+01 2.283868e+01 2.725776e+01 2.435325e+01 2.047345e+01 3.036189e+01 3.938339e-01 5.050542e-01 1.030889e+00 1.288389e+00 1.242610e+00 2.070738e+00 2.512927e+00 1.314116e+00 1.374845e+00 1.478810e+00 1.596921e+00 1.550792e+00 6.479377e-04
<GCONST> 7.800330e+01
<MIXTURE> 37 1.246826e-02
<MEAN> 25
 5.383009e-01 7.739885e+00 1.199376e+01 -5.515412e+00 -7.999094e+00 -1.062367e+00 -5.067520e+00 -8.277149e+00 -3.684822e+00 -9.288858e-01 -3.650966e+00 -1.283682e+00 1.845550e-01 6.460059e-01 -1.356341e+00 3.575196e+00 1.980007e+00 -2.908155e-01 1.093897e+00 4.244120e-01 5.259587e-01 -3.191685e-01 5.265260e-01 -8.789472e-02 -9.461970e-02
<VARIANCE> 25
 1.584372e+01 2.599343e+01 3.139024e+01 5.093250e+01 3.394535e+01 3.195714e+01 4.384732e+01 3.515886e+01 3.846749e+01 3.590920e+01 3.757475e+01 3.073142e+01 2.944782e+00 3.394242e+00 3.008569e+00 4.099351e+00 4.600320e+00 3.743521e+00 4.189351e+00 3.822906e+00 3.429281e+00 3.607355e+00 3.865071e+00 2.796444e+00 3.920498e-03
<GCONST> 9.774495e+01
<MIXTURE> 38 1.154525e-02
<MEAN> 25
 -4.536469e+00 9.029482e+00 5.638400e+00 2.270736e+00 7.680435e-01 -4.812778e+00 -1.012026e+00 -2.277019e+00 -2.506490e+00 -2.872582e+00 -1.416773e+00 7.580265e-02 -4.377696e+00 1.054554e+00 -3.675434e-01 9.006159e-01 2.755021e+00 1.631569e+00 1.949562e+00 1.171640e+00 5.564801e-01 9.045880e-01 8.935218e-01 7.434563e-02 4.559858e-02
<VARIANCE> 25
 2.819595e+01 2.542844e+01 3.825992e+01 3.288867e+01 4.373484e+01 3.155883e+01 3.197767e+01 3.875927e+01 3.037181e+01 2.968270e+01 2.057289e+01 2.666718e+01 2.150475e+00 3.551282e+00 3.378893e+00 5.805175e+00 3.811376e+00 4.592418e+00 4.174099e+00 4.285255e+00 4.009489e+00 4.539718e+00 3.770569e+00 3.063949e+00 1.802561e-03
<GCONST> 9.690907e+01
<MIXTURE> 39 9.501865e-03
<MEAN> 25
 1.357326e+00 2.386227e+00 1.018650e+01 -8.880877e+00 -1.100334e+01 -1.327041e+00 -3.265852e+00 -6.407212e+00 -4.275717e+00 6.454956e-01 -3.646535e+00 -2.294396e+00 -7.461368e-01 1.514175e+00 1.619607e+00 -1.395423e+00 3.785386e-02 1.184647e+00 -1.229466e+00 -1.235845e+00 3.982854e-01 3.146314e-01 -4.050671e-01 1.456858e-01 2.717467e-03
<VARIANCE> 25
 8.618817e+00 3.082396e+01 3.059668e+01 3.921748e+01 3.730514e+01 4.338672e+01 4.497478e+01 3.274376e+01 3.900317e+01 3.305019e+01 3.466739e+01 2.914662e+01 6.715328e-01 1.488118e+00 1.484829e+00 2.820604e+00 2.399318e+00 2.733741e+00 3.007608e+00 2.678676e+00 2.345627e+00 3.150778e+00 2.249418e+00 2.018113e+00 1.186248e-03
<GCONST> 8.955805e+01
<MIXTURE> 40 1.030800e-02
<MEAN> 25
 -8.749582e+00 2.088701e+00 -1.059412e+00 7.825392e+00 3.962729e+00 5.309100e+00 5.320395e+00 4.430628e+00 4.947064e+00 3.902073e+00 5.118187e+00 1.834545e+00 -6.559635e-02 -1.977713e-01 -5.287409e-02 -2.233674e-01 -7.788844e-02 -1.220024e-01 3.229610e-02 1.141622e-02 -5.131727e-02 -2.135066e-02 1.333489e-01 1.039314e-01 3.721841e-03
<VARIANCE> 25
 4.477209e+01 1.937157e+01 2.803208e+01 2.715317e+01 2.513579e+01 1.836432e+01 1.817778e+01 1.823053e+01 1.864902e+01 1.859993e+01 2.114277e+01 1.458594e+01 7.911459e-01 7.403800e-01 8.299115e-01 1.146098e+00 1.091793e+00 1.174799e+00 1.254143e+00 1.263356e+00 1.198560e+00 1.161730e+00 1.161876e+00 1.124245e+00 8.221287e-04
<GCONST> 7.648425e+01
<MIXTURE> 41 6.713375e-03
<MEAN> 25
 1.308217e+00 1.782836e+00 1.047418e+01 -6.944754e+00 -1.045624e+01 -3.865272e+00 -2.495186e+00 -5.033850e+00 -4.641739e+00 2.642672e+00 -1.747606e+00 -9.466475e-01 7.550517e-02 -7.567327e-01 1.699440e+00 -3.553444e+00 -2.458807e+00 -1.129549e-01 -5.094433e-01 -3.577347e-01 -8.261244e-01 1.079458e+00 -1.041254e+00 8.397681e-02 8.621031e-02
<VARIANCE> 25
 1.167684e+01 2.965089e+01 3.254787e+01 4.009634e+01 3.872057e+01 4.009782e+01 3.712442e+01 2.984841e+01 3.309078e+01 2.891632e+01 3.178221e+01 2.720818e+01 3.173290e+00 3.310308e+00 3.821433e+00 3.802861e+00 4.900650e+00 5.860985e+00 4.710182e+00 4.550253e+00 3.966447e+00 4.244083e+00 3.837663e+00 3.216896e+00 2.928268e-03
<GCONST> 9.790633e+01
<MIXTURE> 42 1.106211e-02
<MEAN> 25
 -2.270356e+00 4.497223e+00 5.090823e+00 2.938243e+00 -7.021749e-01 -6.347633e+00 -8.095247e-01 -2.106792e+00 -2.145458e+00 -1.764330e+00 -2.322124e+00 1.493487e+00 4.241383e+00 -4.885423e-01 1.269684e+00 4.186153e-01 -2.941736e+00 -1.643220e+00 -2.132861e+00 -7.875460e-01 -1.006250e+00 -9.764252e-01 4.237481e-01 -8.874147e-01 1.019973e-02
<VARIANCE> 25
 3.492982e+01 1.925724e+01 4.358113e+01 2.363348e+01 4.215892e+01 3.735355e+01 3.347267e+01 2.511146e+01 3.030771e+01 2.675736e+01 1.791075e+01 1.643048e+01 3.627980e+00 4.571031e+00 6.342699e+00 4.709979e+00 4.143041e+00 7.448368e+00 4.626532e+00 4.718021e+00 4.852045e+00 4.739069e+00 3.916322e+00 3.235196e+00 4.050411e-03
<GCONST> 9.875769e+01
<MIXTURE> 43 7.108249e-03
<MEAN> 25
 3.169086e+00 -6.308818e+00 -2.248966e+00 -5.179625e+00 -7.397696e+00 -3.406651e+00 4.136343e+00 1.310005e+00 -5.058968e+00 -7.088185e+00 -4.324302e+00 -1.249398e+00 2.368336e-01 2.164964e+00 1.912360e+00 -1.333525e-01 -1.427492e+00 -7.943481e-01 -9.682023e-01 -7.785633e-01 8.211626e-01 1.468200e+00 3.419195e-01 2.057705e-02 -4.511945e-02
<VARIANCE> 25
 9.636517e+00 1.973316e+01 2.736183e+01 3.526431e+01 3.843901e+01 3.669311e+01 3.328475e+01 3.980438e+01 3.966525e+01 3.865516e+01 2.651668e+01 2.953552e+01 6.910800e-01 1.249867e+00 1.573067e+00 2.496066e+00 2.382759e+00 2.383041e+00 2.658599e+00 3.024993e+00 2.604244e+00 2.577708e+00 2.334532e+00 1.918668e+00 9.441338e-04
<GCONST> 8.798694e+01
<MIXTURE> 44 7.328289e-03
<MEAN> 25
 -1.661943e+01 3.306442e+00 5.501601e+00 -4.949640e+00 3.880904e+00 5.555822e+00 2.092819e-01 2.480333e+00 4.725896e-01 -1.824910e-01 6.570278e-01 9.110814e-01 -2.306191e-01 -5.950148e-02 4.124615e-02 3.055839e-01 -4.141407e-01 2.056572e-01 4.249499e-01 -2.347987e-01 4.011450e-01 2.807815e-01 2.186695e-01 3.018602e-01 1.523185e-03
<VARIANCE> 25
 3.315002e+01 2.090554e+01 2.100235e+01 1.877534e+01 2.219732e+01 2.766409e+01 1.659889e+01 2.190067e+01 2.241335e+01 1.917628e+01 1.824456e+01 1.954989e+01 8.563036e-01 1.223589e+00 1.371946e+00 1.216245e+00 1.604503e+00 1.268248e+00 1.232494e+00 1.455628e+00 1.202100e+00 1.620301e+00 1.164842e+00 1.580996e+00 8.424135e-04
<GCONST> 7.877296e+01
<MIXTURE> 45 1.364932e-02
<MEAN> 25
 -1.256107e+01 3.700871e+00 -8.370719e-02 1.917213e+00 5.968537e+00 9.277716e-01 4.736237e+00 3.164759e+00 2.946171e+00 2.206300e+00 1.943951e+00 2.694351e+00 -2.971510e+00 4.937653e-01 -6.251176e-01 -6.136782e-01 3.833362e-01 1.347806e-01 4.549915e-01 6.927292e-02 -1.221247e-01 1.387160e-02 2.505075e-01 -6.252711e-03 1.133477e-01
<VARIANCE> 25
 3.080229e+01 2.802716e+01 3.901507e+01 3.850957e+01 2.885244e+01 3.258570e+01 2.748233e+01 2.503943e+01 2.363078e+01 2.111912e+01 2.671606e+01 1.427664e+01 2.234709e+00 2.844278e+00 2.738841e+00 2.475614e+00 2.581676e+00 2.590075e+00 2.085883e+00 2.054641e+00 1.956791e+00 1.978405e+00 1.781309e+00 1.561212e+00 3.947407e-03
<GCONST> 8.951979e+01
<MIXTURE> 46 9.336259e-03
<MEAN> 25
 -9.427533e+00 2.302107e+00 1.209894e+00 7.483186e+00 5.922211e+00 3.338766e+00 7.040863e+00 4.495717e+00 5.692912e+00 4.687647e+00 5.014304e+00 2.910087e+00 1.058982e+00 -2.341266e-01 2.562048e-02 1.004612e+00 6.008294e-01 9.325827e-01 3.844654e-01 6.597090e-01 4.810397e-01 5.035815e-01 6.372405e-01 5.212284e-01 -1.053338e-01
<VARIANCE> 25
 3.434966e+01 4.359866e+01 3.836830e+01 5.095245e+01 5.063266e+01 4.059175e+01 3.698340e+01 3.520047e+01 3.303491e+01 3.082463e+01 2.819960e+01 2.019008e+01 3.891570e+00 4.127012e+00 3.905470e+00 4.126474e+00 4.158525e+00 3.696522e+00 3.365366e+00 3.141576e+00 2.983592e+00 2.857169e+00 2.300136e+00 1.777774e+00 7.930465e-03
<GCONST> 9.826797e+01
<MIXTURE> 47 7.116147e-03
<MEAN> 25
 7.470540e+00 -7.704120e+00 -8.003386e+00 -6.536253e+00 8.661695e-01 1.256384e+00 -2.439760e+00 8.537562e-01 2.468616e+00 1.260150e+00 -3.072424e+00 -6.618760e+00 -7.670936e-02 -1.226341e+00 -7.536091e-01 -2.962641e-01 4.604943e-01 7.876555e-01 8.525064e-01 2.835840e-01 1.220095e-01 -9.458680e-01 -4.273246e-01 -3.692680e-01 3.145688e-02
<VARIANCE> 25
 9.617758e+00 2.519613e+01 1.897449e+01 2.884424e+01 3.419632e+01 4.773787e+01 4.043469e+01 3.733582e+01 4.028228e+01 4.747645e+01 4.901185e+01 2.999578e+01 5.883027e-01 7.521626e-01 1.178997e+00 1.715435e+00 2.745826e+00 2.494724e+00 2.036748e+00 2.210691e+00 2.099903e+00 1.984905e+00 2.047658e+00 1.785405e+00 5.463444e-04
<GCONST> 8.583846e+01
<MIXTURE> 48 7.116147e-03
<MEAN> 25
 7.470540e+00 -7.704120e+00 -8.003386e+00 -6.536253e+00 8.661695e-01 1.256384e+00 -2.439760e+00 8.537562e-01 2.468616e+00 1.260150e+00 -3.072424e+00 -6.618760e+00 -7.670936e-02 -1.226341e+00 -7.536091e-01 -2.962641e-01 4.604943e-01 7.876555e-01 8.525064e-01 2.835840e-01 1.220095e-01 -9.458680e-01 -4.273246e-01 -3.692680e-01 3.145688e-02
<VARIANCE> 25
 9.617758e+00 2.519613e+01 1.897449e+01 2.884424e+01 3.419632e+01 4.773787e+01 4.043469e+01 3.733582e+01 4.028228e+01 4.747645e+01 4.901185e+01 2.999578e+01 5.883027e-01 7.521626e-01 1.178997e+00 1.715435e+00 2.745826e+00 2.494724e+00 2.036748e+00 2.210691e+00 2.099903e+00 1.984905e+00 2.047658e+00 1.785405e+00 5.463444e-04
<GCONST> 8.583846e+01
<MIXTURE> 49 5.548473e-03
<MEAN> 25
 -5.041722e+00 3.091017e-01 1.604109e-01 8.377337e+00 6.141068e+00 5.553646e+00 6.022315e+00 4.565162e+00 5.075627e+00 3.721633e+00 4.889937e+00 2.864916e+00 3.664868e-01 6.496885e-01 6.934863e-01 3.531967e-01 -1.941800e-01 -6.690042e-01 -1.008448e+00 -1.113503e+00 -9.546453e-01 -6.776847e-01 -4.860764e-01 -2.657709e-01 3.713376e-05
<VARIANCE> 25
 9.609523e+00 1.009948e+01 1.407227e+01 1.604944e+01 1.568229e+01 1.719449e+01 1.933652e+01 1.960652e+01 1.829291e+01 1.780542e+01 2.049504e+01 1.408975e+01 2.771860e-01 2.633432e-01 3.639750e-01 6.087950e-01 8.618724e-01 9.636676e-01 9.897895e-01 1.044783e+00 1.123558e+00 1.204000e+00 1.273005e+00 1.198641e+00 1.455675e-05
<GCONST> 6.423950e+01
<MIXTURE> 50 6.234641e-03
<MEAN> 25
 -4.596732e+00 1.202578e-01 -1.443662e+00 6.166007e+00 4.230274e+00 2.259391e+00 3.709132e+00 2.038570e+00 2.818230e+00 1.410499e+00 2.066403e+00 2.833435e+00 4.978318e-02 1.795011e-01 9.590194e-02 -1.811202e-01 -5.053287e-01 -6.042082e-01 -4.113321e-01 -4.857265e-02 4.442931e-01 7.696736e-01 7.244678e-01 4.410718e-01 -1.773058e-05
<VARIANCE> 25
 1.064288e+01 1.104175e+01 1.412679e+01 1.528549e+01 1.513609e+01 1.848911e+01 1.828397e+01 1.947100e+01 1.843188e+01 1.743179e+01 2.184114e+01 1.504353e+01 1.508938e-01 2.364628e-01 3.770255e-01 5.154346e-01 6.032988e-01 7.312552e-01 9.691727e-01 1.109508e+00 1.055962e+00 9.071090e-01 9.221140e-01 1.001519e+00 1.032160e-06
<GCONST> 5.954128e+01
<MIXTURE> 51 6.234641e-03
<MEAN> 25
 -4.596732e+00 1.202578e-01 -1.443662e+00 6.166007e+00 4.230274e+00 2.259391e+00 3.709132e+00 2.038570e+00 2.818230e+00 1.410499e+00 2.066403e+00 2.833435e+00 4.978318e-02 1.795011e-01 9.590194e-02 -1.811202e-01 -5.053287e-01 -6.042082e-01 -4.113321e-01 -4.857265e-02 4.442931e-01 7.696736e-01 7.244678e-01 4.410718e-01 -1.773058e-05
<VARIANCE> 25
 1.064288e+01 1.104175e+01 1.412679e+01 1.528549e+01 1.513609e+01 1.848911e+01 1.828397e+01 1.947100e+01 1.843188e+01 1.743179e+01 2.184114e+01 1.504353e+01 1.508938e-01 2.364628e-01 3.770255e-01 5.154346e-01 6.032988e-01 7.312552e-01 9.691727e-01 1.109508e+00 1.055962e+00 9.071090e-01 9.221140e-01 1.001519e+00 1.032160e-06
<GCONST> 5.954128e+01
<MIXTURE> 52 6.367945e-03
<MEAN> 25
 9.934602e+00 1.959755e+00 -6.312372e+00 -1.406925e+01 -3.992544e+00 8.376530e+00 -2.587773e+00 -3.056818e+00 -4.242330e+00 -1.616739e+00 3.339791e+00 5.780343e-01 -3.947675e-01 -4.609889e-01 -4.216705e-02 1.073218e+00 1.406826e+00 -4.609935e-01 -6.323242e-01 -5.988167e-01 -3.657962e-02 1.212745e+00 4.252698e-01 -5.290921e-01 -1.330032e-02
<VARIANCE> 25
 9.852385e+00 2.069073e+01 2.521242e+01 3.843927e+01 4.594566e+01 3.025725e+01 4.568149e+01 4.746701e+01 4.336879e+01 5.025370e+01 3.940754e+01 2.969696e+01 4.386345e-01 1.492063e+00 1.282424e+00 2.761330e+00 2.492974e+00 2.136612e+00 2.972692e+00 2.775488e+00 3.059230e+00 2.608210e+00 2.502064e+00 2.195192e+00 1.590846e-03
<GCONST> 8.977174e+01
<MIXTURE> 53 6.367945e-03
<MEAN> 25
 9.934602e+00 1.959755e+00 -6.312372e+00 -1.406925e+01 -3.992544e+00 8.376530e+00 -2.587773e+00 -3.056818e+00 -4.242330e+00 -1.616739e+00 3.339791e+00 5.780343e-01 -3.947675e-01 -4.609889e-01 -4.216705e-02 1.073218e+00 1.406826e+00 -4.609935e-01 -6.323242e-01 -5.988167e-01 -3.657962e-02 1.212745e+00 4.252698e-01 -5.290921e-01 -1.330032e-02
<VARIANCE> 25
 9.852385e+00 2.069073e+01 2.521242e+01 3.843927e+01 4.594566e+01 3.025725e+01 4.568149e+01 4.746701e+01 4.336879e+01 5.025370e+01 3.940754e+01 2.969696e+01 4.386345e-01 1.492063e+00 1.282424e+00 2.761330e+00 2.492974e+00 2.136612e+00 2.972692e+00 2.775488e+00 3.059230e+00 2.608210e+00 2.502064e+00 2.195192e+00 1.590846e-03
<GCONST> 8.977174e+01
<MIXTURE> 54 7.368620e-03
<MEAN> 25
 -3.557167e+00 5.304443e-02 -6.581305e-01 7.967723e+00 6.461439e+00 4.542486e+00 4.638505e+00 4.649764e+00 4.112508e+00 3.603971e+00 4.245638e+00 2.281166e+00 -2.845037e-03 3.736256e-02 3.936998e-02 4.178939e-02 5.054405e-02 4.495101e-02 8.449766e-02 5.087930e-02 3.746935e-02 1.933855e-02 1.105027e-02 2.514996e-02 -8.217749e-06
<VARIANCE> 25
 9.062346e+00 1.014469e+01 9.096273e+00 1.788017e+01 1.296358e+01 1.367138e+01 1.173174e+01 1.151916e+01 1.145361e+01 1.339395e+01 1.871118e+01 1.246400e+01 3.990676e-02 8.918666e-02 1.600864e-01 2.256709e-01 3.125509e-01 3.859738e-01 5.344125e-01 5.370986e-01 5.288293e-01 5.294273e-01 5.129615e-01 5.532382e-01 1.036534e-06
<GCONST> 4.749412e+01
<MIXTURE> 55 7.368620e-03
<MEAN> 25
 -3.557167e+00 5.304443e-02 -6.581305e-01 7.967723e+00 6.461439e+00 4.542486e+00 4.638505e+00 4.649764e+00 4.112508e+00 3.603971e+00 4.245638e+00 2.281166e+00 -2.845037e-03 3.736256e-02 3.936998e-02 4.178939e-02 5.054405e-02 4.495101e-02 8.449766e-02 5.087930e-02 3.746935e-02 1.933855e-02 1.105027e-02 2.514996e-02 -8.217749e-06
<VARIANCE> 25
 9.062346e+00 1.014469e+01 9.096273e+00 1.788017e+01 1.296358e+01 1.367138e+01 1.173174e+01 1.151916e+01 1.145361e+01 1.339395e+01 1.871118e+01 1.246400e+01 3.990676e-02 8.918666e-02 1.600864e-01 2.256709e-01 3.125509e-01 3.859738e-01 5.344125e-01 5.370986e-01 5.288293e-01 5.294273e-01 5.129615e-01 5.532382e-01 1.036534e-06
<GCONST> 4.749412e+01
<MIXTURE> 56 6.132464e-03
<MEAN> 25
 7.657183e+00 -6.863246e+00 -9.465037e+00 -8.522278e+00 3.595402e+00 4.220311e+00 -2.011672e+00 -1.704070e+00 1.559624e+00 9.984382e-01 -2.029871e+00 -7.104775e+00 1.192766e-02 7.621841e-02 -1.086535e-01 1.423248e-02 2.549284e-01 1.297085e-01 1.840466e-01 -1.810516e-01 -8.993214e-02 -8.077204e-02 -1.313601e-02 1.781487e-02 -6.806285e-03
<VARIANCE> 25
 8.863717e+00 2.202312e+01 2.036831e+01 3.965454e+01 3.298951e+01 4.909015e+01 5.900685e+01 3.560136e+01 3.906495e+01 3.734121e+01 4.087011e+01 2.937808e+01 2.059974e-01 4.491002e-01 4.622196e-01 7.349725e-01 7.741753e-01 1.135039e+00 9.738251e-01 9.331777e-01 9.101627e-01 9.771106e-01 1.066692e+00 7.538353e-01 2.470196e-04
<GCONST> 7.500466e+01
<MIXTURE> 57 6.132464e-03
<MEAN> 25
 7.657183e+00 -6.863246e+00 -9.465037e+00 -8.522278e+00 3.595402e+00 4.220311e+00 -2.011672e+00 -1.704070e+00 1.559624e+00 9.984382e-01 -2.029871e+00 -7.104775e+00 1.192766e-02 7.621841e-02 -1.086535e-01 1.423248e-02 2.549284e-01 1.297085e-01 1.840466e-01 -1.810516e-01 -8.993214e-02 -8.077204e-02 -1.313601e-02 1.781487e-02 -6.806285e-03
<VARIANCE> 25
 8.863717e+00 2.202312e+01 2.036831e+01 3.965454e+01 3.298951e+01 4.909015e+01 5.900685e+01 3.560136e+01 3.906495e+01 3.734121e+01 4.087011e+01 2.937808e+01 2.059974e-01 4.491002e-01 4.622196e-01 7.349725e-01 7.741753e-01 1.135039e+00 9.738251e-01 9.331777e-01 9.101627e-01 9.771106e-01 1.066692e+00 7.538353e-01 2.470196e-04
<GCONST> 7.500466e+01
<MIXTURE> 58 6.172147e-03
<MEAN> 25
 2.227769e+00 -2.373591e+00 7.000919e+00 -4.210024e+00 -1.299963e+01 -5.118172e+00 1.509970e+00 6.004139e-01 -1.873052e+00 1.474762e+00 1.030272e-01 -7.969612e-01 -7.994170e-02 -2.132551e-01 4.407449e-02 -1.410314e-01 2.417931e-02 4.062831e-01 4.673179e-01 2.782837e-01 1.418332e-03 1.141948e-01 -9.921621e-02 -1.840538e-01 -1.718609e-03
<VARIANCE> 25
 7.242019e+00 1.633995e+01 1.831185e+01 3.096896e+01 2.268414e+01 4.535793e+01 2.978872e+01 3.290455e+01 2.957355e+01 2.880466e+01 2.150307e+01 1.821468e+01 3.048637e-01 7.546983e-01 7.536947e-01 9.232183e-01 1.001267e+00 1.335987e+00 1.073887e+00 1.284437e+00 1.038282e+00 1.150688e+00 8.556465e-01 8.130667e-01 6.430683e-04
<GCONST> 7.484920e+01
<MIXTURE> 59 6.172147e-03
<MEAN> 25
 2.227769e+00 -2.373591e+00 7.000919e+00 -4.210024e+00 -1.299963e+01 -5.118172e+00 1.509970e+00 6.004139e-01 -1.873052e+00 1.474762e+00 1.030272e-01 -7.969612e-01 -7.994170e-02 -2.132551e-01 4.407449e-02 -1.410314e-01 2.417931e-02 4.062831e-01 4.673179e-01 2.782837e-01 1.418332e-03 1.141948e-01 -9.921621e-02 -1.840538e-01 -1.718609e-03
<VARIANCE> 25
 7.242019e+00 1.633995e+01 1.831185e+01 3.096896e+01 2.268414e+01 4.535793e+01 2.978872e+01 3.290455e+01 2.957355e+01 2.880466e+01 2.150307e+01 1.821468e+01 3.048637e-01 7.546983e-01 7.536947e-01 9.232183e-01 1.001267e+00 1.335987e+00 1.073887e+00 1.284437e+00 1.038282e+00 1.150688e+00 8.556465e-01 8.130667e-01 6.430683e-04
<GCONST> 7.484920e+01
<MIXTURE> 60 4.479129e-03
<MEAN> 25
 -4.072493e+00 -7.579113e-01 -1.169220e+00 3.761133e+00 1.990581e+00 1.915334e+00 1.737948e+00 1.685498e+00 2.191917e+00 1.260573e+00 2.056374e+00 1.763784e+00 -2.614963e-02 7.381971e-02 9.204034e-02 1.413831e-01 1.633261e-01 1.675513e-01 2.214264e-01 3.468350e-01 5.408707e-01 6.708440e-01 5.271823e-01 2.675801e-01 -7.157822e-04
<VARIANCE> 25
 6.983037e+00 4.746827e+00 9.970329e+00 1.085057e+01 1.393981e+01 1.702623e+01 1.330748e+01 1.193169e+01 1.216347e+01 1.358301e+01 1.619503e+01 1.235860e+01 8.331230e-02 1.685063e-01 3.205042e-01 4.292439e-01 6.001559e-01 7.373912e-01 8.234500e-01 8.992824e-01 9.044532e-01 8.070769e-01 8.231339e-01 9.004582e-01 2.333586e-05
<GCONST> 5.643015e+01
<MIXTURE> 61 4.479129e-03
<MEAN> 25
 -4.072493e+00 -7.579113e-01 -1.169220e+00 3.761133e+00 1.990581e+00 1.915334e+00 1.737948e+00 1.685498e+00 2.191917e+00 1.260573e+00 2.056374e+00 1.763784e+00 -2.614963e-02 7.381971e-02 9.204034e-02 1.413831e-01 1.633261e-01 1.675513e-01 2.214264e-01 3.468350e-01 5.408707e-01 6.708440e-01 5.271823e-01 2.675801e-01 -7.157822e-04
<VARIANCE> 25
 6.983037e+00 4.746827e+00 9.970329e+00 1.085057e+01 1.393981e+01 1.702623e+01 1.330748e+01 1.193169e+01 1.216347e+01 1.358301e+01 1.619503e+01 1.235860e+01 8.331230e-02 1.685063e-01 3.205042e-01 4.292439e-01 6.001559e-01 7.373912e-01 8.234500e-01 8.992824e-01 9.044532e-01 8.070769e-01 8.231339e-01 9.004582e-01 2.333586e-05
<GCONST> 5.643015e+01
<MIXTURE> 62 3.278034e-03
<MEAN> 25
 -5.066761e+00 1.217897e+00 1.034268e+00 8.785534e+00 6.097346e+00 5.019836e+00 5.493358e+00 4.064668e+00 5.006877e+00 3.897288e+00 4.895581e+00 2.926856e+00 -9.988295e-01 -1.158057e+00 -9.469414e-01 -2.846902e-01 4.320426e-01 1.000654e+00 1.374430e+00 1.550679e+00 1.474767e+00 1.238521e+00 1.067328e+00 7.303966e-01 -1.276205e-03
<VARIANCE> 25
 9.869060e+00 9.979436e+00 1.318037e+01 1.675726e+01 1.743597e+01 1.751675e+01 1.955821e+01 1.919316e+01 1.879522e+01 1.865741e+01 2.207483e+01 1.474886e+01 4.047585e-01 4.398411e-01 5.568768e-01 7.876126e-01 1.036847e+00 1.190153e+00 1.256605e+00 1.278367e+00 1.337136e+00 1.378300e+00 1.395745e+00 1.367788e+00 1.627278e-05
<GCONST> 6.759579e+01
<MIXTURE> 63 4.351215e-03
<MEAN> 25
 -3.459665e+00 -1.603700e+00 -4.124511e+00 2.728670e+00 3.270035e+00 -4.663779e-01 2.684356e+00 1.818072e+00 2.910678e+00 -5.725482e-01 -1.346735e+00 2.215643e+00 -2.850796e-02 3.858531e-01 3.071073e-01 4.776208e-01 3.692327e-01 3.861908e-01 4.084297e-01 1.061663e-01 1.485133e-01 2.247330e-01 2.049338e-01 1.521606e-01 -1.451552e-03
<VARIANCE> 25
 8.554906e+00 1.460120e+01 1.509515e+01 1.398633e+01 1.620540e+01 2.144397e+01 1.876968e+01 2.052901e+01 2.161119e+01 1.838765e+01 1.667544e+01 1.422291e+01 2.737692e-01 3.917344e-01 6.488624e-01 7.480779e-01 8.150840e-01 9.813437e-01 1.111144e+00 1.208064e+00 1.327121e+00 1.247324e+00 1.154069e+00 1.166141e+00 2.282495e-04
<GCONST> 6.891717e+01
<MIXTURE> 64 4.351215e-03
<MEAN> 25
 -3.459665e+00 -1.603700e+00 -4.124511e+00 2.728670e+00 3.270035e+00 -4.663779e-01 2.684356e+00 1.818072e+00 2.910678e+00 -5.725482e-01 -1.346735e+00 2.215643e+00 -2.850796e-02 3.858531e-01 3.071073e-01 4.776208e-01 3.692327e-01 3.861908e-01 4.084297e-01 1.061663e-01 1.485133e-01 2.247330e-01 2.049338e-01 1.521606e-01 -1.451552e-03
<VARIANCE> 25
 8.554906e+00 1.460120e+01 1.509515e+01 1.398633e+01 1.620540e+01 2.144397e+01 1.876968e+01 2.052901e+01 2.161119e+01 1.838765e+01 1.667544e+01 1.422291e+01 2.737692e-01 3.917344e-01 6.488624e-01 7.480779e-01 8.150840e-01 9.813437e-01 1.111144e+00 1.208064e+00 1.327121e+00 1.247324e+00 1.154069e+00 1.166141e+00 2.282495e-04
<GCONST> 6.891717e+01
<MIXTURE> 65 1.721197e-02
<MEAN> 25
 7.329348e+00 2.309972e+00 1.857187e+00 8.767667e-01 -5.312458e+00 -4.032988e+00 -5.963108e+00 -6.973183e+00 -3.213337e+00 -3.349548e+00 -4.594221e+00 -2.032560e+00 7.134528e-02 2.879465e-01 4.659962e-02 1.863832e-01 -2.114581e-01 4.179877e-01 -1.218017e-01 -2.923957e-01 2.227148e-01 -4.021301e-02 1.779662e-02 -9.251574e-02 -7.490316e-03
<VARIANCE> 25
 1.104731e+01 1.751397e+01 2.290853e+01 3.082300e+01 3.571009e+01 5.673526e+01 6.637820e+01 5.276785e+01 5.605679e+01 5.876915e+01 5.122764e+01 4.397102e+01 5.189570e-01 1.034466e+00 1.528240e+00 1.817719e+00 1.816200e+00 2.218220e+00 2.262690e+00 3.032113e+00 2.299760e+00 2.483448e+00 2.167580e+00 1.861372e+00 4.428788e-04
<GCONST> 8.850085e+01
<MIXTURE> 66 1.191532e-02
<MEAN> 25
 6.991460e+00 -4.880277e+00 -5.781919e+00 -4.451782e+00 2.362085e-01 -5.068379e+00 -6.196608e+00 1.253297e+00 6.929458e-01 -1.661273e+00 -5.643202e+00 -3.612874e+00 -4.436975e-02 1.664233e+00 2.126723e+00 2.396151e+00 -1.206991e+00 -1.293018e+00 3.102222e-01 -5.827994e-01 -6.933801e-02 -2.308080e-01 -5.148121e-01 1.068981e+00 -6.405818e-02
<VARIANCE> 25
 9.409924e+00 3.222295e+01 2.492248e+01 3.256028e+01 4.713592e+01 5.436864e+01 5.646836e+01 4.360303e+01 4.971174e+01 6.254453e+01 3.593845e+01 3.329384e+01 1.186739e+00 2.300612e+00 2.258753e+00 2.439862e+00 4.066427e+00 4.308935e+00 4.551104e+00 4.441529e+00 4.078920e+00 4.546071e+00 4.347913e+00 2.997161e+00 1.387986e-03
<GCONST> 9.663569e+01
<MIXTURE> 67 1.559142e-02
<MEAN> 25
 8.531440e+00 8.161733e-01 -7.406024e+00 -8.956529e+00 1.130922e-01 3.103451e+00 -2.862747e+00 -2.460661e+00 -4.265428e+00 3.972733e+00 1.655537e+00 -2.667029e+00 -9.097560e-01 1.809394e+00 1.228586e+00 2.540612e+00 1.236423e+00 -4.221918e-01 1.425410e+00 3.607266e-01 7.661731e-01 -1.518157e-01 -9.592876e-01 7.137681e-01 -1.244461e-01
<VARIANCE> 25
 9.883550e+00 3.113882e+01 2.533718e+01 4.373829e+01 3.687701e+01 4.345663e+01 5.434515e+01 4.150968e+01 5.438600e+01 6.401944e+01 5.262378e+01 3.528077e+01 1.578328e+00 2.464785e+00 2.382711e+00 3.793363e+00 3.190021e+00 3.417766e+00 3.737524e+00 4.089674e+00 6.037150e+00 3.733463e+00 4.503485e+00 2.676325e+00 2.431154e-03
<GCONST> 9.773023e+01
<MIXTURE> 68 1.485092e-02
<MEAN> 25
 -1.925953e+00 -2.310272e+00 -4.155468e+00 1.148992e+00 5.344598e+00 -6.612934e-01 2.019713e+00 1.797035e+00 1.883286e+00 1.751667e+00 5.807506e-01 1.831856e+00 2.750542e+00 5.362784e-01 1.935122e-02 -2.548257e+00 -2.443135e+00 -1.568666e+00 -2.309456e+00 -1.766534e+00 -1.626216e+00 -1.466237e+00 -1.958315e+00 -1.068528e+00 1.027375e-01
<VARIANCE> 25
 2.612565e+01 3.227319e+01 5.830009e+01 5.282869e+01 4.689854e+01 5.424686e+01 4.573361e+01 4.176027e+01 4.092875e+01 4.462132e+01 3.765139e+01 2.583121e+01 1.856559e+00 3.790451e+00 5.854228e+00 5.855029e+00 4.745859e+00 5.573568e+00 5.839779e+00 4.941106e+00 4.956527e+00 5.210979e+00 5.037834e+00 3.383194e+00 6.105124e-03
<GCONST> 1.036149e+02
<MIXTURE> 69 1.204884e-02
<MEAN> 25
 4.704627e+00 -4.314560e+00 -3.601025e+00 -3.654741e+00 -3.509604e+00 -7.783732e+00 -1.120884e+00 2.221068e+00 -3.563308e-01 -4.622792e+00 -5.565988e+00 8.684705e-01 1.673003e+00 -2.258647e+00 -1.325810e+00 -2.197055e+00 -5.585493e-01 -3.493422e-01 -4.651222e-01 6.167418e-01 -6.154611e-01 -1.471059e+00 -2.183110e+00 -1.847090e-01 6.287287e-02
<VARIANCE> 25
 8.903968e+00 2.266471e+01 2.667293e+01 2.597972e+01 4.223425e+01 3.586164e+01 4.845728e+01 3.121041e+01 3.928742e+01 3.880530e+01 3.195984e+01 2.517880e+01 3.509358e+00 2.944504e+00 3.327110e+00 3.871352e+00 5.977816e+00 4.965440e+00 7.060313e+00 6.017113e+00 5.902710e+00 5.870142e+00 4.350379e+00 3.670561e+00 2.427347e-03
<GCONST> 9.878516e+01
<MIXTURE> 70 1.329190e-02
<MEAN> 25
 7.153753e+00 -3.769191e+00 -5.124398e+00 -5.180439e+00 -1.093282e-01 3.675708e-01 -6.528939e+00 -3.361530e+00 -7.052141e-01 5.232571e+00 1.990029e+00 -5.265233e+00 1.753975e+00 -1.575293e+00 -8.518522e-01 -1.599390e+00 -2.491301e+00 6.692464e-01 -7.870859e-01 5.987762e-02 6.311160e-01 -1.450670e-01 4.220202e-01 -1.288224e+00 6.769411e-02
<VARIANCE> 25
 7.563117e+00 2.397091e+01 2.238918e+01 3.414995e+01 3.790100e+01 3.400388e+01 3.421781e+01 3.268714e+01 3.291248e+01 2.778919e+01 3.395538e+01 1.889826e+01 2.466128e+00 4.137122e+00 4.266906e+00 5.630045e+00 6.286460e+00 4.996260e+00 5.864709e+00 4.817542e+00 4.790890e+00 4.635982e+00 4.828140e+00 3.108783e+00 2.688618e-03
<GCONST> 9.743069e+01
<MIXTURE> 71 1.406903e-02
<MEAN> 25
 6.250567e+00 4.802529e+00 3.991203e+00 3.048734e+00 -3.124542e+00 -3.115151e+00 -2.984061e+00 -6.322719e+00 -4.446899e+00 -1.961771e+00 -4.985361e+00 -3.327113e+00 -1.521404e+00 -5.936400e-01 -1.351392e-01 -1.914015e+00 1.117911e+00 -1.170899e-01 -2.547894e-01 1.468271e+00 4.000597e-01 -1.470284e-01 7.827424e-01 1.626104e-01 3.826308e-02
<VARIANCE> 25
 1.769507e+01 2.565535e+01 2.422483e+01 4.048609e+01 3.821587e+01 4.230695e+01 4.315448e+01 4.094287e+01 4.066569e+01 4.294101e+01 3.293623e+01 3.285048e+01 1.672891e+00 3.004448e+00 5.421608e+00 4.559589e+00 4.383615e+00 4.278625e+00 5.151100e+00 5.029876e+00 4.477719e+00 4.047681e+00 3.371587e+00 3.012944e+00 1.438973e-03
<GCONST> 9.795035e+01
<MIXTURE> 72 8.134747e-03
<MEAN> 25
 3.775937e+00 -3.601743e+00 5.397709e+00 -2.169048e+00 -1.034771e+01 -9.663727e+00 -2.435706e+00 1.850260e+00 -4.884353e+00 -2.369157e+00 -1.709204e+00 7.432474e-01 9.224929e-01 -7.725035e-01 -2.552902e+00 4.450744e-01 2.136527e+00 -6.334282e-01 -1.302656e+00 1.509454e+00 1.791977e+00 -5.870194e-01 -1.243505e+00 4.036313e-01 -6.163005e-03
<VARIANCE> 25
 1.056283e+01 1.950469e+01 3.222479e+01 4.075430e+01 3.273281e+01 3.280561e+01 4.015641e+01 3.566478e+01 4.294920e+01 4.150985e+01 3.929830e+01 2.844754e+01 4.376071e-01 1.009145e+00 1.990774e+00 1.458459e+00 2.166106e+00 2.409423e+00 3.028929e+00 2.679591e+00 2.554907e+00 2.896207e+00 2.109607e+00 2.076830e+00 5.306394e-04
<GCONST> 8.713843e+01
<MIXTURE> 73 1.213625e-02
<MEAN> 25
 -5.594332e+00 -7.764212e-01 -1.312230e+00 4.896454e+00 4.260218e+00 2.334514e+00 5.490747e+00 3.444839e+00 4.356825e+00 3.416258e+00 4.238251e+00 3.038157e+00 7.989673e-01 -1.037663e+00 -9.494179e-01 -2.642962e+00 -1.233348e+00 -1.735953e+00 -9.102410e-01 -5.136887e-01 -9.273504e-01 -6.926483e-01 -1.086578e+00 -2.832742e-01 1.545818e-01
<VARIANCE> 25
 1.305178e+01 1.341281e+01 1.519082e+01 2.257156e+01 2.337633e+01 2.465563e+01 2.041598e+01 1.990738e+01 1.768434e+01 1.910473e+01 2.284337e+01 1.553302e+01 4.025718e+00 3.125855e+00 5.992290e+00 4.666243e+00 6.291766e+00 4.577547e+00 4.295436e+00 4.239703e+00 3.891658e+00 4.301722e+00 3.584361e+00 2.659022e+00 4.309382e-03
<GCONST> 9.275894e+01
<MIXTURE> 74 1.756491e-02
<MEAN> 25
 4.964856e+00 -2.123752e+00 3.385623e+00 4.777319e-01 -8.183812e+00 -9.125239e+00 -3.474222e+00 1.218016e-01 -2.801658e+00 -2.592708e+00 -1.764130e+00 -3.527247e-01 3.289673e-02 2.018040e+00 1.477654e-01 1.431610e+00 1.198449e+00 5.799544e-01 2.795991e-01 -1.146496e+00 3.489127e-01 2.552107e-01 -2.985933e-01 -1.682328e-01 -8.107104e-02
<VARIANCE> 25
 1.274711e+01 2.900677e+01 3.364885e+01 3.670627e+01 3.645442e+01 3.215450e+01 5.187921e+01 3.371819e+01 4.165668e+01 4.028580e+01 3.709256e+01 2.622065e+01 1.680907e+00 2.319158e+00 3.181033e+00 2.714400e+00 3.554050e+00 3.259815e+00 5.100544e+00 3.299378e+00 2.977222e+00 3.474359e+00 2.973159e+00 2.807398e+00 1.596352e-03
<GCONST> 9.462508e+01
<MIXTURE> 75 9.711651e-03
<MEAN> 25
 2.343407e+00 -1.341305e+00 1.036013e+01 2.889221e+00 -1.210853e+01 -8.477253e+00 -3.624479e+00 -1.060113e+00 -4.813940e+00 -5.095517e+00 2.673992e+00 1.441836e+00 1.984236e+00 -1.793821e+00 -1.326400e-01 1.472215e-01 -2.207633e+00 -8.172975e-01 -1.367642e+00 8.639240e-01 -7.413702e-02 -5.094863e-01 1.413431e+00 -3.719386e-01 3.407855e-02
<VARIANCE> 25
 9.941250e+00 1.521762e+01 2.767000e+01 2.915063e+01 2.389847e+01 3.023661e+01 3.039650e+01 2.728323e+01 2.981455e+01 2.718616e+01 2.144165e+01 2.528522e+01 2.524163e+00 1.803319e+00 4.210792e+00 2.835197e+00 3.514663e+00 4.253783e+00 3.487683e+00 3.041344e+00 3.369643e+00 2.963354e+00 3.126303e+00 2.352650e+00 1.395369e-03
<GCONST> 9.073914e+01
<MIXTURE> 76 1.052359e-02
<MEAN> 25
 -5.344232e+00 -6.354887e-01 -2.077659e+00 3.544831e+00 4.075191e+00 1.671906e+00 3.994733e+00 2.292986e+00 2.502670e+00 -5.603485e-02 1.345473e+00 3.016475e+00 -1.842449e-02 -3.486302e-01 -8.996611e-02 -8.459792e-01 -5.125541e-01 -8.677719e-01 -6.451241e-01 -2.999221e-01 -5.737810e-01 -5.200646e-01 -1.770073e-01 -2.034014e-02 2.179095e-02
<VARIANCE> 25
 3.806852e+01 2.909933e+01 2.833434e+01 2.384767e+01 2.737107e+01 2.693098e+01 2.281647e+01 2.447547e+01 2.273445e+01 2.385439e+01 2.444931e+01 1.783527e+01 1.047659e+00 1.126132e+00 1.607364e+00 1.221861e+00 1.539272e+00 1.466731e+00 1.469382e+00 1.688459e+00 1.430263e+00 1.779156e+00 1.463845e+00 1.259786e+00 1.118964e-03
<GCONST> 8.208831e+01
<MIXTURE> 77 1.244626e-02
<MEAN> 25
 -4.225313e-01 8.457100e+00 1.234332e+01 -1.100274e+01 -7.044213e+00 7.317153e-01 -9.146389e+00 -7.138912e+00 -3.059766e+00 -5.410548e-01 -4.512020e+00 -1.313996e+00 3.475442e-02 1.655123e-01 8.952831e-02 2.196194e-01 -1.646787e-02 8.695845e-02 -4.992246e-02 -6.468401e-02 7.348028e-02 9.847663e-03 2.679300e-02 1.074344e-01 -9.166087e-03
<VARIANCE> 25
 1.008731e+01 1.960520e+01 2.716495e+01 4.768804e+01 3.194772e+01 3.358705e+01 3.626003e+01 3.085470e+01 3.580038e+01 3.485124e+01 3.672599e+01 3.560662e+01 3.131978e-01 7.822016e-01 6.531346e-01 1.084666e+00 1.202684e+00 9.811716e-01 1.195146e+00 1.092401e+00 1.005530e+00 1.119579e+00 9.669795e-01 8.931596e-01 5.599034e-04
<GCONST> 7.786900e+01
<MIXTURE> 78 9.702551e-03
<MEAN> 25
 -1.125358e+01 1.115028e+00 -1.464849e+00 1.927566e+00 4.337638e+00 -2.057304e+00 3.711982e+00 2.704668e+00 2.616353e+00 8.140584e-01 -4.480981e-01 2.921257e+00 2.342128e+00 -2.250373e-01 7.168293e-02 6.391834e-01 -2.656357e-02 -3.930273e-04 -2.861622e-01 -1.685258e-01 2.767172e-01 1.257342e-01 -3.706726e-01 -4.305394e-01 -6.144794e-02
<VARIANCE> 25
 4.265590e+01 3.159701e+01 3.233115e+01 3.443271e+01 3.871018e+01 3.699540e+01 3.460826e+01 3.196638e+01 2.725277e+01 2.721853e+01 2.620680e+01 1.986880e+01 4.825643e+00 2.536575e+00 3.082878e+00 3.089875e+00 2.760556e+00 3.426327e+00 3.173765e+00 2.896823e+00 2.388101e+00 2.318021e+00 2.182365e+00 2.095178e+00 4.556770e-03
<GCONST> 9.437242e+01
<MIXTURE> 79 1.156824e-02
<MEAN> 25
 2.353820e+00 1.584868e+00 9.027069e+00 -6.470789e+00 -1.188756e+01 -1.805762e+00 -1.904348e+00 -6.362878e+00 -6.444059e+00 2.538677e-01 -3.460335e+00 -3.232575e+00 1.220394e+00 -5.077120e-01 -1.450472e+00 2.370781e+00 3.838188e-01 -1.426040e+00 5.446208e-01 8.302750e-01 -4.207720e-01 -5.355744e-01 3.323535e-01 3.077466e-01 -3.651662e-02
<VARIANCE> 25
 1.418455e+01 2.369443e+01 3.861584e+01 4.993907e+01 3.472377e+01 4.311348e+01 4.220477e+01 3.670311e+01 3.917438e+01 3.947152e+01 4.326068e+01 3.037741e+01 9.321806e-01 2.241236e+00 1.878394e+00 2.080260e+00 2.429576e+00 2.884516e+00 3.153032e+00 3.641688e+00 2.483092e+00 2.689487e+00 2.333956e+00 2.031656e+00 1.214584e-03
<GCONST> 9.173949e+01
<MIXTURE> 80 7.550998e-03
<MEAN> 25
 -1.497754e+01 3.923567e+00 1.708996e+00 2.654770e+00 1.921433e+00 2.170385e+00 6.315331e+00 2.204343e+00 3.006525e+00 2.711215e+00 4.759718e+00 1.825974e+00 4.248506e+00 5.266771e-03 1.547817e+00 -8.455125e-01 -2.818020e+00 -2.947482e+00 -2.174230e+00 -1.926317e+00 -2.109323e+00 -1.839904e+00 -1.659000e+00 -6.818052e-01 -4.090435e-02
<VARIANCE> 25
 2.036819e+01 1.817847e+01 4.046449e+01 3.187672e+01 2.989141e+01 3.181372e+01 2.579955e+01 2.699659e+01 2.575542e+01 2.830693e+01 2.490141e+01 2.034569e+01 2.173273e+00 2.430861e+00 2.501795e+00 4.481997e+00 3.131940e+00 2.733946e+00 2.947265e+00 2.986158e+00 2.657273e+00 2.663732e+00 2.524253e+00 2.041260e+00 1.469777e-03
<GCONST> 9.072424e+01
<MIXTURE> 81 8.025434e-03
<MEAN> 25
 -1.117819e+00 4.065612e+00 1.017981e+01 -1.479207e+01 -9.078707e+00 -1.425467e+00 -6.766398e+00 -8.421653e+00 -4.147272e+00 -4.200616e-01 -7.571169e+00 -2.244148e+00 1.331485e-01 -5.862235e-01 -2.213088e-03 -5.568248e-01 -4.635559e-01 3.353370e-01 3.193627e-01 1.367887e-01 -1.404685e-01 1.066841e-01 -4.686074e-01 -1.251694e-01 1.151469e-02
<VARIANCE> 25
 1.014708e+01 3.280357e+01 2.643549e+01 2.944704e+01 3.369326e+01 3.052959e+01 4.543916e+01 2.827157e+01 3.799233e+01 3.189474e+01 2.530039e+01 3.106159e+01 7.726831e-01 2.277510e+00 1.545990e+00 2.871327e+00 2.663368e+00 2.124997e+00 3.280407e+00 2.287605e+00 2.353889e+00 2.542227e+00 2.299213e+00 2.077883e+00 1.183282e-03
<GCONST> 8.869081e+01
<MIXTURE> 82 8.213053e-03
<MEAN> 25
 -9.956270e+00 -3.896418e+00 1.644655e+00 -2.971082e+00 3.111680e+00 6.738887e-01 1.993921e+00 9.414539e-01 2.972266e+00 1.724461e+00 1.737877e+00 3.085741e+00 -1.313317e+00 -1.247893e-01 2.907379e-01 -2.603138e+00 -1.103192e+00 -1.264421e+00 -1.013565e+00 -8.677236e-01 -3.181740e-01 -4.775216e-01 -3.150049e-01 -9.557048e-02 1.782499e-01
<VARIANCE> 25
 1.807784e+01 2.497080e+01 3.236103e+01 3.085653e+01 3.300984e+01 3.227579e+01 3.174466e+01 3.295503e+01 3.083772e+01 2.511914e+01 3.077095e+01 1.748102e+01 3.751470e+00 3.045552e+00 3.319551e+00 3.266669e+00 3.565866e+00 3.283350e+00 2.939930e+00 3.018016e+00 2.792979e+00 2.492826e+00 2.451034e+00 1.863760e+00 3.452497e-03
<GCONST> 9.308334e+01
<MIXTURE> 83 1.167529e-02
<MEAN> 25
 -1.972697e+01 5.954069e+00 1.998443e-01 -2.125669e+00 7.746646e+00 1.335261e+00 4.308896e+00 3.173959e+00 8.566886e-01 1.779528e+00 1.027584e-01 1.640051e+00 -1.385516e-01 -4.222524e-01 3.589467e-02 -2.422386e-01 -5.089155e-01 9.188659e-02 -1.161342e-01 7.958462e-03 1.206529e-02 -6.652391e-02 -4.443862e-02 -1.452309e-01 4.880531e-03
<VARIANCE> 25
 7.448155e+00 1.515485e+01 2.992742e+01 2.351772e+01 1.760221e+01 3.416925e+01 2.058854e+01 1.891943e+01 1.779895e+01 1.818451e+01 1.998108e+01 1.543803e+01 9.040620e-01 9.890704e-01 1.087176e+00 9.283538e-01 1.120303e+00 1.255561e+00 1.137608e+00 1.137411e+00 1.238148e+00 1.173140e+00 1.347697e+00 1.155422e+00 7.341910e-04
<GCONST> 7.520102e+01
<MIXTURE> 84 1.066614e-02
<MEAN> 25
 1.163879e+00 8.710481e+00 7.108506e+00 7.775455e+00 2.486435e+00 -1.248605e+00 -1.523790e+00 -4.336743e+00 -3.960454e+00 -2.934617e+00 -2.368333e+00 -1.385925e+00 -1.737276e+00 -1.105892e+00 -1.146695e+00 1.231655e+00 2.200045e+00 1.510669e+00 1.496577e+00 1.292374e+00 1.141454e+00 4.219935e-01 3.518088e-01 4.358527e-01 -6.972955e-02
<VARIANCE> 25
 2.240236e+01 1.928948e+01 2.190563e+01 2.401573e+01 2.985617e+01 2.887394e+01 2.696614e+01 2.578039e+01 2.464158e+01 2.452807e+01 2.293541e+01 2.444159e+01 2.095562e+00 2.519564e+00 3.751774e+00 3.295217e+00 3.289491e+00 3.213403e+00 3.271662e+00 3.319477e+00 3.341936e+00 3.267049e+00 3.518811e+00 2.786452e+00 3.478621e-03
<GCONST> 9.225185e+01
<MIXTURE> 85 7.591393e-03
<MEAN> 25
 -3.876112e+00 7.833485e+00 6.266187e+00 1.237969e+00 -3.708594e+00 -4.688156e+00 -2.584652e+00 -6.179698e+00 -3.632937e+00 -3.425113e+00 -7.333111e-01 -1.590747e+00 4.064076e+00 2.225613e-01 1.592356e+00 -1.735786e+00 -3.389616e+00 -2.874352e+00 -2.782204e+00 -2.234534e+00 -2.297678e+00 -1.446785e+00 -2.237768e+00 -5.074578e-01 8.460550e-03
<VARIANCE> 25
 4.624847e+01 2.178977e+01 3.698505e+01 3.535060e+01 3.723630e+01 4.378776e+01 3.132938e+01 2.585063e+01 2.489705e+01 2.469119e+01 2.486505e+01 1.998065e+01 2.670557e+00 4.109744e+00 4.056236e+00 6.133215e+00 4.067680e+00 4.505606e+00 3.666708e+00 3.797275e+00 3.575171e+00 4.083932e+00 3.693264e+00 3.336353e+00 5.026918e-03
<GCONST> 9.781229e+01
<MIXTURE> 86 1.273941e-02
<MEAN> 25
 -4.083235e+00 -1.187455e+00 -1.065463e+00 5.307483e+00 5.421274e+00 3.436917e+00 4.923528e+00 5.957921e+00 5.514504e+00 3.512948e+00 3.829375e+00 2.710393e+00 9.401257e-02 7.485685e-02 -8.151197e-02 -4.059260e-02 -6.129034e-02 -1.823233e-01 -2.613794e-01 -4.115390e-01 -4.670028e-01 -3.831640e-01 -1.482915e-01 -4.829708e-03 -1.477487e-03
<VARIANCE> 25
 7.480180e+00 6.162961e+00 7.635637e+00 1.108488e+01 1.141688e+01 1.298802e+01 1.148766e+01 1.276580e+01 1.183679e+01 1.089812e+01 1.389738e+01 8.931282e+00 1.062296e-01 1.752769e-01 3.350492e-01 5.243523e-01 5.322905e-01 6.069917e-01 7.027722e-01 6.728911e-01 8.160826e-01 7.211413e-01 9.563141e-01 9.187149e-01 5.282817e-05
<GCONST> 5.577500e+01
<MIXTURE> 87 1.100681e-02
<MEAN> 25
 -2.514451e+00 4.372934e+00 3.266901e+00 6.604066e+00 5.083454e+00 9.944330e-01 2.063027e+00 -7.291970e-01 -6.542305e-01 -1.029087e+00 -1.184036e+00 9.179913e-02 -1.886261e+00 -2.776653e+00 -2.192339e+00 -2.345738e+00 3.950359e-01 -3.035242e-02 1.810557e-01 1.117746e+00 1.377798e+00 1.144047e+00 1.063928e+00 9.047430e-01 1.024074e-01
<VARIANCE> 25
 3.895771e+01 2.650618e+01 2.561173e+01 3.134937e+01 2.707635e+01 3.010552e+01 2.655394e+01 2.878563e+01 2.524153e+01 2.501541e+01 2.315059e+01 2.254544e+01 3.898219e+00 2.491626e+00 3.537473e+00 3.331268e+00 6.395374e+00 4.235827e+00 4.901260e+00 3.912264e+00 3.642254e+00 3.142004e+00 3.075696e+00 2.495222e+00 4.494657e-03
<GCONST> 9.568645e+01
<MIXTURE> 88 1.256585e-02
<MEAN> 25
 -3.239588e+00 -1.627023e-01 -9.316588e-01 4.155446e+00 4.514888e+00 3.034200e+00 4.502718e+00 3.442650e+00 3.843484e+00 1.477500e+00 1.866258e+00 2.876569e+00 2.596681e-01 2.927409e-01 -6.657865e-05 3.308385e-01 2.976543e-01 4.263616e-02 -7.432310e-02 -2.357183e-01 -3.152301e-01 -5.415462e-01 7.791364e-02 2.129903e-01 -1.645364e-03
<VARIANCE> 25
 8.568426e+00 9.428983e+00 1.483075e+01 1.845519e+01 1.893424e+01 1.543935e+01 1.521194e+01 1.683589e+01 1.661685e+01 1.604349e+01 1.837587e+01 1.477143e+01 1.238394e+00 1.329721e+00 2.063401e+00 2.530332e+00 1.976539e+00 1.978491e+00 1.995352e+00 2.256207e+00 2.058942e+00 2.998123e+00 1.870968e+00 1.730671e+00 1.550590e-03
<GCONST> 7.990949e+01
<MIXTURE> 89 9.333527e-03
<MEAN> 25
 6.417861e+00 -7.762011e+00 -3.731596e+00 -2.977713e+00 -2.206038e+00 -5.505908e+00 -6.047875e+00 4.306428e+00 3.367399e+00 -2.635639e+00 -5.376513e+00 -3.662914e+00 -4.692482e-01 1.323301e-01 1.889231e+00 1.100563e+00 -1.954858e+00 -1.814616e+00 9.310925e-01 1.110540e+00 -6.770324e-01 -1.301861e+00 1.297132e-01 1.572983e+00 -5.749929e-03
<VARIANCE> 25
 9.536018e+00 3.398605e+01 2.900870e+01 2.838517e+01 3.707804e+01 3.854599e+01 5.516611e+01 3.936469e+01 3.614827e+01 3.955115e+01 3.780098e+01 3.135822e+01 4.396209e-01 8.274896e-01 1.470555e+00 1.652306e+00 1.849087e+00 2.275254e+00 2.403797e+00 2.173037e+00 2.213588e+00 1.980383e+00 2.973823e+00 1.380529e+00 3.620489e-04
<GCONST> 8.566560e+01
<MIXTURE> 90 7.114505e-03
<MEAN> 25
 2.447656e+00 -9.717685e+00 -4.750309e+00 -3.974299e+00 -3.381168e+00 -1.810420e+00 3.366098e+00 1.179458e+00 -7.529490e+00 -1.021296e+01 -3.430252e+00 -7.376690e-01 -1.636665e-01 9.088878e-01 1.167714e+00 -8.540392e-01 -1.611831e+00 -2.116227e-01 6.449072e-01 -2.096061e-01 -1.686974e-01 7.381549e-01 1.837396e-01 -5.499178e-01 -1.115816e-02
<VARIANCE> 25
 8.502573e+00 1.783474e+01 1.985092e+01 2.803123e+01 3.683041e+01 3.218604e+01 3.850656e+01 3.643345e+01 3.524109e+01 2.770483e+01 2.698865e+01 2.612509e+01 2.236411e-01 6.125767e-01 7.885137e-01 1.043366e+00 1.472542e+00 1.591102e+00 1.781453e+00 1.654068e+00 1.809328e+00 1.679457e+00 1.495639e+00 1.308292e+00 2.151567e-04
<GCONST> 7.814401e+01
<MIXTURE> 91 7.852945e-03
<MEAN> 25
 6.500119e+00 -7.565606e+00 -8.861856e+00 -5.433486e+00 3.514195e+00 2.522138e-01 -2.071805e+00 2.701797e-01 3.942922e-01 -2.342864e+00 -4.242268e+00 -5.250163e+00 2.432673e-01 1.030391e+00 2.254542e-01 4.227573e-01 -3.819915e-02 -5.489650e-01 -3.494151e-01 -1.042433e-01 -1.598977e-01 4.514638e-01 -8.397447e-02 1.869188e-01 -3.610624e-02
<VARIANCE> 25
 9.825086e+00 2.177119e+01 2.040753e+01 4.049302e+01 3.639380e+01 5.521668e+01 5.225959e+01 4.082180e+01 5.165987e+01 6.712022e+01 4.405718e+01 3.932281e+01 4.315873e-01 8.554498e-01 1.101448e+00 1.370961e+00 2.100496e+00 2.269633e+00 2.450875e+00 2.329038e+00 2.189561e+00 2.162569e+00 2.069975e+00 1.745209e+00 5.846937e-04
<GCONST> 8.702346e+01
<MIXTURE> 92 7.852945e-03
<MEAN> 25
 6.500119e+00 -7.565606e+00 -8.861856e+00 -5.433486e+00 3.514195e+00 2.522138e-01 -2.071805e+00 2.701797e-01 3.942922e-01 -2.342864e+00 -4.242268e+00 -5.250163e+00 2.432673e-01 1.030391e+00 2.254542e-01 4.227573e-01 -3.819915e-02 -5.489650e-01 -3.494151e-01 -1.042433e-01 -1.598977e-01 4.514638e-01 -8.397447e-02 1.869188e-01 -3.610624e-02
<VARIANCE> 25
 9.825086e+00 2.177119e+01 2.040753e+01 4.049302e+01 3.639380e+01 5.521668e+01 5.225959e+01 4.082180e+01 5.165987e+01 6.712022e+01 4.405718e+01 3.932281e+01 4.315873e-01 8.554498e-01 1.101448e+00 1.370961e+00 2.100496e+00 2.269633e+00 2.450875e+00 2.329038e+00 2.189561e+00 2.162569e+00 2.069975e+00 1.745209e+00 5.846937e-04
<GCONST> 8.702346e+01
<MIXTURE> 93 6.122769e-03
<MEAN> 25
 -6.735019e+00 -9.704501e-01 -2.364516e+00 5.761964e+00 5.890956e+00 3.845269e+00 6.054173e+00 3.629292e+00 4.118854e+00 2.482847e+00 1.780600e+00 3.704274e+00 -6.508712e-02 -1.499689e-01 -2.507735e-01 -3.314553e-01 -3.411251e-01 -2.849847e-01 -2.020570e-01 -1.794396e-01 -1.765665e-01 -1.682152e-01 -1.201801e-01 -5.649392e-02 5.864848e-06
<VARIANCE> 25
 9.339615e+00 6.044795e+00 8.101657e+00 1.124824e+01 1.128306e+01 1.608338e+01 1.523982e+01 1.622539e+01 1.454032e+01 1.440701e+01 1.655379e+01 1.323649e+01 8.227590e-02 1.526518e-01 2.621630e-01 3.744779e-01 4.998951e-01 6.310194e-01 7.856941e-01 8.794109e-01 9.092541e-01 8.862079e-01 9.080338e-01 9.669935e-01 1.043005e-06
<GCONST> 5.359735e+01
<MIXTURE> 94 6.122769e-03
<MEAN> 25
 -6.735019e+00 -9.704501e-01 -2.364516e+00 5.761964e+00 5.890956e+00 3.845269e+00 6.054173e+00 3.629292e+00 4.118854e+00 2.482847e+00 1.780600e+00 3.704274e+00 -6.508712e-02 -1.499689e-01 -2.507735e-01 -3.314553e-01 -3.411251e-01 -2.849847e-01 -2.020570e-01 -1.794396e-01 -1.765665e-01 -1.682152e-01 -1.201801e-01 -5.649392e-02 5.864848e-06
<VARIANCE> 25
 9.339615e+00 6.044795e+00 8.101657e+00 1.124824e+01 1.128306e+01 1.608338e+01 1.523982e+01 1.622539e+01 1.454032e+01 1.440701e+01 1.655379e+01 1.323649e+01 8.227590e-02 1.526518e-01 2.621630e-01 3.744779e-01 4.998951e-01 6.310194e-01 7.856941e-01 8.794109e-01 9.092541e-01 8.862079e-01 9.080338e-01 9.669935e-01 1.043005e-06
<GCONST> 5.359735e+01
<MIXTURE> 95 5.258835e-03
<MEAN> 25
 -4.700699e+00 -4.759796e-01 -2.187957e+00 4.057765e+00 4.089345e+00 1.872152e+00 3.402964e+00 2.190720e+00 2.521152e+00 5.609160e-01 8.882256e-01 2.912127e+00 1.690073e-01 2.163964e-01 6.795661e-02 -1.509921e-01 -3.897417e-01 -7.534539e-01 -1.011542e+00 -1.229467e+00 -1.220103e+00 -8.557929e-01 -4.946236e-01 -2.297486e-01 -6.535121e-04
<VARIANCE> 25
 1.129099e+01 8.047624e+00 9.721522e+00 1.229135e+01 1.271267e+01 1.613079e+01 1.750041e+01 1.632314e+01 1.285459e+01 1.239719e+01 1.590331e+01 1.180340e+01 2.070091e-01 2.705089e-01 4.328670e-01 6.067493e-01 6.890513e-01 8.535526e-01 8.568498e-01 7.593638e-01 7.608317e-01 9.532883e-01 1.043918e+00 1.252183e+00 6.250473e-05
<GCONST> 6.161024e+01
<MIXTURE> 96 7.034694e-03
<MEAN> 25
 -4.754830e+00 -4.537079e-01 -2.118702e+00 5.211000e+00 3.965648e+00 1.783620e+00 3.637290e+00 2.174150e+00 2.582060e+00 8.278387e-01 8.678560e-01 2.685627e+00 -1.543608e-02 1.202331e-01 2.306839e-01 4.402062e-01 4.686606e-01 4.704016e-01 2.509846e-01 -9.231324e-02 -4.020012e-01 -6.290944e-01 -6.657637e-01 -3.900725e-01 -2.334251e-05
<VARIANCE> 25
 1.137051e+01 9.035301e+00 1.228949e+01 1.330936e+01 1.396599e+01 1.813042e+01 1.712374e+01 1.938174e+01 1.743404e+01 1.610265e+01 1.941887e+01 1.429793e+01 1.172449e-01 2.167627e-01 3.150419e-01 4.149378e-01 5.186745e-01 6.217648e-01 9.116133e-01 9.974844e-01 9.435363e-01 8.185043e-01 8.707498e-01 9.095528e-01 1.068646e-06
<GCONST> 5.710451e+01
<MIXTURE> 97 7.034694e-03
<MEAN> 25
 -4.754830e+00 -4.537079e-01 -2.118702e+00 5.211000e+00 3.965648e+00 1.783620e+00 3.637290e+00 2.174150e+00 2.582060e+00 8.278387e-01 8.678560e-01 2.685627e+00 -1.543608e-02 1.202331e-01 2.306839e-01 4.402062e-01 4.686606e-01 4.704016e-01 2.509846e-01 -9.231324e-02 -4.020012e-01 -6.290944e-01 -6.657637e-01 -3.900725e-01 -2.334251e-05
<VARIANCE> 25
 1.137051e+01 9.035301e+00 1.228949e+01 1.330936e+01 1.396599e+01 1.813042e+01 1.712374e+01 1.938174e+01 1.743404e+01 1.610265e+01 1.941887e+01 1.429793e+01 1.172449e-01 2.167627e-01 3.150419e-01 4.149378e-01 5.186745e-01 6.217648e-01 9.116133e-01 9.974844e-01 9.435363e-01 8.185043e-01 8.707498e-01 9.095528e-01 1.068646e-06
<GCONST> 5.710451e+01
<MIXTURE> 98 9.917808e-03
<MEAN> 25
 -1.231869e+00 9.959571e-01 6.194372e-02 4.425579e+00 3.072017e+00 2.030835e+00 2.941754e+00 1.486458e+00 1.688129e+00 3.233588e-01 1.800774e-01 1.044446e+00 -1.633200e+00 -1.322881e+00 -9.729731e-01 9.432682e-02 6.115125e-01 8.431992e-01 1.334531e+00 1.360909e+00 1.560728e+00 1.142672e+00 1.200109e+00 9.166975e-01 -3.469095e-02
<VARIANCE> 25
 1.349073e+01 1.802845e+01 3.002151e+01 2.990757e+01 4.114943e+01 3.683600e+01 3.012164e+01 2.718107e+01 2.607884e+01 3.075890e+01 2.655882e+01 2.160144e+01 1.422283e+00 1.557775e+00 2.210014e+00 2.324585e+00 2.934150e+00 2.658746e+00 2.878978e+00 2.627721e+00 2.477718e+00 3.028248e+00 2.725466e+00 1.975028e+00 2.168457e-03
<GCONST> 8.938647e+01
<MIXTURE> 99 6.696178e-03
<MEAN> 25
 -5.113975e+00 9.504798e+00 6.824289e+00 3.174607e+00 3.264207e-01 -5.115598e+00 -1.489500e+00 -3.850442e+00 -2.950172e+00 -4.307239e+00 -1.675463e+00 1.337581e+00 4.709822e-01 -5.061471e-01 4.865174e-01 -3.809590e-01 -1.190298e+00 -5.324492e-01 -3.432247e-01 -3.688574e-01 -1.825172e-01 -1.269523e-02 2.215088e-01 2.017990e-01 1.779649e-02
<VARIANCE> 25
 3.982544e+01 2.248120e+01 4.411555e+01 2.763260e+01 3.689278e+01 3.084434e+01 2.585858e+01 2.608201e+01 2.428114e+01 2.590774e+01 1.752823e+01 2.914199e+01 1.965395e+00 1.813854e+00 1.556180e+00 1.498003e+00 2.430788e+00 1.900202e+00 1.390228e+00 1.636744e+00 1.349607e+00 1.568006e+00 1.211233e+00 1.100695e+00 1.698550e-03
<GCONST> 8.521008e+01
<MIXTURE> 100 4.498084e-03
<MEAN> 25
 -1.599399e+00 6.344386e+00 1.027673e+01 -7.461002e+00 -1.078184e+01 -5.075766e+00 -4.940846e+00 -9.968003e+00 -4.718797e+00 -8.558663e-01 -2.733214e+00 -2.707382e+00 2.918215e+00 -1.260538e+00 1.299252e+00 -2.185254e+00 -3.419389e+00 -7.848791e-01 -1.218745e+00 -8.197089e-01 -1.475704e+00 3.462494e-01 -1.655384e+00 -2.861303e-01 2.016078e-03
<VARIANCE> 25
 1.362737e+01 2.105742e+01 2.245915e+01 2.644345e+01 2.301557e+01 2.372136e+01 2.911152e+01 2.170826e+01 2.748178e+01 2.265230e+01 2.240807e+01 2.134311e+01 1.799977e+00 3.953274e+00 2.920741e+00 4.288881e+00 4.183866e+00 4.540911e+00 4.014898e+00 4.339793e+00 4.167667e+00 3.897030e+00 3.910188e+00 3.224600e+00 1.674616e-03
<GCONST> 9.257044e+01
<MIXTURE> 101 6.007792e-03
<MEAN> 25
 8.097635e+00 -3.502816e+00 -6.332417e+00 -6.867189e+00 8.363470e-01 -1.236374e+00 -1.056276e+01 -2.063340e+00 1.606588e+00 2.726107e+00 -2.368761e+00 -5.144105e+00 6.721650e-01 6.504781e-01 -1.455921e+00 -1.606673e+00 1.030008e+00 2.315695e+00 1.983624e-01 -1.457351e+00 -1.063602e+00 1.032281e+00 1.372578e+00 -4.152035e-01 -4.770140e-03
<VARIANCE> 25
 9.251465e+00 1.675301e+01 2.991645e+01 4.271474e+01 3.616800e+01 3.596198e+01 3.717780e+01 3.613111e+01 3.786327e+01 4.395664e+01 5.175543e+01 2.418588e+01 2.936861e-01 6.680949e-01 1.171062e+00 1.553162e+00 1.687069e+00 2.094815e+00 2.083988e+00 1.992577e+00 2.344784e+00 2.223795e+00 1.780971e+00 1.931010e+00 3.458982e-04
<GCONST> 8.363927e+01
<MIXTURE> 102 6.007792e-03
<MEAN> 25
 8.097635e+00 -3.502816e+00 -6.332417e+00 -6.867189e+00 8.363470e-01 -1.236374e+00 -1.056276e+01 -2.063340e+00 1.606588e+00 2.726107e+00 -2.368761e+00 -5.144105e+00 6.721650e-01 6.504781e-01 -1.455921e+00 -1.606673e+00 1.030008e+00 2.315695e+00 1.983624e-01 -1.457351e+00 -1.063602e+00 1.032281e+00 1.372578e+00 -4.152035e-01 -4.770140e-03
<VARIANCE> 25
 9.251465e+00 1.675301e+01 2.991645e+01 4.271474e+01 3.616800e+01 3.596198e+01 3.717780e+01 3.613111e+01 3.786327e+01 4.395664e+01 5.175543e+01 2.418588e+01 2.936861e-01 6.680949e-01 1.171062e+00 1.553162e+00 1.687069e+00 2.094815e+00 2.083988e+00 1.992577e+00 2.344784e+00 2.223795e+00 1.780971e+00 1.931010e+00 3.458982e-04
<GCONST> 8.363927e+01
<MIXTURE> 103 5.694618e-03
<MEAN> 25
 3.365902e+00 -9.475421e+00 -6.126957e+00 -3.087613e+00 -1.333210e+00 -1.967971e+00 2.438976e+00 2.515671e+00 -4.607930e+00 -9.251646e+00 -5.060794e+00 3.615231e-01 -1.577653e-01 -1.488168e+00 -9.800568e-01 3.748406e-01 1.213993e+00 1.019957e+00 1.583917e-01 -2.662206e-01 -7.810866e-01 -9.461403e-01 -3.480097e-02 1.210900e-01 2.692986e-02
<VARIANCE> 25
 1.035520e+01 2.038003e+01 2.295859e+01 3.167992e+01 4.802480e+01 3.501624e+01 4.639423e+01 3.667590e+01 4.212935e+01 2.937873e+01 3.006272e+01 2.640223e+01 6.436177e-01 1.251744e+00 1.537893e+00 1.941509e+00 2.928529e+00 2.410979e+00 2.890877e+00 2.577147e+00 2.563526e+00 2.523533e+00 2.096961e+00 2.016296e+00 8.075036e-04
<GCONST> 8.758070e+01
<MIXTURE> 104 5.694618e-03
<MEAN> 25
 3.365902e+00 -9.475421e+00 -6.126957e+00 -3.087613e+00 -1.333210e+00 -1.967971e+00 2.438976e+00 2.515671e+00 -4.607930e+00 -9.251646e+00 -5.060794e+00 3.615231e-01 -1.577653e-01 -1.488168e+00 -9.800568e-01 3.748406e-01 1.213993e+00 1.019957e+00 1.583917e-01 -2.662206e-01 -7.810866e-01 -9.461403e-01 -3.480097e-02 1.210900e-01 2.692986e-02
<VARIANCE> 25
 1.035520e+01 2.038003e+01 2.295859e+01 3.167992e+01 4.802480e+01 3.501624e+01 4.639423e+01 3.667590e+01 4.212935e+01 2.937873e+01 3.006272e+01 2.640223e+01 6.436177e-01 1.251744e+00 1.537893e+00 1.941509e+00 2.928529e+00 2.410979e+00 2.890877e+00 2.577147e+00 2.563526e+00 2.523533e+00 2.096961e+00 2.016296e+00 8.075036e-04
<GCONST> 8.758070e+01
<MIXTURE> 105 4.710235e-03
<MEAN> 25
 2.232312e+00 -1.431023e+00 9.209413e+00 -2.638795e+00 -1.157525e+01 -5.026721e+00 -4.213140e+00 -8.102939e-01 -3.750937e+00 -3.257281e+00 1.515359e+00 -1.167121e+00 5.198710e-03 2.967636e-02 5.883403e-02 -4.484888e-02 1.977644e-04 4.342030e-02 -8.276282e-03 6.071444e-02 -4.250702e-02 3.123114e-02 2.484160e-02 -2.703298e-02 -2.241069e-03
<VARIANCE> 25
 1.323595e+01 2.881174e+01 4.070469e+01 4.482559e+01 3.775837e+01 5.324939e+01 4.127917e+01 4.315362e+01 3.990996e+01 4.201058e+01 4.162235e+01 3.064476e+01 8.567300e-02 1.845758e-01 3.599346e-01 2.896174e-01 3.728956e-01 4.382455e-01 4.809239e-01 5.004928e-01 4.928193e-01 4.407948e-01 4.261387e-01 3.964276e-01 9.032550e-05
<GCONST> 6.680602e+01
<MIXTURE> 106 4.710235e-03
<MEAN> 25
 2.232312e+00 -1.431023e+00 9.209413e+00 -2.638795e+00 -1.157525e+01 -5.026721e+00 -4.213140e+00 -8.102939e-01 -3.750937e+00 -3.257281e+00 1.515359e+00 -1.167121e+00 5.198710e-03 2.967636e-02 5.883403e-02 -4.484888e-02 1.977644e-04 4.342030e-02 -8.276282e-03 6.071444e-02 -4.250702e-02 3.123114e-02 2.484160e-02 -2.703298e-02 -2.241069e-03
<VARIANCE> 25
 1.323595e+01 2.881174e+01 4.070469e+01 4.482559e+01 3.775837e+01 5.324939e+01 4.127917e+01 4.315362e+01 3.990996e+01 4.201058e+01 4.162235e+01 3.064476e+01 8.567300e-02 1.845758e-01 3.599346e-01 2.896174e-01 3.728956e-01 4.382455e-01 4.809239e-01 5.004928e-01 4.928193e-01 4.407948e-01 4.261387e-01 3.964276e-01 9.032550e-05
<GCONST> 6.680602e+01
<MIXTURE> 107 5.452374e-03
<MEAN> 25
 8.636902e+00 -2.354460e+00 -8.031392e+00 -9.542186e+00 1.936759e+00 2.946225e+00 -8.618689e+00 -4.522092e+00 -8.708890e-01 3.403421e+00 8.771743e-01 -5.080465e+00 -6.050758e-01 -7.713436e-01 8.337322e-01 1.772029e+00 2.237173e-01 -2.008626e+00 -9.135709e-01 8.499319e-01 1.761325e+00 3.864942e-02 -1.654939e+00 -8.130284e-01 -1.743773e-03
<VARIANCE> 25
 9.226980e+00 2.127924e+01 2.824366e+01 4.269528e+01 3.582140e+01 3.835574e+01 5.116304e+01 3.637889e+01 4.569360e+01 4.163434e+01 5.124434e+01 3.030454e+01 3.634184e-01 9.733822e-01 1.456573e+00 2.411717e+00 2.325152e+00 2.828356e+00 2.619184e+00 2.530670e+00 2.304667e+00 3.034994e+00 1.946947e+00 2.206589e+00 7.044803e-04
<GCONST> 8.811189e+01
<MIXTURE> 108 5.452374e-03
<MEAN> 25
 8.636902e+00 -2.354460e+00 -8.031392e+00 -9.542186e+00 1.936759e+00 2.946225e+00 -8.618689e+00 -4.522092e+00 -8.708890e-01 3.403421e+00 8.771743e-01 -5.080465e+00 -6.050758e-01 -7.713436e-01 8.337322e-01 1.772029e+00 2.237173e-01 -2.008626e+00 -9.135709e-01 8.499319e-01 1.761325e+00 3.864942e-02 -1.654939e+00 -8.130284e-01 -1.743773e-03
<VARIANCE> 25
 9.226980e+00 2.127924e+01 2.824366e+01 4.269528e+01 3.582140e+01 3.835574e+01 5.116304e+01 3.637889e+01 4.569360e+01 4.163434e+01 5.124434e+01 3.030454e+01 3.634184e-01 9.733822e-01 1.456573e+00 2.411717e+00 2.325152e+00 2.828356e+00 2.619184e+00 2.530670e+00 2.304667e+00 3.034994e+00 1.946947e+00 2.206589e+00 7.044803e-04
<GCONST> 8.811189e+01
<MIXTURE> 109 6.661064e-03
<MEAN> 25
 4.089754e+00 -1.053905e+01 -8.300481e+00 -1.347930e+00 2.748394e+00 -2.752027e-02 -4.936159e-02 1.430898e+00 -2.585273e+00 -8.361330e+00 -5.384154e+00 6.078451e-02 -3.361133e-02 -1.311610e-01 -3.150657e-02 2.521351e-01 1.965089e-01 1.184210e-01 -1.249102e-01 -1.076507e-01 -4.220955e-02 -1.311740e-01 2.198709e-01 1.364109e-02 -3.526966e-03
<VARIANCE> 25
 9.118127e+00 1.826083e+01 1.998977e+01 3.144951e+01 4.076979e+01 3.688216e+01 4.681573e+01 3.470984e+01 4.611449e+01 3.530786e+01 2.954214e+01 2.813382e+01 1.928253e-01 4.228029e-01 5.388185e-01 6.360613e-01 1.229145e+00 9.929616e-01 1.257666e+00 1.094632e+00 1.117167e+00 9.516705e-01 8.780160e-01 8.863401e-01 1.818325e-04
<GCONST> 7.447185e+01
<MIXTURE> 110 6.661064e-03
<MEAN> 25
 4.089754e+00 -1.053905e+01 -8.300481e+00 -1.347930e+00 2.748394e+00 -2.752027e-02 -4.936159e-02 1.430898e+00 -2.585273e+00 -8.361330e+00 -5.384154e+00 6.078451e-02 -3.361133e-02 -1.311610e-01 -3.150657e-02 2.521351e-01 1.965089e-01 1.184210e-01 -1.249102e-01 -1.076507e-01 -4.220955e-02 -1.311740e-01 2.198709e-01 1.364109e-02 -3.526966e-03
<VARIANCE> 25
 9.118127e+00 1.826083e+01 1.998977e+01 3.144951e+01 4.076979e+01 3.688216e+01 4.681573e+01 3.470984e+01 4.611449e+01 3.530786e+01 2.954214e+01 2.813382e+01 1.928253e-01 4.228029e-01 5.388185e-01 6.360613e-01 1.229145e+00 9.929616e-01 1.257666e+00 1.094632e+00 1.117167e+00 9.516705e-01 8.780160e-01 8.863401e-01 1.818325e-04
<GCONST> 7.447185e+01
<MIXTURE> 111 4.337247e-03
<MEAN> 25
 -4.305462e+00 -9.283439e-01 -1.666534e+00 1.745344e+00 1.089357e+00 7.631214e-01 5.127351e-01 5.603661e-01 2.974875e-01 -6.880350e-01 -9.008397e-01 1.999338e+00 -1.578908e-02 -2.573402e-02 -7.702652e-02 -8.666943e-02 -4.165690e-02 2.783613e-02 1.009281e-02 -5.450489e-02 -1.343357e-01 -1.892857e-01 -1.774338e-01 -1.607435e-01 -4.340684e-04
<VARIANCE> 25
 6.944711e+00 5.389040e+00 9.981441e+00 9.116995e+00 1.295761e+01 2.232528e+01 1.403071e+01 1.334892e+01 1.124322e+01 1.185910e+01 1.451556e+01 1.104132e+01 8.845343e-02 1.720176e-01 2.623545e-01 4.159464e-01 5.824411e-01 7.338458e-01 7.732195e-01 8.571091e-01 8.987149e-01 8.283232e-01 8.301752e-01 9.111554e-01 2.410013e-05
<GCONST> 5.608031e+01
<MIXTURE> 112 4.337247e-03
<MEAN> 25
 -4.305462e+00 -9.283439e-01 -1.666534e+00 1.745344e+00 1.089357e+00 7.631214e-01 5.127351e-01 5.603661e-01 2.974875e-01 -6.880350e-01 -9.008397e-01 1.999338e+00 -1.578908e-02 -2.573402e-02 -7.702652e-02 -8.666943e-02 -4.165690e-02 2.783613e-02 1.009281e-02 -5.450489e-02 -1.343357e-01 -1.892857e-01 -1.774338e-01 -1.607435e-01 -4.340684e-04
<VARIANCE> 25
 6.944711e+00 5.389040e+00 9.981441e+00 9.116995e+00 1.295761e+01 2.232528e+01 1.403071e+01 1.334892e+01 1.124322e+01 1.185910e+01 1.451556e+01 1.104132e+01 8.845343e-02 1.720176e-01 2.623545e-01 4.159464e-01 5.824411e-01 7.338458e-01 7.732195e-01 8.571091e-01 8.987149e-01 8.283232e-01 8.301752e-01 9.111554e-01 2.410013e-05
<GCONST> 5.608031e+01
<MIXTURE> 113 5.938666e-03
<MEAN> 25
 9.907762e+00 1.410917e+00 -8.947939e+00 -1.687577e+01 -1.149684e+00 5.620067e+00 -5.227810e+00 -1.581853e+00 -5.796150e+00 -1.212953e-01 4.410286e-01 -3.205980e-01 -1.471470e-03 2.571719e-02 -7.607551e-02 -1.167294e-01 5.932224e-02 1.491130e-01 4.020325e-02 7.616999e-02 -1.328355e-01 7.860065e-03 2.206419e-01 -9.533066e-04 -1.291945e-03
<VARIANCE> 25
 8.708637e+00 1.914176e+01 2.945740e+01 3.390645e+01 5.133270e+01 3.277534e+01 3.846904e+01 3.819550e+01 3.640434e+01 4.870419e+01 3.564286e+01 2.790948e+01 1.189210e-01 3.136970e-01 3.131591e-01 6.103433e-01 6.489301e-01 6.323660e-01 7.616624e-01 8.631097e-01 1.087221e+00 9.741068e-01 7.467113e-01 7.262831e-01 1.209776e-04
<GCONST> 7.124520e+01
<MIXTURE> 114 5.938666e-03
<MEAN> 25
 9.907762e+00 1.410917e+00 -8.947939e+00 -1.687577e+01 -1.149684e+00 5.620067e+00 -5.227810e+00 -1.581853e+00 -5.796150e+00 -1.212953e-01 4.410286e-01 -3.205980e-01 -1.471470e-03 2.571719e-02 -7.607551e-02 -1.167294e-01 5.932224e-02 1.491130e-01 4.020325e-02 7.616999e-02 -1.328355e-01 7.860065e-03 2.206419e-01 -9.533066e-04 -1.291945e-03
<VARIANCE> 25
 8.708637e+00 1.914176e+01 2.945740e+01 3.390645e+01 5.133270e+01 3.277534e+01 3.846904e+01 3.819550e+01 3.640434e+01 4.870419e+01 3.564286e+01 2.790948e+01 1.189210e-01 3.136970e-01 3.131591e-01 6.103433e-01 6.489301e-01 6.323660e-01 7.616624e-01 8.631097e-01 1.087221e+00 9.741068e-01 7.467113e-01 7.262831e-01 1.209776e-04
<GCONST> 7.124520e+01
<MIXTURE> 115 2.935202e-03
<MEAN> 25
 -3.922110e+00 -7.088640e-01 -3.014266e+00 3.623392e+00 2.491951e+00 -4.637267e-01 2.248566e+00 5.813975e-01 1.503201e+00 -5.828466e-02 1.822548e-02 2.717283e+00 2.333894e-02 -5.934957e-02 -2.095438e-01 -4.379562e-01 -6.524488e-01 -6.605234e-01 -5.718555e-01 -5.198520e-01 -4.847746e-01 -4.647147e-01 -3.677816e-01 -2.182650e-01 -1.798575e-05
<VARIANCE> 25
 9.234220e+00 9.876907e+00 1.321047e+01 1.229308e+01 1.310491e+01 1.691964e+01 1.644259e+01 2.066070e+01 1.756720e+01 1.662217e+01 1.852676e+01 1.414157e+01 1.991377e-01 3.396381e-01 4.784938e-01 5.428648e-01 6.194739e-01 7.695956e-01 9.853531e-01 1.090242e+00 1.042803e+00 9.762506e-01 1.008979e+00 1.098964e+00 1.064581e-06
<GCONST> 5.968226e+01
<MIXTURE> 116 2.935202e-03
<MEAN> 25
 -3.922110e+00 -7.088640e-01 -3.014266e+00 3.623392e+00 2.491951e+00 -4.637267e-01 2.248566e+00 5.813975e-01 1.503201e+00 -5.828466e-02 1.822548e-02 2.717283e+00 2.333894e-02 -5.934957e-02 -2.095438e-01 -4.379562e-01 -6.524488e-01 -6.605234e-01 -5.718555e-01 -5.198520e-01 -4.847746e-01 -4.647147e-01 -3.677816e-01 -2.182650e-01 -1.798575e-05
<VARIANCE> 25
 9.234220e+00 9.876907e+00 1.321047e+01 1.229308e+01 1.310491e+01 1.691964e+01 1.644259e+01 2.066070e+01 1.756720e+01 1.662217e+01 1.852676e+01 1.414157e+01 1.991377e-01 3.396381e-01 4.784938e-01 5.428648e-01 6.194739e-01 7.695956e-01 9.853531e-01 1.090242e+00 1.042803e+00 9.762506e-01 1.008979e+00 1.098964e+00 1.064581e-06
<GCONST> 5.968226e+01
<MIXTURE> 117 6.506003e-03
<MEAN> 25
 -4.641547e+00 1.115552e+00 1.053823e+00 9.754479e+00 6.259232e+00 6.250653e+00 6.459304e+00 5.046988e+00 6.386099e+00 4.927515e+00 6.358564e+00 2.707961e+00 -7.510006e-02 -2.335259e-01 -3.577750e-01 -4.197956e-01 -3.672762e-01 -3.025075e-01 -2.853988e-01 -3.304395e-01 -3.913510e-01 -3.692971e-01 -2.632086e-01 -1.154830e-01 -8.118343e-06
<VARIANCE> 25
 7.189610e+00 8.751945e+00 9.801350e+00 1.431093e+01 1.560318e+01 1.537248e+01 1.772395e+01 1.796073e+01 1.639538e+01 1.636281e+01 1.679918e+01 1.474871e+01 2.164567e-01 3.076067e-01 4.261773e-01 6.166794e-01 8.531977e-01 1.054371e+00 1.180771e+00 1.233380e+00 1.223320e+00 1.194429e+00 1.166580e+00 1.114439e+00 1.001652e-06
<GCONST> 6.043234e+01
<MIXTURE> 118 6.506003e-03
<MEAN> 25
 -4.641547e+00 1.115552e+00 1.053823e+00 9.754479e+00 6.259232e+00 6.250653e+00 6.459304e+00 5.046988e+00 6.386099e+00 4.927515e+00 6.358564e+00 2.707961e+00 -7.510006e-02 -2.335259e-01 -3.577750e-01 -4.197956e-01 -3.672762e-01 -3.025075e-01 -2.853988e-01 -3.304395e-01 -3.913510e-01 -3.692971e-01 -2.632086e-01 -1.154830e-01 -8.118343e-06
<VARIANCE> 25
 7.189610e+00 8.751945e+00 9.801350e+00 1.431093e+01 1.560318e+01 1.537248e+01 1.772395e+01 1.796073e+01 1.639538e+01 1.636281e+01 1.679918e+01 1.474871e+01 2.164567e-01 3.076067e-01 4.261773e-01 6.166794e-01 8.531977e-01 1.054371e+00 1.180771e+00 1.233380e+00 1.223320e+00 1.194429e+00 1.166580e+00 1.114439e+00 1.001652e-06
<GCONST> 6.043234e+01
<MIXTURE> 119 4.297961e-03
<MEAN> 25
 -4.944598e+00 -7.557257e+00 2.278283e+00 1.988359e+00 2.193782e+00 2.585309e-01 5.233221e+00 5.927445e+00 1.176642e+00 9.113684e-01 6.459582e+00 1.581403e+00 -5.382754e-02 -7.702100e-02 3.716633e-02 -8.865010e-02 -1.014850e-01 -1.793519e-01 -8.394781e-02 7.909647e-03 -1.136481e-01 -1.031870e-01 -3.252384e-02 -5.106158e-02 1.267257e-03
<VARIANCE> 25
 8.419854e+00 9.997907e+00 1.659384e+01 2.003511e+01 2.278185e+01 2.301859e+01 2.474032e+01 2.616339e+01 2.484949e+01 2.796630e+01 2.158596e+01 2.010130e+01 1.604493e-01 2.823585e-01 4.567602e-01 6.991519e-01 8.348381e-01 9.986935e-01 1.101997e+00 1.301598e+00 1.305548e+00 1.254637e+00 1.214633e+00 1.121752e+00 2.312271e-04
<GCONST> 6.991188e+01
<MIXTURE> 120 4.297961e-03
<MEAN> 25
 -4.944598e+00 -7.557257e+00 2.278283e+00 1.988359e+00 2.193782e+00 2.585309e-01 5.233221e+00 5.927445e+00 1.176642e+00 9.113684e-01 6.459582e+00 1.581403e+00 -5.382754e-02 -7.702100e-02 3.716633e-02 -8.865010e-02 -1.014850e-01 -1.793519e-01 -8.394781e-02 7.909647e-03 -1.136481e-01 -1.031870e-01 -3.252384e-02 -5.106158e-02 1.267257e-03
<VARIANCE> 25
 8.419854e+00 9.997907e+00 1.659384e+01 2.003511e+01 2.278185e+01 2.301859e+01 2.474032e+01 2.616339e+01 2.484949e+01 2.796630e+01 2.158596e+01 2.010130e+01 1.604493e-01 2.823585e-01 4.567602e-01 6.991519e-01 8.348381e-01 9.986935e-01 1.101997e+00 1.301598e+00 1.305548e+00 1.254637e+00 1.214633e+00 1.121752e+00 2.312271e-04
<GCONST> 6.991188e+01
<MIXTURE> 121 4.567511e-03
<MEAN> 25
 2.072687e-01 -2.521136e+00 5.152935e+00 -1.289258e+01 -1.264440e+01 -1.664758e+00 9.990479e-01 -5.104680e+00 -4.195458e+00 -4.904195e-01 -5.506495e+00 -4.311404e+00 2.378302e-02 1.317227e-01 -4.097539e-02 7.961037e-02 1.589347e-01 7.936769e-02 -7.868442e-02 -1.827473e-01 -2.682999e-01 -2.573052e-01 -1.147780e-01 6.217877e-04 -7.425635e-03
<VARIANCE> 25
 7.728415e+00 1.560950e+01 1.726444e+01 2.051196e+01 2.441027e+01 2.925155e+01 2.953250e+01 2.458791e+01 3.528688e+01 2.832837e+01 1.974007e+01 2.117539e+01 1.551976e-01 6.433753e-01 6.232122e-01 7.045515e-01 7.711070e-01 1.151098e+00 1.118377e+00 1.121135e+00 1.217389e+00 1.192889e+00 9.413438e-01 8.717496e-01 2.108651e-04
<GCONST> 7.140187e+01
<MIXTURE> 122 4.567511e-03
<MEAN> 25
 2.072687e-01 -2.521136e+00 5.152935e+00 -1.289258e+01 -1.264440e+01 -1.664758e+00 9.990479e-01 -5.104680e+00 -4.195458e+00 -4.904195e-01 -5.506495e+00 -4.311404e+00 2.378302e-02 1.317227e-01 -4.097539e-02 7.961037e-02 1.589347e-01 7.936769e-02 -7.868442e-02 -1.827473e-01 -2.682999e-01 -2.573052e-01 -1.147780e-01 6.217877e-04 -7.425635e-03
<VARIANCE> 25
 7.728415e+00 1.560950e+01 1.726444e+01 2.051196e+01 2.441027e+01 2.925155e+01 2.953250e+01 2.458791e+01 3.528688e+01 2.832837e+01 1.974007e+01 2.117539e+01 1.551976e-01 6.433753e-01 6.232122e-01 7.045515e-01 7.711070e-01 1.151098e+00 1.118377e+00 1.121135e+00 1.217389e+00 1.192889e+00 9.413438e-01 8.717496e-01 2.108651e-04
<GCONST> 7.140187e+01
<MIXTURE> 123 4.393044e-03
<MEAN> 25
 -3.812557e+00 5.560769e-01 9.771035e-01 5.904769e+00 4.273764e+00 3.159540e+00 3.691747e+00 1.501101e+00 1.114212e+00 -5.102414e-01 -1.027789e+00 5.755460e-01 -5.207483e-01 -6.798658e-01 -7.115509e-01 -8.120281e-01 -2.730334e-03 7.348658e-02 3.023629e-01 7.538471e-01 6.866714e-01 5.775801e-01 6.990388e-01 6.411992e-01 -2.996000e-03
<VARIANCE> 25
 9.291065e+00 9.203614e+00 1.839024e+01 1.556009e+01 2.316763e+01 2.346577e+01 1.908178e+01 2.276792e+01 2.015415e+01 1.489923e+01 2.190354e+01 1.694200e+01 3.536959e-01 4.200024e-01 5.908521e-01 8.256419e-01 1.238288e+00 9.949901e-01 1.086402e+00 1.173480e+00 1.255915e+00 1.428117e+00 1.148715e+00 1.267884e+00 8.338375e-05
<GCONST> 6.944077e+01
<MIXTURE> 124 4.069876e-03
<MEAN> 25
 -6.301918e+00 -1.294103e+00 -2.816251e+00 5.008290e+00 4.932463e+00 3.237203e+00 5.366345e+00 2.673668e+00 3.135147e+00 1.139990e+00 8.313812e-01 2.815832e+00 -1.878045e-01 -3.049443e-01 -3.737367e-01 -2.239859e-01 1.492005e-01 5.402968e-01 7.929941e-01 8.717107e-01 6.782160e-01 3.639744e-01 9.968286e-02 -7.572467e-03 -2.502279e-04
<VARIANCE> 25
 1.116862e+01 6.998498e+00 1.077700e+01 1.176679e+01 1.222650e+01 2.021515e+01 1.485431e+01 1.700032e+01 1.495685e+01 1.662205e+01 1.944260e+01 1.488552e+01 1.109041e-01 1.637491e-01 2.625130e-01 4.004283e-01 5.942684e-01 7.071749e-01 7.926319e-01 7.837214e-01 8.825878e-01 9.560205e-01 9.636447e-01 1.087283e+00 1.803603e-05
<GCONST> 5.872319e+01
<MIXTURE> 125 4.069876e-03
<MEAN> 25
 -6.301918e+00 -1.294103e+00 -2.816251e+00 5.008290e+00 4.932463e+00 3.237203e+00 5.366345e+00 2.673668e+00 3.135147e+00 1.139990e+00 8.313812e-01 2.815832e+00 -1.878045e-01 -3.049443e-01 -3.737367e-01 -2.239859e-01 1.492005e-01 5.402968e-01 7.929941e-01 8.717107e-01 6.782160e-01 3.639744e-01 9.968286e-02 -7.572467e-03 -2.502279e-04
<VARIANCE> 25
 1.116862e+01 6.998498e+00 1.077700e+01 1.176679e+01 1.222650e+01 2.021515e+01 1.485431e+01 1.700032e+01 1.495685e+01 1.662205e+01 1.944260e+01 1.488552e+01 1.109041e-01 1.637491e-01 2.625130e-01 4.004283e-01 5.942684e-01 7.071749e-01 7.926319e-01 7.837214e-01 8.825878e-01 9.560205e-01 9.636447e-01 1.087283e+00 1.803603e-05
<GCONST> 5.872319e+01
<MIXTURE> 126 2.402244e-03
<MEAN> 25
 -3.710131e+00 -6.784081e+00 -5.198128e+00 2.288022e+00 4.203233e+00 -3.158745e+00 4.569298e-02 3.597573e+00 3.377317e+00 -2.620063e+00 -1.425578e+00 3.050232e+00 8.787028e-03 2.546878e-03 -3.258348e-02 -1.486364e-01 -3.198473e-01 -4.189507e-01 -3.011624e-01 -1.889323e-01 -1.390801e-01 -1.190508e-01 -1.018921e-01 -4.566346e-02 -1.346491e-03
<VARIANCE> 25
 7.369359e+00 1.311372e+01 1.362266e+01 1.476526e+01 2.437097e+01 2.307872e+01 2.227768e+01 2.776972e+01 3.039952e+01 2.559557e+01 2.113783e+01 1.860762e+01 1.740157e-01 3.449393e-01 4.741393e-01 5.700764e-01 7.390528e-01 1.022258e+00 1.129807e+00 1.267345e+00 1.318115e+00 1.276496e+00 1.180109e+00 1.138849e+00 2.085762e-04
<GCONST> 6.951134e+01
<MIXTURE> 127 2.402244e-03
<MEAN> 25
 -3.710131e+00 -6.784081e+00 -5.198128e+00 2.288022e+00 4.203233e+00 -3.158745e+00 4.569298e-02 3.597573e+00 3.377317e+00 -2.620063e+00 -1.425578e+00 3.050232e+00 8.787028e-03 2.546878e-03 -3.258348e-02 -1.486364e-01 -3.198473e-01 -4.189507e-01 -3.011624e-01 -1.889323e-01 -1.390801e-01 -1.190508e-01 -1.018921e-01 -4.566346e-02 -1.346491e-03
<VARIANCE> 25
 7.369359e+00 1.311372e+01 1.362266e+01 1.476526e+01 2.437097e+01 2.307872e+01 2.227768e+01 2.776972e+01 3.039952e+01 2.559557e+01 2.113783e+01 1.860762e+01 1.740157e-01 3.449393e-01 4.741393e-01 5.700764e-01 7.390528e-01 1.022258e+00 1.129807e+00 1.267345e+00 1.318115e+00 1.276496e+00 1.180109e+00 1.138849e+00 2.085762e-04
<GCONST> 6.951134e+01
<MIXTURE> 128 3.790457e-03
<MEAN> 25
 -3.535437e+00 1.531411e+00 9.802826e-02 6.251104e+00 2.675715e+00 1.824245e+00 3.674739e+00 2.232600e+00 3.582424e+00 3.406280e+00 3.193630e+00 3.500918e+00 -4.191054e-01 -2.732520e-01 1.251987e-01 7.814177e-01 1.188826e+00 1.259927e+00 8.301341e-01 2.404685e-02 -4.038294e-01 -6.453455e-01 -7.285704e-01 -4.784854e-01 -1.330906e-04
<VARIANCE> 25
 1.089841e+01 1.071044e+01 1.570986e+01 1.873534e+01 2.754754e+01 1.939900e+01 2.233810e+01 2.291604e+01 2.575377e+01 2.270284e+01 2.783208e+01 1.668762e+01 8.232691e-01 1.112640e+00 1.257396e+00 1.415565e+00 1.449278e+00 1.870450e+00 2.193354e+00 2.250155e+00 1.991779e+00 1.902103e+00 1.604974e+00 1.676211e+00 1.031581e-06
<GCONST> 7.304237e+01
<TRANSP> 3
 0.000000e+00 1.000000e+00 0.000000e+00
 0.000000e+00 9.999990e-01 9.999998e-07
 0.000000e+00 0.000000e+00 0.000000e+00
<ENDHMM>
